# This file was generated by Animated Java via MC-Build. It is not recommended to edit this file directly.
$data merge entity $(bone_hair_side) {transformation: [-1f,0f,0f,-0.2969f,0f,0.9914f,-0.1305f,-0.4941f,0f,-0.1305f,-0.9914f,0.2281f,0f,0f,0f,1f],start_interpolation: 0,interpolation_duration: 1}
$data merge entity $(bone_hair_side1) {transformation: [-1f,0f,0f,0.2969f,0f,0.9914f,-0.1305f,-0.4941f,0f,-0.1305f,-0.9914f,0.2281f,0f,0f,0f,1f],start_interpolation: 0,interpolation_duration: 1}
$data merge entity $(bone_beard) {transformation: [-1f,0f,0f,0f,0f,0.9914f,-0.1305f,-0.8091f,0f,-0.1305f,-0.9914f,0.2769f,0f,0f,0f,1f],start_interpolation: 0,interpolation_duration: 1}
$data merge entity $(bone_head) {transformation: [-1f,0f,0f,0f,0f,0.999f,0.0436f,-0.7031f,0f,0.0436f,-0.999f,0f,0f,0f,0f,1f],start_interpolation: 0,interpolation_duration: 1}
$data merge entity $(bone_body) {transformation: [-1.0983f,0f,-0.2435f,0f,0f,1.125f,0f,-1.375f,0.2435f,0f,-1.0983f,0f,0f,0f,0f,1f],start_interpolation: 0,interpolation_duration: 1}
$data merge entity $(bone_left4) {transformation: [-0.5429f,-0.7106f,0.4476f,0.5363f,-0.8172f,0.3242f,-0.4765f,-1.168f,0.1935f,-0.6245f,-0.7567f,-0.0741f,0f,0f,0f,1f],start_interpolation: 0,interpolation_duration: 1}
$data merge entity $(bone_left3) {transformation: [-0.5429f,-0.8263f,-0.15f,1.2704f,-0.8172f,0.561f,-0.1323f,-2.0369f,0.1935f,0.0508f,-0.9798f,-0.0692f,0f,0f,0f,1f],start_interpolation: 0,interpolation_duration: 1}
$data merge entity $(bone_aura) {transformation: [-0.7756f,2.106f,-0.777f,0.0169f,-0.9279f,0.4478f,2.1399f,-1.4887f,2.044f,1.0024f,0.6766f,2.1538f,0f,0f,0f,1f],start_interpolation: 0,interpolation_duration: 1}
$data merge entity $(bone_scythe) {transformation: [-0.5579f,1.5149f,-0.5589f,-0.4412f,-0.6674f,0.3221f,1.5392f,-1.1644f,1.4703f,0.721f,0.4867f,0.6022f,0f,0f,0f,1f],start_interpolation: 0,interpolation_duration: 1}
$data merge entity $(bone_right2) {transformation: [-0.3271f,-0.1721f,-0.9292f,-0.4926f,0.9026f,0.2343f,-0.3611f,-1.1016f,0.2798f,-0.9568f,0.0787f,0.2838f,0f,0f,0f,1f],start_interpolation: 0,interpolation_duration: 1}
$data merge entity $(bone_right1) {transformation: [-0.5398f,0.6429f,-0.5434f,-1.007f,0.8347f,0.3253f,-0.4443f,-1.7081f,-0.1089f,-0.6935f,-0.7122f,1.0547f,0f,0f,0f,1f],start_interpolation: 0,interpolation_duration: 1}
execute on vehicle unless entity @s[tag=aj.transforms_only] positioned ^0.3508044484 ^-1.2118443485 ^1.6618302652 rotated ~228.9530557528 ~64.2898888473 run function animated_java:lich/animations/delayed_bomb/zzz/frames/10_locator_commands
execute on vehicle unless entity @s[tag=aj.transforms_only] positioned ^-0.2560001783 ^-1.1199993794 ^0.6744523503 rotated ~228.9530557528 ~64.2898888473 run function animated_java:lich/animations/delayed_bomb/zzz/frames/10_locator_commands
data modify entity @s data merge value {"cameras":{},"locators":{"scythe_blade":{"posx":0.3508044483704907,"posy":-1.2118443484644348,"posz":1.6618302652002472,"roty":228.95305575280577,"rotx":64.2898888473215},"scythe_pole":{"posx":-0.2560001782649896,"posy":-1.11999937937176,"posz":0.6744523503438627,"roty":228.95305575280577,"rotx":64.2898888473215}}}