# This file was generated by Animated Java via MC-Build. It is not recommended to edit this file directly.
$data merge entity $(bone_hair_side) {transformation: [-1f,0f,0f,-0.2969f,0f,0.9941f,-0.1089f,1.9383f,0f,-0.1089f,-0.9941f,0.2326f,0f,0f,0f,1f],start_interpolation: 0,interpolation_duration: 1}
$data merge entity $(bone_hair_side1) {transformation: [-1f,0f,0f,0.2969f,0f,0.9941f,-0.1089f,1.9383f,0f,-0.1089f,-0.9941f,0.2326f,0f,0f,0f,1f],start_interpolation: 0,interpolation_duration: 1}
$data merge entity $(bone_beard) {transformation: [-1f,0f,0f,0f,0f,0.9941f,-0.1089f,1.6224f,0f,-0.1089f,-0.9941f,0.2745f,0f,0f,0f,1f],start_interpolation: 0,interpolation_duration: 1}
$data merge entity $(bone_head) {transformation: [-1f,0f,0f,0f,0f,0.9979f,0.0654f,1.7344f,0f,0.0654f,-0.9979f,0f,0f,0f,0f,1f],start_interpolation: 0,interpolation_duration: 1}
$data merge entity $(bone_body) {transformation: [-1.1183f,0f,-0.1225f,0f,0f,1.125f,0f,1.0625f,0.1225f,0f,-1.1183f,0f,0f,0f,0f,1f],start_interpolation: 0,interpolation_duration: 1}
$data merge entity $(bone_left4) {transformation: [-0.5227f,-0.6366f,0.567f,0.5439f,-0.8439f,0.2921f,-0.45f,1.2808f,0.1208f,-0.7137f,-0.6899f,-0.0128f,0f,0f,0f,1f],start_interpolation: 0,interpolation_duration: 1}
$data merge entity $(bone_left3) {transformation: [-0.5227f,-0.8524f,-0.012f,1.3129f,-0.8439f,0.5194f,-0.1344f,0.449f,0.1208f,-0.0601f,-0.9909f,0.0907f,0f,0f,0f,1f],start_interpolation: 0,interpolation_duration: 1}
$data merge entity $(bone_scythe) {transformation: [-1.299f,0.9324f,-0.6013f,-0.7179f,-0.7688f,-0.0889f,1.523f,1.2014f,0.7999f,1.4287f,0.4872f,0.3881f,0f,0f,0f,1f],start_interpolation: 0,interpolation_duration: 1}
$data merge entity $(bone_right2) {transformation: [-0.349f,0.4063f,-0.8445f,-0.5791f,0.8938f,0.415f,-0.1697f,1.3236f,0.2815f,-0.8141f,-0.508f,0.1165f,0f,0f,0f,1f],start_interpolation: 0,interpolation_duration: 1}
$data merge entity $(bone_right1) {transformation: [-0.4445f,0.8532f,-0.2727f,-1.3468f,0.8823f,0.3646f,-0.2976f,0.6605f,-0.1545f,-0.3729f,-0.9149f,0.5611f,0f,0f,0f,1f],start_interpolation: 0,interpolation_duration: 1}
data modify entity @s data merge value {"cameras":{},"locators":{"hitbox":{"posx":-0.13099891833784238,"posy":1.1208829659562707,"posz":1.3639219496816262,"roty":230.98248264746977,"rotx":63.06155462746542},"hitbox2":{"posx":-0.7013071423270842,"posy":0.7833594455649565,"posz":1.7151005407615654,"roty":230.98248264746977,"rotx":63.06155462746542}}}
execute on vehicle unless entity @s[tag=aj.transforms_only] at @s run function animated_java:lich/animations/delayed_bomb/zzz/frames/11_root_commands