# This file was generated by Animated Java via MC-Build. It is not recommended to edit this file directly.
$data merge entity $(bone_hair_side) {transformation: [-1f,0f,0f,-0.2969f,0f,0.9941f,-0.1089f,1.9383f,0f,-0.1089f,-0.9941f,0.2326f,0f,0f,0f,1f],start_interpolation: 0,interpolation_duration: 1}
$data merge entity $(bone_hair_side1) {transformation: [-1f,0f,0f,0.2969f,0f,0.9941f,-0.1089f,1.9383f,0f,-0.1089f,-0.9941f,0.2326f,0f,0f,0f,1f],start_interpolation: 0,interpolation_duration: 1}
$data merge entity $(bone_beard) {transformation: [-1f,0f,0f,0f,0f,0.9941f,-0.1089f,1.6224f,0f,-0.1089f,-0.9941f,0.2745f,0f,0f,0f,1f],start_interpolation: 0,interpolation_duration: 1}
$data merge entity $(bone_head) {transformation: [-1f,0f,0f,0f,0f,0.9979f,0.0654f,1.7344f,0f,0.0654f,-0.9979f,0f,0f,0f,0f,1f],start_interpolation: 0,interpolation_duration: 1}
$data merge entity $(bone_body) {transformation: [-1.1183f,0f,-0.1225f,0f,0f,1.125f,0f,1.0625f,0.1225f,0f,-1.1183f,0f,0f,0f,0f,1f],start_interpolation: 0,interpolation_duration: 1}
$data merge entity $(bone_left4) {transformation: [-0.5227f,-0.6366f,0.567f,0.5439f,-0.8439f,0.2921f,-0.45f,1.2808f,0.1208f,-0.7137f,-0.6899f,-0.0128f,0f,0f,0f,1f],start_interpolation: 0,interpolation_duration: 1}
$data merge entity $(bone_left3) {transformation: [-0.5227f,-0.8524f,-0.012f,1.3129f,-0.8439f,0.5194f,-0.1344f,0.449f,0.1208f,-0.0601f,-0.9909f,0.0907f,0f,0f,0f,1f],start_interpolation: 0,interpolation_duration: 1}
$data merge entity $(bone_scythe) {transformation: [-1.806f,1.2962f,-0.836f,-0.7179f,-1.0688f,-0.1237f,2.1173f,1.2014f,1.1121f,1.9862f,0.6774f,0.3881f,0f,0f,0f,1f],start_interpolation: 0,interpolation_duration: 1}
$data merge entity $(bone_right2) {transformation: [-0.349f,0.4063f,-0.8445f,-0.5791f,0.8938f,0.415f,-0.1697f,1.3236f,0.2815f,-0.8141f,-0.508f,0.1165f,0f,0f,0f,1f],start_interpolation: 0,interpolation_duration: 1}
$data merge entity $(bone_right1) {transformation: [-0.4445f,0.8532f,-0.2727f,-1.3468f,0.8823f,0.3646f,-0.2976f,0.6605f,-0.1545f,-0.3729f,-0.9149f,0.5611f,0f,0f,0f,1f],start_interpolation: 0,interpolation_duration: 1}
execute on vehicle unless entity @s[tag=aj.transforms_only] positioned ^-0.6062557717 ^0.8396133656 ^1.6565707756 rotated ~230.9824826475 ~63.0615546275 run function animated_java:lich/animations/delayed_bomb/zzz/frames/11_locator_commands
execute on vehicle unless entity @s[tag=aj.transforms_only] positioned ^-0.5951467094 ^1.1978200648 ^0.550620031 rotated ~230.9824826475 ~63.0615546275 run function animated_java:lich/animations/delayed_bomb/zzz/frames/11_locator_commands
data modify entity @s data merge value {"cameras":{},"locators":{"scythe_blade":{"posx":-0.6062557716622106,"posy":0.8396133656301755,"posz":1.6565707755815755,"roty":230.98248264746977,"rotx":63.06155462746542},"scythe_pole":{"posx":-0.5951467093605312,"posy":1.1978200647853663,"posz":0.5506200310114923,"roty":230.98248264746977,"rotx":63.06155462746542}}}
execute on vehicle unless entity @s[tag=aj.transforms_only] at @s run function animated_java:lich/animations/delayed_bomb/zzz/frames/11_root_commands