# This file was generated by Animated Java via MC-Build. It is not recommended to edit this file directly.
$data merge entity $(bone_hair_side) {transformation: [-1f,0f,0f,-0.2969f,0f,0.999f,-0.0436f,-0.5148f,0f,-0.0436f,-0.999f,0.2454f,0f,0f,0f,1f],start_interpolation: 0,interpolation_duration: 1}
$data merge entity $(bone_hair_side1) {transformation: [-1f,0f,0f,0.2969f,0f,0.999f,-0.0436f,-0.5148f,0f,-0.0436f,-0.999f,0.2454f,0f,0f,0f,1f],start_interpolation: 0,interpolation_duration: 1}
$data merge entity $(bone_beard) {transformation: [-1f,0f,0f,0f,0f,0.999f,-0.0436f,-0.8328f,0f,-0.0436f,-0.999f,0.2666f,0f,0f,0f,1f],start_interpolation: 0,interpolation_duration: 1}
$data merge entity $(bone_head) {transformation: [-1f,0f,0f,0f,0f,0.9914f,0.1305f,-0.7031f,0f,0.1305f,-0.9914f,0f,0f,0f,0f,1f],start_interpolation: 0,interpolation_duration: 1}
$data merge entity $(bone_body) {transformation: [-1.0983f,0f,0.2435f,0f,0f,1.125f,0f,-1.375f,-0.2435f,0f,-1.0983f,0f,0f,0f,0f,1f],start_interpolation: 0,interpolation_duration: 1}
$data merge entity $(bone_left4) {transformation: [-0.4409f,-0.3346f,0.8328f,0.533f,-0.892f,0.2663f,-0.3652f,-1.136f,-0.0995f,-0.9039f,-0.4159f,0.169f,0f,0f,0f,1f],start_interpolation: 0,interpolation_duration: 1}
$data merge entity $(bone_left3) {transformation: [-0.4409f,-0.8094f,0.388f,1.2805f,-0.892f,0.4431f,-0.0894f,-1.8994f,-0.0995f,-0.3855f,-0.9173f,0.5595f,0f,0f,0f,1f],start_interpolation: 0,interpolation_duration: 1}
$data merge entity $(bone_aura) {transformation: [-2.1699f,-0.4091f,-0.8745f,-2.2684f,-0.7231f,-0.7367f,2.1389f,-1.9595f,-0.6397f,2.2205f,0.5485f,0.5971f,0f,0f,0f,1f],start_interpolation: 0,interpolation_duration: 1}
$data merge entity $(bone_scythe) {transformation: [-1.5608f,-0.2943f,-0.629f,-0.897f,-0.5201f,-0.5299f,1.5385f,-1.2497f,-0.4601f,1.5972f,0.3946f,0.0157f,0f,0f,0f,1f],start_interpolation: 0,interpolation_duration: 1}
$data merge entity $(bone_right2) {transformation: [-0.3633f,0.912f,-0.1906f,-0.5921f,0.9025f,0.3953f,0.1711f,-1.1341f,0.2314f,-0.1098f,-0.9666f,-0.0239f,0f,0f,0f,1f],start_interpolation: 0,interpolation_duration: 1}
$data merge entity $(bone_right1) {transformation: [-0.4445f,0.8947f,-0.0426f,-1.4039f,0.8823f,0.4292f,-0.1931f,-1.8659f,-0.1545f,-0.1234f,-0.9803f,0.1555f,0f,0f,0f,1f],start_interpolation: 0,interpolation_duration: 1}
execute on vehicle unless entity @s[tag=aj.transforms_only] positioned ^-1.7073599705 ^-1.8080987642 ^0.9011655914 rotated ~237.902348367 ~64.2363908837 run function animated_java:lich/animations/delayed_bomb/zzz/frames/14_locator_commands
execute on vehicle unless entity @s[tag=aj.transforms_only] positioned ^-0.9177420627 ^-1.3079608437 ^0.2098421359 rotated ~237.902348367 ~64.2363908837 run function animated_java:lich/animations/delayed_bomb/zzz/frames/14_locator_commands
data modify entity @s data merge value {"cameras":{},"locators":{"scythe_blade":{"posx":-1.7073599705382274,"posy":-1.8080987642035702,"posz":0.9011655914465476,"roty":237.90234836699258,"rotx":64.23639088367175},"scythe_pole":{"posx":-0.917742062739411,"posy":-1.3079608436624757,"posz":0.20984213594959333,"roty":237.90234836699258,"rotx":64.23639088367175}}}