# This file was generated by Animated Java via MC-Build. It is not recommended to edit this file directly.
$data merge entity $(bone_hair_side) {transformation: [-1f,0f,0f,-0.2969f,0f,0.998f,-0.063f,1.9274f,0f,-0.063f,-0.998f,0.2417f,0f,0f,0f,1f],start_interpolation: 0,interpolation_duration: 1}
$data merge entity $(bone_hair_side1) {transformation: [-1f,0f,0f,0.2969f,0f,0.998f,-0.063f,1.9274f,0f,-0.063f,-0.998f,0.2417f,0f,0f,0f,1f],start_interpolation: 0,interpolation_duration: 1}
$data merge entity $(bone_beard) {transformation: [-1f,0f,0f,0f,0f,0.998f,-0.063f,1.6099f,0f,-0.063f,-0.998f,0.2691f,0f,0f,0f,1f],start_interpolation: 0,interpolation_duration: 1}
$data merge entity $(bone_head) {transformation: [-1f,0f,0f,0f,0f,0.9938f,0.1113f,1.7344f,0f,0.1113f,-0.9938f,0f,0f,0f,0f,1f],start_interpolation: 0,interpolation_duration: 1}
$data merge entity $(bone_body) {transformation: [-1.1016f,0f,0.2282f,0f,0f,1.125f,0f,1.0625f,-0.2282f,0f,-1.1016f,0f,0f,0f,0f,1f],start_interpolation: 0,interpolation_duration: 1}
$data merge entity $(bone_left4) {transformation: [-0.4086f,-0.2783f,0.8692f,0.526f,-0.9051f,0.246f,-0.3467f,1.3073f,-0.1174f,-0.9284f,-0.3525f,0.1847f,0f,0f,0f,1f],start_interpolation: 0,interpolation_duration: 1}
$data merge entity $(bone_left3) {transformation: [-0.4201f,-0.7833f,0.4581f,1.2515f,-0.9006f,0.4219f,-0.1045f,0.5644f,-0.1114f,-0.4565f,-0.8827f,0.6492f,0f,0f,0f,1f],start_interpolation: 0,interpolation_duration: 1}
$data merge entity $(bone_scythe) {transformation: [-1.4554f,0.57f,-0.6895f,-0.869f,-0.7883f,-0.1945f,1.5031f,1.1518f,0.423f,1.5987f,0.4287f,0.0792f,0f,0f,0f,1f],start_interpolation: 0,interpolation_duration: 1}
$data merge entity $(bone_right2) {transformation: [-0.4036f,0.8657f,-0.2962f,-0.5787f,0.8798f,0.456f,0.1339f,1.2876f,0.2509f,-0.2066f,-0.9457f,0.0075f,0f,0f,0f,1f],start_interpolation: 0,interpolation_duration: 1}
$data merge entity $(bone_right1) {transformation: [-0.508f,0.8517f,-0.1285f,-1.3248f,0.8545f,0.4796f,-0.1998f,0.5111f,-0.1085f,-0.2113f,-0.9714f,0.2659f,0f,0f,0f,1f],start_interpolation: 0,interpolation_duration: 1}