# This file was generated by Animated Java via MC-Build. It is not recommended to edit this file directly.
$data merge entity $(bone_hair_side) {transformation: [-1f,0f,0f,-0.2969f,0f,0.996f,-0.0893f,1.9337f,0f,-0.0893f,-0.996f,0.2365f,0f,0f,0f,1f],start_interpolation: 0,interpolation_duration: 1}
$data merge entity $(bone_hair_side1) {transformation: [-1f,0f,0f,0.2969f,0f,0.996f,-0.0893f,1.9337f,0f,-0.0893f,-0.996f,0.2365f,0f,0f,0f,1f],start_interpolation: 0,interpolation_duration: 1}
$data merge entity $(bone_beard) {transformation: [-1f,0f,0f,0f,0f,0.996f,-0.0893f,1.6171f,0f,-0.0893f,-0.996f,0.2723f,0f,0f,0f,1f],start_interpolation: 0,interpolation_duration: 1}
$data merge entity $(bone_head) {transformation: [-1f,0f,0f,0f,0f,0.9964f,0.085f,1.7344f,0f,0.085f,-0.9964f,0f,0f,0f,0f,1f],start_interpolation: 0,interpolation_duration: 1}
$data merge entity $(bone_body) {transformation: [-1.1058f,0f,0.2072f,0f,0f,1.125f,0f,1.0625f,-0.2072f,0f,-1.1058f,0f,0f,0f,0f,1f],start_interpolation: 0,interpolation_duration: 1}
$data merge entity $(bone_left4) {transformation: [-0.3631f,-0.1966f,0.9108f,0.5136f,-0.9212f,0.2228f,-0.3191f,1.315f,-0.1402f,-0.9548f,-0.262f,0.2048f,0f,0f,0f,1f],start_interpolation: 0,interpolation_duration: 1}
$data merge entity $(bone_left3) {transformation: [-0.3913f,-0.7376f,0.5502f,1.1981f,-0.9113f,0.3936f,-0.1205f,0.5997f,-0.1277f,-0.5486f,-0.8263f,0.7649f,0f,0f,0f,1f],start_interpolation: 0,interpolation_duration: 1}
$data merge entity $(bone_scythe) {transformation: [-1.2926f,0.791f,-0.7886f,-0.8152f,-0.9171f,-0.0631f,1.4399f,1.1047f,0.6376f,1.5129f,0.4724f,0.1638f,0f,0f,0f,1f],start_interpolation: 0,interpolation_duration: 1}
$data merge entity $(bone_right2) {transformation: [-0.4616f,0.7761f,-0.4296f,-0.5533f,0.8429f,0.5347f,0.0603f,1.267f,0.2765f,-0.3342f,-0.901f,0.0498f,0f,0f,0f,1f],start_interpolation: 0,interpolation_duration: 1}
$data merge entity $(bone_right1) {transformation: [-0.5901f,0.7706f,-0.2407f,-1.1877f,0.8061f,0.5456f,-0.2291f,0.4353f,-0.0452f,-0.3292f,-0.9432f,0.4138f,0f,0f,0f,1f],start_interpolation: 0,interpolation_duration: 1}