# This file was generated by Animated Java via MC-Build. It is not recommended to edit this file directly.
$data merge entity $(bone_hair_side) {transformation: [-1f,0f,0f,-0.2969f,0f,0.9945f,-0.1046f,1.9373f,0f,-0.1046f,-0.9945f,0.2335f,0f,0f,0f,1f],start_interpolation: 0,interpolation_duration: 1}
$data merge entity $(bone_hair_side1) {transformation: [-1f,0f,0f,0.2969f,0f,0.9945f,-0.1046f,1.9373f,0f,-0.1046f,-0.9945f,0.2335f,0f,0f,0f,1f],start_interpolation: 0,interpolation_duration: 1}
$data merge entity $(bone_beard) {transformation: [-1f,0f,0f,0f,0f,0.9945f,-0.1046f,1.6213f,0f,-0.1046f,-0.9945f,0.274f,0f,0f,0f,1f],start_interpolation: 0,interpolation_duration: 1}
$data merge entity $(bone_head) {transformation: [-1f,0f,0f,0f,0f,0.9976f,0.0697f,1.7344f,0f,0.0697f,-0.9976f,0f,0f,0f,0f,1f],start_interpolation: 0,interpolation_duration: 1}
$data merge entity $(bone_body) {transformation: [-1.108f,0f,0.195f,0f,0f,1.125f,0f,1.0625f,-0.195f,0f,-1.108f,0f,0f,0f,0f,1f],start_interpolation: 0,interpolation_duration: 1}
$data merge entity $(bone_left4) {transformation: [-0.3357f,-0.1476f,0.9303f,0.505f,-0.9296f,0.2112f,-0.3019f,1.3194f,-0.152f,-0.9662f,-0.2081f,0.2156f,0f,0f,0f,1f],start_interpolation: 0,interpolation_duration: 1}
$data merge entity $(bone_left3) {transformation: [-0.3745f,-0.7061f,0.601f,1.1602f,-0.917f,0.3779f,-0.1274f,0.6194f,-0.1372f,-0.5989f,-0.789f,0.8277f,0f,0f,0f,1f],start_interpolation: 0,interpolation_duration: 1}
$data merge entity $(bone_scythe) {transformation: [-1.1758f,0.9039f,-0.8478f,-0.776f,-0.9825f,0.0324f,1.3972f,1.0802f,0.7553f,1.4493f,0.4975f,0.211f,0f,0f,0f,1f],start_interpolation: 0,interpolation_duration: 1}
$data merge entity $(bone_right2) {transformation: [-0.4963f,0.7107f,-0.4986f,-0.535f,0.8179f,0.5754f,0.0061f,1.2562f,0.2912f,-0.4047f,-0.8668f,0.0736f,0f,0f,0f,1f],start_interpolation: 0,interpolation_duration: 1}
$data merge entity $(bone_right1) {transformation: [-0.6344f,0.7121f,-0.3007f,-1.0934f,0.7729f,0.5802f,-0.2568f,0.3982f,-0.0084f,-0.3953f,-0.9185f,0.4963f,0f,0f,0f,1f],start_interpolation: 0,interpolation_duration: 1}