# This file was generated by Animated Java via MC-Build. It is not recommended to edit this file directly.
$data merge entity $(bone_hair_side) {transformation: [-1f,0f,0f,-0.2969f,0f,0.9878f,-0.156f,1.9492f,0f,-0.156f,-0.9878f,0.2226f,0f,0f,0f,1f],start_interpolation: 0,interpolation_duration: 1}
$data merge entity $(bone_hair_side1) {transformation: [-1f,0f,0f,0.2969f,0f,0.9878f,-0.156f,1.9492f,0f,-0.156f,-0.9878f,0.2226f,0f,0f,0f,1f],start_interpolation: 0,interpolation_duration: 1}
$data merge entity $(bone_beard) {transformation: [-1f,0f,0f,0f,0f,0.9878f,-0.156f,1.6356f,0f,-0.156f,-0.9878f,0.2795f,0f,0f,0f,1f],start_interpolation: 0,interpolation_duration: 1}
$data merge entity $(bone_head) {transformation: [-1f,0f,0f,0f,0f,0.9998f,0.0179f,1.7344f,0f,0.0179f,-0.9998f,0f,0f,0f,0f,1f],start_interpolation: 0,interpolation_duration: 1}
$data merge entity $(bone_body) {transformation: [-1.1145f,0f,0.1534f,0f,0f,1.125f,0f,1.0625f,-0.1534f,0f,-1.1145f,0f,0f,0f,0f,1f],start_interpolation: 0,interpolation_duration: 1}
$data merge entity $(bone_left4) {transformation: [-0.24f,0.0221f,0.9705f,0.4689f,-0.9537f,0.1813f,-0.24f,1.3324f,-0.1813f,-0.9832f,-0.0225f,0.2464f,0f,0f,0f,1f],start_interpolation: 0,interpolation_duration: 1}
$data merge entity $(bone_left3) {transformation: [-0.3166f,-0.5745f,0.7548f,0.9984f,-0.9333f,0.3306f,-0.1398f,0.6791f,-0.1692f,-0.7488f,-0.6409f,1.0124f,0f,0f,0f,1f],start_interpolation: 0,interpolation_duration: 1}
$data merge entity $(bone_scythe) {transformation: [-0.6782f,1.1667f,-1.0475f,-0.6054f,-1.1164f,0.442f,1.2152f,1.0251f,1.1009f,1.167f,0.587f,0.3543f,0f,0f,0f,1f],start_interpolation: 0,interpolation_duration: 1}
$data merge entity $(bone_right2) {transformation: [-0.6132f,0.4264f,-0.665f,-0.4559f,0.7113f,0.6642f,-0.23f,1.2319f,0.3436f,-0.614f,-0.7106f,0.1475f,0f,0f,0f,1f],start_interpolation: 0,interpolation_duration: 1}
$data merge entity $(bone_right1) {transformation: [-0.7621f,0.4589f,-0.4567f,-0.7053f,0.6369f,0.6578f,-0.402f,0.334f,0.116f,-0.5973f,-0.7936f,0.7458f,0f,0f,0f,1f],start_interpolation: 0,interpolation_duration: 1}