# This file was generated by Animated Java via MC-Build. It is not recommended to edit this file directly.
$data merge entity $(bone_hair_side) {transformation: [-1f,0f,0f,-0.2969f,0f,0.9733f,-0.2294f,1.9652f,0f,-0.2294f,-0.9733f,0.2059f,0f,0f,0f,1f],start_interpolation: 0,interpolation_duration: 1}
$data merge entity $(bone_hair_side1) {transformation: [-1f,0f,0f,0.2969f,0f,0.9733f,-0.2294f,1.9652f,0f,-0.2294f,-0.9733f,0.2059f,0f,0f,0f,1f],start_interpolation: 0,interpolation_duration: 1}
$data merge entity $(bone_beard) {transformation: [-1f,0f,0f,0f,0f,0.9733f,-0.2294f,1.6568f,0f,-0.2294f,-0.9733f,0.2861f,0f,0f,0f,1f],start_interpolation: 0,interpolation_duration: 1}
$data merge entity $(bone_head) {transformation: [-1f,0f,0f,0f,0f,0.9984f,-0.0569f,1.7344f,0f,-0.0569f,-0.9984f,0f,0f,0f,0f,1f],start_interpolation: 0,interpolation_duration: 1}
$data merge entity $(bone_body) {transformation: [-1.1211f,0f,0.0933f,0f,0f,1.125f,0f,1.0625f,-0.0933f,0f,-1.1211f,0f,0f,0f,0f,1f],start_interpolation: 0,interpolation_duration: 1}
$data merge entity $(bone_left4) {transformation: [-0.1039f,0.2637f,0.959f,0.4022f,-0.976f,0.1586f,-0.1494f,1.345f,-0.1914f,-0.9515f,0.2409f,0.2725f,0f,0f,0f,1f],start_interpolation: 0,interpolation_duration: 1}
$data merge entity $(bone_left3) {transformation: [-0.2319f,-0.3319f,0.9144f,0.6927f,-0.9488f,0.2846f,-0.1374f,0.7373f,-0.2146f,-0.8994f,-0.3809f,1.1891f,0f,0f,0f,1f],start_interpolation: 0,interpolation_duration: 1}
$data merge entity $(bone_scythe) {transformation: [0.1795f,1.1154f,-1.2815f,-0.3009f,-0.9614f,1.1291f,0.8481f,1.0635f,1.4007f,0.6321f,0.7463f,0.4963f,0f,0f,0f,1f],start_interpolation: 0,interpolation_duration: 1}
$data merge entity $(bone_right2) {transformation: [-0.7501f,-0.0765f,-0.6569f,-0.3143f,0.4965f,0.5911f,-0.6357f,1.2497f,0.4369f,-0.803f,-0.4054f,0.226f,0f,0f,0f,1f],start_interpolation: 0,interpolation_duration: 1}
$data merge entity $(bone_right1) {transformation: [-0.8709f,0.0057f,-0.4914f,-0.0482f,0.3957f,0.601f,-0.6944f,0.4875f,0.2913f,-0.7992f,-0.5257f,0.9842f,0f,0f,0f,1f],start_interpolation: 0,interpolation_duration: 1}