# This file was generated by Animated Java via MC-Build. It is not recommended to edit this file directly.
$data merge entity $(bone_hair_side) {transformation: [-1f,0f,0f,-0.2969f,0f,0.9747f,-0.2234f,1.9639f,0f,-0.2234f,-0.9747f,0.2074f,0f,0f,0f,1f],start_interpolation: 0,interpolation_duration: 1}
$data merge entity $(bone_hair_side1) {transformation: [-1f,0f,0f,0.2969f,0f,0.9747f,-0.2234f,1.9639f,0f,-0.2234f,-0.9747f,0.2074f,0f,0f,0f,1f],start_interpolation: 0,interpolation_duration: 1}
$data merge entity $(bone_beard) {transformation: [-1f,0f,0f,0f,0f,0.9747f,-0.2234f,1.655f,0f,-0.2234f,-0.9747f,0.2856f,0f,0f,0f,1f],start_interpolation: 0,interpolation_duration: 1}
$data merge entity $(bone_head) {transformation: [-1f,0f,0f,0f,0f,0.9987f,-0.0507f,1.7344f,0f,-0.0507f,-0.9987f,0f,0f,0f,0f,1f],start_interpolation: 0,interpolation_duration: 1}
$data merge entity $(bone_body) {transformation: [-1.1207f,0f,0.0983f,0f,0f,1.125f,0f,1.0625f,-0.0983f,0f,-1.1207f,0f,0f,0f,0f,1f],start_interpolation: 0,interpolation_duration: 1}
$data merge entity $(bone_left4) {transformation: [-0.1146f,0.2443f,0.9629f,0.4082f,-0.9747f,0.1598f,-0.1566f,1.3443f,-0.1921f,-0.9564f,0.2198f,0.2712f,0f,0f,0f,1f],start_interpolation: 0,interpolation_duration: 1}
$data merge entity $(bone_left3) {transformation: [-0.239f,-0.3537f,0.9043f,0.7204f,-0.9478f,0.2873f,-0.1381f,0.7339f,-0.2109f,-0.8902f,-0.4039f,1.1789f,0f,0f,0f,1f],start_interpolation: 0,interpolation_duration: 1}
$data merge entity $(bone_scythe) {transformation: [0.109f,1.141f,-1.2667f,-0.3265f,-0.9923f,1.0746f,0.8826f,1.054f,1.3863f,0.6795f,0.7313f,0.488f,0f,0f,0f,1f],start_interpolation: 0,interpolation_duration: 1}
$data merge entity $(bone_right2) {transformation: [-0.7415f,-0.0346f,-0.6701f,-0.3262f,0.5166f,0.6077f,-0.6031f,1.2454f,0.4281f,-0.7934f,-0.4328f,0.221f,0f,0f,0f,1f],start_interpolation: 0,interpolation_duration: 1}
$data merge entity $(bone_right1) {transformation: [-0.8657f,0.044f,-0.4986f,-0.1024f,0.4168f,0.6148f,-0.6695f,0.4619f,0.2771f,-0.7874f,-0.5506f,0.9711f,0f,0f,0f,1f],start_interpolation: 0,interpolation_duration: 1}