# This file was generated by Animated Java via MC-Build. It is not recommended to edit this file directly.
$data merge entity $(bone_hair_side) {transformation: [-1f,0f,0f,-0.2969f,0f,0.9644f,-0.2643f,1.9725f,0f,-0.2643f,-0.9644f,0.1975f,0f,0f,0f,1f],start_interpolation: 0,interpolation_duration: 1}
$data merge entity $(bone_hair_side1) {transformation: [-1f,0f,0f,0.2969f,0f,0.9644f,-0.2643f,1.9725f,0f,-0.2643f,-0.9644f,0.1975f,0f,0f,0f,1f],start_interpolation: 0,interpolation_duration: 1}
$data merge entity $(bone_beard) {transformation: [-1f,0f,0f,0f,0f,0.9644f,-0.2643f,1.6671f,0f,-0.2643f,-0.9644f,0.2887f,0f,0f,0f,1f],start_interpolation: 0,interpolation_duration: 1}
$data merge entity $(bone_head) {transformation: [-1f,0f,0f,0f,0f,0.9957f,-0.0928f,1.7344f,0f,-0.0928f,-0.9957f,0f,0f,0f,0f,1f],start_interpolation: 0,interpolation_duration: 1}
$data merge entity $(bone_body) {transformation: [-1.1232f,0f,0.0644f,0f,0f,1.125f,0f,1.0625f,-0.0644f,0f,-1.1232f,0f,0f,0f,0f,1f],start_interpolation: 0,interpolation_duration: 1}
$data merge entity $(bone_left4) {transformation: [-0.0453f,0.3725f,0.9269f,0.3662f,-0.9822f,0.1527f,-0.1094f,1.3482f,-0.1823f,-0.9154f,0.3589f,0.2764f,0f,0f,0f,1f],start_interpolation: 0,interpolation_duration: 1}
$data merge entity $(bone_left3) {transformation: [-0.1912f,-0.2011f,0.9607f,0.5263f,-0.9528f,0.2733f,-0.1324f,0.7515f,-0.2359f,-0.9407f,-0.2438f,1.2315f,0f,0f,0f,1f],start_interpolation: 0,interpolation_duration: 1}
$data merge entity $(bone_scythe) {transformation: [0.5621f,0.8925f,-1.3439f,-0.1598f,-0.7181f,1.4127f,0.6379f,1.1415f,1.4446f,0.355f,0.8399f,0.5307f,0f,0f,0f,1f],start_interpolation: 0,interpolation_duration: 1}
$data merge entity $(bone_right2) {transformation: [-0.7866f,-0.3059f,-0.5363f,-0.2479f,0.3734f,0.456f,-0.8078f,1.2853f,0.4917f,-0.8358f,-0.2445f,0.2488f,0f,0f,0f,1f],start_interpolation: 0,interpolation_duration: 1}
$data merge entity $(bone_right1) {transformation: [-0.8874f,-0.2068f,-0.4121f,0.2492f,0.272f,0.4869f,-0.83f,0.683f,0.3723f,-0.8486f,-0.3758f,1.0341f,0f,0f,0f,1f],start_interpolation: 0,interpolation_duration: 1}