# This file was generated by Animated Java via MC-Build. It is not recommended to edit this file directly.
$data merge entity $(bone_hair_side) {transformation: [-1f,0f,0f,-0.2969f,0f,0.9675f,-0.253f,1.9701f,0f,-0.253f,-0.9675f,0.2003f,0f,0f,0f,1f],start_interpolation: 0,interpolation_duration: 1}
$data merge entity $(bone_hair_side1) {transformation: [-1f,0f,0f,0.2969f,0f,0.9675f,-0.253f,1.9701f,0f,-0.253f,-0.9675f,0.2003f,0f,0f,0f,1f],start_interpolation: 0,interpolation_duration: 1}
$data merge entity $(bone_beard) {transformation: [-1f,0f,0f,0f,0f,0.9675f,-0.253f,1.6637f,0f,-0.253f,-0.9675f,0.2879f,0f,0f,0f,1f],start_interpolation: 0,interpolation_duration: 1}
$data merge entity $(bone_head) {transformation: [-1f,0f,0f,0f,0f,0.9967f,-0.0811f,1.7344f,0f,-0.0811f,-0.9967f,0f,0f,0f,0f,1f],start_interpolation: 0,interpolation_duration: 1}
$data merge entity $(bone_body) {transformation: [-1.1226f,0f,0.0738f,0f,0f,1.125f,0f,1.0625f,-0.0738f,0f,-1.1226f,0f,0f,0f,0f,1f],start_interpolation: 0,interpolation_duration: 1}
$data merge entity $(bone_left4) {transformation: [-0.0636f,0.3378f,0.9391f,0.3781f,-0.9804f,0.1545f,-0.122f,1.3474f,-0.1863f,-0.9285f,0.3214f,0.2758f,0f,0f,0f,1f],start_interpolation: 0,interpolation_duration: 1}
$data merge entity $(bone_left3) {transformation: [-0.2045f,-0.2443f,0.9479f,0.5814f,-0.9517f,0.2762f,-0.1341f,0.7479f,-0.229f,-0.9295f,-0.289f,1.2209f,0f,0f,0f,1f],start_interpolation: 0,interpolation_duration: 1}
$data merge entity $(bone_scythe) {transformation: [0.4438f,0.9784f,-1.3282f,-0.2039f,-0.8089f,1.3278f,0.7079f,1.1119f,1.4377f,0.445f,0.8082f,0.5221f,0f,0f,0f,1f],start_interpolation: 0,interpolation_duration: 1}
$data merge entity $(bone_right2) {transformation: [-0.7775f,-0.2346f,-0.5835f,-0.2687f,0.4144f,0.507f,-0.7558f,1.2718f,0.4731f,-0.8294f,-0.297f,0.2425f,0f,0f,0f,1f],start_interpolation: 0,interpolation_duration: 1}
$data merge entity $(bone_right1) {transformation: [-0.8846f,-0.1401f,-0.4447f,0.1566f,0.3123f,0.5303f,-0.7882f,0.6108f,0.3463f,-0.8362f,-0.4253f,1.0227f,0f,0f,0f,1f],start_interpolation: 0,interpolation_duration: 1}
data modify entity @s data merge value {"cameras":{},"locators":{"hitbox":{"posx":0.46156587688970446,"posy":1.9762640705655201,"posz":0.8586352142000226,"roty":238.6780560755847,"rotx":24.478704035103796},"hitbox2":{"posx":0.6564099813966866,"posy":1.6211355405411692,"posz":1.4898400162267627,"roty":238.6780560755847,"rotx":24.478704035103796}}}