# This file was generated by Animated Java via MC-Build. It is not recommended to edit this file directly.
$data merge entity $(bone_hair_side) {transformation: [-1f,0f,0f,-0.2969f,0f,0.9598f,-0.2805f,1.9758f,0f,-0.2805f,-0.9598f,0.1935f,0f,0f,0f,1f],start_interpolation: 0,interpolation_duration: 1}
$data merge entity $(bone_hair_side1) {transformation: [-1f,0f,0f,0.2969f,0f,0.9598f,-0.2805f,1.9758f,0f,-0.2805f,-0.9598f,0.1935f,0f,0f,0f,1f],start_interpolation: 0,interpolation_duration: 1}
$data merge entity $(bone_beard) {transformation: [-1f,0f,0f,0f,0f,0.9598f,-0.2805f,1.672f,0f,-0.2805f,-0.9598f,0.2898f,0f,0f,0f,1f],start_interpolation: 0,interpolation_duration: 1}
$data merge entity $(bone_head) {transformation: [-1f,0f,0f,0f,0f,0.994f,-0.1096f,1.7344f,0f,-0.1096f,-0.994f,0f,0f,0f,0f,1f],start_interpolation: 0,interpolation_duration: 1}
$data merge entity $(bone_body) {transformation: [-1.1238f,0f,0.0509f,0f,0f,1.125f,0f,1.0625f,-0.0509f,0f,-1.1238f,0f,0f,0f,0f,1f],start_interpolation: 0,interpolation_duration: 1}
$data merge entity $(bone_left4) {transformation: [-0.0206f,0.4209f,0.9069f,0.3488f,-0.9844f,0.15f,-0.092f,1.349f,-0.1748f,-0.8946f,0.4112f,0.2762f,0f,0f,0f,1f],start_interpolation: 0,interpolation_duration: 1}
$data merge entity $(bone_left3) {transformation: [-0.1722f,-0.1381f,0.9753f,0.446f,-0.9539f,0.2703f,-0.1302f,0.7552f,-0.2457f,-0.9528f,-0.1783f,1.2416f,0f,0f,0f,1f],start_interpolation: 0,interpolation_duration: 1}
$data merge entity $(bone_scythe) {transformation: [0.998f,1.0398f,-1.8877f,-0.1007f,-0.7911f,2.1118f,0.745f,1.1909f,2.0047f,0.3157f,1.2338f,0.5388f,0f,0f,0f,1f],start_interpolation: 0,interpolation_duration: 1}
$data merge entity $(bone_right2) {transformation: [-0.7948f,-0.4007f,-0.4557f,-0.2197f,0.3137f,0.3716f,-0.8738f,1.3079f,0.5195f,-0.8375f,-0.1696f,0.2559f,0f,0f,0f,1f],start_interpolation: 0,interpolation_duration: 1}
$data merge entity $(bone_right1) {transformation: [-0.8869f,-0.2968f,-0.354f,0.3728f,0.2143f,0.4146f,-0.8844f,0.8005f,0.4093f,-0.8602f,-0.3041f,1.0419f,0f,0f,0f,1f],start_interpolation: 0,interpolation_duration: 1}
data modify entity @s data merge value {"cameras":{},"locators":{"scythe_blade":{"posx":0.68106576559928,"posy":1.981318665464615,"posz":1.2575146185365473,"roty":236.83082074658842,"rotx":18.28194737913085},"scythe_pole":{"posx":-0.018301609765077484,"posy":1.3767316562881513,"posz":0.5525874431410824,"roty":236.83082074658842,"rotx":18.28194737913085}}}