# This file was generated by Animated Java via MC-Build. It is not recommended to edit this file directly.
$data merge entity $(bone_hair_side) {transformation: [-1f,0f,0f,-0.2969f,0f,0.9523f,-0.3051f,1.9807f,0f,-0.3051f,-0.9523f,0.1872f,0f,0f,0f,1f],start_interpolation: 0,interpolation_duration: 1}
$data merge entity $(bone_hair_side1) {transformation: [-1f,0f,0f,0.2969f,0f,0.9523f,-0.3051f,1.9807f,0f,-0.3051f,-0.9523f,0.1872f,0f,0f,0f,1f],start_interpolation: 0,interpolation_duration: 1}
$data merge entity $(bone_beard) {transformation: [-1f,0f,0f,0f,0f,0.9523f,-0.3051f,1.6795f,0f,-0.3051f,-0.9523f,0.2913f,0f,0f,0f,1f],start_interpolation: 0,interpolation_duration: 1}
$data merge entity $(bone_head) {transformation: [-1f,0f,0f,0f,0f,0.9908f,-0.1351f,1.7344f,0f,-0.1351f,-0.9908f,0f,0f,0f,0f,1f],start_interpolation: 0,interpolation_duration: 1}
$data merge entity $(bone_body) {transformation: [-1.1246f,0f,0.0304f,0f,0f,1.125f,0f,1.0625f,-0.0304f,0f,-1.1246f,0f,0f,0f,0f,1f],start_interpolation: 0,interpolation_duration: 1}
$data merge entity $(bone_left4) {transformation: [0.0123f,0.4906f,0.8713f,0.3221f,-0.9871f,0.1448f,-0.0676f,1.3495f,-0.1594f,-0.8592f,0.4861f,0.2735f,0f,0f,0f,1f],start_interpolation: 0,interpolation_duration: 1}
$data merge entity $(bone_left3) {transformation: [-0.1434f,-0.0413f,0.9888f,0.3225f,-0.9548f,0.2685f,-0.1273f,0.7574f,-0.2603f,-0.9624f,-0.078f,1.2447f,0f,0f,0f,1f],start_interpolation: 0,interpolation_duration: 1}
$data merge entity $(bone_aura) {transformation: [1.2714f,0.6765f,-1.8885f,0.964f,-0.4253f,2.2759f,0.529f,2.003f,1.9604f,0.055f,1.3396f,1.6478f,0f,0f,0f,1f],start_interpolation: 0,interpolation_duration: 1}
$data merge entity $(bone_scythe) {transformation: [0.9145f,0.4866f,-1.3584f,-0.0235f,-0.306f,1.6371f,0.3805f,1.2798f,1.4101f,0.0396f,0.9635f,0.5413f,0f,0f,0f,1f],start_interpolation: 0,interpolation_duration: 1}
$data merge entity $(bone_right2) {transformation: [-0.7952f,-0.5224f,-0.3079f,-0.1825f,0.2227f,0.2207f,-0.9496f,1.3488f,0.564f,-0.8236f,-0.0592f,0.2622f,0f,0f,0f,1f],start_interpolation: 0,interpolation_duration: 1}
$data merge entity $(bone_right1) {transformation: [-0.8764f,-0.416f,-0.2427f,0.5333f,0.1284f,0.284f,-0.9502f,1.0069f,0.4642f,-0.8639f,-0.1955f,1.0351f,0f,0f,0f,1f],start_interpolation: 0,interpolation_duration: 1}
data modify entity @s data merge value {"cameras":{},"locators":{"scythe_blade":{"posx":0.6610764308145447,"posy":2.252526725952118,"posz":1.1223150644933277,"roty":234.650644381852,"rotx":12.869318032461551},"scythe_pole":{"posx":0.025973079791260255,"posy":1.477258535768936,"posz":0.5331075740376408,"roty":234.650644381852,"rotx":12.869318032461551}}}