# This file was generated by Animated Java via MC-Build. It is not recommended to edit this file directly.
$data merge entity $(bone_hair_side) {transformation: [-1f,0f,0f,-0.2969f,0f,0.9397f,-0.342f,1.9878f,0f,-0.342f,-0.9397f,0.1774f,0f,0f,0f,1f],start_interpolation: 0,interpolation_duration: 1}
$data merge entity $(bone_hair_side1) {transformation: [-1f,0f,0f,0.2969f,0f,0.9397f,-0.342f,1.9878f,0f,-0.342f,-0.9397f,0.1774f,0f,0f,0f,1f],start_interpolation: 0,interpolation_duration: 1}
$data merge entity $(bone_beard) {transformation: [-1f,0f,0f,0f,0f,0.9397f,-0.342f,1.6909f,0f,-0.342f,-0.9397f,0.2933f,0f,0f,0f,1f],start_interpolation: 0,interpolation_duration: 1}
$data merge entity $(bone_head) {transformation: [-1f,0f,0f,0f,0f,0.9848f,-0.1736f,1.7344f,0f,-0.1736f,-0.9848f,0f,0f,0f,0f,1f],start_interpolation: 0,interpolation_duration: 1}
$data merge entity $(bone_body) {transformation: [-1.125f,0f,0f,0f,0f,1.125f,0f,1.0625f,0f,0f,-1.125f,0f,0f,0f,0f,1f],start_interpolation: 0,interpolation_duration: 1}
$data merge entity $(bone_left4) {transformation: [0.0443f,0.5823f,0.8118f,0.2824f,-0.9914f,0.1255f,-0.0359f,1.3489f,-0.1228f,-0.8032f,0.5829f,0.264f,0f,0f,0f,1f],start_interpolation: 0,interpolation_duration: 1}
$data merge entity $(bone_left3) {transformation: [-0.101f,0.1026f,0.9896f,0.1387f,-0.9545f,0.2706f,-0.1255f,0.7546f,-0.2807f,-0.9572f,0.0706f,1.2232f,0f,0f,0f,1f],start_interpolation: 0,interpolation_duration: 1}
$data merge entity $(bone_aura) {transformation: [1.5212f,0.0363f,-1.8235f,0.9105f,0.2089f,2.3554f,0.2211f,2.5445f,1.8119f,-0.302f,1.5055f,1.3982f,0f,0f,0f,1f],start_interpolation: 0,interpolation_duration: 1}
$data merge entity $(bone_scythe) {transformation: [1.0942f,0.0261f,-1.3117f,0.0545f,0.1502f,1.6943f,0.159f,1.4373f,1.3033f,-0.2172f,1.0829f,0.524f,0f,0f,0f,1f],start_interpolation: 0,interpolation_duration: 1}
$data merge entity $(bone_right2) {transformation: [-0.7678f,-0.6392f,-0.0432f,-0.1432f,0.0931f,-0.0446f,-0.9947f,1.4213f,0.6339f,-0.7677f,0.0937f,0.2622f,0f,0f,0f,1f],start_interpolation: 0,interpolation_duration: 1}
$data merge entity $(bone_right1) {transformation: [-0.8399f,-0.5417f,-0.0347f,0.6948f,0.0077f,0.052f,-0.9986f,1.3636f,0.5427f,-0.839f,-0.0395f,0.984f,0f,0f,0f,1f],start_interpolation: 0,interpolation_duration: 1}
data modify entity @s data merge value {"cameras":{},"locators":{"scythe_blade":{"posx":0.5022758548501397,"posy":2.6276681611565955,"posz":0.8915475958445003,"roty":230.45713785954013,"rotx":5.340904849492866},"scythe_pole":{"posx":0.04761562405510037,"posy":1.6374259527222452,"posz":0.4862490106403797,"roty":230.45713785954013,"rotx":5.340904849492866}}}