# This file was generated by Animated Java via MC-Build. It is not recommended to edit this file directly.
$data merge entity $(bone_hair_side) {transformation: [-1f,0f,0f,-0.2969f,0f,0.9227f,-0.3855f,1.9958f,0f,-0.3855f,-0.9227f,0.1654f,0f,0f,0f,1f],start_interpolation: 0,interpolation_duration: 1}
$data merge entity $(bone_hair_side1) {transformation: [-1f,0f,0f,0.2969f,0f,0.9227f,-0.3855f,1.9958f,0f,-0.3855f,-0.9227f,0.1654f,0f,0f,0f,1f],start_interpolation: 0,interpolation_duration: 1}
$data merge entity $(bone_beard) {transformation: [-1f,0f,0f,0f,0f,0.9227f,-0.3855f,1.7046f,0f,-0.3855f,-0.9227f,0.295f,0f,0f,0f,1f],start_interpolation: 0,interpolation_duration: 1}
$data merge entity $(bone_head) {transformation: [-1f,0f,0f,0f,0f,0.9756f,-0.2194f,1.7344f,0f,-0.2194f,-0.9756f,0f,0f,0f,0f,1f],start_interpolation: 0,interpolation_duration: 1}
$data merge entity $(bone_body) {transformation: [-1.1248f,0f,-0.0233f,0f,0f,1.125f,0f,1.0625f,0.0233f,0f,-1.1248f,0f,0f,0f,0f,1f],start_interpolation: 0,interpolation_duration: 1}
$data merge entity $(bone_left4) {transformation: [-0.0084f,0.6011f,0.7992f,0.2532f,-0.9999f,0.0032f,-0.0129f,1.3542f,-0.0104f,-0.7992f,0.601f,0.2549f,0f,0f,0f,1f],start_interpolation: 0,interpolation_duration: 1}
$data merge entity $(bone_left3) {transformation: [-0.0717f,0.2086f,0.9754f,0.0026f,-0.9599f,0.2512f,-0.1243f,0.7795f,-0.2709f,-0.9452f,0.1823f,1.204f,0f,0f,0f,1f],start_interpolation: 0,interpolation_duration: 1}
$data merge entity $(bone_scythe) {transformation: [1.5269f,-0.5639f,-1.7296f,0.0739f,0.8232f,2.2278f,0.0005f,1.5942f,1.6222f,-0.5998f,1.6276f,0.4906f,0f,0f,0f,1f],start_interpolation: 0,interpolation_duration: 1}
$data merge entity $(bone_right2) {transformation: [-0.7282f,-0.6526f,0.2091f,-0.1289f,0.0002f,-0.3054f,-0.9522f,1.494f,0.6853f,-0.6934f,0.2225f,0.2524f,0f,0f,0f,1f],start_interpolation: 0,interpolation_duration: 1}
$data merge entity $(bone_right1) {transformation: [-0.7902f,-0.5875f,0.1746f,0.7423f,-0.0821f,-0.1808f,-0.9801f,1.7118f,0.6074f,-0.7887f,0.0946f,0.9006f,0f,0f,0f,1f],start_interpolation: 0,interpolation_duration: 1}
data modify entity @s data merge value {"cameras":{},"locators":{"scythe_blade":{"posx":0.2350041187819404,"posy":2.8970229835346437,"posz":0.6614337511979225,"roty":226.7390365095185,"rotx":0.011898356609267961},"scythe_pole":{"posx":0.015593550574933349,"posy":1.7793378868375598,"posz":0.42862153678401016,"roty":226.7390365095185,"rotx":0.011898356609267961}}}