# This file was generated by Animated Java via MC-Build. It is not recommended to edit this file directly.
$data merge entity $(bone_hair_side) {transformation: [-1f,0f,0f,-0.2969f,0f,0.916f,-0.4011f,1.9986f,0f,-0.4011f,-0.916f,0.161f,0f,0f,0f,1f],start_interpolation: 0,interpolation_duration: 1}
$data merge entity $(bone_hair_side1) {transformation: [-1f,0f,0f,0.2969f,0f,0.916f,-0.4011f,1.9986f,0f,-0.4011f,-0.916f,0.161f,0f,0f,0f,1f],start_interpolation: 0,interpolation_duration: 1}
$data merge entity $(bone_beard) {transformation: [-1f,0f,0f,0f,0f,0.916f,-0.4011f,1.7096f,0f,-0.4011f,-0.916f,0.2954f,0f,0f,0f,1f],start_interpolation: 0,interpolation_duration: 1}
$data merge entity $(bone_head) {transformation: [-1f,0f,0f,0f,0f,0.9718f,-0.236f,1.7344f,0f,-0.236f,-0.9718f,0f,0f,0f,0f,1f],start_interpolation: 0,interpolation_duration: 1}
$data merge entity $(bone_body) {transformation: [-1.1248f,0f,-0.021f,0f,0f,1.125f,0f,1.0625f,0.021f,0f,-1.1248f,0f,0f,0f,0f,1f],start_interpolation: 0,interpolation_duration: 1}
$data merge entity $(bone_left4) {transformation: [-0.111f,0.5132f,0.8511f,0.2569f,-0.9865f,-0.1603f,-0.032f,1.3627f,0.12f,-0.8432f,0.524f,0.2589f,0f,0f,0f,1f],start_interpolation: 0,interpolation_duration: 1}
$data merge entity $(bone_left3) {transformation: [-0.0784f,0.1949f,0.9777f,0.0193f,-0.9678f,0.2205f,-0.1216f,0.8191f,-0.2393f,-0.9557f,0.1713f,1.2294f,0f,0f,0f,1f],start_interpolation: 0,interpolation_duration: 1}
$data merge entity $(bone_scythe) {transformation: [1.0639f,-0.4467f,-1.2598f,0.0671f,0.6657f,1.5733f,0.0043f,1.6162f,1.1591f,-0.4936f,1.1538f,0.4872f,0f,0f,0f,1f],start_interpolation: 0,interpolation_duration: 1}
$data merge entity $(bone_right2) {transformation: [-0.7374f,-0.6336f,0.234f,-0.1292f,0.0025f,-0.3491f,-0.9371f,1.5017f,0.6754f,-0.6904f,0.2591f,0.2501f,0f,0f,0f,1f],start_interpolation: 0,interpolation_duration: 1}
$data merge entity $(bone_right1) {transformation: [-0.7875f,-0.5865f,0.1894f,0.74f,-0.0816f,-0.2053f,-0.9753f,1.7453f,0.6108f,-0.7835f,0.1138f,0.8917f,0f,0f,0f,1f],start_interpolation: 0,interpolation_duration: 1}