# This file was generated by Animated Java via MC-Build. It is not recommended to edit this file directly.
$data merge entity $(bone_hair_side) {transformation: [-1f,0f,0f,-0.2969f,0f,0.999f,-0.0436f,1.9227f,0f,-0.0436f,-0.999f,0.2454f,0f,0f,0f,1f],start_interpolation: 0,interpolation_duration: 1}
$data merge entity $(bone_hair_side1) {transformation: [-1f,0f,0f,0.2969f,0f,0.999f,-0.0436f,1.9227f,0f,-0.0436f,-0.999f,0.2454f,0f,0f,0f,1f],start_interpolation: 0,interpolation_duration: 1}
$data merge entity $(bone_beard) {transformation: [-1f,0f,0f,0f,0f,0.999f,-0.0436f,1.6047f,0f,-0.0436f,-0.999f,0.2666f,0f,0f,0f,1f],start_interpolation: 0,interpolation_duration: 1}
$data merge entity $(bone_head) {transformation: [-1f,0f,0f,0f,0f,0.9914f,0.1305f,1.7344f,0f,0.1305f,-0.9914f,0f,0f,0f,0f,1f],start_interpolation: 0,interpolation_duration: 1}
$data merge entity $(bone_body) {transformation: [-1.1249f,0f,-0.0142f,0f,0f,1.125f,0f,1.0625f,0.0142f,0f,-1.1249f,0f,0f,0f,0f,1f],start_interpolation: 0,interpolation_duration: 1}
$data merge entity $(bone_left4) {transformation: [0.0976f,0.687f,0.7201f,0.2734f,-0.9461f,0.2885f,-0.147f,1.2373f,-0.3087f,-0.667f,0.6781f,0.1885f,0f,0f,0f,1f],start_interpolation: 0,interpolation_duration: 1}
$data merge entity $(bone_left3) {transformation: [-0.0422f,0.1376f,0.9896f,0.1097f,-0.7217f,0.6808f,-0.1255f,0.2672f,-0.6909f,-0.7195f,0.0706f,0.7594f,0f,0f,0f,1f],start_interpolation: 0,interpolation_duration: 1}
$data merge entity $(bone_scythe) {transformation: [1.1249f,0.0359f,-1.2852f,-0.0408f,-0.0435f,1.7078f,0.0097f,1.2174f,1.2849f,0.0264f,1.1255f,0.4926f,0f,0f,0f,1f],start_interpolation: 0,interpolation_duration: 1}
$data merge entity $(bone_right2) {transformation: [-0.7523f,-0.657f,-0.0497f,-0.2446f,0.0057f,0.0691f,-0.9976f,1.24f,0.6588f,-0.7508f,-0.0482f,0.2359f,0f,0f,0f,1f],start_interpolation: 0,interpolation_duration: 1}
$data merge entity $(bone_right1) {transformation: [-0.9084f,-0.2172f,-0.3572f,0.27f,0.148f,0.6321f,-0.7606f,0.5221f,0.391f,-0.7438f,-0.5421f,0.9041f,0f,0f,0f,1f],start_interpolation: 0,interpolation_duration: 1}