# This file was generated by Animated Java via MC-Build. It is not recommended to edit this file directly.
$data merge entity $(bone_body) {transformation: [-1.125f,0f,-0.0096f,0f,0f,1.125f,0f,-1.375f,0.0096f,0f,-1.125f,0f,0f,0f,0f,1f],start_interpolation: 0,interpolation_duration: 1}
$data merge entity $(bone_left4) {transformation: [0.0976f,0.687f,0.7201f,0.2734f,-0.9461f,0.2885f,-0.147f,-1.2002f,-0.3087f,-0.667f,0.6781f,0.1896f,0f,0f,0f,1f],start_interpolation: 0,interpolation_duration: 1}
$data merge entity $(bone_left3) {transformation: [-0.0422f,0.1376f,0.9896f,0.1097f,-0.7217f,0.6808f,-0.1255f,-2.1703f,-0.6909f,-0.7195f,0.0706f,0.7606f,0f,0f,0f,1f],start_interpolation: 0,interpolation_duration: 1}
$data merge entity $(bone_aura) {transformation: [1.5639f,0.05f,-1.7867f,0.8445f,-0.0605f,2.3742f,0.0134f,-0.2539f,1.7863f,0.0367f,1.5647f,1.4941f,0f,0f,0f,1f],start_interpolation: 0,interpolation_duration: 1}
$data merge entity $(bone_scythe) {transformation: [1.1249f,0.0359f,-1.2852f,-0.0408f,-0.0435f,1.7078f,0.0097f,-1.2201f,1.2849f,0.0264f,1.1255f,0.4914f,0f,0f,0f,1f],start_interpolation: 0,interpolation_duration: 1}
$data merge entity $(bone_right2) {transformation: [-0.7523f,-0.657f,-0.0497f,-0.2446f,0.0057f,0.0691f,-0.9976f,-1.1975f,0.6588f,-0.7508f,-0.0482f,0.2348f,0f,0f,0f,1f],start_interpolation: 0,interpolation_duration: 1}
$data merge entity $(bone_right1) {transformation: [-0.9084f,-0.2172f,-0.3572f,0.27f,0.148f,0.6321f,-0.7606f,-1.9154f,0.391f,-0.7438f,-0.5421f,0.9029f,0f,0f,0f,1f],start_interpolation: 0,interpolation_duration: 1}
data modify entity @s data merge value {"cameras":{},"locators":{"scythe_blade":{"posx":0.42560755930093236,"posy":-0.09698887783432442,"posz":1.0143925298276932,"roty":228.78968853997372,"rotx":0.32412708415653413},"scythe_pole":{"posx":-0.04684126974022351,"posy":-1.0166497318883159,"posz":0.4828113813110034,"roty":228.78968853997372,"rotx":0.32412708415653413}}}