# This file was generated by Animated Java via MC-Build. It is not recommended to edit this file directly.
$data merge entity $(bone_hair_side) {transformation: [-1f,0f,0f,-0.2969f,0f,0.9996f,-0.0291f,1.9191f,0f,-0.0291f,-0.9996f,0.2481f,0f,0f,0f,1f],start_interpolation: 0,interpolation_duration: 1}
$data merge entity $(bone_hair_side1) {transformation: [-1f,0f,0f,0.2969f,0f,0.9996f,-0.0291f,1.9191f,0f,-0.0291f,-0.9996f,0.2481f,0f,0f,0f,1f],start_interpolation: 0,interpolation_duration: 1}
$data merge entity $(bone_beard) {transformation: [-1f,0f,0f,0f,0f,0.9996f,-0.0291f,1.6009f,0f,-0.0291f,-0.9996f,0.2647f,0f,0f,0f,1f],start_interpolation: 0,interpolation_duration: 1}
$data merge entity $(bone_head) {transformation: [-1f,0f,0f,0f,0f,0.9894f,0.1449f,1.7344f,0f,0.1449f,-0.9894f,0f,0f,0f,0f,1f],start_interpolation: 0,interpolation_duration: 1}
$data merge entity $(bone_body) {transformation: [-1.125f,0f,-0.0057f,0f,0f,1.125f,0f,1.0625f,0.0057f,0f,-1.125f,0f,0f,0f,0f,1f],start_interpolation: 0,interpolation_duration: 1}
$data merge entity $(bone_left4) {transformation: [-0.2235f,0.1261f,0.9665f,0.3587f,-0.9294f,0.2713f,-0.2503f,1.261f,-0.2938f,-0.9542f,0.0566f,0.2111f,0f,0f,0f,1f],start_interpolation: 0,interpolation_duration: 1}
$data merge entity $(bone_left3) {transformation: [-0.4109f,-0.1851f,0.8927f,0.4327f,-0.7708f,0.5935f,-0.2318f,0.3711f,-0.4869f,-0.7833f,-0.3865f,0.9157f,0f,0f,0f,1f],start_interpolation: 0,interpolation_duration: 1}
$data merge entity $(bone_scythe) {transformation: [-0.4073f,0.105f,-2.3375f,-0.4271f,-1.0649f,2.1043f,0.2801f,1.0256f,2.0835f,1.0961f,-0.3138f,0.4572f,0f,0f,0f,1f],start_interpolation: 0,interpolation_duration: 1}
$data merge entity $(bone_right2) {transformation: [-0.9842f,0.1733f,-0.0367f,-0.3549f,0.1179f,0.4866f,-0.8656f,1.1834f,-0.1321f,-0.8563f,-0.4993f,0.1783f,0f,0f,0f,1f],start_interpolation: 0,interpolation_duration: 1}
$data merge entity $(bone_right1) {transformation: [-0.9042f,0.1357f,-0.4049f,-0.2165f,0.3351f,0.8131f,-0.476f,0.2148f,0.2646f,-0.5661f,-0.7807f,0.6971f,0f,0f,0f,1f],start_interpolation: 0,interpolation_duration: 1}
data modify entity @s data merge value {"cameras":{},"locators":{"scythe_blade":{"posx":-0.4919197970502147,"posy":1.7349725982431807,"posz":1.5730096586505473,"roty":277.64576918343073,"rotx":6.772620771634908},"scythe_pole":{"posx":-0.4154731414062885,"posy":1.2125681301941684,"posz":0.537243285087818,"roty":277.64576918343073,"rotx":6.772620771634908}}}