# This file was generated by Animated Java via MC-Build. It is not recommended to edit this file directly.
$data merge entity $(bone_hair_side) {transformation: [-1f,0f,0f,-0.2969f,0f,0.9998f,-0.0218f,1.9173f,0f,-0.0218f,-0.9998f,0.2495f,0f,0f,0f,1f],start_interpolation: 0,interpolation_duration: 1}
$data merge entity $(bone_hair_side1) {transformation: [-1f,0f,0f,0.2969f,0f,0.9998f,-0.0218f,1.9173f,0f,-0.0218f,-0.9998f,0.2495f,0f,0f,0f,1f],start_interpolation: 0,interpolation_duration: 1}
$data merge entity $(bone_beard) {transformation: [-1f,0f,0f,0f,0f,0.9998f,-0.0218f,1.5989f,0f,-0.0218f,-0.9998f,0.2637f,0f,0f,0f,1f],start_interpolation: 0,interpolation_duration: 1}
$data merge entity $(bone_head) {transformation: [-1f,0f,0f,0f,0f,0.9884f,0.1521f,1.7344f,0f,0.1521f,-0.9884f,0f,0f,0f,0f,1f],start_interpolation: 0,interpolation_duration: 1}
$data merge entity $(bone_body) {transformation: [-1.125f,0f,-0.0039f,0f,0f,1.125f,0f,1.0625f,0.0039f,0f,-1.125f,0f,0f,0f,0f,1f],start_interpolation: 0,interpolation_duration: 1}
$data merge entity $(bone_left4) {transformation: [-0.4441f,-0.1811f,0.8775f,0.3974f,-0.8522f,0.3878f,-0.3513f,1.2474f,-0.2767f,-0.9038f,-0.3266f,0.1864f,0f,0f,0f,1f],start_interpolation: 0,interpolation_duration: 1}
$data merge entity $(bone_left3) {transformation: [-0.6018f,-0.3325f,0.7261f,0.573f,-0.7066f,0.6455f,-0.29f,0.3206f,-0.3722f,-0.6876f,-0.6234f,0.8221f,0f,0f,0f,1f],start_interpolation: 0,interpolation_duration: 1}
$data merge entity $(bone_aura) {transformation: [-1.3318f,-0.1768f,-1.9585f,-1.4147f,-1.0614f,2.0559f,0.5362f,1.2983f,1.6554f,1.1759f,-1.2318f,1.763f,0f,0f,0f,1f],start_interpolation: 0,interpolation_duration: 1}
$data merge entity $(bone_scythe) {transformation: [-0.9579f,-0.1272f,-1.4088f,-0.6043f,-0.7635f,1.4788f,0.3857f,1.0192f,1.1908f,0.8458f,-0.886f,0.3531f,0f,0f,0f,1f],start_interpolation: 0,interpolation_duration: 1}
$data merge entity $(bone_right2) {transformation: [-0.8246f,0.557f,0.0988f,-0.4086f,0.2258f,0.4842f,-0.8453f,1.1746f,-0.5187f,-0.6748f,-0.5251f,0.1398f,0f,0f,0f,1f],start_interpolation: 0,interpolation_duration: 1}
$data merge entity $(bone_right1) {transformation: [-0.8816f,0.3076f,-0.3579f,-0.46f,0.4277f,0.8414f,-0.3303f,0.1469f,0.1995f,-0.4442f,-0.8734f,0.5494f,0f,0f,0f,1f],start_interpolation: 0,interpolation_duration: 1}
data modify entity @s data merge value {"cameras":{},"locators":{"scythe_blade":{"posx":-1.065928137354374,"posy":1.7062852654818845,"posz":1.3861449233757446,"roty":302.1682056133334,"rotx":13.047344139213116},"scythe_pole":{"posx":-0.6106341458336163,"posy":1.2020034256450556,"posz":0.44276286540777693,"roty":302.1682056133334,"rotx":13.047344139213116}}}