# This file was generated by Animated Java via MC-Build. It is not recommended to edit this file directly.
$data merge entity $(bone_hair_side) {transformation: [-1f,0f,0f,-0.2969f,0f,1f,-0.0073f,-0.5238f,0f,-0.0073f,-1f,0.2521f,0f,0f,0f,1f],start_interpolation: 0,interpolation_duration: 1}
$data merge entity $(bone_hair_side1) {transformation: [-1f,0f,0f,0.2969f,0f,1f,-0.0073f,-0.5238f,0f,-0.0073f,-1f,0.2521f,0f,0f,0f,1f],start_interpolation: 0,interpolation_duration: 1}
$data merge entity $(bone_beard) {transformation: [-1f,0f,0f,0f,0f,1f,-0.0073f,-0.8424f,0f,-0.0073f,-1f,0.2617f,0f,0f,0f,1f],start_interpolation: 0,interpolation_duration: 1}
$data merge entity $(bone_head) {transformation: [-1f,0f,0f,0f,0f,0.986f,0.1665f,-0.7031f,0f,0.1665f,-0.986f,0f,0f,0f,0f,1f],start_interpolation: 0,interpolation_duration: 1}
$data merge entity $(bone_body) {transformation: [-1.125f,0f,-0.0009f,0f,0f,1.125f,0f,-1.375f,0.0009f,0f,-1.125f,0f,0f,0f,0f,1f],start_interpolation: 0,interpolation_duration: 1}
$data merge entity $(bone_left4) {transformation: [-0.8633f,-0.4059f,0.3001f,0.4046f,-0.4855f,0.8301f,-0.2741f,-1.2538f,-0.1379f,-0.3823f,-0.9137f,0.0742f,0f,0f,0f,1f],start_interpolation: 0,interpolation_duration: 1}
$data merge entity $(bone_left3) {transformation: [-0.9f,-0.3726f,0.226f,0.5309f,-0.417f,0.8871f,-0.1978f,-2.3544f,-0.1268f,-0.2723f,-0.9538f,0.3325f,0f,0f,0f,1f],start_interpolation: 0,interpolation_duration: 1}
$data merge entity $(bone_aura) {transformation: [-2.289f,-0.3171f,-0.5483f,-2.2116f,-0.4191f,2.2998f,0.4194f,-0.5808f,0.475f,0.501f,-2.2724f,0.57f,0f,0f,0f,1f],start_interpolation: 0,interpolation_duration: 1}
$data merge entity $(bone_scythe) {transformation: [-1.6464f,-0.2281f,-0.3944f,-0.8131f,-0.3015f,1.6542f,0.3017f,-1.3176f,0.3416f,0.3604f,-1.6346f,0.0965f,0f,0f,0f,1f],start_interpolation: 0,interpolation_duration: 1}
$data merge entity $(bone_right2) {transformation: [-0.2309f,0.957f,0.1754f,-0.4955f,0.1766f,0.2185f,-0.9597f,-1.2486f,-0.9568f,-0.1906f,-0.2195f,0.0489f,0f,0f,0f,1f],start_interpolation: 0,interpolation_duration: 1}
$data merge entity $(bone_right1) {transformation: [-0.7973f,0.5855f,-0.1467f,-0.8684f,0.5999f,0.7955f,-0.0851f,-2.2813f,0.0669f,-0.1558f,-0.9855f,0.1936f,0f,0f,0f,1f],start_interpolation: 0,interpolation_duration: 1}
data modify entity @s data merge value {"cameras":{},"locators":{"scythe_blade":{"posx":-1.6129555754598317,"posy":-0.3316183601401239,"posz":0.47150150704145366,"roty":346.43370707058824,"rotx":10.171846759955654},"scythe_pole":{"posx":-0.8251723772653836,"posy":-1.1181060412972903,"posz":0.1362445011033977,"roty":346.43370707058824,"rotx":10.171846759955654}}}