# This file was generated by Animated Java via MC-Build. It is not recommended to edit this file directly.
$data merge entity $(bone_hair_side) {transformation: [-1f,0f,0f,-0.2969f,0f,1f,-0.0073f,1.9137f,0f,-0.0073f,-1f,0.2521f,0f,0f,0f,1f],start_interpolation: 0,interpolation_duration: 1}
$data merge entity $(bone_hair_side1) {transformation: [-1f,0f,0f,0.2969f,0f,1f,-0.0073f,1.9137f,0f,-0.0073f,-1f,0.2521f,0f,0f,0f,1f],start_interpolation: 0,interpolation_duration: 1}
$data merge entity $(bone_beard) {transformation: [-1f,0f,0f,0f,0f,1f,-0.0073f,1.5951f,0f,-0.0073f,-1f,0.2617f,0f,0f,0f,1f],start_interpolation: 0,interpolation_duration: 1}
$data merge entity $(bone_head) {transformation: [-1f,0f,0f,0f,0f,0.986f,0.1665f,1.7344f,0f,0.1665f,-0.986f,0f,0f,0f,0f,1f],start_interpolation: 0,interpolation_duration: 1}
$data merge entity $(bone_body) {transformation: [-1.125f,0f,-0.0009f,0f,0f,1.125f,0f,1.0625f,0.0009f,0f,-1.125f,0f,0f,0f,0f,1f],start_interpolation: 0,interpolation_duration: 1}
$data merge entity $(bone_left4) {transformation: [-0.8633f,-0.4059f,0.3001f,0.4046f,-0.4855f,0.8301f,-0.2741f,1.1837f,-0.1379f,-0.3823f,-0.9137f,0.0742f,0f,0f,0f,1f],start_interpolation: 0,interpolation_duration: 1}
$data merge entity $(bone_left3) {transformation: [-0.9f,-0.3726f,0.226f,0.5309f,-0.417f,0.8871f,-0.1978f,0.0831f,-0.1268f,-0.2723f,-0.9538f,0.3325f,0f,0f,0f,1f],start_interpolation: 0,interpolation_duration: 1}
$data merge entity $(bone_scythe) {transformation: [-1.6464f,-0.2281f,-0.3944f,-0.8131f,-0.3015f,1.6542f,0.3017f,1.1199f,0.3416f,0.3604f,-1.6346f,0.0965f,0f,0f,0f,1f],start_interpolation: 0,interpolation_duration: 1}
$data merge entity $(bone_right2) {transformation: [-0.2309f,0.957f,0.1754f,-0.4955f,0.1766f,0.2185f,-0.9597f,1.1889f,-0.9568f,-0.1906f,-0.2195f,0.0489f,0f,0f,0f,1f],start_interpolation: 0,interpolation_duration: 1}
$data merge entity $(bone_right1) {transformation: [-0.7973f,0.5855f,-0.1467f,-0.8684f,0.5999f,0.7955f,-0.0851f,0.1562f,0.0669f,-0.1558f,-0.9855f,0.1936f,0f,0f,0f,1f],start_interpolation: 0,interpolation_duration: 1}
data modify entity @s data merge value {"cameras":{},"locators":{"hitbox":{"posx":-1.010596439031098,"posy":2.216176954465886,"posz":0.3465078498552141,"roty":346.43370707058824,"rotx":10.171846759955654},"hitbox2":{"posx":-1.7334274027455785,"posy":2.0838225769386742,"posz":0.4965002384787016,"roty":346.43370707058824,"rotx":10.171846759955654}}}