# This file was generated by Animated Java via MC-Build. It is not recommended to edit this file directly.
$data merge entity $(bone_hair_side) {transformation: [-1f,0f,0f,-0.2969f,0f,0.9941f,-0.1089f,1.9383f,0f,-0.1089f,-0.9941f,0.2326f,0f,0f,0f,1f],start_interpolation: 0,interpolation_duration: 1}
$data merge entity $(bone_hair_side1) {transformation: [-1f,0f,0f,0.2969f,0f,0.9941f,-0.1089f,1.9383f,0f,-0.1089f,-0.9941f,0.2326f,0f,0f,0f,1f],start_interpolation: 0,interpolation_duration: 1}
$data merge entity $(bone_beard) {transformation: [-1f,0f,0f,0f,0f,0.9941f,-0.1089f,1.6224f,0f,-0.1089f,-0.9941f,0.2745f,0f,0f,0f,1f],start_interpolation: 0,interpolation_duration: 1}
$data merge entity $(bone_head) {transformation: [-1f,0f,0f,0f,0f,0.9979f,0.0654f,1.7344f,0f,0.0654f,-0.9979f,0f,0f,0f,0f,1f],start_interpolation: 0,interpolation_duration: 1}
$data merge entity $(bone_body) {transformation: [-1.0834f,0f,-0.303f,0f,0f,1.125f,0f,1.0625f,0.303f,0f,-1.0834f,0f,0f,0f,0f,1f],start_interpolation: 0,interpolation_duration: 1}
$data merge entity $(bone_left4) {transformation: [-0.7737f,-0.6334f,0.0143f,0.4623f,-0.5971f,0.7213f,-0.3511f,1.205f,0.2121f,-0.2801f,-0.9362f,-0.1223f,0f,0f,0f,1f],start_interpolation: 0,interpolation_duration: 1}
$data merge entity $(bone_left3) {transformation: [-0.7737f,-0.573f,-0.2705f,0.8472f,-0.5971f,0.8022f,0.0085f,0.1411f,0.2121f,0.1681f,-0.9627f,-0.2399f,0f,0f,0f,1f],start_interpolation: 0,interpolation_duration: 1}
$data merge entity $(bone_scythe) {transformation: [-0.7705f,1.0501f,-1.986f,-0.4336f,0.2529f,2.1268f,1.0264f,1.4568f,2.2323f,0.1216f,-0.8018f,0.691f,0f,0f,0f,1f],start_interpolation: 0,interpolation_duration: 1}
$data merge entity $(bone_right2) {transformation: [-0.8353f,0.148f,-0.5295f,-0.372f,0.4313f,-0.4208f,-0.7981f,1.312f,-0.3409f,-0.895f,0.2876f,0.4027f,0f,0f,0f,1f],start_interpolation: 0,interpolation_duration: 1}
$data merge entity $(bone_right1) {transformation: [-0.7549f,0.336f,-0.5633f,-0.4931f,0.6558f,0.4015f,-0.6393f,0.6805f,0.0114f,-0.852f,-0.5234f,1.3044f,0f,0f,0f,1f],start_interpolation: 0,interpolation_duration: 1}
data modify entity @s data merge value {"cameras":{},"locators":{"scythe_blade":{"posx":-0.1472820874275632,"posy":2.549783070480278,"posz":1.3809012983256173,"roty":291.9850257162177,"rotx":25.60577860643852},"scythe_pole":{"posx":-0.3387453667924192,"posy":1.6370727178061024,"posz":0.6867369627564113,"roty":291.9850257162177,"rotx":25.60577860643852}}}