# This file was generated by Animated Java via MC-Build. It is not recommended to edit this file directly.
$data merge entity $(bone_hair_side) {transformation: [-1f,0f,0f,-0.2969f,0f,0.9914f,-0.1305f,1.9434f,0f,-0.1305f,-0.9914f,0.2281f,0f,0f,0f,1f],start_interpolation: 0,interpolation_duration: 1}
$data merge entity $(bone_hair_side1) {transformation: [-1f,0f,0f,0.2969f,0f,0.9914f,-0.1305f,1.9434f,0f,-0.1305f,-0.9914f,0.2281f,0f,0f,0f,1f],start_interpolation: 0,interpolation_duration: 1}
$data merge entity $(bone_beard) {transformation: [-1f,0f,0f,0f,0f,0.9914f,-0.1305f,1.6284f,0f,-0.1305f,-0.9914f,0.2769f,0f,0f,0f,1f],start_interpolation: 0,interpolation_duration: 1}
$data merge entity $(bone_head) {transformation: [-1f,0f,0f,0f,0f,0.999f,0.0436f,1.7344f,0f,0.0436f,-0.999f,0f,0f,0f,0f,1f],start_interpolation: 0,interpolation_duration: 1}
$data merge entity $(bone_body) {transformation: [-1.0653f,0f,-0.3616f,0f,0f,1.125f,0f,1.0625f,0.3616f,0f,-1.0653f,0f,0f,0f,0f,1f],start_interpolation: 0,interpolation_duration: 1}
$data merge entity $(bone_left4) {transformation: [-0.711f,-0.7009f,0.0566f,0.4778f,-0.6559f,0.632f,-0.4129f,1.2175f,0.2536f,-0.3307f,-0.909f,-0.1461f,0f,0f,0f,1f],start_interpolation: 0,interpolation_duration: 1}
$data merge entity $(bone_left3) {transformation: [-0.711f,-0.6251f,-0.3221f,0.9393f,-0.6559f,0.7547f,-0.0169f,0.1871f,0.2536f,0.1992f,-0.9466f,-0.2847f,0f,0f,0f,1f],start_interpolation: 0,interpolation_duration: 1}
$data merge entity $(bone_scythe) {transformation: [0.0158f,1.0131f,-1.3754f,-0.2528f,0.2941f,1.3533f,1.0002f,1.5281f,1.6827f,-0.2461f,-0.1619f,0.7257f,0f,0f,0f,1f],start_interpolation: 0,interpolation_duration: 1}
$data merge entity $(bone_right2) {transformation: [-0.8057f,-0.2614f,-0.5315f,-0.326f,0.584f,-0.5f,-0.6394f,1.3549f,-0.0986f,-0.8256f,0.5556f,0.4563f,0f,0f,0f,1f],start_interpolation: 0,interpolation_duration: 1}
$data merge entity $(bone_right1) {transformation: [-0.7542f,0.2165f,-0.62f,-0.3203f,0.6566f,0.2643f,-0.7064f,0.8689f,0.0109f,-0.9398f,-0.3415f,1.4515f,0f,0f,0f,1f],start_interpolation: 0,interpolation_duration: 1}