# This file was generated by Animated Java via MC-Build. It is not recommended to edit this file directly.
$data merge entity $(bone_hair_side) {transformation: [-1f,0f,0f,-0.2969f,0f,0.9884f,-0.1521f,1.9483f,0f,-0.1521f,-0.9884f,0.2235f,0f,0f,0f,1f],start_interpolation: 0,interpolation_duration: 1}
$data merge entity $(bone_hair_side1) {transformation: [-1f,0f,0f,0.2969f,0f,0.9884f,-0.1521f,1.9483f,0f,-0.1521f,-0.9884f,0.2235f,0f,0f,0f,1f],start_interpolation: 0,interpolation_duration: 1}
$data merge entity $(bone_beard) {transformation: [-1f,0f,0f,0f,0f,0.9884f,-0.1521f,1.6345f,0f,-0.1521f,-0.9884f,0.2791f,0f,0f,0f,1f],start_interpolation: 0,interpolation_duration: 1}
$data merge entity $(bone_head) {transformation: [-1f,0f,0f,0f,0f,0.9998f,0.0218f,1.7344f,0f,0.0218f,-0.9998f,0f,0f,0f,0f,1f],start_interpolation: 0,interpolation_duration: 1}
$data merge entity $(bone_body) {transformation: [-1.0653f,0f,-0.3616f,0f,0f,1.125f,0f,1.0625f,0.3616f,0f,-1.0653f,0f,0f,0f,0f,1f],start_interpolation: 0,interpolation_duration: 1}
$data merge entity $(bone_left4) {transformation: [-0.5589f,-0.7666f,0.3162f,0.5228f,-0.7857f,0.3676f,-0.4974f,1.257f,0.2651f,-0.5265f,-0.8078f,-0.1343f,0f,0f,0f,1f],start_interpolation: 0,interpolation_duration: 1}
$data merge entity $(bone_left3) {transformation: [-0.5589f,-0.7788f,-0.2848f,1.2f,-0.7857f,0.6071f,-0.1184f,0.3474f,0.2651f,0.1576f,-0.9513f,-0.2238f,0f,0f,0f,1f],start_interpolation: 0,interpolation_duration: 1}
$data merge entity $(bone_scythe) {transformation: [0.52f,2.1397f,-0.8898f,-0.1336f,-0.2848f,0.9641f,2.1518f,1.4367f,2.2998f,-0.3644f,0.4677f,0.6867f,0f,0f,0f,1f],start_interpolation: 0,interpolation_duration: 1}
$data merge entity $(bone_right2) {transformation: [-0.3775f,-0.6712f,-0.6379f,-0.3479f,0.9058f,-0.1245f,-0.405f,1.3817f,0.1924f,-0.7307f,0.655f,0.4439f,0f,0f,0f,1f],start_interpolation: 0,interpolation_duration: 1}
$data merge entity $(bone_right1) {transformation: [-0.6599f,0.269f,-0.7016f,-0.4275f,0.75f,0.1787f,-0.6369f,0.9574f,-0.0459f,-0.9464f,-0.3197f,1.4638f,0f,0f,0f,1f],start_interpolation: 0,interpolation_duration: 1}
execute on vehicle unless entity @s[tag=aj.transforms_only] positioned ^1.0411377274 ^1.8191020082 ^1.1622560397 rotated ~242.2759361206 ~64.95954841 run function animated_java:lich/animations/delayed_bomb/zzz/frames/9_locator_commands
execute on vehicle unless entity @s[tag=aj.transforms_only] positioned ^0.0459806805 ^1.5209895079 ^0.6403806818 rotated ~242.2759361206 ~64.95954841 run function animated_java:lich/animations/delayed_bomb/zzz/frames/9_locator_commands
data modify entity @s data merge value {"cameras":{},"locators":{"scythe_blade":{"posx":1.0411377274002152,"posy":1.8191020082369405,"posz":1.1622560396552801,"roty":242.27593612055543,"rotx":64.95954841000915},"scythe_pole":{"posx":0.04598068048014836,"posy":1.5209895078640454,"posz":0.6403806818477357,"roty":242.27593612055543,"rotx":64.95954841000915}}}
execute on vehicle unless entity @s[tag=aj.transforms_only] if entity @s[tag=phase2] run function animated_java:lich/variants/scythe_aura/apply
execute on vehicle unless entity @s[tag=aj.transforms_only] at @s run function animated_java:lich/animations/delayed_bomb/zzz/frames/9_root_commands