# This file was generated by Animated Java via MC-Build. It is not recommended to edit this file directly.
$data merge entity $(bone_hair_side) {transformation: [-1f,0f,0f,-0.2969f,0f,0.9884f,-0.1521f,1.9483f,0f,-0.1521f,-0.9884f,0.2235f,0f,0f,0f,1f],start_interpolation: 0,interpolation_duration: 1}
$data merge entity $(bone_hair_side1) {transformation: [-1f,0f,0f,0.2969f,0f,0.9884f,-0.1521f,1.9483f,0f,-0.1521f,-0.9884f,0.2235f,0f,0f,0f,1f],start_interpolation: 0,interpolation_duration: 1}
$data merge entity $(bone_beard) {transformation: [-1f,0f,0f,0f,0f,0.9884f,-0.1521f,1.6345f,0f,-0.1521f,-0.9884f,0.2791f,0f,0f,0f,1f],start_interpolation: 0,interpolation_duration: 1}
$data merge entity $(bone_head) {transformation: [-1f,0f,0f,0f,0f,0.9998f,0.0218f,1.7344f,0f,0.0218f,-0.9998f,0f,0f,0f,0f,1f],start_interpolation: 0,interpolation_duration: 1}
$data merge entity $(bone_body) {transformation: [-1.0653f,0f,-0.3616f,0f,0f,1.125f,0f,1.0625f,0.3616f,0f,-1.0653f,0f,0f,0f,0f,1f],start_interpolation: 0,interpolation_duration: 1}
$data merge entity $(bone_left4) {transformation: [-0.5589f,-0.7666f,0.3162f,0.5228f,-0.7857f,0.3676f,-0.4974f,1.257f,0.2651f,-0.5265f,-0.8078f,-0.1343f,0f,0f,0f,1f],start_interpolation: 0,interpolation_duration: 1}
$data merge entity $(bone_left3) {transformation: [-0.5589f,-0.7788f,-0.2848f,1.2f,-0.7857f,0.6071f,-0.1184f,0.3474f,0.2651f,0.1576f,-0.9513f,-0.2238f,0f,0f,0f,1f],start_interpolation: 0,interpolation_duration: 1}
$data merge entity $(bone_scythe) {transformation: [0.374f,1.5391f,-0.6401f,-0.1336f,-0.2048f,0.6934f,1.5478f,1.4367f,1.6542f,-0.2621f,0.3364f,0.6867f,0f,0f,0f,1f],start_interpolation: 0,interpolation_duration: 1}
$data merge entity $(bone_right2) {transformation: [-0.3775f,-0.6712f,-0.6379f,-0.3479f,0.9058f,-0.1245f,-0.405f,1.3817f,0.1924f,-0.7307f,0.655f,0.4439f,0f,0f,0f,1f],start_interpolation: 0,interpolation_duration: 1}
$data merge entity $(bone_right1) {transformation: [-0.6599f,0.269f,-0.7016f,-0.4275f,0.75f,0.1787f,-0.6369f,0.9574f,-0.0459f,-0.9464f,-0.3197f,1.4638f,0f,0f,0f,1f],start_interpolation: 0,interpolation_duration: 1}