# This file was generated by Animated Java via MC-Build. It is not recommended to edit this file directly.
$data merge entity $(bone_hair_side) {transformation: [-1f,0f,0f,-0.2969f,0f,0.9997f,-0.0235f,1.9177f,0f,-0.0235f,-0.9997f,0.2492f,0f,0f,0f,1f],start_interpolation: 0,interpolation_duration: 1}
$data merge entity $(bone_hair_side1) {transformation: [-1f,0f,0f,0.2969f,0f,0.9997f,-0.0235f,1.9177f,0f,-0.0235f,-0.9997f,0.2492f,0f,0f,0f,1f],start_interpolation: 0,interpolation_duration: 1}
$data merge entity $(bone_beard) {transformation: [-1f,0f,0f,0f,0f,0.9997f,-0.0235f,1.5994f,0f,-0.0235f,-0.9997f,0.2639f,0f,0f,0f,1f],start_interpolation: 0,interpolation_duration: 1}
$data merge entity $(bone_head) {transformation: [-1f,0f,0f,0f,0f,0.9886f,0.1504f,1.7344f,0f,0.1504f,-0.9886f,0f,0f,0f,0f,1f],start_interpolation: 0,interpolation_duration: 1}
$data merge entity $(bone_body) {transformation: [-1.1243f,0f,-0.0389f,0f,0f,1.125f,0f,1.0625f,0.0389f,0f,-1.1243f,0f,0f,0f,0f,1f],start_interpolation: 0,interpolation_duration: 1}
$data merge entity $(bone_left4) {transformation: [-0.9756f,-0.2168f,-0.0345f,0.3592f,-0.2151f,0.9755f,-0.0463f,1.1614f,0.0437f,-0.0377f,-0.9983f,-0.0241f,0f,0f,0f,1f],start_interpolation: 0,interpolation_duration: 1}
$data merge entity $(bone_left3) {transformation: [-0.9756f,-0.2142f,-0.048f,0.2887f,-0.2151f,0.9765f,0.0146f,0.0262f,0.0437f,0.0245f,-0.9987f,-0.0373f,0f,0f,0f,1f],start_interpolation: 0,interpolation_duration: 1}
$data merge entity $(bone_scythe) {transformation: [-2.365f,0.0282f,-0.216f,-0.8703f,0.0489f,2.3636f,-0.2273f,1.2212f,0.2122f,-0.2308f,-2.3542f,0.0768f,0f,0f,0f,1f],start_interpolation: 0,interpolation_duration: 1}
$data merge entity $(bone_right2) {transformation: [-0.0909f,0.9954f,0.0316f,-0.5422f,-0.0957f,0.0228f,-0.9951f,1.2302f,-0.9912f,-0.0935f,0.0932f,0.0616f,0f,0f,0f,1f],start_interpolation: 0,interpolation_duration: 1}
$data merge entity $(bone_right1) {transformation: [-0.6718f,0.7351f,-0.0905f,-1.1134f,0.7404f,0.6633f,-0.1086f,0.2941f,-0.0198f,-0.14f,-0.99f,0.2165f,0f,0f,0f,1f],start_interpolation: 0,interpolation_duration: 1}
data modify entity @s data merge value {"cameras":{},"locators":{"scythe_blade":{"posx":-1.5257622235978998,"posy":2.3702160701845543,"posz":0.025983961083336088,"roty":354.75865063882713,"rotx":-5.492720166492073},"scythe_pole":{"posx":-0.8522835131906261,"posy":1.4230582173244601,"posz":0.05566439897786918,"roty":354.75865063882713,"rotx":-5.492720166492073}}}