# This file was generated by Animated Java via MC-Build. It is not recommended to edit this file directly.
$data merge entity $(bone_hair_side) {transformation: [-1f,0f,0f,-0.2969f,0f,0.9999f,0.0168f,1.9075f,0f,0.0168f,-0.9999f,0.2563f,0f,0f,0f,1f],start_interpolation: 0,interpolation_duration: 1}
$data merge entity $(bone_hair_side1) {transformation: [-1f,0f,0f,0.2969f,0f,0.9999f,0.0168f,1.9075f,0f,0.0168f,-0.9999f,0.2563f,0f,0f,0f,1f],start_interpolation: 0,interpolation_duration: 1}
$data merge entity $(bone_beard) {transformation: [-1f,0f,0f,0f,0f,0.9999f,0.0168f,1.5889f,0f,0.0168f,-0.9999f,0.2583f,0f,0f,0f,1f],start_interpolation: 0,interpolation_duration: 1}
$data merge entity $(bone_head) {transformation: [-1f,0f,0f,0f,0f,0.9818f,0.1901f,1.7344f,0f,0.1901f,-0.9818f,0f,0f,0f,0f,1f],start_interpolation: 0,interpolation_duration: 1}
$data merge entity $(bone_body) {transformation: [-1.0536f,0f,-0.3944f,0f,0f,1.125f,0f,1.0625f,0.3944f,0f,-1.0536f,0f,0f,0f,0f,1f],start_interpolation: 0,interpolation_duration: 1}
$data merge entity $(bone_scythe) {transformation: [-0.3428f,0.4274f,-1.6181f,-0.4329f,-1.572f,0.4846f,0.461f,1.1899f,0.5743f,1.5814f,0.296f,0.7036f,0f,0f,0f,1f],start_interpolation: 0,interpolation_duration: 1}
$data merge entity $(bone_right2) {transformation: [-0.9776f,0.1646f,-0.1316f,-0.3636f,0.1875f,0.3945f,-0.8996f,1.3164f,-0.0961f,-0.904f,-0.4165f,0.4085f,0f,0f,0f,1f],start_interpolation: 0,interpolation_duration: 1}
$data merge entity $(bone_right1) {transformation: [0.0041f,0.1635f,-0.9865f,-0.5387f,0.9193f,0.3876f,0.0681f,0.6173f,0.3935f,-0.9072f,-0.1487f,1.2495f,0f,0f,0f,1f],start_interpolation: 0,interpolation_duration: 1}
data modify entity @s data merge value {"cameras":{},"locators":{"hitbox":{"posx":-0.15693831295236632,"posy":1.4702720029073895,"posz":1.7753010733869778,"roty":259.63327372184074,"rotx":15.656060126043187},"hitbox2":{"posx":-0.30743960949924465,"posy":0.7801431609063199,"posz":2.027435048043253,"roty":259.63327372184074,"rotx":15.656060126043187}}}