# This file was generated by Animated Java via MC-Build. It is not recommended to edit this file directly.
$data merge entity $(bone_hair_side) {transformation: [-1f,0f,0f,-0.2969f,0f,0.9997f,0.0241f,-0.5318f,0f,0.0241f,-0.9997f,0.2576f,0f,0f,0f,1f],start_interpolation: 0,interpolation_duration: 1}
$data merge entity $(bone_hair_side1) {transformation: [-1f,0f,0f,0.2969f,0f,0.9997f,0.0241f,-0.5318f,0f,0.0241f,-0.9997f,0.2576f,0f,0f,0f,1f],start_interpolation: 0,interpolation_duration: 1}
$data merge entity $(bone_beard) {transformation: [-1f,0f,0f,0f,0f,0.9997f,0.0241f,-0.8505f,0f,0.0241f,-0.9997f,0.2572f,0f,0f,0f,1f],start_interpolation: 0,interpolation_duration: 1}
$data merge entity $(bone_head) {transformation: [-1f,0f,0f,0f,0f,0.9803f,0.1973f,-0.7031f,0f,0.1973f,-0.9803f,0f,0f,0f,0f,1f],start_interpolation: 0,interpolation_duration: 1}
$data merge entity $(bone_body) {transformation: [-1.0463f,0f,-0.4134f,0f,0f,1.125f,0f,-1.375f,0.4134f,0f,-1.0463f,0f,0f,0f,0f,1f],start_interpolation: 0,interpolation_duration: 1}
$data merge entity $(bone_aura) {transformation: [-0.4675f,0.5864f,-2.2535f,-0.4427f,-2.225f,0.5652f,0.6087f,-2.2562f,0.6866f,2.231f,0.4381f,2.0152f,0f,0f,0f,1f],start_interpolation: 0,interpolation_duration: 1}
$data merge entity $(bone_scythe) {transformation: [-0.3363f,0.4218f,-1.6209f,-0.4312f,-1.6004f,0.4066f,0.4378f,-1.2645f,0.4939f,1.6047f,0.3151f,0.6964f,0f,0f,0f,1f],start_interpolation: 0,interpolation_duration: 1}
$data merge entity $(bone_right2) {transformation: [-0.9785f,0.1628f,-0.1262f,-0.3625f,0.1853f,0.4275f,-0.8848f,-1.1272f,-0.0901f,-0.8892f,-0.4485f,0.406f,0f,0f,0f,1f],start_interpolation: 0,interpolation_duration: 1}
$data merge entity $(bone_right1) {transformation: [0.0011f,0.1599f,-0.9871f,-0.5327f,0.911f,0.407f,0.0669f,-1.8443f,0.4124f,-0.8993f,-0.1452f,1.2327f,0f,0f,0f,1f],start_interpolation: 0,interpolation_duration: 1}
data modify entity @s data merge value {"cameras":{},"locators":{"scythe_blade":{"posx":-0.2818232429626259,"posy":-1.622538133666649,"posz":1.9621120239356888,"roty":258.9987962071705,"rotx":14.850196005930947},"scythe_pole":{"posx":-0.37795153385166325,"posy":-1.2015676223993486,"posz":0.8827114123302942,"roty":258.9987962071705,"rotx":14.850196005930947}}}