# This file was generated by Animated Java via MC-Build. It is not recommended to edit this file directly.
$data merge entity $(bone_hair_side) {transformation: [-1f,0f,0f,-0.2969f,0f,0.9997f,0.023f,1.9059f,0f,0.023f,-0.9997f,0.2574f,0f,0f,0f,1f],start_interpolation: 0,interpolation_duration: 1}
$data merge entity $(bone_hair_side1) {transformation: [-1f,0f,0f,0.2969f,0f,0.9997f,0.023f,1.9059f,0f,0.023f,-0.9997f,0.2574f,0f,0f,0f,1f],start_interpolation: 0,interpolation_duration: 1}
$data merge entity $(bone_beard) {transformation: [-1f,0f,0f,0f,0f,0.9997f,0.023f,1.5872f,0f,0.023f,-0.9997f,0.2574f,0f,0f,0f,1f],start_interpolation: 0,interpolation_duration: 1}
$data merge entity $(bone_head) {transformation: [-1f,0f,0f,0f,0f,0.9805f,0.1963f,1.7344f,0f,0.1963f,-0.9805f,0f,0f,0f,0f,1f],start_interpolation: 0,interpolation_duration: 1}
$data merge entity $(bone_body) {transformation: [-1.0406f,0f,-0.4276f,0f,0f,1.125f,0f,1.0625f,0.4276f,0f,-1.0406f,0f,0f,0f,0f,1f],start_interpolation: 0,interpolation_duration: 1}
$data merge entity $(bone_scythe) {transformation: [-0.3363f,0.4138f,-1.623f,-0.4303f,-1.5997f,0.4111f,0.4363f,1.1695f,0.4963f,1.6057f,0.3066f,0.6949f,0f,0f,0f,1f],start_interpolation: 0,interpolation_duration: 1}
$data merge entity $(bone_right2) {transformation: [-0.9789f,0.1622f,-0.1244f,-0.3618f,0.1844f,0.4378f,-0.88f,1.3103f,-0.0883f,-0.8843f,-0.4584f,0.4061f,0f,0f,0f,1f],start_interpolation: 0,interpolation_duration: 1}
$data merge entity $(bone_right1) {transformation: [0.0011f,0.1578f,-0.9875f,-0.5298f,0.911f,0.4071f,0.0661f,0.593f,0.4124f,-0.8996f,-0.1433f,1.2331f,0f,0f,0f,1f],start_interpolation: 0,interpolation_duration: 1}
data modify entity @s data merge value {"cameras":{},"locators":{"hitbox":{"posx":-0.16325599931164297,"posy":1.4001093978390375,"posz":1.7806191515440737,"roty":259.30309265005656,"rotx":14.798140365781533},"hitbox2":{"posx":-0.31091418975402896,"posy":0.6978064456408056,"posz":1.998489806128229,"roty":259.30309265005656,"rotx":14.798140365781533}}}