# This file was generated by Animated Java via MC-Build. It is not recommended to edit this file directly.
$data merge entity $(bone_hair_side) {transformation: [-1f,0f,0f,-0.2969f,0f,0.9997f,0.023f,-0.5316f,0f,0.023f,-0.9997f,0.2574f,0f,0f,0f,1f],start_interpolation: 0,interpolation_duration: 1}
$data merge entity $(bone_hair_side1) {transformation: [-1f,0f,0f,0.2969f,0f,0.9997f,0.023f,-0.5316f,0f,0.023f,-0.9997f,0.2574f,0f,0f,0f,1f],start_interpolation: 0,interpolation_duration: 1}
$data merge entity $(bone_beard) {transformation: [-1f,0f,0f,0f,0f,0.9997f,0.023f,-0.8503f,0f,0.023f,-0.9997f,0.2574f,0f,0f,0f,1f],start_interpolation: 0,interpolation_duration: 1}
$data merge entity $(bone_head) {transformation: [-1f,0f,0f,0f,0f,0.9805f,0.1963f,-0.7031f,0f,0.1963f,-0.9805f,0f,0f,0f,0f,1f],start_interpolation: 0,interpolation_duration: 1}
$data merge entity $(bone_body) {transformation: [-1.0406f,0f,-0.4276f,0f,0f,1.125f,0f,-1.375f,0.4276f,0f,-1.0406f,0f,0f,0f,0f,1f],start_interpolation: 0,interpolation_duration: 1}
$data merge entity $(bone_aura) {transformation: [-0.4676f,0.5753f,-2.2563f,-0.4465f,-2.224f,0.5715f,0.6066f,-2.2564f,0.6899f,2.2323f,0.4262f,2.0161f,0f,0f,0f,1f],start_interpolation: 0,interpolation_duration: 1}
$data merge entity $(bone_scythe) {transformation: [-0.3363f,0.4138f,-1.623f,-0.4303f,-1.5997f,0.4111f,0.4363f,-1.268f,0.4963f,1.6057f,0.3066f,0.6949f,0f,0f,0f,1f],start_interpolation: 0,interpolation_duration: 1}
$data merge entity $(bone_right2) {transformation: [-0.9789f,0.1622f,-0.1244f,-0.3618f,0.1844f,0.4378f,-0.88f,-1.1272f,-0.0883f,-0.8843f,-0.4584f,0.4061f,0f,0f,0f,1f],start_interpolation: 0,interpolation_duration: 1}
$data merge entity $(bone_right1) {transformation: [0.0011f,0.1578f,-0.9875f,-0.5298f,0.911f,0.4071f,0.0661f,-1.8445f,0.4124f,-0.8996f,-0.1433f,1.2331f,0f,0f,0f,1f],start_interpolation: 0,interpolation_duration: 1}
data modify entity @s data merge value {"cameras":{},"locators":{"scythe_blade":{"posx":-0.2863044913469646,"posy":-1.6226430623261558,"posz":1.9621780303642031,"roty":259.30309265005656,"rotx":14.798140365781533},"scythe_pole":{"posx":-0.3780518238490883,"posy":-1.204472279232775,"posz":0.881308878641473,"roty":259.30309265005656,"rotx":14.798140365781533}}}