# This file was generated by Animated Java via MC-Build. It is not recommended to edit this file directly.
$data merge entity $(bone_hair_side) {transformation: [-1f,0f,0f,-0.2969f,0f,1f,0f,1.9118f,0f,0f,-1f,0.2534f,0f,0f,0f,1f],start_interpolation: 0,interpolation_duration: 1}
$data merge entity $(bone_hair_side1) {transformation: [-1f,0f,0f,0.2969f,0f,1f,0f,1.9118f,0f,0f,-1f,0.2534f,0f,0f,0f,1f],start_interpolation: 0,interpolation_duration: 1}
$data merge entity $(bone_beard) {transformation: [-1f,0f,0f,0f,0f,1f,0f,1.5932f,0f,0f,-1f,0.2607f,0f,0f,0f,1f],start_interpolation: 0,interpolation_duration: 1}
$data merge entity $(bone_head) {transformation: [-1f,0f,0f,0f,0f,0.9848f,0.1736f,1.7344f,0f,0.1736f,-0.9848f,0f,0f,0f,0f,1f],start_interpolation: 0,interpolation_duration: 1}
$data merge entity $(bone_body) {transformation: [-1.0572f,0f,-0.3848f,0f,0f,1.125f,0f,1.0625f,0.3848f,0f,-1.0572f,0f,0f,0f,0f,1f],start_interpolation: 0,interpolation_duration: 1}
$data merge entity $(bone_scythe) {transformation: [-0.3542f,0.4243f,-1.6165f,-0.4343f,-1.5008f,0.6461f,0.4984f,1.2172f,0.7351f,1.5235f,0.2388f,0.7143f,0f,0f,0f,1f],start_interpolation: 0,interpolation_duration: 1}
$data merge entity $(bone_right2) {transformation: [-0.9762f,0.1663f,-0.139f,-0.3645f,0.19f,0.3486f,-0.9178f,1.3286f,-0.1042f,-0.9224f,-0.3719f,0.4132f,0f,0f,0f,1f],start_interpolation: 0,interpolation_duration: 1}
$data merge entity $(bone_right1) {transformation: [0.0104f,0.1663f,-0.986f,-0.5445f,0.9348f,0.3486f,0.0686f,0.6661f,0.3551f,-0.9224f,-0.1519f,1.2823f,0f,0f,0f,1f],start_interpolation: 0,interpolation_duration: 1}
data modify entity @s data merge value {"cameras":{},"locators":{"hitbox":{"posx":-0.1607319476371309,"posy":1.607365327256117,"posz":1.751641055380523,"roty":261.5955140811824,"rotx":16.963287386946305},"hitbox2":{"posx":-0.3162153112524365,"posy":0.948458080045746,"posz":2.0743888876157235,"roty":261.5955140811824,"rotx":16.963287386946305}}}
execute on vehicle unless entity @s[tag=aj.transforms_only] at @s run function animated_java:lich/animations/cast3/zzz/frames/17_root_commands