# This file was generated by Animated Java via MC-Build. It is not recommended to edit this file directly.
$data merge entity $(bone_hair_side) {transformation: [-1f,0f,0f,-0.2969f,0f,0.9936f,-0.1129f,1.9393f,0f,-0.1129f,-0.9936f,0.2318f,0f,0f,0f,1f],start_interpolation: 0,interpolation_duration: 1}
$data merge entity $(bone_hair_side1) {transformation: [-1f,0f,0f,0.2969f,0f,0.9936f,-0.1129f,1.9393f,0f,-0.1129f,-0.9936f,0.2318f,0f,0f,0f,1f],start_interpolation: 0,interpolation_duration: 1}
$data merge entity $(bone_beard) {transformation: [-1f,0f,0f,0f,0f,0.9936f,-0.1129f,1.6235f,0f,-0.1129f,-0.9936f,0.275f,0f,0f,0f,1f],start_interpolation: 0,interpolation_duration: 1}
$data merge entity $(bone_head) {transformation: [-1f,0f,0f,0f,0f,0.9981f,0.0614f,1.7344f,0f,0.0614f,-0.9981f,0f,0f,0f,0f,1f],start_interpolation: 0,interpolation_duration: 1}
$data merge entity $(bone_body) {transformation: [-1.1236f,0f,0.0563f,0f,0f,1.125f,0f,1.0625f,-0.0563f,0f,-1.1236f,0f,0f,0f,0f,1f],start_interpolation: 0,interpolation_duration: 1}
$data merge entity $(bone_left4) {transformation: [-0.9329f,-0.326f,0.1532f,0.4006f,-0.3509f,0.7269f,-0.5903f,1.1786f,0.0811f,-0.6044f,-0.7925f,0.0676f,0f,0f,0f,1f],start_interpolation: 0,interpolation_duration: 1}
$data merge entity $(bone_left3) {transformation: [-0.9329f,-0.3602f,0.001f,0.503f,-0.3509f,0.9083f,-0.2278f,0.0755f,0.0811f,-0.2128f,-0.9737f,0.3257f,0f,0f,0f,1f],start_interpolation: 0,interpolation_duration: 1}
$data merge entity $(bone_scythe) {transformation: [-0.4129f,0.6556f,-1.5225f,-0.4618f,-0.8492f,1.2639f,0.7745f,1.3697f,1.4236f,0.944f,0.0204f,0.6517f,0f,0f,0f,1f],start_interpolation: 0,interpolation_duration: 1}
$data merge entity $(bone_right2) {transformation: [-0.9463f,0.1703f,-0.2748f,-0.3912f,0.2713f,-0.0442f,-0.9615f,1.351f,-0.1759f,-0.9844f,-0.0043f,0.3315f,0f,0f,0f,1f],start_interpolation: 0,interpolation_duration: 1}
$data merge entity $(bone_right1) {transformation: [0.0776f,0.2517f,-0.9647f,-0.6829f,0.9493f,0.2769f,0.1486f,0.7601f,0.3045f,-0.9273f,-0.2175f,1.2216f,0f,0f,0f,1f],start_interpolation: 0,interpolation_duration: 1}
data modify entity @s data merge value {"cameras":{},"locators":{"hitbox":{"posx":-0.035422741236895816,"posy":2.190287603979271,"posz":1.321109326837889,"roty":269.23315236138217,"rotx":26.961018517966632},"hitbox2":{"posx":-0.21671290661891993,"posy":1.8174735021326018,"posz":1.9461241437822716,"roty":269.23315236138217,"rotx":26.961018517966632}}}