# This file was generated by Animated Java via MC-Build. It is not recommended to edit this file directly.
$data merge entity $(bone_hair_side) {transformation: [-1f,0f,0f,-0.2969f,0f,0.9983f,-0.0591f,1.9265f,0f,-0.0591f,-0.9983f,0.2425f,0f,0f,0f,1f],start_interpolation: 0,interpolation_duration: 1}
$data merge entity $(bone_hair_side1) {transformation: [-1f,0f,0f,0.2969f,0f,0.9983f,-0.0591f,1.9265f,0f,-0.0591f,-0.9983f,0.2425f,0f,0f,0f,1f],start_interpolation: 0,interpolation_duration: 1}
$data merge entity $(bone_beard) {transformation: [-1f,0f,0f,0f,0f,0.9983f,-0.0591f,1.6089f,0f,-0.0591f,-0.9983f,0.2686f,0f,0f,0f,1f],start_interpolation: 0,interpolation_duration: 1}
$data merge entity $(bone_head) {transformation: [-1f,0f,0f,0f,0f,0.9934f,0.1151f,1.7344f,0f,0.1151f,-0.9934f,0f,0f,0f,0f,1f],start_interpolation: 0,interpolation_duration: 1}
$data merge entity $(bone_body) {transformation: [-1.121f,0f,-0.0949f,0f,0f,1.125f,0f,1.0625f,0.0949f,0f,-1.121f,0f,0f,0f,0f,1f],start_interpolation: 0,interpolation_duration: 1}
$data merge entity $(bone_left4) {transformation: [-0.9731f,-0.2201f,-0.0689f,0.358f,-0.2134f,0.9726f,-0.0924f,1.1614f,0.0873f,-0.0752f,-0.9933f,-0.0482f,0f,0f,0f,1f],start_interpolation: 0,interpolation_duration: 1}
$data merge entity $(bone_left3) {transformation: [-0.9731f,-0.2098f,-0.0957f,0.2834f,-0.2134f,0.9765f,0.0293f,0.0266f,0.0873f,0.0489f,-0.995f,-0.0744f,0f,0f,0f,1f],start_interpolation: 0,interpolation_duration: 1}
$data merge entity $(bone_scythe) {transformation: [-2.2992f,0.0509f,-0.5931f,-0.8795f,0.1742f,2.3202f,-0.4764f,1.282f,0.5692f,-0.5047f,-2.2499f,0.2075f,0f,0f,0f,1f],start_interpolation: 0,interpolation_duration: 1}
$data merge entity $(bone_right2) {transformation: [-0.2497f,0.9681f,0.0208f,-0.5579f,-0.2006f,-0.0307f,-0.9792f,1.275f,-0.9473f,-0.2487f,0.2018f,0.1407f,0f,0f,0f,1f],start_interpolation: 0,interpolation_duration: 1}
$data merge entity $(bone_right1) {transformation: [-0.5667f,0.7854f,-0.2489f,-1.2154f,0.8223f,0.5199f,-0.2315f,0.4657f,-0.0524f,-0.3359f,-0.9404f,0.5139f,0f,0f,0f,1f],start_interpolation: 0,interpolation_duration: 1}
data modify entity @s data merge value {"cameras":{},"locators":{"scythe_blade":{"posx":-1.5055016080761137,"posy":2.4455554334647913,"posz":0.1261408744698421,"roty":345.2320210380334,"rotx":-11.570283772780645},"scythe_pole":{"posx":-0.8600263358802144,"posy":1.479253969414945,"posz":0.16057419494221375,"roty":345.2320210380334,"rotx":-11.570283772780645}}}