# This file was generated by Animated Java via MC-Build. It is not recommended to edit this file directly.
$data merge entity $(bone_hair_side) {transformation: [-1f,0f,0f,-0.2969f,0f,0.9848f,-0.1736f,1.9531f,0f,-0.1736f,-0.9848f,0.2187f,0f,0f,0f,1f],start_interpolation: 0,interpolation_duration: 1}
$data merge entity $(bone_hair_side1) {transformation: [-1f,0f,0f,0.2969f,0f,0.9848f,-0.1736f,1.9531f,0f,-0.1736f,-0.9848f,0.2188f,0f,0f,0f,1f],start_interpolation: 0,interpolation_duration: 1}
$data merge entity $(bone_beard) {transformation: [-1f,0f,0f,0f,0f,0.9848f,-0.1736f,1.6406f,0f,-0.1736f,-0.9848f,0.2813f,0f,0f,0f,1f],start_interpolation: 0,interpolation_duration: 1}
$data merge entity $(bone_head) {transformation: [-1f,0f,0f,0f,0f,1f,0f,1.7344f,0f,0f,-1f,0f,0f,0f,0f,1f],start_interpolation: 0,interpolation_duration: 1}
$data merge entity $(bone_body) {transformation: [-1.0983f,0f,0.2435f,0f,0f,1.125f,0f,1.0625f,-0.2435f,0f,-1.0983f,0f,0f,0f,0f,1f],start_interpolation: 0,interpolation_duration: 1}
$data merge entity $(bone_left4) {transformation: [-0.9119f,-0.2726f,0.3069f,0.4056f,-0.4102f,0.6298f,-0.6596f,1.1943f,-0.0135f,-0.7274f,-0.6861f,0.1656f,0f,0f,0f,1f],start_interpolation: 0,interpolation_duration: 1}
$data merge entity $(bone_left3) {transformation: [-0.9119f,-0.3767f,0.163f,0.5326f,-0.4102f,0.8496f,-0.3316f,0.1369f,-0.0135f,-0.3692f,-0.9292f,0.5652f,0f,0f,0f,1f],start_interpolation: 0,interpolation_duration: 1}
$data merge entity $(bone_aura) {transformation: [-0.3608f,1.0759f,-2.0863f,-0.176f,0.3527f,2.1117f,1.0281f,2.7742f,2.3208f,-0.1536f,-0.4806f,1.7745f,0f,0f,0f,1f],start_interpolation: 0,interpolation_duration: 1}
$data merge entity $(bone_scythe) {transformation: [-0.2595f,0.7739f,-1.5007f,-0.4297f,0.2537f,1.519f,0.7395f,1.6902f,1.6693f,-0.1105f,-0.3457f,0.5567f,0f,0f,0f,1f],start_interpolation: 0,interpolation_duration: 1}
$data merge entity $(bone_right2) {transformation: [-0.9498f,0.0983f,-0.2969f,-0.3826f,0.1819f,-0.5987f,-0.7801f,1.4909f,-0.2544f,-0.7949f,0.5508f,0.2998f,0f,0f,0f,1f],start_interpolation: 0,interpolation_duration: 1}
$data merge entity $(bone_right1) {transformation: [0.0921f,0.2243f,-0.9702f,-0.6497f,0.9838f,-0.1708f,0.0539f,1.365f,-0.1537f,-0.9594f,-0.2364f,1.3672f,0f,0f,0f,1f],start_interpolation: 0,interpolation_duration: 1}
data modify entity @s data merge value {"cameras":{},"locators":{"scythe_blade":{"posx":-0.015017525990095926,"posy":2.8041207135204655,"posz":1.1394511045802758,"roty":282.9715116849108,"rotx":25.649512474182696},"scythe_pole":{"posx":-0.33528874665603814,"posy":1.8684630879730468,"posz":0.5282771089226442,"roty":282.9715116849108,"rotx":25.649512474182696}}}