# This file was generated by Animated Java via MC-Build. It is not recommended to edit this file directly.
$data merge entity $(bone_hair_side) {transformation: [-1f,0f,0f,-0.2969f,0f,0.9719f,-0.2353f,-0.471f,0f,-0.2353f,-0.9719f,0.2045f,0f,0f,0f,1f],start_interpolation: 0,interpolation_duration: 1}
$data merge entity $(bone_hair_side1) {transformation: [-1f,0f,0f,0.2969f,0f,0.9719f,-0.2353f,-0.471f,0f,-0.2353f,-0.9719f,0.2045f,0f,0f,0f,1f],start_interpolation: 0,interpolation_duration: 1}
$data merge entity $(bone_beard) {transformation: [-1f,0f,0f,0f,0f,0.9719f,-0.2353f,-0.779f,0f,-0.2353f,-0.9719f,0.2866f,0f,0f,0f,1f],start_interpolation: 0,interpolation_duration: 1}
$data merge entity $(bone_head) {transformation: [-1f,0f,0f,0f,0f,0.998f,-0.063f,-0.7031f,0f,-0.063f,-0.998f,0f,0f,0f,0f,1f],start_interpolation: 0,interpolation_duration: 1}
$data merge entity $(bone_body) {transformation: [-1.0848f,0f,0.2982f,0f,0f,1.125f,0f,-1.375f,-0.2982f,0f,-1.0848f,0f,0f,0f,0f,1f],start_interpolation: 0,interpolation_duration: 1}
$data merge entity $(bone_left4) {transformation: [-0.9015f,-0.2524f,0.3515f,0.4059f,-0.4311f,0.5946f,-0.6786f,-1.2368f,-0.0377f,-0.7633f,-0.6449f,0.1955f,0f,0f,0f,1f],start_interpolation: 0,interpolation_duration: 1}
$data merge entity $(bone_left3) {transformation: [-0.9015f,-0.3773f,0.2119f,0.5369f,-0.4311f,0.8257f,-0.3638f,-2.2747f,-0.0377f,-0.4193f,-0.9071f,0.6423f,0f,0f,0f,1f],start_interpolation: 0,interpolation_duration: 1}
$data merge entity $(bone_aura) {transformation: [-0.3995f,1.0471f,-2.0939f,-0.1887f,0.9709f,2.007f,0.8184f,0.8184f,2.1303f,-0.7184f,-0.7657f,1.305f,0f,0f,0f,1f],start_interpolation: 0,interpolation_duration: 1}
$data merge entity $(bone_scythe) {transformation: [-0.2873f,0.7532f,-1.5062f,-0.4088f,0.6984f,1.4436f,0.5887f,-0.5632f,1.5323f,-0.5167f,-0.5507f,0.4302f,0f,0f,0f,1f],start_interpolation: 0,interpolation_duration: 1}
$data merge entity $(bone_right2) {transformation: [-0.9585f,0.0634f,-0.278f,-0.373f,0.0928f,-0.8525f,-0.5144f,-0.8444f,-0.2696f,-0.5188f,0.8112f,0.2641f,0f,0f,0f,1f],start_interpolation: 0,interpolation_duration: 1}
$data merge entity $(bone_right1) {transformation: [0.0812f,0.1936f,-0.9777f,-0.6041f,0.8667f,-0.498f,-0.0267f,-0.5861f,-0.4921f,-0.8453f,-0.2083f,1.316f,0f,0f,0f,1f],start_interpolation: 0,interpolation_duration: 1}
data modify entity @s data merge value {"cameras":{},"locators":{"scythe_blade":{"posx":-0.018903509931134543,"posy":0.675378168309029,"posz":0.6878233072407458,"roty":290.0851534260406,"rotx":20.15771731126994},"scythe_pole":{"posx":-0.31661573867459636,"posy":-0.3979222391921482,"posz":0.35472247548794567,"roty":290.0851534260406,"rotx":20.15771731126994}}}