# This file was generated by Animated Java via MC-Build. It is not recommended to edit this file directly.
$data merge entity $(bone_hair_side) {transformation: [-1f,0f,0f,-0.2969f,0f,0.9719f,-0.2353f,1.9665f,0f,-0.2353f,-0.9719f,0.2045f,0f,0f,0f,1f],start_interpolation: 0,interpolation_duration: 1}
$data merge entity $(bone_hair_side1) {transformation: [-1f,0f,0f,0.2969f,0f,0.9719f,-0.2353f,1.9665f,0f,-0.2353f,-0.9719f,0.2045f,0f,0f,0f,1f],start_interpolation: 0,interpolation_duration: 1}
$data merge entity $(bone_beard) {transformation: [-1f,0f,0f,0f,0f,0.9719f,-0.2353f,1.6585f,0f,-0.2353f,-0.9719f,0.2866f,0f,0f,0f,1f],start_interpolation: 0,interpolation_duration: 1}
$data merge entity $(bone_head) {transformation: [-1f,0f,0f,0f,0f,0.998f,-0.063f,1.7344f,0f,-0.063f,-0.998f,0f,0f,0f,0f,1f],start_interpolation: 0,interpolation_duration: 1}
$data merge entity $(bone_body) {transformation: [-1.0848f,0f,0.2982f,0f,0f,1.125f,0f,1.0625f,-0.2982f,0f,-1.0848f,0f,0f,0f,0f,1f],start_interpolation: 0,interpolation_duration: 1}
$data merge entity $(bone_left4) {transformation: [-0.9015f,-0.2524f,0.3515f,0.4059f,-0.4311f,0.5946f,-0.6786f,1.2007f,-0.0377f,-0.7633f,-0.6449f,0.1955f,0f,0f,0f,1f],start_interpolation: 0,interpolation_duration: 1}
$data merge entity $(bone_left3) {transformation: [-0.9015f,-0.3773f,0.2119f,0.5369f,-0.4311f,0.8257f,-0.3638f,0.1628f,-0.0377f,-0.4193f,-0.9071f,0.6423f,0f,0f,0f,1f],start_interpolation: 0,interpolation_duration: 1}
$data merge entity $(bone_scythe) {transformation: [-0.2873f,0.7532f,-1.5062f,-0.4088f,0.6984f,1.4436f,0.5887f,1.8743f,1.5323f,-0.5167f,-0.5507f,0.4302f,0f,0f,0f,1f],start_interpolation: 0,interpolation_duration: 1}
$data merge entity $(bone_right2) {transformation: [-0.9585f,0.0634f,-0.278f,-0.373f,0.0928f,-0.8525f,-0.5144f,1.5931f,-0.2696f,-0.5188f,0.8112f,0.2641f,0f,0f,0f,1f],start_interpolation: 0,interpolation_duration: 1}
$data merge entity $(bone_right1) {transformation: [0.0812f,0.1936f,-0.9777f,-0.6041f,0.8667f,-0.498f,-0.0267f,1.8514f,-0.4921f,-0.8453f,-0.2083f,1.316f,0f,0f,0f,1f],start_interpolation: 0,interpolation_duration: 1}
data modify entity @s data merge value {"cameras":{},"locators":{"hitbox":{"posx":0.08621702215952642,"posy":2.8573651104616324,"posz":0.12720958015011413,"roty":290.0851534260406,"rotx":20.15771731126994},"hitbox2":{"posx":-0.039927616349266726,"posy":3.163980779878508,"posz":0.7999460526588722,"roty":290.0851534260406,"rotx":20.15771731126994}}}