# This file was generated by Animated Java via MC-Build. It is not recommended to edit this file directly.
$data merge entity $(bone_hair_side) {transformation: [-1f,0f,0f,-0.2969f,0f,0.9566f,-0.2914f,1.978f,0f,-0.2914f,-0.9566f,0.1907f,0f,0f,0f,1f],start_interpolation: 0,interpolation_duration: 1}
$data merge entity $(bone_hair_side1) {transformation: [-1f,0f,0f,0.2969f,0f,0.9566f,-0.2914f,1.978f,0f,-0.2914f,-0.9566f,0.1907f,0f,0f,0f,1f],start_interpolation: 0,interpolation_duration: 1}
$data merge entity $(bone_beard) {transformation: [-1f,0f,0f,0f,0f,0.9566f,-0.2914f,1.6753f,0f,-0.2914f,-0.9566f,0.2905f,0f,0f,0f,1f],start_interpolation: 0,interpolation_duration: 1}
$data merge entity $(bone_head) {transformation: [-1f,0f,0f,0f,0f,0.9927f,-0.1209f,1.7344f,0f,-0.1209f,-0.9927f,0f,0f,0f,0f,1f],start_interpolation: 0,interpolation_duration: 1}
$data merge entity $(bone_body) {transformation: [-1.0885f,0f,0.2841f,0f,0f,1.125f,0f,1.0625f,-0.2841f,0f,-1.0885f,0f,0f,0f,0f,1f],start_interpolation: 0,interpolation_duration: 1}
$data merge entity $(bone_left4) {transformation: [-0.902f,-0.2623f,0.3431f,0.4074f,-0.431f,0.5953f,-0.6781f,1.2006f,-0.0264f,-0.7595f,-0.65f,0.1894f,0f,0f,0f,1f],start_interpolation: 0,interpolation_duration: 1}
$data merge entity $(bone_left3) {transformation: [-0.902f,-0.3827f,0.2001f,0.5441f,-0.431f,0.8261f,-0.363f,0.1623f,-0.0264f,-0.4136f,-0.9101f,0.6336f,0f,0f,0f,1f],start_interpolation: 0,interpolation_duration: 1}
$data merge entity $(bone_scythe) {transformation: [-0.3608f,0.7092f,-1.5117f,-0.4056f,0.6401f,1.4872f,0.5449f,1.912f,1.5422f,-0.4514f,-0.5799f,0.3926f,0f,0f,0f,1f],start_interpolation: 0,interpolation_duration: 1}
$data merge entity $(bone_right2) {transformation: [-0.9609f,0.0609f,-0.2702f,-0.3705f,0.0713f,-0.8882f,-0.4538f,1.6195f,-0.2677f,-0.4553f,0.8491f,0.2473f,0f,0f,0f,1f],start_interpolation: 0,interpolation_duration: 1}
$data merge entity $(bone_right1) {transformation: [0.076f,0.1858f,-0.9797f,-0.5917f,0.8116f,-0.5823f,-0.0475f,1.9846f,-0.5793f,-0.7914f,-0.195f,1.2693f,0f,0f,0f,1f],start_interpolation: 0,interpolation_duration: 1}
data modify entity @s data merge value {"cameras":{},"locators":{"hitbox":{"posx":0.05808299160155084,"posy":2.9225659479813597,"posz":0.1335037003432923,"roty":290.9857649994061,"rotx":18.601846089717636},"hitbox2":{"posx":-0.10031906503381777,"posy":3.2036016000446024,"posz":0.8105766290024383,"roty":290.9857649994061,"rotx":18.601846089717636}}}