# This file was generated by Animated Java via MC-Build. It is not recommended to edit this file directly.
$data merge entity $(bone_hair_side) {transformation: [-1f,0f,0f,-0.2969f,0f,0.9585f,-0.285f,1.9767f,0f,-0.285f,-0.9585f,0.1923f,0f,0f,0f,1f],start_interpolation: 0,interpolation_duration: 1}
$data merge entity $(bone_hair_side1) {transformation: [-1f,0f,0f,0.2969f,0f,0.9585f,-0.285f,1.9767f,0f,-0.285f,-0.9585f,0.1923f,0f,0f,0f,1f],start_interpolation: 0,interpolation_duration: 1}
$data merge entity $(bone_beard) {transformation: [-1f,0f,0f,0f,0f,0.9585f,-0.285f,1.6734f,0f,-0.285f,-0.9585f,0.2901f,0f,0f,0f,1f],start_interpolation: 0,interpolation_duration: 1}
$data merge entity $(bone_head) {transformation: [-1f,0f,0f,0f,0f,0.9935f,-0.1142f,1.7344f,0f,-0.1142f,-0.9935f,0f,0f,0f,0f,1f],start_interpolation: 0,interpolation_duration: 1}
$data merge entity $(bone_body) {transformation: [-1.1021f,0f,0.226f,0f,0f,1.125f,0f,1.0625f,-0.226f,0f,-1.1021f,0f,0f,0f,0f,1f],start_interpolation: 0,interpolation_duration: 1}
$data merge entity $(bone_left4) {transformation: [-0.9179f,-0.2856f,0.2756f,0.4032f,-0.3966f,0.6821f,-0.6143f,1.1905f,-0.0125f,-0.6732f,-0.7394f,0.1539f,0f,0f,0f,1f],start_interpolation: 0,interpolation_duration: 1}
$data merge entity $(bone_left3) {transformation: [-0.9179f,-0.3686f,0.1471f,0.5195f,-0.3966f,0.8638f,-0.3107f,0.1218f,-0.0125f,-0.3436f,-0.9391f,0.5257f,0f,0f,0f,1f],start_interpolation: 0,interpolation_duration: 1}
$data merge entity $(bone_scythe) {transformation: [-0.672f,0.8804f,-2.1009f,-0.43f,-0.0755f,2.1806f,0.938f,1.7057f,2.2767f,0.3322f,-0.589f,0.5473f,0f,0f,0f,1f],start_interpolation: 0,interpolation_duration: 1}
$data merge entity $(bone_right2) {transformation: [-0.9508f,0.1007f,-0.2931f,-0.3821f,0.1668f,-0.6309f,-0.7578f,1.4961f,-0.2613f,-0.7693f,0.583f,0.299f,0f,0f,0f,1f],start_interpolation: 0,interpolation_duration: 1}
$data merge entity $(bone_right1) {transformation: [0.0919f,0.2227f,-0.9705f,-0.6475f,0.981f,-0.1875f,0.0498f,1.3887f,-0.1709f,-0.9567f,-0.2357f,1.3688f,0f,0f,0f,1f],start_interpolation: 0,interpolation_duration: 1}
data modify entity @s data merge value {"cameras":{},"locators":{"scythe_blade":{"posx":-0.1972840408550531,"posy":2.731623909211894,"posz":1.3509066231320586,"roty":285.6613625760458,"rotx":23.26185117860072},"scythe_pole":{"posx":-0.3502956292425802,"posy":1.8926993908576484,"posz":0.5607448635389838,"roty":285.6613625760458,"rotx":23.26185117860072}}}