# This file was generated by Animated Java via MC-Build. It is not recommended to edit this file directly.
$data merge entity $(bone_hair_side) {transformation: [-1f,0f,0f,-0.2969f,0f,0.9661f,-0.2581f,1.9712f,0f,-0.2581f,-0.9661f,0.199f,0f,0f,0f,1f],start_interpolation: 0,interpolation_duration: 1}
$data merge entity $(bone_hair_side1) {transformation: [-1f,0f,0f,0.2969f,0f,0.9661f,-0.2581f,1.9712f,0f,-0.2581f,-0.9661f,0.199f,0f,0f,0f,1f],start_interpolation: 0,interpolation_duration: 1}
$data merge entity $(bone_beard) {transformation: [-1f,0f,0f,0f,0f,0.9661f,-0.2581f,1.6653f,0f,-0.2581f,-0.9661f,0.2883f,0f,0f,0f,1f],start_interpolation: 0,interpolation_duration: 1}
$data merge entity $(bone_head) {transformation: [-1f,0f,0f,0f,0f,0.9963f,-0.0864f,1.7344f,0f,-0.0864f,-0.9963f,0f,0f,0f,0f,1f],start_interpolation: 0,interpolation_duration: 1}
$data merge entity $(bone_body) {transformation: [-1.1068f,0f,0.2016f,0f,0f,1.125f,0f,1.0625f,-0.2016f,0f,-1.1068f,0f,0f,0f,0f,1f],start_interpolation: 0,interpolation_duration: 1}
$data merge entity $(bone_left4) {transformation: [-0.9259f,-0.2939f,0.2372f,0.3996f,-0.3775f,0.7388f,-0.5583f,1.1855f,-0.0112f,-0.6065f,-0.795f,0.1374f,0f,0f,0f,1f],start_interpolation: 0,interpolation_duration: 1}
$data merge entity $(bone_left3) {transformation: [-0.9259f,-0.3561f,0.1258f,0.4997f,-0.3775f,0.8825f,-0.2805f,0.1023f,-0.0112f,-0.3073f,-0.9516f,0.47f,0f,0f,0f,1f],start_interpolation: 0,interpolation_duration: 1}
$data merge entity $(bone_scythe) {transformation: [-0.8386f,0.7076f,-2.1063f,-0.4953f,-0.2822f,2.1992f,0.8511f,1.5903f,2.204f,0.5508f,-0.6925f,0.5704f,0f,0f,0f,1f],start_interpolation: 0,interpolation_duration: 1}
$data merge entity $(bone_right2) {transformation: [-0.9338f,0.2122f,-0.288f,-0.411f,0.1564f,-0.4818f,-0.8622f,1.4297f,-0.3218f,-0.8502f,0.4167f,0.2965f,0f,0f,0f,1f],start_interpolation: 0,interpolation_duration: 1}
$data merge entity $(bone_right1) {transformation: [0.0393f,0.3153f,-0.9482f,-0.7583f,0.9985f,0.0248f,0.0496f,1.0914f,0.0392f,-0.9487f,-0.3138f,1.2922f,0f,0f,0f,1f],start_interpolation: 0,interpolation_duration: 1}
data modify entity @s data merge value {"cameras":{},"locators":{"scythe_blade":{"posx":-0.39267310666890454,"posy":2.5666500444237452,"posz":1.4584473931195971,"roty":288.1986896550816,"rotx":21.000391176174833},"scythe_pole":{"posx":-0.42922086926881875,"posy":1.7802315740252244,"posz":0.6030102239101977,"roty":288.1986896550816,"rotx":21.000391176174833}}}