# This file was generated by Animated Java via MC-Build. It is not recommended to edit this file directly.
$data merge entity $(bone_hair_side) {transformation: [-1f,0f,0f,-0.2969f,0f,0.9955f,-0.0952f,1.9351f,0f,-0.0952f,-0.9955f,0.2354f,0f,0f,0f,1f],start_interpolation: 0,interpolation_duration: 1}
$data merge entity $(bone_hair_side1) {transformation: [-1f,0f,0f,0.2969f,0f,0.9955f,-0.0952f,1.9351f,0f,-0.0952f,-0.9955f,0.2354f,0f,0f,0f,1f],start_interpolation: 0,interpolation_duration: 1}
$data merge entity $(bone_beard) {transformation: [-1f,0f,0f,0f,0f,0.9955f,-0.0952f,1.6187f,0f,-0.0952f,-0.9955f,0.273f,0f,0f,0f,1f],start_interpolation: 0,interpolation_duration: 1}
$data merge entity $(bone_head) {transformation: [-1f,0f,0f,0f,0f,0.9969f,0.0791f,1.7344f,0f,0.0791f,-0.9969f,0f,0f,0f,0f,1f],start_interpolation: 0,interpolation_duration: 1}
$data merge entity $(bone_body) {transformation: [-1.1227f,0f,0.0727f,0f,0f,1.125f,0f,1.0625f,-0.0727f,0f,-1.1227f,0f,0f,0f,0f,1f],start_interpolation: 0,interpolation_duration: 1}
$data merge entity $(bone_left4) {transformation: [-0.9614f,-0.2651f,0.0738f,0.3759f,-0.2752f,0.93f,-0.2438f,1.1665f,-0.004f,-0.2547f,-0.967f,0.0498f,0f,0f,0f,1f],start_interpolation: 0,interpolation_duration: 1}
$data merge entity $(bone_left3) {transformation: [-0.9614f,-0.273f,0.0346f,0.3741f,-0.2752f,0.9555f,-0.1064f,0.0354f,-0.004f,-0.1118f,-0.9937f,0.1708f,0f,0f,0f,1f],start_interpolation: 0,interpolation_duration: 1}
$data merge entity $(bone_scythe) {transformation: [-1.5534f,-0.1028f,-0.7034f,-0.8547f,-0.0967f,1.7052f,-0.0357f,1.3478f,0.7043f,0.0073f,-1.5564f,0.2468f,0f,0f,0f,1f],start_interpolation: 0,interpolation_duration: 1}
$data merge entity $(bone_right2) {transformation: [-0.4103f,0.9032f,-0.1259f,-0.5519f,-0.113f,-0.1874f,-0.9758f,1.2881f,-0.9049f,-0.3862f,0.179f,0.1342f,0f,0f,0f,1f],start_interpolation: 0,interpolation_duration: 1}
$data merge entity $(bone_right1) {transformation: [-0.4952f,0.766f,-0.4099f,-1.2111f,0.8651f,0.4782f,-0.1514f,0.5097f,0.08f,-0.4296f,-0.8995f,0.5657f,0f,0f,0f,1f],start_interpolation: 0,interpolation_duration: 1}
data modify entity @s data merge value {"cameras":{},"locators":{"hitbox":{"posx":-0.9659533441116427,"posy":2.4836765782907797,"posz":0.2710313677795688,"roty":335.6803806725986,"rotx":-1.1982257004397552},"hitbox2":{"posx":-1.6479376355842175,"posy":2.4412149972123203,"posz":0.5802148736736699,"roty":335.6803806725986,"rotx":-1.1982257004397552}}}