# This file was generated by Animated Java via MC-Build. It is not recommended to edit this file directly.
$data merge entity $(bone_hair_side) {transformation: [-1f,0f,0f,-0.2969f,0f,0.9949f,-0.101f,-0.501f,0f,-0.101f,-0.9949f,0.2342f,0f,0f,0f,1f],start_interpolation: 0,interpolation_duration: 1}
$data merge entity $(bone_hair_side1) {transformation: [-1f,0f,0f,0.2969f,0f,0.9949f,-0.101f,-0.501f,0f,-0.101f,-0.9949f,0.2342f,0f,0f,0f,1f],start_interpolation: 0,interpolation_duration: 1}
$data merge entity $(bone_beard) {transformation: [-1f,0f,0f,0f,0f,0.9949f,-0.101f,-0.8172f,0f,-0.101f,-0.9949f,0.2736f,0f,0f,0f,1f],start_interpolation: 0,interpolation_duration: 1}
$data merge entity $(bone_head) {transformation: [-1f,0f,0f,0f,0f,0.9973f,0.0733f,-0.7031f,0f,0.0733f,-0.9973f,0f,0f,0f,0f,1f],start_interpolation: 0,interpolation_duration: 1}
$data merge entity $(bone_body) {transformation: [-1.1134f,0f,-0.1609f,0f,0f,1.125f,0f,-1.375f,0.1609f,0f,-1.1134f,0f,0f,0f,0f,1f],start_interpolation: 0,interpolation_duration: 1}
$data merge entity $(bone_left4) {transformation: [-0.9686f,-0.2262f,-0.1029f,0.3562f,-0.2113f,0.9676f,-0.1382f,-1.276f,0.1308f,-0.1121f,-0.9851f,-0.0722f,0f,0f,0f,1f],start_interpolation: 0,interpolation_duration: 1}
$data merge entity $(bone_left3) {transformation: [-0.9686f,-0.2031f,-0.1431f,0.2757f,-0.2113f,0.9764f,0.0441f,-2.41f,0.1308f,0.073f,-0.9887f,-0.1112f,0f,0f,0f,1f],start_interpolation: 0,interpolation_duration: 1}
$data merge entity $(bone_aura) {transformation: [-2.1012f,0.0602f,-1.1054f,-1.9882f,0.3823f,2.2651f,-0.6033f,0.1017f,1.039f,-0.7117f,-2.0136f,0.6338f,0f,0f,0f,1f],start_interpolation: 0,interpolation_duration: 1}
$data merge entity $(bone_scythe) {transformation: [-1.5114f,0.0433f,-0.7951f,-0.8523f,0.275f,1.6293f,-0.434f,-1.0633f,0.7473f,-0.5119f,-1.4484f,0.3593f,0f,0f,0f,1f],start_interpolation: 0,interpolation_duration: 1}
$data merge entity $(bone_right2) {transformation: [-0.4654f,0.885f,0.0133f,-0.5547f,-0.254f,-0.1192f,-0.9598f,-1.0984f,-0.8478f,-0.4501f,0.2803f,0.2248f,0f,0f,0f,1f],start_interpolation: 0,interpolation_duration: 1}
$data merge entity $(bone_right1) {transformation: [-0.4292f,0.7749f,-0.4641f,-1.2439f,0.8987f,0.3149f,-0.3053f,-1.7138f,-0.0904f,-0.5481f,-0.8315f,0.8354f,0f,0f,0f,1f],start_interpolation: 0,interpolation_duration: 1}
data modify entity @s data merge value {"cameras":{},"locators":{"scythe_blade":{"posx":-1.4178343866183214,"posy":0.1327018694009643,"posz":0.31140685150211467,"roty":331.233844141182,"rotx":-14.716606645313346},"scythe_pole":{"posx":-0.8333409781134075,"posy":-0.8720553583584901,"posz":0.29158593630015717,"roty":331.233844141182,"rotx":-14.716606645313346}}}