# This file was generated by Animated Java via MC-Build. It is not recommended to edit this file directly.
$data merge entity $(bone_hair_side) {transformation: [-1f,0f,0f,-0.2969f,0f,0.9984f,-0.0557f,1.9257f,0f,-0.0557f,-0.9984f,0.2431f,0f,0f,0f,1f],start_interpolation: 0,interpolation_duration: 1}
$data merge entity $(bone_hair_side1) {transformation: [-1f,0f,0f,0.2969f,0f,0.9984f,-0.0557f,1.9257f,0f,-0.0557f,-0.9984f,0.2431f,0f,0f,0f,1f],start_interpolation: 0,interpolation_duration: 1}
$data merge entity $(bone_beard) {transformation: [-1f,0f,0f,0f,0f,0.9984f,-0.0557f,1.6079f,0f,-0.0557f,-0.9984f,0.2682f,0f,0f,0f,1f],start_interpolation: 0,interpolation_duration: 1}
$data merge entity $(bone_head) {transformation: [-1f,0f,0f,0f,0f,0.993f,0.1185f,1.7344f,0f,0.1185f,-0.993f,0f,0f,0f,0f,1f],start_interpolation: 0,interpolation_duration: 1}
$data merge entity $(bone_body) {transformation: [-1.1242f,0f,0.0427f,0f,0f,1.125f,0f,1.0625f,-0.0427f,0f,-1.1242f,0f,0f,0f,0f,1f],start_interpolation: 0,interpolation_duration: 1}
$data merge entity $(bone_left4) {transformation: [-0.968f,-0.2474f,0.043f,0.3695f,-0.2511f,0.9553f,-0.1564f,1.1639f,-0.0024f,-0.1621f,-0.9868f,0.0293f,0f,0f,0f,1f],start_interpolation: 0,interpolation_duration: 1}
$data merge entity $(bone_left3) {transformation: [-0.968f,-0.2504f,0.0188f,0.3408f,-0.2511f,0.9659f,-0.0631f,0.029f,-0.0024f,-0.0658f,-0.9978f,0.1006f,0f,0f,0f,1f],start_interpolation: 0,interpolation_duration: 1}
$data merge entity $(bone_scythe) {transformation: [-1.6615f,-0.1292f,-0.3758f,-0.8728f,-0.1226f,1.7034f,-0.0434f,1.2724f,0.378f,-0.0153f,-1.6659f,0.1295f,0f,0f,0f,1f],start_interpolation: 0,interpolation_duration: 1}
$data merge entity $(bone_right2) {transformation: [-0.2191f,0.9741f,-0.0566f,-0.5498f,-0.0873f,-0.0774f,-0.9932f,1.2484f,-0.9718f,-0.2127f,0.102f,0.0749f,0f,0f,0f,1f],start_interpolation: 0,interpolation_duration: 1}
$data merge entity $(bone_right1) {transformation: [-0.613f,0.7592f,-0.2185f,-1.1649f,0.7886f,0.605f,-0.11f,0.3591f,0.0487f,-0.2397f,-0.9696f,0.3144f,0f,0f,0f,1f],start_interpolation: 0,interpolation_duration: 1}
data modify entity @s data merge value {"cameras":{},"locators":{"hitbox":{"posx":-1.0046298909206444,"posy":2.4063900689516844,"posz":0.12969215422138144,"roty":347.28930141207184,"rotx":-1.4573196517736378},"hitbox2":{"posx":-1.7340609728970282,"posy":2.352565206748693,"posz":0.2956234076234785,"roty":347.28930141207184,"rotx":-1.4573196517736378}}}