# This file was generated by Animated Java via MC-Build. It is not recommended to edit this file directly.
$data merge entity $(bone_hair_side) {transformation: [-1f,0f,0f,-0.2969f,0f,0.9997f,-0.0229f,1.9176f,0f,-0.0229f,-0.9997f,0.2493f,0f,0f,0f,1f],start_interpolation: 0,interpolation_duration: 1}
$data merge entity $(bone_hair_side1) {transformation: [-1f,0f,0f,0.2969f,0f,0.9997f,-0.0229f,1.9176f,0f,-0.0229f,-0.9997f,0.2493f,0f,0f,0f,1f],start_interpolation: 0,interpolation_duration: 1}
$data merge entity $(bone_beard) {transformation: [-1f,0f,0f,0f,0f,0.9997f,-0.0229f,1.5992f,0f,-0.0229f,-0.9997f,0.2639f,0f,0f,0f,1f],start_interpolation: 0,interpolation_duration: 1}
$data merge entity $(bone_head) {transformation: [-1f,0f,0f,0f,0f,0.9885f,0.151f,1.7344f,0f,0.151f,-0.9885f,0f,0f,0f,0f,1f],start_interpolation: 0,interpolation_duration: 1}
$data merge entity $(bone_body) {transformation: [-1.1249f,0f,0.0178f,0f,0f,1.125f,0f,1.0625f,-0.0178f,0f,-1.1249f,0f,0f,0f,0f,1f],start_interpolation: 0,interpolation_duration: 1}
$data merge entity $(bone_left4) {transformation: [-0.973f,-0.2302f,0.0185f,0.3639f,-0.2309f,0.9702f,-0.0736f,1.1623f,-0.001f,-0.0759f,-0.9971f,0.0122f,0f,0f,0f,1f],start_interpolation: 0,interpolation_duration: 1}
$data merge entity $(bone_left3) {transformation: [-0.973f,-0.2308f,0.0073f,0.3123f,-0.2309f,0.9726f,-0.0265f,0.0263f,-0.001f,-0.0275f,-0.9996f,0.042f,0f,0f,0f,1f],start_interpolation: 0,interpolation_duration: 1}
$data merge entity $(bone_scythe) {transformation: [-1.7009f,-0.1091f,-0.1163f,-0.8632f,-0.1092f,1.7048f,-0.0022f,1.2151f,0.1162f,0.0053f,-1.7044f,0.0313f,0f,0f,0f,1f],start_interpolation: 0,interpolation_duration: 1}
$data merge entity $(bone_right2) {transformation: [-0.0683f,0.9976f,0.0132f,-0.5348f,-0.0325f,0.011f,-0.9994f,1.2192f,-0.9971f,-0.0686f,0.0316f,0.0243f,0f,0f,0f,1f],start_interpolation: 0,interpolation_duration: 1}
$data merge entity $(bone_right1) {transformation: [-0.6996f,0.7113f,-0.0678f,-1.0719f,0.7143f,0.6986f,-0.042f,0.2538f,0.0175f,-0.0778f,-0.9968f,0.1015f,0f,0f,0f,1f],start_interpolation: 0,interpolation_duration: 1}
data modify entity @s data merge value {"cameras":{},"locators":{"hitbox":{"posx":-0.9827081576312593,"posy":2.3503675401292092,"posz":0.03796492010857812,"roty":356.0972127025368,"rotx":-0.07255309677207467},"hitbox2":{"posx":-1.7294338326011953,"posy":2.3024159222939,"posz":0.0889689266930545,"roty":356.0972127025368,"rotx":-0.07255309677207467}}}