# This file was generated by Animated Java via MC-Build. It is not recommended to edit this file directly.
$data merge entity $(bone_hair_side) {transformation: [-1f,0f,0f,-0.2969f,0f,0.9836f,-0.1803f,-0.4829f,0f,-0.1803f,-0.9836f,0.2173f,0f,0f,0f,1f],start_interpolation: 0,interpolation_duration: 1}
$data merge entity $(bone_hair_side1) {transformation: [-1f,0f,0f,0.2969f,0f,0.9836f,-0.1803f,-0.4829f,0f,-0.1803f,-0.9836f,0.2173f,0f,0f,0f,1f],start_interpolation: 0,interpolation_duration: 1}
$data merge entity $(bone_beard) {transformation: [-1f,0f,0f,0f,0f,0.9836f,-0.1803f,-0.795f,0f,-0.1803f,-0.9836f,0.2819f,0f,0f,0f,1f],start_interpolation: 0,interpolation_duration: 1}
$data merge entity $(bone_head) {transformation: [-1f,0f,0f,0f,0f,1f,-0.0067f,-0.7031f,0f,-0.0067f,-1f,0f,0f,0f,0f,1f],start_interpolation: 0,interpolation_duration: 1}
$data merge entity $(bone_body) {transformation: [-1.0858f,0f,-0.2942f,0f,0f,1.125f,0f,-1.375f,0.2942f,0f,-1.0858f,0f,0f,0f,0f,1f],start_interpolation: 0,interpolation_duration: 1}
$data merge entity $(bone_left4) {transformation: [-0.9542f,-0.2469f,-0.1687f,0.3509f,-0.2059f,0.9515f,-0.2284f,-1.2758f,0.2169f,-0.1832f,-0.9588f,-0.1198f,0f,0f,0f,1f],start_interpolation: 0,interpolation_duration: 1}
$data merge entity $(bone_left3) {transformation: [-0.9542f,-0.1833f,-0.2363f,0.2532f,-0.2059f,0.9757f,0.0744f,-2.4073f,0.2169f,0.1196f,-0.9688f,-0.1829f,0f,0f,0f,1f],start_interpolation: 0,interpolation_duration: 1}
$data merge entity $(bone_aura) {transformation: [-1.1889f,0.1905f,-2.0472f,-1.221f,0.7152f,2.2554f,-0.2055f,0.4523f,1.9276f,-0.7194f,-1.1864f,1.3857f,0f,0f,0f,1f],start_interpolation: 0,interpolation_duration: 1}
$data merge entity $(bone_scythe) {transformation: [-0.8552f,0.137f,-1.4725f,-0.6441f,0.5144f,1.6223f,-0.1478f,-0.8926f,1.3865f,-0.5174f,-0.8534f,0.6234f,0f,0f,0f,1f],start_interpolation: 0,interpolation_duration: 1}
$data merge entity $(bone_right2) {transformation: [-0.862f,0.5036f,-0.0583f,-0.4654f,-0.0865f,-0.2594f,-0.9619f,-0.9764f,-0.4995f,-0.8241f,0.2672f,0.3608f,0f,0f,0f,1f],start_interpolation: 0,interpolation_duration: 1}
$data merge entity $(bone_right1) {transformation: [-0.122f,0.4894f,-0.8635f,-0.9473f,0.9805f,-0.0756f,-0.1814f,-1.2025f,-0.154f,-0.8688f,-0.4706f,1.332f,0f,0f,0f,1f],start_interpolation: 0,interpolation_duration: 1}
data modify entity @s data merge value {"cameras":{},"locators":{"scythe_blade":{"posx":-0.8890160924093558,"posy":0.3929053603197694,"posz":0.8231854182224274,"roty":300.09383929894165,"rotx":-4.964781241494476},"scythe_pole":{"posx":-0.6200360470818139,"posy":-0.7044207988459101,"posz":0.5491643686180404,"roty":300.09383929894165,"rotx":-4.964781241494476}}}