# This file was generated by Animated Java via MC-Build. It is not recommended to edit this file directly.
$data merge entity $(bone_hair_side) {transformation: [-1f,0f,0f,-0.2969f,0f,0.9763f,-0.2164f,1.9625f,0f,-0.2164f,-0.9763f,0.209f,0f,0f,0f,1f],start_interpolation: 0,interpolation_duration: 1}
$data merge entity $(bone_hair_side1) {transformation: [-1f,0f,0f,0.2969f,0f,0.9763f,-0.2164f,1.9625f,0f,-0.2164f,-0.9763f,0.209f,0f,0f,0f,1f],start_interpolation: 0,interpolation_duration: 1}
$data merge entity $(bone_beard) {transformation: [-1f,0f,0f,0f,0f,0.9763f,-0.2164f,1.653f,0f,-0.2164f,-0.9763f,0.2851f,0f,0f,0f,1f],start_interpolation: 0,interpolation_duration: 1}
$data merge entity $(bone_head) {transformation: [-1f,0f,0f,0f,0f,0.999f,-0.0436f,1.7344f,0f,-0.0436f,-0.999f,0f,0f,0f,0f,1f],start_interpolation: 0,interpolation_duration: 1}
$data merge entity $(bone_body) {transformation: [-1.0572f,0f,-0.3848f,0f,0f,1.125f,0f,1.0625f,0.3848f,0f,-1.0572f,0f,0f,0f,0f,1f],start_interpolation: 0,interpolation_duration: 1}
$data merge entity $(bone_left4) {transformation: [-0.9325f,-0.2784f,-0.2299f,0.3433f,-0.199f,0.9276f,-0.3162f,1.1622f,0.3013f,-0.2491f,-0.9204f,-0.1666f,0f,0f,0f,1f],start_interpolation: 0,interpolation_duration: 1}
$data merge entity $(bone_left3) {transformation: [-0.9325f,-0.1552f,-0.3261f,0.2216f,-0.199f,0.9743f,0.1054f,0.0344f,0.3013f,0.1632f,-0.9395f,-0.2509f,0f,0f,0f,1f],start_interpolation: 0,interpolation_duration: 1}
$data merge entity $(bone_scythe) {transformation: [-0.3067f,0.5365f,-2.2932f,-0.4166f,0.4928f,2.276f,0.4666f,1.5466f,2.303f,-0.4156f,-0.4053f,0.7478f,0f,0f,0f,1f],start_interpolation: 0,interpolation_duration: 1}
$data merge entity $(bone_right2) {transformation: [-0.9656f,0.1389f,-0.22f,-0.3559f,0.1964f,-0.1655f,-0.9664f,1.4892f,-0.1706f,-0.9764f,0.1325f,0.4301f,0f,0f,0f,1f],start_interpolation: 0,interpolation_duration: 1}
$data merge entity $(bone_right1) {transformation: [0.0921f,0.1389f,-0.986f,-0.5323f,0.9838f,-0.1655f,0.0686f,1.3576f,-0.1537f,-0.9764f,-0.1519f,1.5155f,0f,0f,0f,1f],start_interpolation: 0,interpolation_duration: 1}
data modify entity @s data merge value {"cameras":{},"locators":{"scythe_blade":{"posx":-0.2456662768362659,"posy":2.77907220398289,"posz":1.1997451931298764,"roty":280.02213573102796,"rotx":11.329289099094204},"scythe_pole":{"posx":-0.3686537024473651,"posy":1.7380053551129644,"posz":0.6971355938128728,"roty":280.02213573102796,"rotx":11.329289099094204}}}
execute on vehicle unless entity @s[tag=aj.transforms_only] at @s run function animated_java:lich/animations/cast3/zzz/frames/7_root_commands