# This file was generated by Animated Java via MC-Build. It is not recommended to edit this file directly.
$data merge entity $(bone_hair_side) {transformation: [-1f,0f,0f,-0.2969f,0f,0.9803f,-0.1977f,1.9584f,0f,-0.1977f,-0.9803f,0.2133f,0f,0f,0f,1f],start_interpolation: 0,interpolation_duration: 1}
$data merge entity $(bone_hair_side1) {transformation: [-1f,0f,0f,0.2969f,0f,0.9803f,-0.1977f,1.9584f,0f,-0.1977f,-0.9803f,0.2133f,0f,0f,0f,1f],start_interpolation: 0,interpolation_duration: 1}
$data merge entity $(bone_beard) {transformation: [-1f,0f,0f,0f,0f,0.9803f,-0.1977f,1.6475f,0f,-0.1977f,-0.9803f,0.2835f,0f,0f,0f,1f],start_interpolation: 0,interpolation_duration: 1}
$data merge entity $(bone_head) {transformation: [-1f,0f,0f,0f,0f,0.9997f,-0.0244f,1.7344f,0f,-0.0244f,-0.9997f,0f,0f,0f,0f,1f],start_interpolation: 0,interpolation_duration: 1}
$data merge entity $(bone_body) {transformation: [-1.0483f,0f,-0.4083f,0f,0f,1.125f,0f,1.0625f,0.4083f,0f,-1.0483f,0f,0f,0f,0f,1f],start_interpolation: 0,interpolation_duration: 1}
$data merge entity $(bone_scythe) {transformation: [-0.1331f,0.5201f,-1.6218f,-0.3634f,-0.0505f,1.6248f,0.5252f,1.4853f,1.7024f,0.0889f,-0.1112f,0.7619f,0f,0f,0f,1f],start_interpolation: 0,interpolation_duration: 1}
$data merge entity $(bone_right2) {transformation: [-0.9604f,0.0594f,-0.2721f,-0.3289f,0.2698f,-0.0438f,-0.9619f,1.4667f,-0.069f,-0.9973f,0.026f,0.4357f,0f,0f,0f,1f],start_interpolation: 0,interpolation_duration: 1}
$data merge entity $(bone_right1) {transformation: [0.1389f,0.0524f,-0.9889f,-0.428f,0.9866f,-0.0934f,0.1337f,1.2577f,-0.0854f,-0.9942f,-0.0647f,1.5188f,0f,0f,0f,1f],start_interpolation: 0,interpolation_duration: 1}
data modify entity @s data merge value {"cameras":{},"locators":{"hitbox":{"posx":-0.019778042491523262,"posy":2.56874928588189,"posz":0.8679178398627736,"roty":273.9216531950246,"rotx":17.904535324422817},"hitbox2":{"posx":-0.07819963570855232,"posy":2.5465598554391606,"posz":1.6153096692418558,"roty":273.9216531950246,"rotx":17.904535324422817}}}