# This file was generated by Animated Java via MC-Build. It is not recommended to edit this file directly.
$data merge entity $(bone_hair_side) {transformation: [-1f,0f,0f,-0.2969f,0f,0.9885f,-0.1513f,1.9481f,0f,-0.1513f,-0.9885f,0.2237f,0f,0f,0f,1f],start_interpolation: 0,interpolation_duration: 1}
$data merge entity $(bone_hair_side1) {transformation: [-1f,0f,0f,0.2969f,0f,0.9885f,-0.1513f,1.9481f,0f,-0.1513f,-0.9885f,0.2237f,0f,0f,0f,1f],start_interpolation: 0,interpolation_duration: 1}
$data merge entity $(bone_beard) {transformation: [-1f,0f,0f,0f,0f,0.9885f,-0.1513f,1.6343f,0f,-0.1513f,-0.9885f,0.2791f,0f,0f,0f,1f],start_interpolation: 0,interpolation_duration: 1}
$data merge entity $(bone_head) {transformation: [-1f,0f,0f,0f,0f,0.9997f,0.0227f,1.7344f,0f,0.0227f,-0.9997f,0f,0f,0f,0f,1f],start_interpolation: 0,interpolation_duration: 1}
$data merge entity $(bone_body) {transformation: [-1.0472f,0f,-0.4112f,0f,0f,1.125f,0f,1.0625f,0.4112f,0f,-1.0472f,0f,0f,0f,0f,1f],start_interpolation: 0,interpolation_duration: 1}
$data merge entity $(bone_scythe) {transformation: [-0.2131f,0.5651f,-1.598f,-0.3676f,-0.5389f,1.5044f,0.6039f,1.4094f,1.607f,0.5795f,-0.0094f,0.7626f,0f,0f,0f,1f],start_interpolation: 0,interpolation_duration: 1}
$data merge entity $(bone_right2) {transformation: [-0.9628f,0.0661f,-0.2621f,-0.3309f,0.2669f,0.0777f,-0.9606f,1.4307f,-0.0431f,-0.9948f,-0.0924f,0.4369f,0f,0f,0f,1f],start_interpolation: 0,interpolation_duration: 1}
$data merge entity $(bone_right1) {transformation: [0.1284f,0.0589f,-0.99f,-0.4336f,0.9913f,0.0217f,0.1299f,1.0979f,0.0291f,-0.998f,-0.0556f,1.4882f,0f,0f,0f,1f],start_interpolation: 0,interpolation_duration: 1}
data modify entity @s data merge value {"cameras":{},"locators":{"hitbox":{"posx":0.003817896715594349,"posy":2.3990915566094086,"posz":1.1936087029590863,"roty":270.33649696733187,"rotx":20.700311605897163},"hitbox2":{"posx":-0.0897335429993748,"posy":2.162488516223557,"posz":1.8991348395461216,"roty":270.33649696733187,"rotx":20.700311605897163}}}