# This file was generated by Animated Java via MC-Build. It is not recommended to edit this file directly.
$data merge entity $(bone_hair_side) {transformation: [-0.999f,0.0083f,0.0432f,-0.3129f,0.0083f,1f,-0.0009f,1.9159f,-0.0432f,-0.0005f,-0.9991f,0.2614f,0f,0f,0f,1f],start_interpolation: 0,interpolation_duration: 1}
$data merge entity $(bone_hair_side1) {transformation: [-0.999f,0.0083f,0.0432f,0.2803f,0.0083f,1f,-0.0009f,1.911f,-0.0432f,-0.0005f,-0.9991f,0.287f,0f,0f,0f,1f],start_interpolation: 0,interpolation_duration: 1}
$data merge entity $(bone_beard) {transformation: [-0.999f,0.0083f,0.0432f,-0.0192f,0.0083f,1f,-0.0009f,1.5949f,-0.0432f,-0.0005f,-0.9991f,0.2816f,0f,0f,0f,1f],start_interpolation: 0,interpolation_duration: 1}
$data merge entity $(bone_head) {transformation: [-0.999f,0.0007f,0.044f,-0.0068f,0.0083f,0.9849f,0.1728f,1.7358f,-0.0432f,0.173f,-0.984f,0.0211f,0f,0f,0f,1f],start_interpolation: 0,interpolation_duration: 1}
$data merge entity $(bone_body) {transformation: [-1.1195f,0.0223f,0.1088f,0f,0.028f,1.1232f,0.0578f,1.0625f,-0.1075f,0.0602f,-1.1182f,0f,0f,0f,0f,1f],start_interpolation: 0,interpolation_duration: 1}
$data merge entity $(bone_left4) {transformation: [-0.995f,-0.0575f,0.0817f,0.3327f,-0.0665f,0.9914f,-0.1131f,1.1542f,-0.0745f,-0.1179f,-0.9902f,0.0698f,0f,0f,0f,1f],start_interpolation: 0,interpolation_duration: 1}
$data merge entity $(bone_left3) {transformation: [-0.9814f,-0.1735f,0.0817f,0.2158f,-0.1821f,0.9768f,-0.1131f,0.029f,-0.0602f,-0.1259f,-0.9902f,0.1887f,0f,0f,0f,1f],start_interpolation: 0,interpolation_duration: 1}
$data merge entity $(bone_scythe) {transformation: [-2.3675f,0.027f,0.1861f,-0.8695f,0.0165f,2.3711f,-0.1344f,1.2177f,-0.1873f,-0.1327f,-2.3639f,-0.0874f,0f,0f,0f,1f],start_interpolation: 0,interpolation_duration: 1}
$data merge entity $(bone_right2) {transformation: [0.0783f,0.9964f,0.0321f,-0.5438f,-0.0566f,0.0366f,-0.9977f,1.2306f,-0.9953f,0.0763f,0.0592f,-0.0468f,0f,0f,0f,1f],start_interpolation: 0,interpolation_duration: 1}
$data merge entity $(bone_right1) {transformation: [-0.6686f,0.7401f,0.0725f,-1.1211f,0.7432f,0.662f,0.097f,0.295f,0.0238f,0.1187f,-0.9926f,-0.1803f,0f,0f,0f,1f],start_interpolation: 0,interpolation_duration: 1}
$data merge entity $(bone_left_leg) {transformation: [-0.9995f,-0.0278f,0.015f,0.125f,-0.0267f,0.9974f,0.0668f,0.75f,-0.0168f,0.0663f,-0.9977f,-0.0062f,0f,0f,0f,1f],start_interpolation: 0,interpolation_duration: 1}
$data merge entity $(bone_right_leg) {transformation: [-1f,0f,0f,-0.125f,0f,0.9977f,0.0682f,0.75f,0f,0.0682f,-0.9977f,-0.0288f,0f,0f,0f,1f],start_interpolation: 0,interpolation_duration: 1}
data modify entity @s data merge value {"cameras":{},"locators":{"scythe_blade":{"posx":-1.5262775166710498,"posy":2.361177186670835,"posz":-0.20409066468457004,"roty":4.500527534623956,"rotx":-3.243540476405109},"scythe_pole":{"posx":-0.8516043109442233,"posy":1.4204228513380648,"posz":-0.0975080862447237,"roty":4.500527534623956,"rotx":-3.243540476405109}}}