# This file was generated by Animated Java via MC-Build. It is not recommended to edit this file directly.
$data merge entity $(bone_hair_side) {transformation: [-0.9935f,-0.0174f,0.1128f,-0.4192f,-0.0039f,0.993f,0.1181f,1.7452f,-0.114f,0.1169f,-0.9866f,0.5587f,0f,0f,0f,1f],start_interpolation: 0,interpolation_duration: 1}
$data merge entity $(bone_hair_side1) {transformation: [-0.9935f,-0.0174f,0.1128f,0.1707f,-0.0039f,0.993f,0.1181f,1.7475f,-0.114f,0.1169f,-0.9866f,0.6264f,0f,0f,0f,1f],start_interpolation: 0,interpolation_duration: 1}
$data merge entity $(bone_beard) {transformation: [-0.9935f,-0.0174f,0.1128f,-0.1195f,-0.0039f,0.993f,0.1181f,1.4291f,-0.114f,0.1169f,-0.9866f,0.5625f,0f,0f,0f,1f],start_interpolation: 0,interpolation_duration: 1}
$data merge entity $(bone_head) {transformation: [-0.9935f,-0.0367f,0.108f,-0.0926f,-0.0039f,0.9574f,0.2888f,1.6001f,-0.114f,0.2865f,-0.9513f,0.3218f,0f,0f,0f,1f],start_interpolation: 0,interpolation_duration: 1}
$data merge entity $(bone_body) {transformation: [-0.9434f,-0.2219f,0.5713f,0f,0.139f,0.9439f,0.5961f,1.0625f,-0.5969f,0.5704f,-0.7641f,0f,0f,0f,0f,1f],start_interpolation: 0,interpolation_duration: 1}
$data merge entity $(bone_left4) {transformation: [0.0982f,0.96f,0.2624f,0.057f,0.6152f,0.1487f,-0.7742f,1.1965f,-0.7823f,0.2375f,-0.5759f,0.6238f,0f,0f,0f,1f],start_interpolation: 0,interpolation_duration: 1}
$data merge entity $(bone_left3) {transformation: [-0.8769f,0.4026f,0.2624f,-0.6574f,0.0577f,0.6302f,-0.7742f,0.5252f,-0.4771f,-0.6638f,-0.5759f,1.2007f,0f,0f,0f,1f],start_interpolation: 0,interpolation_duration: 1}
$data merge entity $(bone_scythe) {transformation: [-1.12f,1.9822f,0.676f,-0.6332f,0.3864f,0.949f,-2.1426f,1.5279f,-2.0583f,-0.9004f,-0.7701f,-0.4954f,0f,0f,0f,1f],start_interpolation: 0,interpolation_duration: 1}
$data merge entity $(bone_right2) {transformation: [0.2846f,0.5076f,-0.8132f,-0.4711f,-0.9021f,-0.1451f,-0.4063f,1.4944f,-0.3242f,0.8493f,0.4166f,-0.2117f,0f,0f,0f,1f],start_interpolation: 0,interpolation_duration: 1}
$data merge entity $(bone_right1) {transformation: [0.0103f,0.5075f,0.8616f,-1.0136f,0.9786f,-0.1821f,0.0956f,1.3821f,0.2055f,0.8422f,-0.4985f,-1.1707f,0f,0f,0f,1f],start_interpolation: 0,interpolation_duration: 1}
$data merge entity $(bone_left_leg) {transformation: [-0.9626f,-0.2708f,-0.0074f,0.125f,-0.2284f,0.7965f,0.5599f,0.75f,-0.1457f,0.5406f,-0.8286f,-0.0842f,0f,0f,0f,1f],start_interpolation: 0,interpolation_duration: 1}
$data merge entity $(bone_right_leg) {transformation: [-1f,0f,0f,-0.125f,0f,0.8285f,0.5601f,0.75f,0f,0.5601f,-0.8285f,-0.2028f,0f,0f,0f,1f],start_interpolation: 0,interpolation_duration: 1}
data modify entity @s data merge value {"cameras":{},"locators":{"scythe_blade":{"posx":0.0019314412093537348,"posy":2.093051209061315,"posz":-1.510166667407663,"roty":41.277003027566394,"rotx":-64.44024860532181},"scythe_pole":{"posx":-0.45629649917322745,"posy":1.6065673247525338,"posz":-0.5588922143918269,"roty":41.277003027566394,"rotx":-64.44024860532181}}}