# This file was generated by Animated Java via MC-Build. It is not recommended to edit this file directly.
$data merge entity $(bone_hair_side) {transformation: [-0.9998f,-0.0003f,0.0197f,-0.3176f,-0.0006f,0.9999f,-0.0162f,1.7893f,-0.0197f,-0.0162f,-0.9997f,0.5586f,0f,0f,0f,1f],start_interpolation: 0,interpolation_duration: 1}
$data merge entity $(bone_hair_side1) {transformation: [-0.9998f,-0.0003f,0.0197f,0.276f,-0.0006f,0.9999f,-0.0162f,1.7896f,-0.0197f,-0.0162f,-0.9997f,0.5703f,0f,0f,0f,1f],start_interpolation: 0,interpolation_duration: 1}
$data merge entity $(bone_beard) {transformation: [-0.9998f,-0.0003f,0.0197f,-0.0209f,-0.0006f,0.9999f,-0.0162f,1.471f,-0.0197f,-0.0162f,-0.9997f,0.5768f,0f,0f,0f,1f],start_interpolation: 0,interpolation_duration: 1}
$data merge entity $(bone_head) {transformation: [-0.9998f,-0.0037f,0.0194f,-0.0158f,-0.0006f,0.9875f,0.1577f,1.6079f,-0.0197f,0.1577f,-0.9873f,0.3139f,0f,0f,0f,1f],start_interpolation: 0,interpolation_duration: 1}
$data merge entity $(bone_body) {transformation: [-1.1195f,-0.0276f,0.1076f,0f,0.028f,0.9843f,0.544f,1.0625f,-0.1075f,0.5441f,-0.9788f,0f,0f,0f,0f,1f],start_interpolation: 0,interpolation_duration: 1}
$data merge entity $(bone_left4) {transformation: [0.0683f,0.9481f,0.3107f,0.084f,0.7292f,0.1651f,-0.6641f,1.1664f,-0.6809f,0.2719f,-0.6801f,0.6458f,0f,0f,0f,1f],start_interpolation: 0,interpolation_duration: 1}
$data merge entity $(bone_left3) {transformation: [-0.8933f,0.3248f,0.3107f,-0.5504f,0.0405f,0.7466f,-0.6641f,0.3625f,-0.4476f,-0.5806f,-0.6801f,1.141f,0f,0f,0f,1f],start_interpolation: 0,interpolation_duration: 1}
$data merge entity $(bone_scythe) {transformation: [-0.8822f,1.3228f,0.6248f,-0.659f,0.2917f,0.874f,-1.4385f,1.5204f,-1.4335f,-0.6362f,-0.6773f,-0.4199f,0f,0f,0f,1f],start_interpolation: 0,interpolation_duration: 1}
$data merge entity $(bone_right2) {transformation: [0.3657f,0.5497f,-0.751f,-0.4843f,-0.8421f,-0.1483f,-0.5186f,1.4849f,-0.3964f,0.8221f,0.4087f,-0.144f,0f,0f,0f,1f],start_interpolation: 0,interpolation_duration: 1}
$data merge entity $(bone_right1) {transformation: [-0.0239f,0.5498f,0.835f,-1.061f,0.9801f,-0.1517f,0.1279f,1.3399f,0.197f,0.8214f,-0.5352f,-1.0783f,0f,0f,0f,1f],start_interpolation: 0,interpolation_duration: 1}
$data merge entity $(bone_left_leg) {transformation: [-0.9656f,-0.26f,-0.0007f,0.125f,-0.2192f,0.813f,0.5394f,0.75f,-0.1397f,0.521f,-0.842f,-0.1232f,0f,0f,0f,1f],start_interpolation: 0,interpolation_duration: 1}
$data merge entity $(bone_right_leg) {transformation: [-1f,0f,0f,-0.125f,0f,0.842f,0.5395f,0.75f,0f,0.5395f,-0.842f,-0.1946f,0f,0f,0f,1f],start_interpolation: 0,interpolation_duration: 1}
data modify entity @s data merge value {"cameras":{},"locators":{"hitbox":{"posx":0.20000473415304587,"posy":2.112003061414148,"posz":-0.8840296280927478,"roty":42.692522188553085,"rotx":-57.3588286678659},"hitbox2":{"posx":-0.18731824446305306,"posy":2.2400744116658458,"posz":-1.513377417062138,"roty":42.692522188553085,"rotx":-57.3588286678659}}}