# This file was generated by Animated Java via MC-Build. It is not recommended to edit this file directly.
$data merge entity $(bone_hair_side) {transformation: [-0.998f,0.031f,0.0542f,-0.2967f,0.0264f,0.9961f,-0.0841f,1.8153f,-0.0566f,-0.0825f,-0.995f,0.5332f,0f,0f,0f,1f],start_interpolation: 0,interpolation_duration: 1}
$data merge entity $(bone_hair_side1) {transformation: [-0.998f,0.031f,0.0542f,0.2959f,0.0264f,0.9961f,-0.0841f,1.7996f,-0.0566f,-0.0825f,-0.995f,0.5668f,0f,0f,0f,1f],start_interpolation: 0,interpolation_duration: 1}
$data merge entity $(bone_beard) {transformation: [-0.998f,0.031f,0.0542f,-0.0107f,0.0264f,0.9961f,-0.0841f,1.4907f,-0.0566f,-0.0825f,-0.995f,0.5835f,0f,0f,0f,1f],start_interpolation: 0,interpolation_duration: 1}
$data merge entity $(bone_head) {transformation: [-0.998f,0.0212f,0.0588f,0.0078f,0.0264f,0.9956f,0.0901f,1.6094f,-0.0566f,0.0915f,-0.9942f,0.3125f,0f,0f,0f,1f],start_interpolation: 0,interpolation_duration: 1}
$data merge entity $(bone_body) {transformation: [-1.1248f,0.0202f,0.0094f,0f,0.0223f,1.011f,0.4929f,1.0625f,0.0004f,0.493f,-1.0112f,0f,0f,0f,0f,1f],start_interpolation: 0,interpolation_duration: 1}
$data merge entity $(bone_left4) {transformation: [0.3123f,0.9083f,0.2783f,0.0441f,0.6913f,-0.0164f,-0.7224f,1.1797f,-0.6516f,0.418f,-0.633f,0.7016f,0f,0f,0f,1f],start_interpolation: 0,interpolation_duration: 1}
$data merge entity $(bone_left3) {transformation: [-0.8364f,0.4721f,0.2783f,-0.7337f,0.1417f,0.6768f,-0.7224f,0.4837f,-0.5294f,-0.5648f,-0.633f,1.1539f,0f,0f,0f,1f],start_interpolation: 0,interpolation_duration: 1}
$data merge entity $(bone_aura) {transformation: [-0.7148f,2.0224f,1.0196f,-0.0696f,0.4689f,1.1782f,-2.0081f,2.2959f,-2.2158f,-0.4031f,-0.7539f,-1.8822f,0f,0f,0f,1f],start_interpolation: 0,interpolation_duration: 1}
$data merge entity $(bone_scythe) {transformation: [-0.5142f,1.4547f,0.7334f,-0.5261f,0.3373f,0.8475f,-1.4445f,1.5407f,-1.5938f,-0.2899f,-0.5423f,-0.488f,0f,0f,0f,1f],start_interpolation: 0,interpolation_duration: 1}
$data merge entity $(bone_right2) {transformation: [0.4293f,0.3378f,-0.8376f,-0.422f,-0.8455f,-0.1756f,-0.5042f,1.4963f,-0.3174f,0.9247f,0.2102f,-0.1796f,0f,0f,0f,1f],start_interpolation: 0,interpolation_duration: 1}
$data merge entity $(bone_right1) {transformation: [-0.0274f,0.3378f,0.9408f,-0.7724f,0.9802f,-0.1756f,0.0916f,1.3766f,0.1962f,0.9247f,-0.3263f,-1.2234f,0f,0f,0f,1f],start_interpolation: 0,interpolation_duration: 1}
$data merge entity $(bone_left_leg) {transformation: [-0.9659f,-0.2588f,0f,0.125f,-0.2183f,0.8147f,0.5373f,0.75f,-0.1391f,0.519f,-0.8434f,-0.1391f,0f,0f,0f,1f],start_interpolation: 0,interpolation_duration: 1}
data modify entity @s data merge value {"cameras":{},"locators":{"scythe_blade":{"posx":0.24294958766992036,"posy":2.2391916868791624,"posz":-1.308376529279836,"roty":53.52076669887225,"rotx":-57.72917828420097},"scythe_pole":{"posx":-0.348447266081155,"posy":1.6383802039635509,"posz":-0.5078530609354832,"roty":53.52076669887225,"rotx":-57.72917828420097}}}