# This file was generated by Animated Java via MC-Build. It is not recommended to edit this file directly.
$data merge entity $(bone_hair_side) {transformation: [-0.9979f,0.0287f,0.0588f,-0.3046f,0.0245f,0.9971f,-0.0714f,1.8117f,-0.0607f,-0.0698f,-0.9957f,0.5344f,0f,0f,0f,1f],start_interpolation: 0,interpolation_duration: 1}
$data merge entity $(bone_hair_side1) {transformation: [-0.9979f,0.0287f,0.0588f,0.2879f,0.0245f,0.9971f,-0.0714f,1.7971f,-0.0607f,-0.0698f,-0.9957f,0.5705f,0f,0f,0f,1f],start_interpolation: 0,interpolation_duration: 1}
$data merge entity $(bone_beard) {transformation: [-0.9979f,0.0287f,0.0588f,-0.0179f,0.0245f,0.9971f,-0.0714f,1.4872f,-0.0607f,-0.0698f,-0.9957f,0.5819f,0f,0f,0f,1f],start_interpolation: 0,interpolation_duration: 1}
$data merge entity $(bone_head) {transformation: [-0.9979f,0.0181f,0.0629f,0.0014f,0.0245f,0.9944f,0.1028f,1.6094f,-0.0607f,0.1041f,-0.9927f,0.3125f,0f,0f,0f,1f],start_interpolation: 0,interpolation_duration: 1}
$data merge entity $(bone_body) {transformation: [-1.1238f,0.0097f,0.0507f,0f,0.0314f,1.0056f,0.5033f,1.0625f,-0.041f,0.5042f,-1.0048f,0f,0f,0f,0f,1f],start_interpolation: 0,interpolation_duration: 1}
$data merge entity $(bone_left4) {transformation: [0.2881f,0.9172f,0.2751f,0.0455f,0.6859f,0.0028f,-0.7277f,1.1815f,-0.6682f,0.3983f,-0.6283f,0.6919f,0f,0f,0f,1f],start_interpolation: 0,interpolation_duration: 1}
$data merge entity $(bone_left3) {transformation: [-0.8405f,0.4669f,0.2751f,-0.7278f,0.1354f,0.6724f,-0.7277f,0.4883f,-0.5247f,-0.5743f,-0.6283f,1.1561f,0f,0f,0f,1f],start_interpolation: 0,interpolation_duration: 1}
$data merge entity $(bone_scythe) {transformation: [-0.5431f,1.4512f,0.7193f,-0.5368f,0.3342f,0.8428f,-1.4479f,1.5393f,-1.5848f,-0.3196f,-0.5519f,-0.4917f,0f,0f,0f,1f],start_interpolation: 0,interpolation_duration: 1}
$data merge entity $(bone_right2) {transformation: [0.4211f,0.3547f,-0.8348f,-0.427f,-0.8475f,-0.1739f,-0.5014f,1.4955f,-0.3231f,0.9187f,0.2274f,-0.1852f,0f,0f,0f,1f],start_interpolation: 0,interpolation_duration: 1}
$data merge entity $(bone_right1) {transformation: [-0.0274f,0.3547f,0.9346f,-0.7952f,0.9802f,-0.1739f,0.0948f,1.374f,0.1962f,0.9187f,-0.3429f,-1.2226f,0f,0f,0f,1f],start_interpolation: 0,interpolation_duration: 1}
$data merge entity $(bone_left_leg) {transformation: [-0.9659f,-0.2588f,0f,0.125f,-0.2183f,0.8147f,0.5373f,0.75f,-0.1391f,0.519f,-0.8434f,-0.1327f,0f,0f,0f,1f],start_interpolation: 0,interpolation_duration: 1}