# This file was generated by Animated Java via MC-Build. It is not recommended to edit this file directly.
$data merge entity $(bone_hair_side) {transformation: [-0.9062f,-0.1141f,-0.4072f,-0.1861f,-0.1458f,0.9882f,0.0475f,-0.7081f,0.3969f,0.1024f,-0.9121f,0.6796f,0f,0f,0f,1f],start_interpolation: 0,interpolation_duration: 1}
$data merge entity $(bone_hair_side1) {transformation: [-0.9062f,-0.1141f,-0.4072f,0.352f,-0.1458f,0.9882f,0.0475f,-0.6215f,0.3969f,0.1024f,-0.9121f,0.444f,0f,0f,0f,1f],start_interpolation: 0,interpolation_duration: 1}
$data merge entity $(bone_beard) {transformation: [-0.9062f,-0.1141f,-0.4072f,0.1223f,-0.1458f,0.9882f,0.0475f,-0.98f,0.3969f,0.1024f,-0.9121f,0.5358f,0f,0f,0f,1f],start_interpolation: 0,interpolation_duration: 1}
$data merge entity $(bone_head) {transformation: [-0.9062f,-0.0417f,-0.4208f,0f,-0.1458f,0.9649f,0.2184f,-0.8281f,0.3969f,0.2592f,-0.8805f,0.3125f,0f,0f,0f,1f],start_interpolation: 0,interpolation_duration: 1}
$data merge entity $(bone_body) {transformation: [-1.055f,-0.0151f,-0.3903f,0f,-0.2109f,0.9683f,0.5325f,-1.375f,0.3288f,0.5725f,-0.9109f,0f,0f,0f,0f,1f],start_interpolation: 0,interpolation_duration: 1}
$data merge entity $(bone_left4) {transformation: [-0.9744f,0.2143f,0.0674f,0.3639f,0.1864f,0.9387f,-0.2899f,-1.2199f,-0.1254f,-0.2699f,-0.9547f,0.3395f,0f,0f,0f,1f],start_interpolation: 0,interpolation_duration: 1}
$data merge entity $(bone_left3) {transformation: [-0.7424f,-0.6665f,0.0674f,0.8609f,-0.6538f,0.699f,-0.2899f,-2.1887f,0.1461f,-0.2593f,-0.9547f,0.6687f,0f,0f,0f,1f],start_interpolation: 0,interpolation_duration: 1}
$data merge entity $(bone_aura) {transformation: [-2.0688f,-1.1125f,-0.3508f,-2.4723f,-0.3216f,1.2304f,-2.0058f,-0.769f,1.1213f,-1.6997f,-1.2224f,0.4702f,0f,0f,0f,1f],start_interpolation: 0,interpolation_duration: 1}
$data merge entity $(bone_scythe) {transformation: [-1.4881f,-0.8002f,-0.2523f,-0.8606f,-0.2313f,0.885f,-1.4428f,-1.1093f,0.8065f,-1.2226f,-0.8793f,0.5662f,0f,0f,0f,1f],start_interpolation: 0,interpolation_duration: 1}
$data merge entity $(bone_right2) {transformation: [-0.169f,0.8881f,0.4274f,-0.5665f,-0.8199f,0.1139f,-0.5611f,-1.0591f,-0.547f,-0.4452f,0.7089f,0.4286f,0f,0f,0f,1f],start_interpolation: 0,interpolation_duration: 1}
$data merge entity $(bone_right1) {transformation: [-0.0274f,0.8881f,-0.4588f,-1.5016f,0.9802f,0.1139f,0.162f,-1.4865f,0.1962f,-0.4452f,-0.8737f,0.8404f,0f,0f,0f,1f],start_interpolation: 0,interpolation_duration: 1}
execute on vehicle unless entity @s[tag=aj.transforms_only] positioned ^-1.9801474193 ^-0.6093586559 ^0.0670652809 rotated ~343.989912278 ~-57.6243775992 run function animated_java:lich/animations/dash/zzz/frames/24_locator_commands
execute on vehicle unless entity @s[tag=aj.transforms_only] positioned ^-0.9421403159 ^-1.0019584278 ^0.4134309436 rotated ~343.989912278 ~-57.6243775992 run function animated_java:lich/animations/dash/zzz/frames/24_locator_commands
data modify entity @s data merge value {"cameras":{},"locators":{"scythe_blade":{"posx":-1.9801474193312258,"posy":-0.6093586559267639,"posz":0.06706528086934221,"roty":343.9899122780189,"rotx":-57.62437759924491},"scythe_pole":{"posx":-0.9421403158856112,"posy":-1.001958427797899,"posz":0.4134309436062531,"roty":343.9899122780189,"rotx":-57.62437759924491}}}
execute on vehicle unless entity @s[tag=aj.transforms_only] at @s run function animated_java:lich/animations/dash/zzz/frames/24_root_commands