# This file was generated by Animated Java via MC-Build. It is not recommended to edit this file directly.
$data merge entity $(bone_hair_side) {transformation: [-0.7521f,-0.127f,-0.6467f,-0.0819f,-0.2039f,0.978f,0.045f,1.711f,0.6268f,0.1657f,-0.7614f,0.7209f,0f,0f,0f,1f],start_interpolation: 0,interpolation_duration: 1}
$data merge entity $(bone_hair_side1) {transformation: [-0.7521f,-0.127f,-0.6467f,0.3646f,-0.2039f,0.978f,0.045f,1.832f,0.6268f,0.1657f,-0.7614f,0.3488f,0f,0f,0f,1f],start_interpolation: 0,interpolation_duration: 1}
$data merge entity $(bone_beard) {transformation: [-0.7521f,-0.127f,-0.6467f,0.1865f,-0.2039f,0.978f,0.045f,1.4596f,0.6268f,0.1657f,-0.7614f,0.4876f,0f,0f,0f,1f],start_interpolation: 0,interpolation_duration: 1}
$data merge entity $(bone_head) {transformation: [-0.7521f,-0.0128f,-0.659f,0f,-0.2039f,0.9553f,0.2141f,1.6094f,0.6268f,0.2954f,-0.721f,0.3125f,0f,0f,0f,1f],start_interpolation: 0,interpolation_duration: 1}
$data merge entity $(bone_body) {transformation: [-0.9388f,-0.0053f,-0.6199f,0f,-0.3188f,0.9689f,0.4746f,1.0625f,0.5316f,0.5717f,-0.81f,0f,0f,0f,0f,1f],start_interpolation: 0,interpolation_duration: 1}
$data merge entity $(bone_left4) {transformation: [-0.8314f,-0.5244f,-0.1838f,0.4465f,-0.3868f,0.7837f,-0.4861f,1.3464f,0.3989f,-0.333f,-0.8544f,0.1149f,0f,0f,0f,1f],start_interpolation: 0,interpolation_duration: 1}
$data merge entity $(bone_left3) {transformation: [-0.2887f,-0.9396f,-0.1838f,1.384f,-0.8042f,0.3421f,-0.4861f,0.7209f,0.5196f,0.0075f,-0.8544f,0.2691f,0f,0f,0f,1f],start_interpolation: 0,interpolation_duration: 1}
$data merge entity $(bone_scythe) {transformation: [-0.0784f,-1.6149f,-0.5517f,-0.3633f,-0.4022f,0.5542f,-1.5651f,1.2577f,1.6585f,0.058f,-0.4056f,1.0167f,0f,0f,0f,1f],start_interpolation: 0,interpolation_duration: 1}
$data merge entity $(bone_right2) {transformation: [-0.394f,0.1305f,0.9098f,-0.3143f,-0.8888f,0.1981f,-0.4133f,1.3366f,-0.2341f,-0.9715f,0.0379f,0.7016f,0f,0f,0f,1f],start_interpolation: 0,interpolation_duration: 1}
$data merge entity $(bone_right1) {transformation: [-0.0274f,0.1305f,-0.9911f,-0.4444f,0.9802f,0.1981f,-0.001f,0.8198f,0.1962f,-0.9715f,-0.1333f,1.6725f,0f,0f,0f,1f],start_interpolation: 0,interpolation_duration: 1}