# This file was generated by Animated Java via MC-Build. It is not recommended to edit this file directly.
$data merge entity $(bone_hair_side) {transformation: [-0.5666f,-0.1105f,-0.8165f,0.0191f,-0.2131f,0.9769f,0.0156f,-0.722f,0.7959f,0.1829f,-0.5771f,0.7275f,0f,0f,0f,1f],start_interpolation: 0,interpolation_duration: 1}
$data merge entity $(bone_hair_side1) {transformation: [-0.5666f,-0.1105f,-0.8165f,0.3555f,-0.2131f,0.9769f,0.0156f,-0.5955f,0.7959f,0.1829f,-0.5771f,0.2549f,0f,0f,0f,1f],start_interpolation: 0,interpolation_duration: 1}
$data merge entity $(bone_beard) {transformation: [-0.5666f,-0.1105f,-0.8165f,0.2285f,-0.2131f,0.9769f,0.0156f,-0.9701f,0.7959f,0.1829f,-0.5771f,0.4371f,0f,0f,0f,1f],start_interpolation: 0,interpolation_duration: 1}
$data merge entity $(bone_head) {transformation: [-0.5666f,0.0329f,-0.8233f,0f,-0.2131f,0.9593f,0.185f,-0.8281f,0.7959f,0.2803f,-0.5366f,0.3125f,0f,0f,0f,1f],start_interpolation: 0,interpolation_duration: 1}
$data merge entity $(bone_body) {transformation: [-0.7967f,0.006f,-0.7943f,0f,-0.3799f,0.9851f,0.3884f,-1.375f,0.6976f,0.5432f,-0.6956f,0f,0f,0f,0f,1f],start_interpolation: 0,interpolation_duration: 1}
$data merge entity $(bone_left4) {transformation: [-0.4073f,-0.8978f,-0.1676f,0.4636f,-0.495f,0.3713f,-0.7856f,-0.9904f,0.7675f,-0.237f,-0.5956f,-0.063f,0f,0f,0f,1f],start_interpolation: 0,interpolation_duration: 1}
$data merge entity $(bone_left3) {transformation: [0.068f,-0.9835f,-0.1676f,1.5605f,-0.612f,0.0916f,-0.7856f,-1.2818f,0.788f,0.156f,-0.5956f,0.0126f,0f,0f,0f,1f],start_interpolation: 0,interpolation_duration: 1}
$data merge entity $(bone_aura) {transformation: [1.811f,-1.4398f,-0.5366f,0.5619f,-0.391f,0.3703f,-2.3131f,-1.2094f,1.4859f,1.8522f,0.0453f,2.5652f,0f,0f,0f,1f],start_interpolation: 0,interpolation_duration: 1}
$data merge entity $(bone_scythe) {transformation: [1.3027f,-1.0356f,-0.386f,0.1673f,-0.2813f,0.2664f,-1.6638f,-1.1492f,1.0688f,1.3323f,0.0326f,0.9642f,0f,0f,0f,1f],start_interpolation: 0,interpolation_duration: 1}
$data merge entity $(bone_right2) {transformation: [-0.2874f,-0.6733f,0.6813f,-0.0491f,-0.9526f,0.127f,-0.2764f,-1.0927f,0.0996f,-0.7284f,-0.6778f,0.7236f,0f,0f,0f,1f],start_interpolation: 0,interpolation_duration: 1}
$data merge entity $(bone_right1) {transformation: [-0.0274f,-0.6733f,-0.7389f,0.6748f,0.9802f,0.127f,-0.152f,-1.5339f,0.1962f,-0.7284f,0.6564f,1.4363f,0f,0f,0f,1f],start_interpolation: 0,interpolation_duration: 1}
execute on vehicle unless entity @s[tag=aj.transforms_only] positioned ^-0.0118272717 ^-1.0820022057 ^2.2741039566 rotated ~265.173916466 ~-76.8939578079 run function animated_java:lich/animations/dash/zzz/frames/26_locator_commands
execute on vehicle unless entity @s[tag=aj.transforms_only] positioned ^0.0322610815 ^-1.1149764725 ^1.1128411032 rotated ~265.173916466 ~-76.8939578079 run function animated_java:lich/animations/dash/zzz/frames/26_locator_commands
data modify entity @s data merge value {"cameras":{},"locators":{"scythe_blade":{"posx":-0.011827271729034472,"posy":-1.0820022057126122,"posz":2.2741039566177683,"roty":265.17391646599754,"rotx":-76.89395780786126},"scythe_pole":{"posx":0.032261081475198766,"posy":-1.1149764725452862,"posz":1.1128411031523757,"roty":265.17391646599754,"rotx":-76.89395780786126}}}
execute on vehicle unless entity @s[tag=aj.transforms_only] at @s run function animated_java:lich/animations/dash/zzz/frames/26_root_commands