# This file was generated by Animated Java via MC-Build. It is not recommended to edit this file directly.
$data merge entity $(bone_hair_side) {transformation: [-0.4251f,-0.0925f,-0.9004f,0.0856f,-0.192f,0.9813f,-0.0102f,-0.7084f,0.8846f,0.1685f,-0.4349f,0.7152f,0f,0f,0f,1f],start_interpolation: 0,interpolation_duration: 1}
$data merge entity $(bone_hair_side1) {transformation: [-0.4251f,-0.0925f,-0.9004f,0.338f,-0.192f,0.9813f,-0.0102f,-0.5944f,0.8846f,0.1685f,-0.4349f,0.19f,0f,0f,0f,1f],start_interpolation: 0,interpolation_duration: 1}
$data merge entity $(bone_beard) {transformation: [-0.4251f,-0.0925f,-0.9004f,0.2478f,-0.192f,0.9813f,-0.0102f,-0.964f,0.8846f,0.1685f,-0.4349f,0.4021f,0f,0f,0f,1f],start_interpolation: 0,interpolation_duration: 1}
$data merge entity $(bone_head) {transformation: [-0.4251f,0.0653f,-0.9028f,0f,-0.192f,0.9682f,0.1604f,-0.8281f,0.8846f,0.2415f,-0.399f,0.3125f,0f,0f,0f,1f],start_interpolation: 0,interpolation_duration: 1}
$data merge entity $(bone_body) {transformation: [-0.6862f,0.0103f,-0.8915f,0f,-0.3971f,1.0036f,0.3172f,-1.375f,0.7982f,0.5082f,-0.6085f,0f,0f,0f,0f,1f],start_interpolation: 0,interpolation_duration: 1}
$data merge entity $(bone_left4) {transformation: [-0.1815f,-0.9827f,-0.0364f,0.4655f,-0.3582f,0.1006f,-0.9282f,-0.9347f,0.9158f,-0.1555f,-0.3702f,-0.1594f,0f,0f,0f,1f],start_interpolation: 0,interpolation_duration: 1}
$data merge entity $(bone_left3) {transformation: [0.1655f,-0.9855f,-0.0364f,1.5951f,-0.371f,-0.028f,-0.9282f,-1.02f,0.9138f,0.1672f,-0.3702f,-0.0567f,0f,0f,0f,1f],start_interpolation: 0,interpolation_duration: 1}
$data merge entity $(bone_aura) {transformation: [2.3643f,-0.1548f,-0.1634f,1.612f,-0.146f,0.2575f,-2.3565f,-1.0633f,0.1713f,2.3559f,0.2468f,1.8063f,0f,0f,0f,1f],start_interpolation: 0,interpolation_duration: 1}
$data merge entity $(bone_scythe) {transformation: [1.7006f,-0.1114f,-0.1175f,0.3706f,-0.105f,0.1852f,-1.695f,-1.091f,0.1232f,1.6946f,0.1775f,0.7196f,0f,0f,0f,1f],start_interpolation: 0,interpolation_duration: 1}
$data merge entity $(bone_right2) {transformation: [-0.0762f,-0.9706f,0.2283f,0.0533f,-0.9716f,0.0209f,-0.2357f,-1.069f,0.224f,-0.2398f,-0.9446f,0.6374f,0f,0f,0f,1f],start_interpolation: 0,interpolation_duration: 1}
$data merge entity $(bone_right1) {transformation: [-0.0274f,-0.9706f,-0.2391f,1.0931f,0.9802f,0.0209f,-0.197f,-1.3975f,0.1962f,-0.2398f,0.9508f,0.8309f,0f,0f,0f,1f],start_interpolation: 0,interpolation_duration: 1}
execute on vehicle unless entity @s[tag=aj.transforms_only] positioned ^0.9650966378 ^-1.0086890765 ^1.8995559218 rotated ~213.5068137819 ~-82.84109985 run function animated_java:lich/animations/dash/zzz/frames/27_locator_commands
execute on vehicle unless entity @s[tag=aj.transforms_only] positioned ^0.3418017788 ^-1.0680601365 ^0.9199942362 rotated ~213.5068137819 ~-82.84109985 run function animated_java:lich/animations/dash/zzz/frames/27_locator_commands
data modify entity @s data merge value {"cameras":{},"locators":{"scythe_blade":{"posx":0.9650966377978248,"posy":-1.0086890765438394,"posz":1.899555921821963,"roty":213.5068137819057,"rotx":-82.8410998499612},"scythe_pole":{"posx":0.34180177884085294,"posy":-1.0680601365253133,"posz":0.9199942361510272,"roty":213.5068137819057,"rotx":-82.8410998499612}}}
execute on vehicle unless entity @s[tag=aj.transforms_only] at @s run function animated_java:lich/animations/dash/zzz/frames/27_root_commands