# This file was generated by Animated Java via MC-Build. It is not recommended to edit this file directly.
$data merge entity $(bone_hair_side) {transformation: [-0.3177f,-0.0809f,-0.9447f,0.1307f,-0.1619f,0.9863f,-0.03f,-0.6982f,0.9343f,0.1434f,-0.3265f,0.7096f,0f,0f,0f,1f],start_interpolation: 0,interpolation_duration: 1}
$data merge entity $(bone_hair_side1) {transformation: [-0.3177f,-0.0809f,-0.9447f,0.3194f,-0.1619f,0.9863f,-0.03f,-0.6021f,0.9343f,0.1434f,-0.3265f,0.1549f,0f,0f,0f,1f],start_interpolation: 0,interpolation_duration: 1}
$data merge entity $(bone_beard) {transformation: [-0.3177f,-0.0809f,-0.9447f,0.2577f,-0.1619f,0.9863f,-0.03f,-0.9642f,0.9343f,0.1434f,-0.3265f,0.3889f,0f,0f,0f,1f],start_interpolation: 0,interpolation_duration: 1}
$data merge entity $(bone_head) {transformation: [-0.3177f,0.0844f,-0.9444f,0f,-0.1619f,0.9766f,0.1418f,-0.8328f,0.9343f,0.198f,-0.2966f,0.3241f,0f,0f,0f,1f],start_interpolation: 0,interpolation_duration: 1}
$data merge entity $(bone_body) {transformation: [-0.601f,0.027f,-0.9506f,0f,-0.3963f,1.0151f,0.2794f,-1.375f,0.8645f,0.4841f,-0.5328f,0f,0f,0f,0f,1f],start_interpolation: 0,interpolation_duration: 1}
$data merge entity $(bone_left4) {transformation: [-0.138f,-0.9857f,0.0972f,0.4601f,-0.2318f,-0.0633f,-0.9707f,-0.8931f,0.9629f,-0.1565f,-0.2197f,-0.1982f,0f,0f,0f,1f],start_interpolation: 0,interpolation_duration: 1}
$data merge entity $(bone_left3) {transformation: [0.1505f,-0.9838f,0.0972f,1.5832f,-0.2039f,-0.1271f,-0.9707f,-0.8178f,0.9674f,0.1263f,-0.2197f,-0.034f,0f,0f,0f,1f],start_interpolation: 0,interpolation_duration: 1}
$data merge entity $(bone_aura) {transformation: [2.2328f,0.8084f,-0.0425f,1.9652f,-0.0898f,0.1235f,-2.3701f,-1.0737f,-0.8045f,2.2298f,0.1467f,1.0187f,0f,0f,0f,1f],start_interpolation: 0,interpolation_duration: 1}
$data merge entity $(bone_scythe) {transformation: [1.606f,0.5815f,-0.0306f,0.3909f,-0.0646f,0.0889f,-1.7048f,-1.076f,-0.5787f,1.6039f,0.1055f,0.5244f,0f,0f,0f,1f],start_interpolation: 0,interpolation_duration: 1}
$data merge entity $(bone_right2) {transformation: [0.0283f,-0.9887f,-0.1473f,0.0661f,-0.9817f,0.0002f,-0.1904f,-1.0606f,0.1883f,0.15f,-0.9706f,0.5707f,0f,0f,0f,1f],start_interpolation: 0,interpolation_duration: 1}
$data merge entity $(bone_right1) {transformation: [0.0017f,-0.9891f,0.1469f,1.1165f,0.9791f,-0.0282f,-0.2014f,-1.3366f,0.2033f,0.1442f,0.9684f,0.3539f,0f,0f,0f,1f],start_interpolation: 0,interpolation_duration: 1}
$data merge entity $(bone_left_leg) {transformation: [-0.9634f,-0.2681f,-0.0057f,0.125f,-0.2261f,0.8007f,0.5548f,-1.6875f,-0.1442f,0.5357f,-0.832f,-0.1359f,0f,0f,0f,1f],start_interpolation: 0,interpolation_duration: 1}
$data merge entity $(bone_right_leg) {transformation: [-1f,0f,0f,-0.125f,0f,0.8319f,0.5549f,-1.6875f,0f,0.5549f,-0.8319f,-0.2007f,0f,0f,0f,1f],start_interpolation: 0,interpolation_duration: 1}
data modify entity @s data merge value {"cameras":{},"locators":{"scythe_blade":{"posx":1.4107893073811257,"posy":-1.0421221105193754,"posz":1.3676824326909829,"roty":196.1567205707534,"rotx":-86.3123691541611},"scythe_pole":{"posx":0.44535604001275025,"posy":-1.0648780365357087,"posz":0.7203932592224616,"roty":196.1567205707534,"rotx":-86.3123691541611}}}
execute on vehicle unless entity @s[tag=aj.transforms_only] run function animated_java:lich/variants/default/apply
execute on vehicle unless entity @s[tag=aj.transforms_only] at @s run function animated_java:lich/animations/dash/zzz/frames/28_root_commands