# This file was generated by Animated Java via MC-Build. It is not recommended to edit this file directly.
$data merge entity $(bone_hair_side) {transformation: [-0.9829f,0.0362f,0.1807f,-0.3585f,0.0349f,0.9993f,-0.0108f,-0.5049f,-0.181f,-0.0043f,-0.9835f,0.2807f,0f,0f,0f,1f],start_interpolation: 0,interpolation_duration: 1}
$data merge entity $(bone_hair_side1) {transformation: [-0.9829f,0.0362f,0.1807f,0.2251f,0.0349f,0.9993f,-0.0108f,-0.5256f,-0.181f,-0.0043f,-0.9835f,0.3881f,0f,0f,0f,1f],start_interpolation: 0,interpolation_duration: 1}
$data merge entity $(bone_beard) {transformation: [-0.9829f,0.0362f,0.1807f,-0.0796f,0.0349f,0.9993f,-0.0108f,-0.8336f,-0.181f,-0.0043f,-0.9835f,0.3429f,0f,0f,0f,1f],start_interpolation: 0,interpolation_duration: 1}
$data merge entity $(bone_head) {transformation: [-0.9829f,0.0043f,0.1843f,-0.0273f,0.0349f,0.986f,0.1629f,-0.6953f,-0.181f,0.1665f,-0.9693f,0.0859f,0f,0f,0f,1f],start_interpolation: 0,interpolation_duration: 1}
$data merge entity $(bone_body) {transformation: [-1.0317f,0.0192f,0.4481f,0f,0.1076f,1.1017f,0.2005f,-1.375f,-0.4354f,0.2268f,-1.0122f,0f,0f,0f,0f,1f],start_interpolation: 0,interpolation_duration: 1}
$data merge entity $(bone_left4) {transformation: [-0.8271f,0.5031f,0.2506f,0.2197f,0.3407f,0.8034f,-0.4884f,-1.2755f,-0.4471f,-0.3186f,-0.8358f,0.2782f,0f,0f,0f,1f],start_interpolation: 0,interpolation_duration: 1}
$data merge entity $(bone_left3) {transformation: [-0.9661f,0.0617f,0.2506f,-0.1497f,-0.0712f,0.8697f,-0.4884f,-2.249f,-0.2481f,-0.4897f,-0.8358f,0.7363f,0f,0f,0f,1f],start_interpolation: 0,interpolation_duration: 1}
$data merge entity $(bone_aura) {transformation: [-2.1544f,0.5264f,0.8499f,-1.8326f,0.2102f,2.2125f,-0.8375f,-0.0431f,-0.9773f,-0.6845f,-2.0535f,-1.1631f,0f,0f,0f,1f],start_interpolation: 0,interpolation_duration: 1}
$data merge entity $(bone_scythe) {transformation: [-1.5496f,0.3786f,0.6113f,-0.8637f,0.1512f,1.5914f,-0.6024f,-1.0908f,-0.703f,-0.4923f,-1.4771f,-0.3348f,0f,0f,0f,1f],start_interpolation: 0,interpolation_duration: 1}
$data merge entity $(bone_right2) {transformation: [0.3578f,0.9159f,-0.1819f,-0.5688f,-0.3526f,-0.0478f,-0.9345f,-1.101f,-0.8646f,0.3985f,0.3059f,-0.1905f,0f,0f,0f,1f],start_interpolation: 0,interpolation_duration: 1}
$data merge entity $(bone_right1) {transformation: [-0.4135f,0.8201f,0.3956f,-1.3109f,0.9052f,0.3232f,0.2761f,-1.7273f,0.0986f,0.4722f,-0.876f,-0.7231f,0f,0f,0f,1f],start_interpolation: 0,interpolation_duration: 1}
$data merge entity $(bone_left_leg) {transformation: [-0.9914f,-0.1256f,0.0365f,0.125f,-0.1106f,0.9542f,0.2781f,-1.6875f,-0.0697f,0.2717f,-0.9599f,-0.0062f,0f,0f,0f,1f],start_interpolation: 0,interpolation_duration: 1}
$data merge entity $(bone_right_leg) {transformation: [-1f,0f,0f,-0.125f,0f,0.96f,0.2798f,-1.6875f,0f,0.2798f,-0.96f,-0.1f,0f,0f,0f,1f],start_interpolation: 0,interpolation_duration: 1}
data modify entity @s data merge value {"cameras":{},"locators":{"scythe_blade":{"posx":-1.220366998814074,"posy":0.03120677617527745,"posz":-0.9400283140386824,"roty":22.482392893858986,"rotx":-20.64870303034867},"scythe_pole":{"posx":-0.8045261674935084,"posy":-0.9029867960330986,"posz":-0.38692681101127746,"roty":22.482392893858986,"rotx":-20.64870303034867}}}