# This file was generated by Animated Java via MC-Build. It is not recommended to edit this file directly.
$data merge entity $(bone_hair_side) {transformation: [-0.9829f,0.0362f,0.1807f,-0.3585f,0.0349f,0.9993f,-0.0108f,1.9326f,-0.181f,-0.0043f,-0.9835f,0.2807f,0f,0f,0f,1f],start_interpolation: 0,interpolation_duration: 1}
$data merge entity $(bone_hair_side1) {transformation: [-0.9829f,0.0362f,0.1807f,0.2251f,0.0349f,0.9993f,-0.0108f,1.9119f,-0.181f,-0.0043f,-0.9835f,0.3881f,0f,0f,0f,1f],start_interpolation: 0,interpolation_duration: 1}
$data merge entity $(bone_beard) {transformation: [-0.9829f,0.0362f,0.1807f,-0.0796f,0.0349f,0.9993f,-0.0108f,1.6039f,-0.181f,-0.0043f,-0.9835f,0.3429f,0f,0f,0f,1f],start_interpolation: 0,interpolation_duration: 1}
$data merge entity $(bone_head) {transformation: [-0.9829f,0.0043f,0.1843f,-0.0273f,0.0349f,0.986f,0.1629f,1.7422f,-0.181f,0.1665f,-0.9693f,0.0859f,0f,0f,0f,1f],start_interpolation: 0,interpolation_duration: 1}
$data merge entity $(bone_body) {transformation: [-1.0317f,0.0192f,0.4481f,0f,0.1076f,1.1017f,0.2005f,1.0625f,-0.4354f,0.2268f,-1.0122f,0f,0f,0f,0f,1f],start_interpolation: 0,interpolation_duration: 1}
$data merge entity $(bone_left4) {transformation: [-0.8271f,0.5031f,0.2506f,0.2197f,0.3407f,0.8034f,-0.4884f,1.162f,-0.4471f,-0.3186f,-0.8358f,0.2782f,0f,0f,0f,1f],start_interpolation: 0,interpolation_duration: 1}
$data merge entity $(bone_left3) {transformation: [-0.9661f,0.0617f,0.2506f,-0.1497f,-0.0712f,0.8697f,-0.4884f,0.1885f,-0.2481f,-0.4897f,-0.8358f,0.7363f,0f,0f,0f,1f],start_interpolation: 0,interpolation_duration: 1}
$data merge entity $(bone_scythe) {transformation: [-1.5496f,0.3786f,0.6113f,-0.8637f,0.1512f,1.5914f,-0.6024f,1.3467f,-0.703f,-0.4923f,-1.4771f,-0.3348f,0f,0f,0f,1f],start_interpolation: 0,interpolation_duration: 1}
$data merge entity $(bone_right2) {transformation: [0.3578f,0.9159f,-0.1819f,-0.5688f,-0.3526f,-0.0478f,-0.9345f,1.3365f,-0.8646f,0.3985f,0.3059f,-0.1905f,0f,0f,0f,1f],start_interpolation: 0,interpolation_duration: 1}
$data merge entity $(bone_right1) {transformation: [-0.4135f,0.8201f,0.3956f,-1.3109f,0.9052f,0.3232f,0.2761f,0.7102f,0.0986f,0.4722f,-0.876f,-0.7231f,0f,0f,0f,1f],start_interpolation: 0,interpolation_duration: 1}
$data merge entity $(bone_left_leg) {transformation: [-0.9914f,-0.1256f,0.0365f,0.125f,-0.1106f,0.9542f,0.2781f,0.75f,-0.0697f,0.2717f,-0.9599f,-0.0062f,0f,0f,0f,1f],start_interpolation: 0,interpolation_duration: 1}
$data merge entity $(bone_right_leg) {transformation: [-1f,0f,0f,-0.125f,0f,0.96f,0.2798f,0.75f,0f,0.2798f,-0.96f,-0.1f,0f,0f,0f,1f],start_interpolation: 0,interpolation_duration: 1}