# This file was generated by Animated Java via MC-Build. It is not recommended to edit this file directly.
$data merge entity $(bone_hair_side) {transformation: [-0.4939f,-0.0986f,-0.8639f,0.0548f,-0.2049f,0.9788f,0.0054f,1.7299f,0.845f,0.1797f,-0.5036f,0.7002f,0f,0f,0f,1f],start_interpolation: 0,interpolation_duration: 1}
$data merge entity $(bone_hair_side1) {transformation: [-0.4939f,-0.0986f,-0.8639f,0.348f,-0.2049f,0.9788f,0.0054f,1.8516f,0.845f,0.1797f,-0.5036f,0.1984f,0f,0f,0f,1f],start_interpolation: 0,interpolation_duration: 1}
$data merge entity $(bone_beard) {transformation: [-0.4939f,-0.0986f,-0.8639f,0.2391f,-0.2049f,0.9788f,0.0054f,1.4789f,0.845f,0.1797f,-0.5036f,0.3957f,0f,0f,0f,1f],start_interpolation: 0,interpolation_duration: 1}
$data merge entity $(bone_head) {transformation: [-0.4939f,0.0529f,-0.8679f,0f,-0.2049f,0.963f,0.1753f,1.6185f,0.845f,0.2644f,-0.4647f,0.2898f,0f,0f,0f,1f],start_interpolation: 0,interpolation_duration: 1}
$data merge entity $(bone_body) {transformation: [-0.7401f,-0.0208f,-0.847f,0f,-0.3915f,1.0058f,0.3173f,1.0625f,0.7514f,0.5035f,-0.6689f,0f,0f,0f,0f,1f],start_interpolation: 0,interpolation_duration: 1}
$data merge entity $(bone_left4) {transformation: [-0.1812f,-0.9741f,-0.1349f,0.473f,-0.419f,0.2006f,-0.8855f,1.4733f,0.8897f,-0.104f,-0.4445f,-0.1556f,0f,0f,0f,1f],start_interpolation: 0,interpolation_duration: 1}
$data merge entity $(bone_left3) {transformation: [0.138f,-0.9812f,-0.1349f,1.5893f,-0.461f,0.0569f,-0.8855f,1.267f,0.8766f,0.1844f,-0.4445f,-0.0834f,0f,0f,0f,1f],start_interpolation: 0,interpolation_duration: 1}
$data merge entity $(bone_aura) {transformation: [2.2618f,-0.7106f,-0.1419f,1.2697f,0.0078f,0.4889f,-2.3241f,1.5913f,0.7246f,2.2128f,0.4679f,2.1399f,0f,0f,0f,1f],start_interpolation: 0,interpolation_duration: 1}
$data merge entity $(bone_scythe) {transformation: [1.6269f,-0.5111f,-0.1021f,0.319f,0.0056f,0.3517f,-1.6717f,1.3812f,0.5212f,1.5917f,0.3366f,0.8077f,0f,0f,0f,1f],start_interpolation: 0,interpolation_duration: 1}
$data merge entity $(bone_right2) {transformation: [-0.0932f,-0.8945f,0.4373f,0.0269f,-0.949f,-0.053f,-0.3107f,1.3786f,0.3011f,-0.444f,-0.8439f,0.6573f,0f,0f,0f,1f],start_interpolation: 0,interpolation_duration: 1}
$data merge entity $(bone_right1) {transformation: [-0.0847f,-0.9008f,-0.426f,1.0104f,0.9796f,0.0029f,-0.2008f,1.0694f,0.1821f,-0.4343f,0.8822f,1.0619f,0f,0f,0f,1f],start_interpolation: 0,interpolation_duration: 1}
$data merge entity $(bone_left_leg) {transformation: [-0.9707f,-0.2403f,0.0099f,0.125f,-0.2029f,0.8406f,0.5022f,0.75f,-0.129f,0.4854f,-0.8647f,-0.1222f,0f,0f,0f,1f],start_interpolation: 0,interpolation_duration: 1}
$data merge entity $(bone_right_leg) {transformation: [-1f,0f,0f,-0.125f,0f,0.8648f,0.5021f,0.75f,0f,0.5021f,-0.8648f,-0.1801f,0f,0f,0f,1f],start_interpolation: 0,interpolation_duration: 1}
data modify entity @s data merge value {"cameras":{},"locators":{"scythe_blade":{"posx":0.6175452096680529,"posy":1.6182027674086432,"posz":2.075455020258977,"roty":196.87469975439302,"rotx":-78.11904924401652},"scythe_pole":{"posx":0.24332196588237634,"posy":1.4229718009507633,"posz":0.9922171269287775,"roty":196.87469975439302,"rotx":-78.11904924401652}}}
execute on vehicle unless entity @s[tag=aj.transforms_only] at @s run function animated_java:lich/animations/dash/zzz/frames/31_root_commands