# This file was generated by Animated Java via MC-Build. It is not recommended to edit this file directly.
$data merge entity $(bone_hair_side) {transformation: [-0.5865f,-0.1068f,-0.8029f,0.0104f,-0.2143f,0.9764f,0.0266f,1.734f,0.7811f,0.1877f,-0.5955f,0.6742f,0f,0f,0f,1f],start_interpolation: 0,interpolation_duration: 1}
$data merge entity $(bone_hair_side1) {transformation: [-0.5865f,-0.1068f,-0.8029f,0.3586f,-0.2143f,0.9764f,0.0266f,1.8613f,0.7811f,0.1877f,-0.5955f,0.2104f,0f,0f,0f,1f],start_interpolation: 0,interpolation_duration: 1}
$data merge entity $(bone_beard) {transformation: [-0.5865f,-0.1068f,-0.8029f,0.2244f,-0.2143f,0.9764f,0.0266f,1.4864f,0.7811f,0.1877f,-0.5955f,0.3868f,0f,0f,0f,1f],start_interpolation: 0,interpolation_duration: 1}
$data merge entity $(bone_head) {transformation: [-0.5865f,0.0342f,-0.8092f,0f,-0.2143f,0.957f,0.1958f,1.6312f,0.7811f,0.2882f,-0.5539f,0.2581f,0f,0f,0f,1f],start_interpolation: 0,interpolation_duration: 1}
$data merge entity $(bone_body) {transformation: [-0.812f,-0.06f,-0.7763f,0f,-0.3756f,1.0127f,0.3146f,1.0625f,0.682f,0.4862f,-0.751f,0f,0f,0f,0f,1f],start_interpolation: 0,interpolation_duration: 1}
$data merge entity $(bone_left4) {transformation: [-0.2126f,-0.9429f,-0.2563f,0.48f,-0.5035f,0.3305f,-0.7983f,1.4327f,0.8374f,-0.0406f,-0.5451f,-0.1479f,0f,0f,0f,1f],start_interpolation: 0,interpolation_duration: 1}
$data merge entity $(bone_left3) {transformation: [0.0642f,-0.9645f,-0.2563f,1.5549f,-0.5767f,0.1737f,-0.7983f,1.0625f,0.8144f,0.1991f,-0.5451f,-0.1112f,0f,0f,0f,1f],start_interpolation: 0,interpolation_duration: 1}
$data merge entity $(bone_scythe) {transformation: [1.3598f,-1.0152f,-0.1968f,0.2002f,0.1564f,0.5232f,-1.6187f,1.4232f,1.0222f,1.2704f,0.5094f,0.907f,0f,0f,0f,1f],start_interpolation: 0,interpolation_duration: 1}
$data merge entity $(bone_right2) {transformation: [-0.1744f,-0.7097f,0.6826f,-0.0299f,-0.9119f,-0.1452f,-0.384f,1.3898f,0.3716f,-0.6894f,-0.6218f,0.675f,0f,0f,0f,1f],start_interpolation: 0,interpolation_duration: 1}
$data merge entity $(bone_right1) {transformation: [-0.1645f,-0.739f,-0.6533f,0.8067f,0.9729f,-0.0126f,-0.2308f,1.0992f,0.1623f,-0.6736f,0.7211f,1.3399f,0f,0f,0f,1f],start_interpolation: 0,interpolation_duration: 1}
$data merge entity $(bone_left_leg) {transformation: [-0.9767f,-0.2136f,0.0212f,0.125f,-0.1813f,0.8737f,0.4514f,0.75f,-0.115f,0.437f,-0.8921f,-0.1095f,0f,0f,0f,1f],start_interpolation: 0,interpolation_duration: 1}
$data merge entity $(bone_right_leg) {transformation: [-1f,0f,0f,-0.125f,0f,0.8923f,0.4515f,0.75f,0f,0.4515f,-0.8923f,-0.1611f,0f,0f,0f,1f],start_interpolation: 0,interpolation_duration: 1}
data modify entity @s data merge value {"cameras":{},"locators":{"hitbox":{"posx":-0.44032234814495075,"posy":1.7768469907794384,"posz":1.7833037498302629,"roty":201.11738117155414,"rotx":-71.35697937196667},"hitbox2":{"posx":0.15666351966176514,"posy":1.845518661458934,"posz":2.2320710339376815,"roty":201.11738117155414,"rotx":-71.35697937196667}}}