# This file was generated by Animated Java via MC-Build. It is not recommended to edit this file directly.
$data merge entity $(bone_hair_side) {transformation: [-0.6902f,-0.1141f,-0.7146f,-0.0441f,-0.2124f,0.9759f,0.0492f,-0.6934f,0.6918f,0.1857f,-0.6978f,0.6351f,0f,0f,0f,1f],start_interpolation: 0,interpolation_duration: 1}
$data merge entity $(bone_hair_side1) {transformation: [-0.6902f,-0.1141f,-0.7146f,0.3657f,-0.2124f,0.9759f,0.0492f,-0.5673f,0.6918f,0.1857f,-0.6978f,0.2243f,0f,0f,0f,1f],start_interpolation: 0,interpolation_duration: 1}
$data merge entity $(bone_beard) {transformation: [-0.6902f,-0.1141f,-0.7146f,0.2024f,-0.2124f,0.9759f,0.0492f,-0.9417f,0.6918f,0.1857f,-0.6978f,0.3756f,0f,0f,0f,1f],start_interpolation: 0,interpolation_duration: 1}
$data merge entity $(bone_head) {transformation: [-0.6902f,0.0117f,-0.7235f,0f,-0.2124f,0.9526f,0.218f,-0.7911f,0.6918f,0.3041f,-0.655f,0.2199f,0f,0f,0f,1f],start_interpolation: 0,interpolation_duration: 1}
$data merge entity $(bone_body) {transformation: [-0.8917f,-0.0983f,-0.6789f,0f,-0.345f,1.0265f,0.3046f,-1.375f,0.5929f,0.4497f,-0.8438f,0f,0f,0f,0f,1f],start_interpolation: 0,interpolation_duration: 1}
$data merge entity $(bone_left4) {transformation: [-0.296f,-0.8826f,-0.3653f,0.4832f,-0.5884f,0.4697f,-0.6582f,-1.0527f,0.7525f,0.0201f,-0.6583f,-0.1348f,0f,0f,0f,1f],start_interpolation: 0,interpolation_duration: 1}
$data merge entity $(bone_left3) {transformation: [-0.0725f,-0.9281f,-0.3653f,1.4756f,-0.6849f,0.3126f,-0.6582f,-1.6086f,0.725f,0.2025f,-0.6583f,-0.1298f,0f,0f,0f,1f],start_interpolation: 0,interpolation_duration: 1}
$data merge entity $(bone_aura) {transformation: [1.1526f,-1.9814f,-0.6214f,-0.1962f,0.4025f,0.9103f,-2.1564f,-0.3805f,2.0372f,0.9412f,0.7776f,2.493f,0f,0f,0f,1f],start_interpolation: 0,interpolation_duration: 1}
$data merge entity $(bone_scythe) {transformation: [0.829f,-1.4253f,-0.4469f,0.0011f,0.2895f,0.6548f,-1.5511f,-0.9863f,1.4654f,0.677f,0.5593f,0.9709f,0f,0f,0f,1f],start_interpolation: 0,interpolation_duration: 1}
$data merge entity $(bone_right2) {transformation: [-0.3323f,-0.3937f,0.8571f,-0.1229f,-0.8717f,-0.2189f,-0.4385f,-1.0445f,0.3602f,-0.8928f,-0.2704f,0.6723f,0f,0f,0f,1f],start_interpolation: 0,interpolation_duration: 1}
$data merge entity $(bone_right1) {transformation: [-0.2597f,-0.4661f,-0.8458f,0.4535f,0.9557f,0.0016f,-0.2943f,-1.3448f,0.1385f,-0.8847f,0.4451f,1.569f,0f,0f,0f,1f],start_interpolation: 0,interpolation_duration: 1}
$data merge entity $(bone_left_leg) {transformation: [-0.983f,-0.1808f,0.0307f,0.125f,-0.155f,0.9085f,0.388f,-1.6875f,-0.098f,0.3767f,-0.9211f,-0.0942f,0f,0f,0f,1f],start_interpolation: 0,interpolation_duration: 1}
$data merge entity $(bone_right_leg) {transformation: [-1f,0f,0f,-0.125f,0f,0.9214f,0.3886f,-1.6875f,0f,0.3886f,-0.9214f,-0.1382f,0f,0f,0f,1f],start_interpolation: 0,interpolation_duration: 1}
data modify entity @s data merge value {"cameras":{},"locators":{"scythe_blade":{"posx":-0.6244393056520282,"posy":-0.4352019856558683,"posz":1.9992099444722942,"roty":218.62862222214284,"rotx":-65.22250011165467},"scythe_pole":{"posx":-0.17592557981028512,"posy":-0.9110593381494365,"posz":1.037982750823794,"roty":218.62862222214284,"rotx":-65.22250011165467}}}