# This file was generated by Animated Java via MC-Build. It is not recommended to edit this file directly.
$data merge entity $(bone_hair_side) {transformation: [-0.6902f,-0.1141f,-0.7146f,-0.0441f,-0.2124f,0.9759f,0.0492f,1.7441f,0.6918f,0.1857f,-0.6978f,0.6351f,0f,0f,0f,1f],start_interpolation: 0,interpolation_duration: 1}
$data merge entity $(bone_hair_side1) {transformation: [-0.6902f,-0.1141f,-0.7146f,0.3657f,-0.2124f,0.9759f,0.0492f,1.8702f,0.6918f,0.1857f,-0.6978f,0.2243f,0f,0f,0f,1f],start_interpolation: 0,interpolation_duration: 1}
$data merge entity $(bone_beard) {transformation: [-0.6902f,-0.1141f,-0.7146f,0.2024f,-0.2124f,0.9759f,0.0492f,1.4958f,0.6918f,0.1857f,-0.6978f,0.3756f,0f,0f,0f,1f],start_interpolation: 0,interpolation_duration: 1}
$data merge entity $(bone_head) {transformation: [-0.6902f,0.0117f,-0.7235f,0f,-0.2124f,0.9526f,0.218f,1.6464f,0.6918f,0.3041f,-0.655f,0.2199f,0f,0f,0f,1f],start_interpolation: 0,interpolation_duration: 1}
$data merge entity $(bone_body) {transformation: [-0.8917f,-0.0983f,-0.6789f,0f,-0.345f,1.0265f,0.3046f,1.0625f,0.5929f,0.4497f,-0.8438f,0f,0f,0f,0f,1f],start_interpolation: 0,interpolation_duration: 1}
$data merge entity $(bone_left4) {transformation: [-0.296f,-0.8826f,-0.3653f,0.4832f,-0.5884f,0.4697f,-0.6582f,1.3848f,0.7525f,0.0201f,-0.6583f,-0.1348f,0f,0f,0f,1f],start_interpolation: 0,interpolation_duration: 1}
$data merge entity $(bone_left3) {transformation: [-0.0725f,-0.9281f,-0.3653f,1.4756f,-0.6849f,0.3126f,-0.6582f,0.8289f,0.725f,0.2025f,-0.6583f,-0.1298f,0f,0f,0f,1f],start_interpolation: 0,interpolation_duration: 1}
$data merge entity $(bone_scythe) {transformation: [0.829f,-1.4253f,-0.4469f,0.0011f,0.2895f,0.6548f,-1.5511f,1.4512f,1.4654f,0.677f,0.5593f,0.9709f,0f,0f,0f,1f],start_interpolation: 0,interpolation_duration: 1}
$data merge entity $(bone_right2) {transformation: [-0.3323f,-0.3937f,0.8571f,-0.1229f,-0.8717f,-0.2189f,-0.4385f,1.393f,0.3602f,-0.8928f,-0.2704f,0.6723f,0f,0f,0f,1f],start_interpolation: 0,interpolation_duration: 1}
$data merge entity $(bone_right1) {transformation: [-0.2597f,-0.4661f,-0.8458f,0.4535f,0.9557f,0.0016f,-0.2943f,1.0927f,0.1385f,-0.8847f,0.4451f,1.569f,0f,0f,0f,1f],start_interpolation: 0,interpolation_duration: 1}
$data merge entity $(bone_left_leg) {transformation: [-0.983f,-0.1808f,0.0307f,0.125f,-0.155f,0.9085f,0.388f,0.75f,-0.098f,0.3767f,-0.9211f,-0.0942f,0f,0f,0f,1f],start_interpolation: 0,interpolation_duration: 1}
$data merge entity $(bone_right_leg) {transformation: [-1f,0f,0f,-0.125f,0f,0.9214f,0.3886f,0.75f,0f,0.3886f,-0.9214f,-0.1382f,0f,0f,0f,1f],start_interpolation: 0,interpolation_duration: 1}
data modify entity @s data merge value {"cameras":{},"locators":{"hitbox":{"posx":-0.9277448643863999,"posy":1.8963783878716272,"posz":1.4631019602296083,"roty":218.62862222214284,"rotx":-65.22250011165467},"hitbox2":{"posx":-0.5637781939051538,"posy":2.0234819396386325,"posz":2.1064315413208314,"roty":218.62862222214284,"rotx":-65.22250011165467}}}