# This file was generated by Animated Java via MC-Build. It is not recommended to edit this file directly.
$data merge entity $(bone_hair_side) {transformation: [-0.9964f,-0.0287f,-0.0796f,-0.2807f,-0.0307f,0.9992f,0.0244f,1.8873f,0.0788f,0.0268f,-0.9965f,0.3034f,0f,0f,0f,1f],start_interpolation: 0,interpolation_duration: 1}
$data merge entity $(bone_hair_side1) {transformation: [-0.9964f,-0.0287f,-0.0796f,0.3109f,-0.0307f,0.9992f,0.0244f,1.9055f,0.0788f,0.0268f,-0.9965f,0.2566f,0f,0f,0f,1f],start_interpolation: 0,interpolation_duration: 1}
$data merge entity $(bone_beard) {transformation: [-0.9964f,-0.0287f,-0.0796f,0.0248f,-0.0307f,0.9992f,0.0244f,1.5779f,0.0788f,0.0268f,-0.9965f,0.2787f,0f,0f,0f,1f],start_interpolation: 0,interpolation_duration: 1}
$data merge entity $(bone_head) {transformation: [-0.9964f,-0.0144f,-0.0834f,0f,-0.0307f,0.9798f,0.1976f,1.7253f,0.0788f,0.1994f,-0.9767f,0.0227f,0f,0f,0f,1f],start_interpolation: 0,interpolation_duration: 1}
$data merge entity $(bone_body) {transformation: [-1.1223f,-0.0396f,-0.0665f,0f,-0.0428f,1.1229f,0.0544f,1.0625f,0.0645f,0.0568f,-1.1217f,0f,0f,0f,0f,1f],start_interpolation: 0,interpolation_duration: 1}
$data merge entity $(bone_left4) {transformation: [-0.9454f,-0.3136f,-0.0891f,0.3852f,-0.3149f,0.9491f,0.0005f,1.1742f,0.0844f,0.0286f,-0.996f,-0.0166f,0f,0f,0f,1f],start_interpolation: 0,interpolation_duration: 1}
$data merge entity $(bone_left3) {transformation: [-0.9371f,-0.3375f,-0.0891f,0.4615f,-0.3389f,0.9408f,0.0005f,0.0393f,0.0837f,0.0307f,-0.996f,-0.024f,0f,0f,0f,1f],start_interpolation: 0,interpolation_duration: 1}
$data merge entity $(bone_scythe) {transformation: [-1.6864f,-0.0705f,-0.2635f,-0.8524f,-0.0095f,1.6644f,-0.3848f,1.2053f,0.2726f,-0.3784f,-1.6434f,0.1454f,0f,0f,0f,1f],start_interpolation: 0,interpolation_duration: 1}
$data merge entity $(bone_right2) {transformation: [-0.1546f,0.9857f,0.0673f,-0.5265f,-0.2166f,0.0327f,-0.9757f,1.2194f,-0.9639f,-0.1654f,0.2084f,0.1062f,0f,0f,0f,1f],start_interpolation: 0,interpolation_duration: 1}
$data merge entity $(bone_right1) {transformation: [-0.6966f,0.6994f,-0.1596f,-1.052f,0.7173f,0.6835f,-0.1355f,0.269f,0.0144f,-0.2089f,-0.9778f,0.3236f,0f,0f,0f,1f],start_interpolation: 0,interpolation_duration: 1}
$data merge entity $(bone_left_leg) {transformation: [-0.9998f,-0.0166f,0.0095f,0.125f,-0.0162f,0.9991f,0.0403f,0.75f,-0.0101f,0.0401f,-0.9991f,-0.0153f,0f,0f,0f,1f],start_interpolation: 0,interpolation_duration: 1}
$data merge entity $(bone_right_leg) {transformation: [-1f,0f,0f,-0.125f,0f,0.9991f,0.0412f,0.75f,0f,0.0412f,-0.9991f,-0.0199f,0f,0f,0f,1f],start_interpolation: 0,interpolation_duration: 1}