# This file was generated by Animated Java via MC-Build. It is not recommended to edit this file directly.
$data merge entity $(bone_hair_side) {transformation: [-0.9668f,0.05f,0.2507f,-0.381f,0.0474f,0.9987f,-0.0163f,1.9391f,-0.2512f,-0.0039f,-0.9679f,0.2927f,0f,0f,0f,1f],start_interpolation: 0,interpolation_duration: 1}
$data merge entity $(bone_hair_side1) {transformation: [-0.9668f,0.05f,0.2507f,0.193f,0.0474f,0.9987f,-0.0163f,1.9109f,-0.2512f,-0.0039f,-0.9679f,0.4418f,0f,0f,0f,1f],start_interpolation: 0,interpolation_duration: 1}
$data merge entity $(bone_beard) {transformation: [-0.9668f,0.05f,0.2507f,-0.1118f,0.0474f,0.9987f,-0.0163f,1.6069f,-0.2512f,-0.0039f,-0.9679f,0.3756f,0f,0f,0f,1f],start_interpolation: 0,interpolation_duration: 1}
$data merge entity $(bone_head) {transformation: [-0.9668f,0.0057f,0.2555f,-0.0394f,0.0474f,0.9864f,0.1573f,1.7436f,-0.2512f,0.1642f,-0.9539f,0.1227f,0f,0f,0f,1f],start_interpolation: 0,interpolation_duration: 1}
$data merge entity $(bone_body) {transformation: [-0.9434f,-0.026f,0.6123f,0f,0.139f,1.0856f,0.2601f,1.0625f,-0.5969f,0.2938f,-0.9072f,0f,0f,0f,0f,1f],start_interpolation: 0,interpolation_duration: 1}
$data merge entity $(bone_left4) {transformation: [-0.5874f,0.7648f,0.2646f,0.1497f,0.4572f,0.5834f,-0.6713f,1.186f,-0.6678f,-0.2734f,-0.6923f,0.3786f,0f,0f,0f,1f],start_interpolation: 0,interpolation_duration: 1}
$data merge entity $(bone_left3) {transformation: [-0.9385f,0.222f,0.2646f,-0.3863f,-0.014f,0.741f,-0.6713f,0.3711f,-0.3451f,-0.6337f,-0.6923f,0.9639f,0f,0f,0f,1f],start_interpolation: 0,interpolation_duration: 1}
$data merge entity $(bone_aura) {transformation: [-1.8628f,1.0685f,1.0143f,-1.3877f,0.3397f,1.9026f,-1.3803f,2.4165f,-1.4335f,-0.9376f,-1.6451f,-1.6463f,0f,0f,0f,1f],start_interpolation: 0,interpolation_duration: 1}
$data merge entity $(bone_scythe) {transformation: [-1.3399f,0.7685f,0.7296f,-0.8081f,0.2443f,1.3685f,-0.9929f,1.4277f,-1.0311f,-0.6744f,-1.1833f,-0.4593f,0f,0f,0f,1f],start_interpolation: 0,interpolation_duration: 1}
$data merge entity $(bone_right2) {transformation: [0.4271f,0.8032f,-0.4152f,-0.5512f,-0.5812f,-0.1079f,-0.8066f,1.4014f,-0.6927f,0.5858f,0.4207f,-0.2563f,0f,0f,0f,1f],start_interpolation: 0,interpolation_duration: 1}
$data merge entity $(bone_right1) {transformation: [-0.2597f,0.7639f,0.5907f,-1.2818f,0.9557f,0.1156f,0.2707f,0.9799f,0.1385f,0.6349f,-0.7601f,-0.9741f,0f,0f,0f,1f],start_interpolation: 0,interpolation_duration: 1}
$data merge entity $(bone_left_leg) {transformation: [-0.983f,-0.1808f,0.0307f,0.125f,-0.155f,0.9085f,0.388f,0.75f,-0.098f,0.3767f,-0.9211f,-0.0062f,0f,0f,0f,1f],start_interpolation: 0,interpolation_duration: 1}
$data merge entity $(bone_right_leg) {transformation: [-1f,0f,0f,-0.125f,0f,0.9214f,0.3886f,0.75f,0f,0.3886f,-0.9214f,-0.1382f,0f,0f,0f,1f],start_interpolation: 0,interpolation_duration: 1}
data modify entity @s data merge value {"cameras":{},"locators":{"scythe_blade":{"posx":-0.8219661804381249,"posy":2.4375720735314985,"posz":-1.315137603104159,"roty":31.65580430624641,"rotx":-35.53438983907634},"scythe_pole":{"posx":-0.7044815633339732,"posy":1.588211296296486,"posz":-0.5300604509473626,"roty":31.65580430624641,"rotx":-35.53438983907634}}}