# This file was generated by Animated Java via MC-Build. It is not recommended to edit this file directly.
$data merge entity $(bone_hair_side) {transformation: [-0.9502f,0.0589f,0.3061f,-0.4006f,0.0562f,0.9983f,-0.0177f,1.9399f,-0.3067f,0.0004f,-0.9518f,0.3079f,0f,0f,0f,1f],start_interpolation: 0,interpolation_duration: 1}
$data merge entity $(bone_hair_side1) {transformation: [-0.9502f,0.0589f,0.3061f,0.1636f,0.0562f,0.9983f,-0.0177f,1.9065f,-0.3067f,0.0004f,-0.9518f,0.49f,0f,0f,0f,1f],start_interpolation: 0,interpolation_duration: 1}
$data merge entity $(bone_beard) {transformation: [-0.9502f,0.0589f,0.3061f,-0.1395f,0.0562f,0.9983f,-0.0177f,1.6053f,-0.3067f,0.0004f,-0.9518f,0.4058f,0f,0f,0f,1f],start_interpolation: 0,interpolation_duration: 1}
$data merge entity $(bone_head) {transformation: [-0.9502f,0.0049f,0.3117f,-0.0514f,0.0562f,0.9862f,0.156f,1.7416f,-0.3067f,0.1657f,-0.9373f,0.1577f,0f,0f,0f,1f],start_interpolation: 0,interpolation_duration: 1}
$data merge entity $(bone_body) {transformation: [-0.8467f,-0.0882f,0.7355f,0f,0.1566f,1.0705f,0.3086f,1.0625f,-0.724f,0.3346f,-0.7934f,0f,0f,0f,0f,1f],start_interpolation: 0,interpolation_duration: 1}
$data merge entity $(bone_left4) {transformation: [-0.3142f,0.9207f,0.2315f,0.0901f,0.4755f,0.3636f,-0.801f,1.2157f,-0.8217f,-0.1416f,-0.5521f,0.4589f,0f,0f,0f,1f],start_interpolation: 0,interpolation_duration: 1}
$data merge entity $(bone_left3) {transformation: [-0.9046f,0.358f,0.2315f,-0.5841f,0.0316f,0.5978f,-0.801f,0.5718f,-0.4252f,-0.7173f,-0.5521f,1.1106f,0f,0f,0f,1f],start_interpolation: 0,interpolation_duration: 1}
$data merge entity $(bone_scythe) {transformation: [-1.0869f,1.1492f,0.6452f,-0.7299f,0.2893f,1.024f,-1.3365f,1.4882f,-1.2858f,-0.7411f,-0.8461f,-0.5493f,0f,0f,0f,1f],start_interpolation: 0,interpolation_duration: 1}
$data merge entity $(bone_right2) {transformation: [0.3777f,0.665f,-0.6443f,-0.5176f,-0.7823f,-0.1431f,-0.6062f,1.4534f,-0.4953f,0.733f,0.4662f,-0.301f,0f,0f,0f,1f],start_interpolation: 0,interpolation_duration: 1}
$data merge entity $(bone_right1) {transformation: [-0.1222f,0.6564f,0.7445f,-1.1768f,0.9773f,-0.051f,0.2054f,1.2022f,0.1728f,0.7527f,-0.6353f,-1.1548f,0f,0f,0f,1f],start_interpolation: 0,interpolation_duration: 1}
$data merge entity $(bone_left_leg) {transformation: [-0.9736f,-0.2278f,0.0156f,0.125f,-0.1928f,0.8566f,0.4786f,0.75f,-0.1224f,0.4629f,-0.8779f,-0.0062f,0f,0f,0f,1f],start_interpolation: 0,interpolation_duration: 1}
$data merge entity $(bone_right_leg) {transformation: [-1f,0f,0f,-0.125f,0f,0.8781f,0.4785f,0.75f,0f,0.4785f,-0.8781f,-0.1712f,0f,0f,0f,1f],start_interpolation: 0,interpolation_duration: 1}
data modify entity @s data merge value {"cameras":{},"locators":{"hitbox":{"posx":0.007588085639888886,"posy":2.1797866394404983,"posz":-1.079381991511016,"roty":37.326387499580136,"rotx":-51.474534047165044},"hitbox2":{"posx":-0.4695936695073156,"posy":2.306811972354941,"posz":-1.6438836632114713,"roty":37.326387499580136,"rotx":-51.474534047165044}}}