# This file was generated by Animated Java via MC-Build. It is not recommended to edit this file directly.
$data merge entity $(bone_hair_side) {transformation: [-0.9397f,0.0594f,0.3368f,-0.4163f,0.0594f,0.9982f,-0.0103f,1.9317f,-0.3368f,0.0103f,-0.9415f,0.3279f,0f,0f,0f,1f],start_interpolation: 0,interpolation_duration: 1}
$data merge entity $(bone_hair_side1) {transformation: [-0.9397f,0.0594f,0.3368f,0.1417f,0.0594f,0.9982f,-0.0103f,1.8965f,-0.3368f,0.0103f,-0.9415f,0.5279f,0f,0f,0f,1f],start_interpolation: 0,interpolation_duration: 1}
$data merge entity $(bone_beard) {transformation: [-0.9397f,0.0594f,0.3368f,-0.1587f,0.0594f,0.9982f,-0.0103f,1.5962f,-0.3368f,0.0103f,-0.9415f,0.4315f,0f,0f,0f,1f],start_interpolation: 0,interpolation_duration: 1}
$data merge entity $(bone_head) {transformation: [-0.9397f,0f,0.342f,-0.0625f,0.0594f,0.9848f,0.1632f,1.7344f,-0.3368f,0.1736f,-0.9254f,0.1875f,0f,0f,0f,1f],start_interpolation: 0,interpolation_duration: 1}
$data merge entity $(bone_body) {transformation: [-0.771f,-0.1472f,0.8059f,0f,0.1626f,1.0572f,0.3487f,1.0625f,-0.8029f,0.3555f,-0.7032f,0f,0f,0f,0f,1f],start_interpolation: 0,interpolation_duration: 1}
$data merge entity $(bone_left4) {transformation: [-0.0999f,0.9763f,0.192f,0.0525f,0.4508f,0.2164f,-0.866f,1.2369f,-0.887f,0f,-0.4617f,0.5153f,0f,0f,0f,1f],start_interpolation: 0,interpolation_duration: 1}
$data merge entity $(bone_left3) {transformation: [-0.8771f,0.4403f,0.192f,-0.7032f,0.0597f,0.4965f,-0.866f,0.7125f,-0.4766f,-0.7481f,-0.4617f,1.1846f,0f,0f,0f,1f],start_interpolation: 0,interpolation_duration: 1}
$data merge entity $(bone_scythe) {transformation: [-0.8871f,1.3815f,0.4721f,-0.6631f,0.2846f,0.7054f,-1.5296f,1.5186f,-1.432f,-0.7156f,-0.5965f,-0.5927f,0f,0f,0f,1f],start_interpolation: 0,interpolation_duration: 1}
$data merge entity $(bone_right2) {transformation: [0.2763f,0.554f,-0.7853f,-0.4856f,-0.8954f,-0.1485f,-0.4198f,1.4839f,-0.3492f,0.8192f,0.455f,-0.3185f,0f,0f,0f,1f],start_interpolation: 0,interpolation_duration: 1}
$data merge entity $(bone_right1) {transformation: [-0.0274f,0.554f,0.832f,-1.0657f,0.9802f,-0.1485f,0.1311f,1.3353f,0.1962f,0.8192f,-0.539f,-1.2501f,0f,0f,0f,1f],start_interpolation: 0,interpolation_duration: 1}
$data merge entity $(bone_left_leg) {transformation: [-0.9659f,-0.2588f,0f,0.125f,-0.2183f,0.8147f,0.5373f,0.75f,-0.1391f,0.519f,-0.8434f,-0.0062f,0f,0f,0f,1f],start_interpolation: 0,interpolation_duration: 1}
$data merge entity $(bone_right_leg) {transformation: [-1f,0f,0f,-0.125f,0f,0.8434f,0.5373f,0.75f,0f,0.5373f,-0.8434f,-0.1938f,0f,0f,0f,1f],start_interpolation: 0,interpolation_duration: 1}
execute on vehicle unless entity @s[tag=aj.transforms_only] at @s run function animated_java:lich/animations/dash/zzz/frames/6_root_commands