# This file was generated by Animated Java via MC-Build. It is not recommended to edit this file directly.
$data merge entity $(bone_hair_side) {transformation: [-0.9418f,0.0386f,0.334f,-0.4399f,0.0518f,0.9982f,0.0306f,1.8937f,-0.3322f,0.0461f,-0.9421f,0.3744f,0f,0f,0f,1f],start_interpolation: 0,interpolation_duration: 1}
$data merge entity $(bone_hair_side1) {transformation: [-0.9418f,0.0386f,0.334f,0.1193f,0.0518f,0.9982f,0.0306f,1.863f,-0.3322f,0.0461f,-0.9421f,0.5716f,0f,0f,0f,1f],start_interpolation: 0,interpolation_duration: 1}
$data merge entity $(bone_beard) {transformation: [-0.9418f,0.0386f,0.334f,-0.175f,0.0518f,0.9982f,0.0306f,1.5601f,-0.3322f,0.0461f,-0.9421f,0.4652f,0f,0f,0f,1f],start_interpolation: 0,interpolation_duration: 1}
$data merge entity $(bone_head) {transformation: [-0.9418f,-0.0199f,0.3356f,-0.0825f,0.0518f,0.9777f,0.2034f,1.709f,-0.3322f,0.209f,-0.9198f,0.2261f,0f,0f,0f,1f],start_interpolation: 0,interpolation_duration: 1}
$data merge entity $(bone_body) {transformation: [-0.7073f,-0.2215f,0.8463f,0f,0.1636f,1.0356f,0.4079f,1.0625f,-0.8594f,0.3795f,-0.6189f,0f,0f,0f,0f,1f],start_interpolation: 0,interpolation_duration: 1}
$data merge entity $(bone_left4) {transformation: [-0.0175f,0.9831f,0.1824f,0.0414f,0.4472f,0.1709f,-0.878f,1.2408f,-0.8943f,0.0662f,-0.4426f,0.5402f,0f,0f,0f,1f],start_interpolation: 0,interpolation_duration: 1}
$data merge entity $(bone_left3) {transformation: [-0.8679f,0.462f,0.1824f,-0.7351f,0.0677f,0.4739f,-0.878f,0.7436f,-0.4921f,-0.7496f,-0.4426f,1.2063f,0f,0f,0f,1f],start_interpolation: 0,interpolation_duration: 1}
$data merge entity $(bone_scythe) {transformation: [-0.8173f,1.4459f,0.3999f,-0.6387f,0.2753f,0.5922f,-1.5786f,1.5263f,-1.4747f,-0.6908f,-0.5163f,-0.597f,0f,0f,0f,1f],start_interpolation: 0,interpolation_duration: 1}
$data merge entity $(bone_right2) {transformation: [0.2341f,0.5149f,-0.8247f,-0.4734f,-0.9241f,-0.1459f,-0.3533f,1.4928f,-0.3022f,0.8448f,0.4416f,-0.3151f,0f,0f,0f,1f],start_interpolation: 0,interpolation_duration: 1}
$data merge entity $(bone_right1) {transformation: [0.0044f,0.515f,0.8572f,-1.022f,0.979f,-0.1771f,0.1014f,1.3751f,0.204f,0.8387f,-0.5049f,-1.27f,0f,0f,0f,1f],start_interpolation: 0,interpolation_duration: 1}
$data merge entity $(bone_left_leg) {transformation: [-0.9631f,-0.2689f,-0.0062f,0.125f,-0.2268f,0.7994f,0.5564f,0.75f,-0.1447f,0.5373f,-0.8309f,-0.0142f,0f,0f,0f,1f],start_interpolation: 0,interpolation_duration: 1}
$data merge entity $(bone_right_leg) {transformation: [-1f,0f,0f,-0.125f,0f,0.8308f,0.5565f,0.75f,0f,0.5565f,-0.8308f,-0.2013f,0f,0f,0f,1f],start_interpolation: 0,interpolation_duration: 1}