# This file was generated by Animated Java via MC-Build. It is not recommended to edit this file directly.
$data merge entity $(bone_hair_side) {transformation: [-0.9727f,-0.0202f,0.2311f,-0.4735f,0.0147f,0.9888f,0.1483f,1.777f,-0.2315f,0.1477f,-0.9616f,0.4927f,0f,0f,0f,1f],start_interpolation: 0,interpolation_duration: 1}
$data merge entity $(bone_hair_side1) {transformation: [-0.9727f,-0.0202f,0.2311f,0.1041f,0.0147f,0.9888f,0.1483f,1.7683f,-0.2315f,0.1477f,-0.9616f,0.6301f,0f,0f,0f,1f],start_interpolation: 0,interpolation_duration: 1}
$data merge entity $(bone_beard) {transformation: [-0.9727f,-0.0202f,0.2311f,-0.1799f,0.0147f,0.9888f,0.1483f,1.4565f,-0.2315f,0.1477f,-0.9616f,0.5213f,0f,0f,0f,1f],start_interpolation: 0,interpolation_duration: 1}
$data merge entity $(bone_head) {transformation: [-0.9727f,-0.0601f,0.2241f,-0.1226f,0.0147f,0.948f,0.3178f,1.6348f,-0.2315f,0.3124f,-0.9213f,0.2915f,0f,0f,0f,1f],start_interpolation: 0,interpolation_duration: 1}
$data merge entity $(bone_body) {transformation: [-0.7073f,-0.319f,0.8146f,0f,0.1636f,0.9808f,0.5262f,1.0625f,-0.8594f,0.4493f,-0.5703f,0f,0f,0f,0f,1f],start_interpolation: 0,interpolation_duration: 1}
$data merge entity $(bone_left4) {transformation: [0.0778f,0.9772f,0.1974f,0.0366f,0.4854f,0.1358f,-0.8636f,1.2318f,-0.8708f,0.163f,-0.4638f,0.5817f,0f,0f,0f,1f],start_interpolation: 0,interpolation_duration: 1}
$data merge entity $(bone_left3) {transformation: [-0.8631f,0.4649f,0.1974f,-0.7416f,0.0712f,0.499f,-0.8636f,0.7082f,-0.5001f,-0.7313f,-0.4638f,1.2253f,0f,0f,0f,1f],start_interpolation: 0,interpolation_duration: 1}
$data merge entity $(bone_aura) {transformation: [-1.057f,2.0669f,0.5015f,-0.3319f,0.3694f,0.7299f,-2.2297f,2.0429f,-2.0945f,-0.9143f,-0.6463f,-2.1158f,0f,0f,0f,1f],start_interpolation: 0,interpolation_duration: 1}
$data merge entity $(bone_scythe) {transformation: [-0.7603f,1.4867f,0.3607f,-0.6181f,0.2657f,0.525f,-1.6038f,1.5315f,-1.5066f,-0.6577f,-0.4649f,-0.5733f,0f,0f,0f,1f],start_interpolation: 0,interpolation_duration: 1}
$data merge entity $(bone_right2) {transformation: [0.2111f,0.4826f,-0.85f,-0.463f,-0.9388f,-0.142f,-0.3138f,1.4996f,-0.2721f,0.8643f,0.4231f,-0.2855f,0f,0f,0f,1f],start_interpolation: 0,interpolation_duration: 1}
$data merge entity $(bone_right1) {transformation: [0.0302f,0.4816f,0.8758f,-0.9842f,0.9772f,-0.1987f,0.0755f,1.4053f,0.2104f,0.8536f,-0.4766f,-1.2581f,0f,0f,0f,1f],start_interpolation: 0,interpolation_duration: 1}
$data merge entity $(bone_left_leg) {transformation: [-0.9608f,-0.277f,-0.0116f,0.125f,-0.2337f,0.7865f,0.5716f,0.75f,-0.1492f,0.5519f,-0.8204f,-0.0385f,0f,0f,0f,1f],start_interpolation: 0,interpolation_duration: 1}
$data merge entity $(bone_right_leg) {transformation: [-1f,0f,0f,-0.125f,0f,0.8203f,0.572f,0.75f,0f,0.572f,-0.8203f,-0.2075f,0f,0f,0f,1f],start_interpolation: 0,interpolation_duration: 1}
data modify entity @s data merge value {"cameras":{},"locators":{"scythe_blade":{"posx":0.07556252040558342,"posy":1.9865123186396678,"posz":-1.6049375612030288,"roty":37.81036000251365,"rotx":-69.8535666824908},"scythe_pole":{"posx":-0.4343360051830817,"posy":1.5914903890874759,"posz":-0.6377128361389053,"roty":37.81036000251365,"rotx":-69.8535666824908}}}