# This file was generated by Animated Java via MC-Build. It is not recommended to edit this file directly.
$data merge entity $(bone_right_leg) {transformation: [-0.9941f,0.1089f,0f,-0.125f,0.1086f,0.9919f,0.0654f,-1.0618f,0.0071f,0.065f,-0.9979f,-0.0537f,0f,0f,0f,1f],start_interpolation: 0,interpolation_duration: 1}
$data merge entity $(bone_left_leg) {transformation: [-0.9848f,-0.1736f,0f,0.125f,-0.1733f,0.9827f,0.0654f,-1.0618f,-0.0114f,0.0644f,-0.9979f,-0.0537f,0f,0f,0f,1f],start_interpolation: 0,interpolation_duration: 1}
$data merge entity $(bone_waist) {transformation: [-1f,0f,0f,0f,0f,0.9979f,0.0654f,-0.7187f,0f,0.0654f,-0.9979f,-0.0312f,0f,0f,0f,1f],start_interpolation: 0,interpolation_duration: 1}
$data merge entity $(bone_chestplate) {transformation: [-0.9936f,0.0467f,-0.1027f,-0.0088f,0.0156f,0.9584f,0.285f,-0.8729f,0.1117f,0.2815f,-0.953f,0.0329f,0f,0f,0f,1f],start_interpolation: 0,interpolation_duration: 1}
$data merge entity $(bone_weapon) {transformation: [-1.3556f,0.9723f,-1.6314f,-0.6174f,1.6913f,1.5298f,-0.4936f,-0.7009f,0.8639f,-1.4693f,-1.5936f,0.4811f,0f,0f,0f,1f],start_interpolation: 0,interpolation_duration: 1}
$data merge entity $(bone_right_forearm) {transformation: [-0.581f,0.1872f,-0.7921f,-0.5677f,0.7248f,0.5617f,-0.3989f,-0.5517f,0.3702f,-0.8059f,-0.462f,0.267f,0f,0f,0f,1f],start_interpolation: 0,interpolation_duration: 1}
$data merge entity $(bone_right_arm) {transformation: [-0.8018f,0.4151f,-0.4299f,-0.3118f,0.5608f,0.7712f,-0.3012f,-0.3326f,0.2066f,-0.4826f,-0.8512f,0.0602f,0f,0f,0f,1f],start_interpolation: 0,interpolation_duration: 1}
$data merge entity $(bone_shield) {transformation: [-0.8832f,-0.1402f,0.4476f,0.7548f,-0.3595f,0.8151f,-0.4542f,-0.7101f,-0.3012f,-0.5621f,-0.7703f,0.0418f,0f,0f,0f,1f],start_interpolation: 0,interpolation_duration: 1}
$data merge entity $(bone_left_forearm) {transformation: [-0.8832f,-0.1402f,0.4476f,0.5629f,-0.3595f,0.8151f,-0.4542f,-0.6246f,-0.3012f,-0.5621f,-0.7703f,-0.1201f,0f,0f,0f,1f],start_interpolation: 0,interpolation_duration: 1}
$data merge entity $(bone_left_arm) {transformation: [-0.9303f,-0.3663f,-0.0155f,0.3093f,-0.348f,0.8688f,0.3523f,-0.3423f,-0.1156f,0.3331f,-0.9358f,-0.0096f,0f,0f,0f,1f],start_interpolation: 0,interpolation_duration: 1}
$data merge entity $(bone_bone) {transformation: [-0.9997f,0.0227f,-0.0059f,0.0081f,0.0233f,0.9916f,-0.1275f,0.0364f,0.0029f,-0.1276f,-0.9918f,0.2415f,0f,0f,0f,1f],start_interpolation: 0,interpolation_duration: 1}
$data merge entity $(bone_head) {transformation: [-0.9997f,0.0234f,0.0013f,-0.0012f,0.0233f,0.984f,0.1766f,-0.3375f,0.0029f,0.1765f,-0.9843f,0.0253f,0f,0f,0f,1f],start_interpolation: 0,interpolation_duration: 1}
$data merge entity $(bone_torso) {transformation: [-0.9936f,0.0282f,-0.1092f,0f,0.0156f,0.9933f,0.1142f,-0.5625f,0.1117f,0.1118f,-0.9874f,0.0679f,0f,0f,0f,1f],start_interpolation: 0,interpolation_duration: 1}
data modify entity @s data merge value {"cameras":{},"locators":{"locator":{"px":0.5819813126574171,"py":-0.31315871487604613,"pz":1.6040318130365048,"ry":314.3285731418578,"rx":-12.213262329699912}}}