# This file was generated by Animated Java via MC-Build. It is not recommended to edit this file directly.
$data merge entity $(bone_right_leg) {transformation: [-0.9408f,0.339f,0f,-0.125f,0.3354f,0.9309f,0.1449f,-1.0589f,0.0491f,0.1364f,-0.9894f,-0.1193f,0f,0f,0f,1f],start_interpolation: 0,interpolation_duration: 1}
$data merge entity $(bone_left_leg) {transformation: [-0.9049f,-0.4255f,0f,0.125f,-0.4211f,0.8954f,0.1449f,-1.0589f,-0.0617f,0.1312f,-0.9894f,-0.1193f,0f,0f,0f,1f],start_interpolation: 0,interpolation_duration: 1}
$data merge entity $(bone_waist) {transformation: [-1f,0f,0f,0f,0f,0.9894f,0.1449f,-0.7187f,0f,0.1449f,-0.9894f,-0.0694f,0f,0f,0f,1f],start_interpolation: 0,interpolation_duration: 1}
$data merge entity $(bone_chestplate) {transformation: [-0.9747f,-0.0526f,0.2173f,0.0044f,0.0505f,0.895f,0.4432f,-0.862f,-0.2178f,0.4429f,-0.8697f,-0.0213f,0f,0f,0f,1f],start_interpolation: 0,interpolation_duration: 1}
$data merge entity $(bone_weapon) {transformation: [-1.5475f,0.5603f,1.654f,-0.7635f,1.7142f,0.9091f,1.2959f,-0.6832f,-0.3333f,2.0746f,-1.0146f,-0.2783f,0f,0f,0f,1f],start_interpolation: 0,interpolation_duration: 1}
$data merge entity $(bone_right_forearm) {transformation: [-0.6632f,0.6319f,0.401f,-0.5956f,0.7347f,0.6519f,0.1877f,-0.51f,-0.1428f,0.4191f,-0.8966f,-0.167f,0f,0f,0f,1f],start_interpolation: 0,interpolation_duration: 1}
$data merge entity $(bone_right_arm) {transformation: [-0.7249f,0.5666f,0.3918f,-0.2925f,0.6609f,0.7324f,0.1637f,-0.318f,-0.1941f,0.3776f,-0.9054f,-0.0012f,0f,0f,0f,1f],start_interpolation: 0,interpolation_duration: 1}
$data merge entity $(bone_shield) {transformation: [-0.3884f,0.4622f,0.7972f,0.5491f,-0.2581f,0.7759f,-0.5756f,-0.7532f,-0.8846f,-0.4293f,-0.1821f,0.4212f,0f,0f,0f,1f],start_interpolation: 0,interpolation_duration: 1}
$data merge entity $(bone_left_forearm) {transformation: [-0.3884f,0.4622f,0.7972f,0.5629f,-0.2581f,0.7759f,-0.5756f,-0.6561f,-0.8846f,-0.4293f,-0.1821f,0.1748f,0f,0f,0f,1f],start_interpolation: 0,interpolation_duration: 1}
$data merge entity $(bone_left_arm) {transformation: [-0.632f,-0.4461f,0.6337f,0.3166f,-0.1974f,0.8834f,0.4251f,-0.3496f,-0.7494f,0.1435f,-0.6464f,0.135f,0f,0f,0f,1f],start_interpolation: 0,interpolation_duration: 1}
$data merge entity $(bone_bone) {transformation: [-0.9783f,0.0207f,0.2064f,-0.0349f,0.0355f,0.9971f,0.068f,-0.0093f,-0.2044f,0.0738f,-0.9761f,0.3481f,0f,0f,0f,1f],start_interpolation: 0,interpolation_duration: 1}
$data merge entity $(bone_head) {transformation: [-0.9783f,-0.0423f,0.2031f,0.0121f,0.0355f,0.9305f,0.3646f,-0.3338f,-0.2044f,0.3639f,-0.9087f,0.0669f,0f,0f,0f,1f],start_interpolation: 0,interpolation_duration: 1}
$data merge entity $(bone_torso) {transformation: [-0.9747f,-0.0141f,0.2231f,0f,0.0505f,0.9584f,0.281f,-0.5625f,-0.2178f,0.2852f,-0.9334f,0.0679f,0f,0f,0f,1f],start_interpolation: 0,interpolation_duration: 1}
data modify entity @s data merge value {"cameras":{},"locators":{"locator":{"px":-1.9484377928000203,"py":-1.602150883791779,"pz":0.4970754053962938,"ry":58.47536691359643,"rx":33.736830934871705}}}