# This file was generated by Animated Java via MC-Build. It is not recommended to edit this file directly.
$data merge entity $(bone_right_leg) {transformation: [-0.9419f,0.3359f,0f,-0.125f,0.3324f,0.9319f,0.1449f,-1.0589f,0.0487f,0.1365f,-0.9894f,-0.1193f,0f,0f,0f,1f],start_interpolation: 0,interpolation_duration: 1}
$data merge entity $(bone_left_leg) {transformation: [-0.9056f,-0.4241f,0f,0.125f,-0.4196f,0.8961f,0.1449f,-1.0589f,-0.0615f,0.1313f,-0.9894f,-0.1193f,0f,0f,0f,1f],start_interpolation: 0,interpolation_duration: 1}
$data merge entity $(bone_chestplate) {transformation: [-0.9771f,-0.0475f,0.2074f,0.0034f,0.0501f,0.8961f,0.441f,-0.8622f,-0.2067f,0.4413f,-0.8732f,-0.0206f,0f,0f,0f,1f],start_interpolation: 0,interpolation_duration: 1}
$data merge entity $(bone_weapon) {transformation: [-1.5372f,0.7336f,1.5948f,-0.7861f,1.735f,0.9568f,1.2324f,-0.6824f,-0.2665f,1.9977f,-1.1758f,-0.2367f,0f,0f,0f,1f],start_interpolation: 0,interpolation_duration: 1}
$data merge entity $(bone_right_forearm) {transformation: [-0.6588f,0.6738f,0.3346f,-0.6071f,0.7436f,0.6507f,0.1537f,-0.5096f,-0.1142f,0.3501f,-0.9297f,-0.1437f,0f,0f,0f,1f],start_interpolation: 0,interpolation_duration: 1}
$data merge entity $(bone_right_arm) {transformation: [-0.7242f,0.5955f,0.3477f,-0.2933f,0.667f,0.7328f,0.1343f,-0.3181f,-0.1748f,0.3292f,-0.928f,0.0016f,0f,0f,0f,1f],start_interpolation: 0,interpolation_duration: 1}
$data merge entity $(bone_shield) {transformation: [-0.3938f,0.4638f,0.7936f,0.5557f,-0.2615f,0.7712f,-0.5804f,-0.7479f,-0.8812f,-0.4361f,-0.1824f,0.4141f,0f,0f,0f,1f],start_interpolation: 0,interpolation_duration: 1}
$data merge entity $(bone_left_forearm) {transformation: [-0.3938f,0.4638f,0.7936f,0.5688f,-0.2615f,0.7712f,-0.5804f,-0.6523f,-0.8812f,-0.4361f,-0.1824f,0.1671f,0f,0f,0f,1f],start_interpolation: 0,interpolation_duration: 1}
$data merge entity $(bone_left_arm) {transformation: [-0.6369f,-0.458f,0.6202f,0.3174f,-0.2049f,0.876f,0.4365f,-0.3494f,-0.7433f,0.1509f,-0.6518f,0.1308f,0f,0f,0f,1f],start_interpolation: 0,interpolation_duration: 1}
$data merge entity $(bone_bone) {transformation: [-0.9792f,0.0237f,0.2013f,-0.0326f,0.0369f,0.9974f,0.0621f,-0.0077f,-0.1993f,0.0682f,-0.9776f,0.3459f,0f,0f,0f,1f],start_interpolation: 0,interpolation_duration: 1}
$data merge entity $(bone_head) {transformation: [-0.9792f,-0.0379f,0.1991f,0.0121f,0.0369f,0.9326f,0.3591f,-0.3338f,-0.1993f,0.359f,-0.9118f,0.0662f,0f,0f,0f,1f],start_interpolation: 0,interpolation_duration: 1}
$data merge entity $(bone_torso) {transformation: [-0.9771f,-0.0107f,0.2125f,0f,0.0501f,0.9591f,0.2787f,-0.5625f,-0.2067f,0.283f,-0.9366f,0.0679f,0f,0f,0f,1f],start_interpolation: 0,interpolation_duration: 1}
data modify entity @s data merge value {"cameras":{},"locators":{"locator":{"px":-1.9247037837906342,"py":-1.5544705678678734,"pz":0.6538142191782204,"ry":53.598999453940635,"rx":31.88090082917638}}}