# This file was generated by Animated Java via MC-Build. It is not recommended to edit this file directly.
$data merge entity $(bone_right_leg) {transformation: [-0.9666f,0.2561f,0f,-0.125f,0.2545f,0.9607f,0.1108f,-1.0604f,0.0284f,0.1071f,-0.9938f,-0.0911f,0f,0f,0f,1f],start_interpolation: 0,interpolation_duration: 1}
$data merge entity $(bone_left_leg) {transformation: [-0.9451f,-0.3269f,0f,0.125f,-0.3249f,0.9392f,0.1108f,-1.0604f,-0.0362f,0.1047f,-0.9938f,-0.0911f,0f,0f,0f,1f],start_interpolation: 0,interpolation_duration: 1}
$data merge entity $(bone_waist) {transformation: [-1f,0f,0f,0f,0f,0.9938f,0.1108f,-0.7187f,0f,0.1108f,-0.9938f,-0.053f,0f,0f,0f,1f],start_interpolation: 0,interpolation_duration: 1}
$data merge entity $(bone_chestplate) {transformation: [-0.9909f,-0.0156f,0.1339f,-0.0025f,0.0383f,0.9198f,0.3905f,-0.8668f,-0.1293f,0.392f,-0.9108f,-0.0034f,0f,0f,0f,1f],start_interpolation: 0,interpolation_duration: 1}
$data merge entity $(bone_weapon) {transformation: [-1.78f,1.1305f,0.999f,-0.7723f,1.5069f,1.4067f,1.0931f,-0.7505f,-0.0727f,1.4791f,-1.8032f,-0.1389f,0f,0f,0f,1f],start_interpolation: 0,interpolation_duration: 1}
$data merge entity $(bone_right_forearm) {transformation: [-0.7629f,0.6329f,0.1321f,-0.6042f,0.6458f,0.7557f,0.1085f,-0.5497f,-0.0311f,0.1681f,-0.9853f,-0.0942f,0f,0f,0f,1f],start_interpolation: 0,interpolation_duration: 1}
$data merge entity $(bone_right_arm) {transformation: [-0.8025f,0.5469f,0.2385f,-0.2988f,0.5843f,0.8013f,0.1286f,-0.3223f,-0.1208f,0.2425f,-0.9626f,0.0118f,0f,0f,0f,1f],start_interpolation: 0,interpolation_duration: 1}
$data merge entity $(bone_shield) {transformation: [-0.6346f,0.2047f,0.7452f,0.649f,-0.2934f,0.8282f,-0.4774f,-0.7544f,-0.7149f,-0.5216f,-0.4656f,0.3258f,0f,0f,0f,1f],start_interpolation: 0,interpolation_duration: 1}
$data merge entity $(bone_left_forearm) {transformation: [-0.6346f,0.2047f,0.7452f,0.5684f,-0.2934f,0.8282f,-0.4774f,-0.6541f,-0.7149f,-0.5216f,-0.4656f,0.094f,0f,0f,0f,1f],start_interpolation: 0,interpolation_duration: 1}
$data merge entity $(bone_left_arm) {transformation: [-0.8023f,-0.3936f,0.4487f,0.3205f,-0.2424f,0.9018f,0.3577f,-0.3462f,-0.5455f,0.1783f,-0.8189f,0.0926f,0f,0f,0f,1f],start_interpolation: 0,interpolation_duration: 1}
$data merge entity $(bone_bone) {transformation: [-0.99f,0.0298f,0.1382f,-0.0151f,0.0321f,0.9994f,0.0142f,0.0051f,-0.1377f,0.0185f,-0.9903f,0.3182f,0f,0f,0f,1f],start_interpolation: 0,interpolation_duration: 1}
$data merge entity $(bone_head) {transformation: [-0.99f,-0.0131f,0.1407f,0.0109f,0.0321f,0.9489f,0.3141f,-0.3343f,-0.1377f,0.3154f,-0.9389f,0.0522f,0f,0f,0f,1f],start_interpolation: 0,interpolation_duration: 1}
$data merge entity $(bone_torso) {transformation: [-0.9909f,0.0079f,0.1346f,0f,0.0383f,0.9737f,0.2248f,-0.5625f,-0.1293f,0.2279f,-0.9651f,0.0679f,0f,0f,0f,1f],start_interpolation: 0,interpolation_duration: 1}
data modify entity @s data merge value {"cameras":{},"locators":{"locator":{"px":-1.4720988543086095,"py":-1.5128003424954155,"pz":1.1949228435066739,"ry":28.98848421444032,"rx":27.936257387384458}}}