# This file was generated by Animated Java via MC-Build. It is not recommended to edit this file directly.
$data merge entity $(bone_right_leg) {transformation: [-0.9995f,-0.0328f,0f,-0.125f,-0.0328f,0.9995f,0f,-1.0625f,0f,0f,-1f,0f,0f,0f,0f,1f],start_interpolation: 0,interpolation_duration: 1}
$data merge entity $(bone_left_leg) {transformation: [-0.9999f,0.0164f,0f,0.125f,0.0164f,0.9999f,0f,-1.0625f,0f,0f,-1f,0f,0f,0f,0f,1f],start_interpolation: 0,interpolation_duration: 1}
$data merge entity $(bone_chestplate) {transformation: [-0.9797f,0.032f,-0.1981f,0.0009f,-0.0052f,0.9828f,0.1845f,-0.875f,0.2006f,0.1818f,-0.9627f,0.0642f,0f,0f,0f,1f],start_interpolation: 0,interpolation_duration: 1}
$data merge entity $(bone_weapon) {transformation: [-1.6523f,-0.1338f,-1.6421f,-0.5078f,1.0954f,1.6479f,-1.2366f,-0.8265f,1.2306f,-1.6465f,-1.1041f,0.4231f,0f,0f,0f,1f],start_interpolation: 0,interpolation_duration: 1}
$data merge entity $(bone_right_forearm) {transformation: [-0.7081f,-0.0574f,-0.7037f,-0.5231f,0.4695f,0.7062f,-0.53f,-0.6389f,0.5274f,-0.7057f,-0.4732f,0.2357f,0f,0f,0f,1f],start_interpolation: 0,interpolation_duration: 1}
$data merge entity $(bone_right_arm) {transformation: [-0.886f,0.2451f,-0.3936f,-0.3204f,0.3561f,0.9034f,-0.2388f,-0.3447f,0.297f,-0.3517f,-0.8877f,0.0667f,0f,0f,0f,1f],start_interpolation: 0,interpolation_duration: 1}
$data merge entity $(bone_shield) {transformation: [-0.9612f,-0.2387f,-0.1381f,0.6867f,-0.2027f,0.9511f,-0.233f,-0.8149f,0.187f,-0.196f,-0.9626f,-0.185f,0f,0f,0f,1f],start_interpolation: 0,interpolation_duration: 1}
$data merge entity $(bone_left_forearm) {transformation: [-0.9612f,-0.2387f,-0.1381f,0.4617f,-0.2027f,0.9511f,-0.233f,-0.6746f,0.187f,-0.196f,-0.9626f,-0.1867f,0f,0f,0f,1f],start_interpolation: 0,interpolation_duration: 1}
$data merge entity $(bone_left_arm) {transformation: [-0.9251f,-0.1446f,-0.351f,0.2919f,-0.2163f,0.9606f,0.1745f,-0.3414f,0.312f,0.2373f,-0.92f,-0.0587f,0f,0f,0f,1f],start_interpolation: 0,interpolation_duration: 1}
$data merge entity $(bone_bone) {transformation: [-0.9957f,-0.0219f,-0.0901f,0.0018f,-0.004f,0.9809f,-0.1946f,0.0447f,0.0926f,-0.1934f,-0.9767f,0.1936f,0f,0f,0f,1f],start_interpolation: 0,interpolation_duration: 1}
$data merge entity $(bone_head) {transformation: [-0.9957f,0.0062f,-0.0925f,-0.0143f,-0.004f,0.994f,0.1094f,-0.343f,0.0926f,0.1093f,-0.9897f,0.004f,0f,0f,0f,1f],start_interpolation: 0,interpolation_duration: 1}
$data merge entity $(bone_torso) {transformation: [-0.9797f,-0.0029f,-0.2007f,0f,-0.0052f,0.9999f,0.011f,-0.5625f,0.2006f,0.0119f,-0.9796f,0.0679f,0f,0f,0f,1f],start_interpolation: 0,interpolation_duration: 1}
data modify entity @s data merge value {"cameras":{},"locators":{"locator":{"px":0.6770318196072294,"py":0.10087802750504693,"pz":1.1885506677150304,"ry":303.91603393872225,"rx":-32.00236909041217}}}