# This file was generated by Animated Java via MC-Build. It is not recommended to edit this file directly.
$data merge entity $(bone_right_leg) {transformation: [-0.9973f,-0.0739f,0f,-0.125f,-0.0739f,0.9973f,0f,-1.0625f,0f,0f,-1f,0f,0f,0f,0f,1f],start_interpolation: 0,interpolation_duration: 1}
$data merge entity $(bone_left_leg) {transformation: [-0.9993f,0.037f,0f,0.125f,0.037f,0.9993f,0f,-1.0625f,0f,0f,-1f,0f,0f,0f,0f,1f],start_interpolation: 0,interpolation_duration: 1}
$data merge entity $(bone_chestplate) {transformation: [-0.9407f,0.0378f,-0.3372f,0.0067f,-0.0113f,0.9897f,0.1425f,-0.8748f,0.3391f,0.1378f,-0.9306f,0.0759f,0f,0f,0f,1f],start_interpolation: 0,interpolation_duration: 1}
$data merge entity $(bone_weapon) {transformation: [-0.8178f,-1.575f,-1.5149f,-0.192f,1.83f,0.3905f,-1.3939f,-0.57f,1.1944f,-1.6767f,1.0984f,0.6457f,0f,0f,0f,1f],start_interpolation: 0,interpolation_duration: 1}
$data merge entity $(bone_right_forearm) {transformation: [-0.3505f,-0.675f,-0.6492f,-0.3713f,0.7843f,0.1674f,-0.5974f,-0.5255f,0.5119f,-0.7186f,0.4708f,0.4548f,0f,0f,0f,1f],start_interpolation: 0,interpolation_duration: 1}
$data merge entity $(bone_right_arm) {transformation: [-0.7295f,-0.1108f,-0.6749f,-0.3216f,0.4752f,0.6276f,-0.6167f,-0.3496f,0.4919f,-0.7706f,-0.4052f,0.1044f,0f,0f,0f,1f],start_interpolation: 0,interpolation_duration: 1}
$data merge entity $(bone_shield) {transformation: [-0.9017f,-0.3901f,-0.1864f,0.6717f,-0.292f,0.8675f,-0.4028f,-0.7546f,0.3188f,-0.3087f,-0.8961f,-0.3019f,0f,0f,0f,1f],start_interpolation: 0,interpolation_duration: 1}
$data merge entity $(bone_left_forearm) {transformation: [-0.9017f,-0.3901f,-0.1864f,0.4295f,-0.292f,0.8675f,-0.4028f,-0.6467f,0.3188f,-0.3087f,-0.8961f,-0.3f,0f,0f,0f,1f],start_interpolation: 0,interpolation_duration: 1}
$data merge entity $(bone_left_arm) {transformation: [-0.8438f,-0.1539f,-0.5141f,0.2663f,-0.3161f,0.9167f,0.2443f,-0.3425f,0.4336f,0.3686f,-0.8222f,-0.1076f,0f,0f,0f,1f],start_interpolation: 0,interpolation_duration: 1}
$data merge entity $(bone_bone) {transformation: [-0.9879f,-0.0584f,-0.1433f,-0.0101f,-0.0171f,0.9616f,-0.2738f,0.0559f,0.1538f,-0.268f,-0.9511f,0.1557f,0f,0f,0f,1f],start_interpolation: 0,interpolation_duration: 1}
$data merge entity $(bone_head) {transformation: [-0.9879f,-0.0126f,-0.1543f,-0.0277f,-0.0171f,0.9995f,0.0281f,-0.346f,0.1538f,0.0304f,-0.9876f,-0.0016f,0f,0f,0f,1f],start_interpolation: 0,interpolation_duration: 1}
$data merge entity $(bone_torso) {transformation: [-0.9407f,-0.0213f,-0.3387f,0f,-0.0113f,0.9994f,-0.0316f,-0.5625f,0.3391f,-0.0258f,-0.9404f,0.0679f,0f,0f,0f,1f],start_interpolation: 0,interpolation_duration: 1}
data modify entity @s data merge value {"cameras":{},"locators":{"locator":{"px":0.8720049671038955,"py":0.44597007181546533,"pz":-0.1823774797269352,"ry":234.05455867008527,"rx":-36.68257466243657}}}