# This file was generated by Animated Java via MC-Build. It is not recommended to edit this file directly.
$data merge entity $(bone_right_leg) {transformation: [-0.9962f,-0.0872f,0f,-0.125f,-0.0872f,0.9962f,0f,-1.0625f,0f,0f,-1f,0f,0f,0f,0f,1f],start_interpolation: 0,interpolation_duration: 1}
$data merge entity $(bone_left_leg) {transformation: [-0.999f,0.0436f,0f,0.125f,0.0436f,0.999f,0f,-1.0625f,0f,0f,-1f,0f,0f,0f,0f,1f],start_interpolation: 0,interpolation_duration: 1}
$data merge entity $(bone_chestplate) {transformation: [-0.9239f,0.0371f,-0.3808f,0.0092f,-0.0131f,0.9916f,0.1285f,-0.8746f,0.3824f,0.1237f,-0.9157f,0.0795f,0f,0f,0f,1f],start_interpolation: 0,interpolation_duration: 1}
$data merge entity $(bone_weapon) {transformation: [-0.6126f,-1.9532f,-1.12f,-0.0802f,2.0105f,0.048f,-1.1833f,-0.484f,1.0135f,-1.2757f,1.6703f,0.6356f,0f,0f,0f,1f],start_interpolation: 0,interpolation_duration: 1}
$data merge entity $(bone_right_forearm) {transformation: [-0.2625f,-0.8371f,-0.48f,-0.3026f,0.8616f,0.0206f,-0.5071f,-0.4785f,0.4344f,-0.5467f,0.7158f,0.4903f,0f,0f,0f,1f],start_interpolation: 0,interpolation_duration: 1}
$data merge entity $(bone_right_arm) {transformation: [-0.6672f,-0.2718f,-0.6936f,-0.3211f,0.5114f,0.5099f,-0.6917f,-0.3512f,0.5416f,-0.8162f,-0.2013f,0.1166f,0f,0f,0f,1f],start_interpolation: 0,interpolation_duration: 1}
$data merge entity $(bone_shield) {transformation: [-0.8763f,-0.4417f,-0.1923f,0.66f,-0.3202f,0.8323f,-0.4525f,-0.733f,0.3599f,-0.335f,-0.8708f,-0.34f,0f,0f,0f,1f],start_interpolation: 0,interpolation_duration: 1}
$data merge entity $(bone_left_forearm) {transformation: [-0.8763f,-0.4417f,-0.1923f,0.4129f,-0.3202f,0.8323f,-0.4525f,-0.637f,0.3599f,-0.335f,-0.8708f,-0.3353f,0f,0f,0f,1f],start_interpolation: 0,interpolation_duration: 1}
$data merge entity $(bone_left_arm) {transformation: [-0.8113f,-0.147f,-0.5658f,0.2564f,-0.3473f,0.8997f,0.2643f,-0.343f,0.4702f,0.411f,-0.781f,-0.1224f,0f,0f,0f,1f],start_interpolation: 0,interpolation_duration: 1}
$data merge entity $(bone_bone) {transformation: [-0.9846f,-0.0732f,-0.1589f,-0.0158f,-0.0227f,0.954f,-0.2988f,0.0588f,0.1735f,-0.2906f,-0.941f,0.144f,0f,0f,0f,1f],start_interpolation: 0,interpolation_duration: 1}
$data merge entity $(bone_head) {transformation: [-0.9846f,-0.022f,-0.1736f,-0.0324f,-0.0227f,0.9997f,0.0019f,-0.3471f,0.1735f,0.0058f,-0.9848f,-0.0029f,0f,0f,0f,1f],start_interpolation: 0,interpolation_duration: 1}
$data merge entity $(bone_torso) {transformation: [-0.9239f,-0.0296f,-0.3815f,0f,-0.0131f,0.9989f,-0.0456f,-0.5625f,0.3824f,-0.0372f,-0.9233f,0.0679f,0f,0f,0f,1f],start_interpolation: 0,interpolation_duration: 1}
data modify entity @s data merge value {"cameras":{},"locators":{"locator":{"px":0.6905352395698412,"py":0.37276873324806903,"pz":-0.598050716843485,"ry":213.84296080041273,"rx":-30.472126220192617}}}