# This file was generated by Animated Java via MC-Build. It is not recommended to edit this file directly.
$data merge entity $(bone_right_leg) {transformation: [-1f,-0.0075f,0f,-0.125f,-0.0075f,0.9996f,0.0266f,-1.0624f,-0.0002f,0.0266f,-0.9996f,-0.0218f,0f,0f,0f,1f],start_interpolation: 0,interpolation_duration: 1}
$data merge entity $(bone_left_leg) {transformation: [-0.999f,-0.045f,0f,0.125f,-0.045f,0.9986f,0.0266f,-1.0624f,-0.0012f,0.0266f,-0.9996f,-0.0218f,0f,0f,0f,1f],start_interpolation: 0,interpolation_duration: 1}
$data merge entity $(bone_waist) {transformation: [-1f,0f,0f,0f,0f,0.9996f,0.0266f,-0.7187f,0f,0.0266f,-0.9996f,-0.0127f,0f,0f,0f,1f],start_interpolation: 0,interpolation_duration: 1}
$data merge entity $(bone_chestplate) {transformation: [-0.9615f,0.0516f,-0.27f,-0.0012f,-0.002f,0.9809f,0.1946f,-0.8749f,0.2749f,0.1877f,-0.943f,0.0613f,0f,0f,0f,1f],start_interpolation: 0,interpolation_duration: 1}
$data merge entity $(bone_weapon) {transformation: [-0.8928f,-0.8924f,-1.9624f,-0.2964f,1.8642f,0.7471f,-1.1879f,-0.5879f,1.0826f,-2.0223f,0.4271f,0.6524f,0f,0f,0f,1f],start_interpolation: 0,interpolation_duration: 1}
$data merge entity $(bone_right_forearm) {transformation: [-0.3826f,-0.4836f,-0.7872f,-0.4249f,0.7989f,0.2547f,-0.5448f,-0.5203f,0.464f,-0.8374f,0.2889f,0.4299f,0f,0f,0f,1f],start_interpolation: 0,interpolation_duration: 1}
$data merge entity $(bone_right_arm) {transformation: [-0.7427f,0.0369f,-0.6686f,-0.3182f,0.5269f,0.6484f,-0.5495f,-0.343f,0.4133f,-0.7604f,-0.501f,0.0931f,0f,0f,0f,1f],start_interpolation: 0,interpolation_duration: 1}
$data merge entity $(bone_shield) {transformation: [-0.9307f,-0.3567f,0.0816f,0.73f,-0.354f,0.8211f,-0.4477f,-0.7146f,0.0927f,-0.4455f,-0.8905f,-0.1927f,0f,0f,0f,1f],start_interpolation: 0,interpolation_duration: 1}
$data merge entity $(bone_left_forearm) {transformation: [-0.9307f,-0.3567f,0.0816f,0.4886f,-0.354f,0.8211f,-0.4477f,-0.627f,0.0927f,-0.4455f,-0.8905f,-0.2588f,0f,0f,0f,1f],start_interpolation: 0,interpolation_duration: 1}
$data merge entity $(bone_left_arm) {transformation: [-0.8996f,-0.2493f,-0.3587f,0.2827f,-0.3638f,0.882f,0.2995f,-0.3417f,0.2417f,0.3999f,-0.8841f,-0.0787f,0f,0f,0f,1f],start_interpolation: 0,interpolation_duration: 1}
$data merge entity $(bone_bone) {transformation: [-0.9945f,-0.0241f,-0.1016f,0.0006f,-0.0001f,0.9733f,-0.2294f,0.0519f,0.1044f,-0.2281f,-0.968f,0.1827f,0f,0f,0f,1f],start_interpolation: 0,interpolation_duration: 1}
$data merge entity $(bone_head) {transformation: [-0.9945f,0.0076f,-0.1041f,-0.0178f,-0.0001f,0.9973f,0.0739f,-0.3424f,0.1044f,0.0735f,-0.9918f,0.0072f,0f,0f,0f,1f],start_interpolation: 0,interpolation_duration: 1}
$data merge entity $(bone_torso) {transformation: [-0.9615f,0.004f,-0.2748f,0f,-0.002f,0.9998f,0.0213f,-0.5625f,0.2749f,0.0211f,-0.9613f,0.0679f,0f,0f,0f,1f],start_interpolation: 0,interpolation_duration: 1}
data modify entity @s data merge value {"cameras":{},"locators":{"locator":{"px":1.104823096776221,"py":0.2862062771258753,"pz":0.3028290415845402,"ry":257.72017869834247,"rx":-30.604771609000327}}}