# This file was generated by Animated Java via MC-Build. It is not recommended to edit this file directly.
$data merge entity $(bone_chest) {transformation: [-0.9986f,-0.0182f,-0.0499f,-0.0036f,-0.0188f,0.9998f,0.0116f,-0.7383f,0.0497f,0.0125f,-0.9987f,0.0131f,0f,0f,0f,1f],start_interpolation: 0,interpolation_duration: 1}
$data merge entity $(bone_cape) {transformation: [-0.9986f,-0.0115f,-0.0519f,0.2086f,-0.0188f,0.9897f,0.142f,-0.6048f,0.0497f,0.1428f,-0.9885f,-0.0749f,0f,0f,0f,1f],start_interpolation: 0,interpolation_duration: 1}
$data merge entity $(bone_saber) {transformation: [-1.3625f,0.0977f,0.1571f,-0.4235f,0.1696f,0.1942f,1.3506f,-1.1929f,0.0738f,1.3577f,-0.2045f,0.1194f,0f,0f,0f,1f],start_interpolation: 0,interpolation_duration: 1}
$data merge entity $(bone_right_forearm) {transformation: [-0.9909f,0.1142f,-0.0711f,-0.4041f,0.1234f,0.9823f,-0.1412f,-0.8858f,0.0537f,-0.1487f,-0.9874f,0.0644f,0f,0f,0f,1f],start_interpolation: 0,interpolation_duration: 1}
$data merge entity $(bone_right_arm) {transformation: [-0.9955f,0.0867f,-0.038f,-0.2552f,0.09f,0.9912f,-0.0971f,-0.6182f,0.0293f,-0.1001f,-0.9945f,0.0326f,0f,0f,0f,1f],start_interpolation: 0,interpolation_duration: 1}
$data merge entity $(bone_short_sword) {transformation: [-1.0634f,0.4186f,-0.2347f,0.4788f,-0.2459f,0.0145f,1.1404f,-1.1118f,0.4121f,1.0889f,0.075f,-0.0222f,0f,0f,0f,1f],start_interpolation: 0,interpolation_duration: 1}
$data merge entity $(bone_left_forearm) {transformation: [-0.9115f,-0.2011f,-0.3588f,0.4229f,-0.2108f,0.9775f,-0.0124f,-0.8583f,0.3532f,0.0643f,-0.9333f,-0.0152f,0f,0f,0f,1f],start_interpolation: 0,interpolation_duration: 1}
$data merge entity $(bone_left_arm) {transformation: [-0.9783f,-0.2011f,-0.0507f,0.2441f,-0.2038f,0.9775f,0.0552f,-0.6088f,0.0384f,0.0643f,-0.9972f,0.0077f,0f,0f,0f,1f],start_interpolation: 0,interpolation_duration: 1}
$data merge entity $(bone_torso) {transformation: [-0.9986f,-0.016f,-0.0507f,0f,-0.0188f,0.9983f,0.0552f,-0.9721f,0.0497f,0.0561f,-0.9972f,-0.0031f,0f,0f,0f,1f],start_interpolation: 0,interpolation_duration: 1}
$data merge entity $(bone_right_dress) {transformation: [-0.976f,-0.2164f,-0.0265f,-0.1937f,-0.2164f,0.9763f,0f,-1.1289f,0.0259f,0.0057f,-0.9996f,-0.0027f,0f,0f,0f,1f],start_interpolation: 0,interpolation_duration: 1}
$data merge entity $(bone_left_dress) {transformation: [-0.976f,0.2164f,-0.0265f,0.1308f,0.2164f,0.9763f,0f,-1.1289f,0.0259f,-0.0057f,-0.9996f,-0.0113f,0f,0f,0f,1f],start_interpolation: 0,interpolation_duration: 1}
$data merge entity $(bone_lower_right_leg) {transformation: [-0.999f,0.0435f,-0.0081f,-0.1408f,0.0436f,0.999f,-0.008f,-1.6097f,0.0078f,-0.0084f,-0.9999f,0.0486f,0f,0f,0f,1f],start_interpolation: 0,interpolation_duration: 1}
$data merge entity $(bone_right_leg) {transformation: [-0.999f,0.0423f,-0.013f,-0.125f,0.0436f,0.9918f,-0.1204f,-1.2378f,0.0078f,-0.1208f,-0.9926f,0.0033f,0f,0f,0f,1f],start_interpolation: 0,interpolation_duration: 1}
$data merge entity $(bone_lower_left_leg) {transformation: [-0.9987f,-0.0399f,-0.0318f,0.1404f,-0.0436f,0.9911f,0.1256f,-1.611f,0.0265f,0.1268f,-0.9916f,-0.036f,0f,0f,0f,1f],start_interpolation: 0,interpolation_duration: 1}
$data merge entity $(bone_left_leg) {transformation: [-0.9987f,-0.0412f,-0.0302f,0.125f,-0.0436f,0.9953f,0.086f,-1.2378f,0.0265f,0.0872f,-0.9958f,-0.0033f,0f,0f,0f,1f],start_interpolation: 0,interpolation_duration: 1}
$data merge entity $(bone_waist) {transformation: [-0.9996f,0f,-0.0265f,0f,0f,1f,0f,-0.894f,0.0265f,0f,-0.9996f,0f,0f,0f,0f,1f],start_interpolation: 0,interpolation_duration: 1}
$data merge entity $(bone_pony_tail) {transformation: [-0.9996f,0.003f,0.0264f,0.0063f,0.0058f,0.9942f,0.1073f,-0.4675f,-0.0259f,0.1074f,-0.9939f,-0.2058f,0f,0f,0f,1f],start_interpolation: 0,interpolation_duration: 1}
$data merge entity $(bone_head) {transformation: [-0.9996f,0.003f,0.0264f,0f,0.0058f,0.9942f,0.1073f,-0.5238f,-0.0259f,0.1074f,-0.9939f,0.0238f,0f,0f,0f,1f],start_interpolation: 0,interpolation_duration: 1}
data modify entity @s data merge value {"cameras":{},"locators":{"locator":{"posx":-0.25134597012197313,"posy":-0.8110017142920902,"posz":2.7104452882312127,"roty":37.529060907841426,"rotx":79.1930769737074},"locator2":{"posx":-0.19154137649864117,"posy":-0.2673035270428954,"posz":2.5650898901082404,"roty":37.529060907841426,"rotx":79.1930769737074},"locator3":{"posx":-0.14331856675572924,"posy":0.20617747098780903,"posz":2.3673139938914693,"roty":37.529060907841426,"rotx":79.1930769737074},"locator4":{"posx":-0.103982049272907,"posy":0.6620071658750697,"posz":2.0461101214812656,"roty":37.529060907841426,"rotx":79.1930769737074},"locator5":{"posx":-0.3200368560053949,"posy":-1.3723512046847284,"posz":2.7323727101607522,"roty":37.529060907841426,"rotx":79.1930769737074},"saber_hitbox":{"posx":-0.37360054924047265,"posy":-1.086524297572643,"posz":0.7964725834592843,"roty":37.529060907841426,"rotx":79.1930769737074},"locator6":{"posx":1.309868542748846,"posy":-1.072844171393266,"posz":2.145767634408867,"roty":252.26454519157528,"rotx":77.80933119085573},"locator7":{"posx":1.1743089826140254,"posy":-0.5238036724246712,"posz":2.1236173263213853,"roty":252.26454519157528,"rotx":77.80933119085573},"locator8":{"posx":1.0288958485527802,"posy":-0.03662911053801943,"posz":2.0391130856406057,"roty":252.26454519157528,"rotx":77.80933119085573},"locator9":{"posx":0.8386343693970064,"posy":0.44899486439485403,"posz":1.8379417046743936,"roty":252.26454519157528,"rotx":77.80933119085573},"locator10":{"posx":1.4005797577891377,"posy":-1.6234352573156392,"posz":2.051250802210916,"roty":252.26454519157528,"rotx":77.80933119085573},"short_sword_hitbox":{"posx":0.6595675388781809,"posy":-1.0953276822230538,"posz":0.4540941002700928,"roty":252.26454519157528,"rotx":77.80933119085573}}}