# This file was generated by Animated Java via MC-Build. It is not recommended to edit this file directly.
$data merge entity $(bone_chest) {transformation: [-0.9146f,-0.0217f,-0.4037f,0.0003f,-0.1383f,0.9551f,0.2619f,-0.8586f,0.3799f,0.2954f,-0.8766f,0.0777f,0f,0f,0f,1f],start_interpolation: 0,interpolation_duration: 1}
$data merge entity $(bone_cape) {transformation: [-0.9146f,0.0312f,-0.4031f,0.1658f,-0.1383f,0.9128f,0.3844f,-0.685f,0.3799f,0.4073f,-0.8305f,-0.0365f,0f,0f,0f,1f],start_interpolation: 0,interpolation_duration: 1}
$data merge entity $(bone_saber) {transformation: [-0.0791f,1.3313f,-0.3345f,-0.2293f,0.9765f,0.2901f,0.9235f,-1.1892f,0.9648f,-0.1845f,-0.9622f,0.6422f,0f,0f,0f,1f],start_interpolation: 0,interpolation_duration: 1}
$data merge entity $(bone_right_forearm) {transformation: [-0.0575f,-0.2433f,-0.9682f,-0.3154f,0.7102f,0.6717f,-0.2109f,-0.9705f,0.7017f,-0.6998f,0.1342f,0.436f,0f,0f,0f,1f],start_interpolation: 0,interpolation_duration: 1}
$data merge entity $(bone_right_arm) {transformation: [-0.9492f,-0.114f,-0.2933f,-0.2288f,0.1138f,0.7445f,-0.6579f,-0.7754f,0.2934f,-0.6579f,-0.6937f,0.2144f,0f,0f,0f,1f],start_interpolation: 0,interpolation_duration: 1}
$data merge entity $(bone_short_sword) {transformation: [0.3729f,0.8627f,-0.6912f,0.6399f,-0.5619f,0.7761f,0.6656f,-0.9149f,0.952f,0.1201f,0.6636f,-0.2885f,0f,0f,0f,1f],start_interpolation: 0,interpolation_duration: 1}
$data merge entity $(bone_left_forearm) {transformation: [0.3196f,-0.5924f,-0.7395f,0.4784f,-0.4816f,0.5705f,-0.6652f,-0.7738f,0.816f,0.5688f,-0.1029f,-0.142f,0f,0f,0f,1f],start_interpolation: 0,interpolation_duration: 1}
$data merge entity $(bone_left_arm) {transformation: [-0.6669f,-0.5924f,-0.452f,0.2285f,-0.7434f,0.5705f,0.349f,-0.7062f,0.0511f,0.5688f,-0.8209f,0.0244f,0f,0f,0f,1f],start_interpolation: 0,interpolation_duration: 1}
$data merge entity $(bone_torso) {transformation: [-0.9146f,-0.004f,-0.4043f,0f,-0.1383f,0.9428f,0.3033f,-1.0787f,0.3799f,0.3333f,-0.8629f,-0.0031f,0f,0f,0f,1f],start_interpolation: 0,interpolation_duration: 1}
$data merge entity $(bone_right_dress) {transformation: [-0.9593f,-0.2127f,-0.1856f,-0.1917f,-0.2164f,0.9763f,0f,-1.2354f,0.1812f,0.0402f,-0.9826f,0.0282f,0f,0f,0f,1f],start_interpolation: 0,interpolation_duration: 1}
$data merge entity $(bone_left_dress) {transformation: [-0.9593f,0.2127f,-0.1856f,0.1273f,0.2164f,0.9763f,0f,-1.2354f,0.1812f,-0.0402f,-0.9826f,-0.032f,0f,0f,0f,1f],start_interpolation: 0,interpolation_duration: 1}
$data merge entity $(bone_lower_right_leg) {transformation: [-0.9972f,0.0381f,-0.0648f,-0.1175f,0.043f,0.9962f,-0.076f,-1.6057f,0.0617f,-0.0786f,-0.995f,0.2921f,0f,0f,0f,1f],start_interpolation: 0,interpolation_duration: 1}
$data merge entity $(bone_right_leg) {transformation: [-0.9972f,-0.0143f,-0.0738f,-0.1228f,0.043f,0.697f,-0.7158f,-1.3443f,0.0617f,-0.7169f,-0.6944f,0.0232f,0f,0f,0f,1f],start_interpolation: 0,interpolation_duration: 1}
$data merge entity $(bone_lower_left_leg) {transformation: [-0.9817f,0.1098f,-0.1557f,0.0994f,-0.0436f,0.666f,0.7447f,-1.6615f,0.1854f,0.7379f,-0.649f,-0.2219f,0f,0f,0f,1f],start_interpolation: 0,interpolation_duration: 1}
$data merge entity $(bone_left_leg) {transformation: [-0.9817f,0.0625f,-0.1799f,0.1228f,-0.0436f,0.8458f,0.5317f,-1.3443f,0.1854f,0.5298f,-0.8276f,-0.0232f,0f,0f,0f,1f],start_interpolation: 0,interpolation_duration: 1}
$data merge entity $(bone_waist) {transformation: [-0.9826f,0f,-0.1856f,0f,0f,1f,0f,-1.0005f,0.1856f,0f,-0.9826f,0f,0f,0f,0f,1f],start_interpolation: 0,interpolation_duration: 1}
$data merge entity $(bone_pony_tail) {transformation: [-0.9862f,0.0043f,0.1656f,0.039f,0.0358f,0.9816f,0.1875f,-0.5825f,-0.1618f,0.1908f,-0.9682f,-0.0629f,0f,0f,0f,1f],start_interpolation: 0,interpolation_duration: 1}
$data merge entity $(bone_head) {transformation: [-0.9862f,0.0043f,0.1656f,0f,0.0358f,0.9816f,0.1875f,-0.6572f,-0.1618f,0.1908f,-0.9682f,0.1581f,0f,0f,0f,1f],start_interpolation: 0,interpolation_duration: 1}
data modify entity @s data merge value {"cameras":{},"locators":{"body_hitbox":{"posx":0.05416842660001167,"posy":-1.0406285790313121,"posz":0.1411169424179617,"roty":335.2705842987383,"rotx":15.18488558140009},"flame":{"posx":2.308742528007627,"posy":-0.6180643782081083,"posz":0.2943570970450233,"roty":340.82819165803426,"rotx":42.19537829676371},"flame1":{"posx":2.111371247293191,"posy":-0.2534395115076997,"posz":-0.09087761599736666,"roty":340.82819165803426,"rotx":42.19537829676371},"flame2":{"posx":1.868690847586371,"posy":0.05602220256729851,"posz":-0.4239912169203883,"roty":340.82819165803426,"rotx":42.19537829676371},"flame3":{"posx":1.5049797775503737,"posy":0.3391152152566401,"posz":-0.7403337586370256,"roty":340.82819165803426,"rotx":42.19537829676371},"flame4":{"posx":2.3850831383928863,"posy":-1.0090579462941733,"posz":0.6963628692937978,"roty":340.82819165803426,"rotx":42.19537829676371},"saber_hitbox":{"posx":0.37315024582613443,"posy":-1.0510603428204124,"posz":0.551730662925245,"roty":340.82819165803426,"rotx":42.19537829676371},"flame5":{"posx":2.350887168467276,"posy":0.6357481626524162,"posz":-0.043573796554868455,"roty":226.16655667153688,"rotx":34.78781277124538},"flame6":{"posx":1.971427645623665,"posy":0.9150985242231191,"posz":0.2699327360941609,"roty":226.16655667153688,"rotx":34.78781277124538},"flame7":{"posx":1.5827764435204705,"posy":1.1172124408834734,"posz":0.5414565983898221,"roty":226.16655667153688,"rotx":34.78781277124538},"flame8":{"posx":1.1016883141813025,"posy":1.2361708290193405,"posz":0.8001129605792261,"roty":226.16655667153688,"rotx":34.78781277124538},"flame9":{"posx":2.6379097640749127,"posy":0.2732422725572259,"posz":-0.3699478293101548,"roty":226.16655667153688,"rotx":34.78781277124538},"short_sword_hitbox":{"posx":0.9643332599276728,"posy":-0.6115847652148926,"posz":-0.23658629814872317,"roty":226.16655667153688,"rotx":34.78781277124538}}}
execute on vehicle unless entity @s[tag=aj.transforms_only] at @s run function animated_java:mage_hunter/animations/side_slash2/zzz/frames/10_root_commands