# This file was generated by Animated Java via MC-Build. It is not recommended to edit this file directly.
$data merge entity $(bone_chest) {transformation: [-0.9146f,-0.0217f,-0.4037f,0.0003f,-0.1383f,0.9551f,0.2619f,1.1101f,0.3799f,0.2954f,-0.8766f,0.0777f,0f,0f,0f,1f],start_interpolation: 0,interpolation_duration: 1}
$data merge entity $(bone_cape) {transformation: [-0.9146f,0.0312f,-0.4031f,0.1658f,-0.1383f,0.9128f,0.3844f,1.2838f,0.3799f,0.4073f,-0.8305f,-0.0365f,0f,0f,0f,1f],start_interpolation: 0,interpolation_duration: 1}
$data merge entity $(bone_saber) {transformation: [-0.0791f,1.3313f,-0.3345f,-0.2293f,0.9765f,0.2901f,0.9235f,0.7795f,0.9648f,-0.1845f,-0.9622f,0.6422f,0f,0f,0f,1f],start_interpolation: 0,interpolation_duration: 1}
$data merge entity $(bone_right_forearm) {transformation: [-0.0575f,-0.2433f,-0.9682f,-0.3154f,0.7102f,0.6717f,-0.2109f,0.9982f,0.7017f,-0.6998f,0.1342f,0.436f,0f,0f,0f,1f],start_interpolation: 0,interpolation_duration: 1}
$data merge entity $(bone_right_arm) {transformation: [-0.9492f,-0.114f,-0.2933f,-0.2288f,0.1138f,0.7445f,-0.6579f,1.1934f,0.2934f,-0.6579f,-0.6937f,0.2144f,0f,0f,0f,1f],start_interpolation: 0,interpolation_duration: 1}
$data merge entity $(bone_short_sword) {transformation: [0.3729f,0.8627f,-0.6912f,0.6399f,-0.5619f,0.7761f,0.6656f,1.0538f,0.952f,0.1201f,0.6636f,-0.2885f,0f,0f,0f,1f],start_interpolation: 0,interpolation_duration: 1}
$data merge entity $(bone_left_forearm) {transformation: [0.3196f,-0.5924f,-0.7395f,0.4784f,-0.4816f,0.5705f,-0.6652f,1.195f,0.816f,0.5688f,-0.1029f,-0.142f,0f,0f,0f,1f],start_interpolation: 0,interpolation_duration: 1}
$data merge entity $(bone_left_arm) {transformation: [-0.6669f,-0.5924f,-0.452f,0.2285f,-0.7434f,0.5705f,0.349f,1.2625f,0.0511f,0.5688f,-0.8209f,0.0244f,0f,0f,0f,1f],start_interpolation: 0,interpolation_duration: 1}
$data merge entity $(bone_torso) {transformation: [-0.9146f,-0.004f,-0.4043f,0f,-0.1383f,0.9428f,0.3033f,0.8901f,0.3799f,0.3333f,-0.8629f,-0.0031f,0f,0f,0f,1f],start_interpolation: 0,interpolation_duration: 1}
$data merge entity $(bone_right_dress) {transformation: [-0.9593f,-0.2127f,-0.1856f,-0.1917f,-0.2164f,0.9763f,0f,0.7333f,0.1812f,0.0402f,-0.9826f,0.0282f,0f,0f,0f,1f],start_interpolation: 0,interpolation_duration: 1}
$data merge entity $(bone_left_dress) {transformation: [-0.9593f,0.2127f,-0.1856f,0.1273f,0.2164f,0.9763f,0f,0.7333f,0.1812f,-0.0402f,-0.9826f,-0.032f,0f,0f,0f,1f],start_interpolation: 0,interpolation_duration: 1}
$data merge entity $(bone_lower_right_leg) {transformation: [-0.9972f,0.0381f,-0.0648f,-0.1175f,0.043f,0.9962f,-0.076f,0.3631f,0.0617f,-0.0786f,-0.995f,0.2921f,0f,0f,0f,1f],start_interpolation: 0,interpolation_duration: 1}
$data merge entity $(bone_right_leg) {transformation: [-0.9972f,-0.0143f,-0.0738f,-0.1228f,0.043f,0.697f,-0.7158f,0.6245f,0.0617f,-0.7169f,-0.6944f,0.0232f,0f,0f,0f,1f],start_interpolation: 0,interpolation_duration: 1}
$data merge entity $(bone_lower_left_leg) {transformation: [-0.9817f,0.1098f,-0.1557f,0.0994f,-0.0436f,0.666f,0.7447f,0.3073f,0.1854f,0.7379f,-0.649f,-0.2219f,0f,0f,0f,1f],start_interpolation: 0,interpolation_duration: 1}
$data merge entity $(bone_left_leg) {transformation: [-0.9817f,0.0625f,-0.1799f,0.1228f,-0.0436f,0.8458f,0.5317f,0.6245f,0.1854f,0.5298f,-0.8276f,-0.0232f,0f,0f,0f,1f],start_interpolation: 0,interpolation_duration: 1}
$data merge entity $(bone_waist) {transformation: [-0.9826f,0f,-0.1856f,0f,0f,1f,0f,0.9682f,0.1856f,0f,-0.9826f,0f,0f,0f,0f,1f],start_interpolation: 0,interpolation_duration: 1}
$data merge entity $(bone_pony_tail) {transformation: [-0.9862f,0.0043f,0.1656f,0.039f,0.0358f,0.9816f,0.1875f,1.3862f,-0.1618f,0.1908f,-0.9682f,-0.0629f,0f,0f,0f,1f],start_interpolation: 0,interpolation_duration: 1}
$data merge entity $(bone_head) {transformation: [-0.9862f,0.0043f,0.1656f,0f,0.0358f,0.9816f,0.1875f,1.3116f,-0.1618f,0.1908f,-0.9682f,0.1581f,0f,0f,0f,1f],start_interpolation: 0,interpolation_duration: 1}
execute on vehicle unless entity @s[tag=aj.transforms_only] at @s run function animated_java:mage_hunter/animations/side_slash2/zzz/frames/10_root_commands