# This file was generated by Animated Java via MC-Build. It is not recommended to edit this file directly.
$data merge entity $(bone_chest) {transformation: [-0.992f,0.0059f,-0.1261f,0.0031f,-0.0367f,0.9423f,0.3328f,-0.8652f,0.1207f,0.3348f,-0.9345f,0.0877f,0f,0f,0f,1f],start_interpolation: 0,interpolation_duration: 1}
$data merge entity $(bone_cape) {transformation: [-0.992f,0.0223f,-0.1242f,0.2109f,-0.0367f,0.8908f,0.453f,-0.7098f,0.1207f,0.4539f,-0.8828f,0.0306f,0f,0f,0f,1f],start_interpolation: 0,interpolation_duration: 1}
$data merge entity $(bone_saber) {transformation: [-0.4719f,1.2763f,0.1975f,-0.4537f,0.9278f,0.1887f,0.9971f,-1.1849f,0.8984f,0.4755f,-0.926f,0.5296f,0f,0f,0f,1f],start_interpolation: 0,interpolation_duration: 1}
$data merge entity $(bone_right_forearm) {transformation: [-0.3432f,0.1437f,-0.9282f,-0.4231f,0.6748f,0.7252f,-0.1373f,-0.9494f,0.6534f,-0.6734f,-0.3458f,0.3263f,0f,0f,0f,1f],start_interpolation: 0,interpolation_duration: 1}
$data merge entity $(bone_right_arm) {transformation: [-0.9628f,0.2104f,-0.1694f,-0.2435f,0.2692f,0.7981f,-0.5391f,-0.7586f,0.0218f,-0.5647f,-0.825f,0.1648f,0f,0f,0f,1f],start_interpolation: 0,interpolation_duration: 1}
$data merge entity $(bone_short_sword) {transformation: [-0.1345f,1.0503f,-0.4898f,0.7154f,-0.2691f,0.4513f,1.0417f,-1.0495f,1.1272f,0.2331f,0.1902f,0.0759f,0f,0f,0f,1f],start_interpolation: 0,interpolation_duration: 1}
$data merge entity $(bone_left_forearm) {transformation: [-0.1153f,-0.6711f,-0.7324f,0.5336f,-0.2307f,0.7352f,-0.6374f,-0.8653f,0.9662f,0.0954f,-0.2396f,0.0981f,0f,0f,0f,1f],start_interpolation: 0,interpolation_duration: 1}
$data merge entity $(bone_left_arm) {transformation: [-0.7391f,-0.6711f,0.0586f,0.2525f,-0.6533f,0.7352f,0.1809f,-0.7402f,-0.1645f,0.0954f,-0.9818f,0.1044f,0f,0f,0f,1f],start_interpolation: 0,interpolation_duration: 1}
$data merge entity $(bone_torso) {transformation: [-0.992f,0.0114f,-0.1257f,0f,-0.0367f,0.9269f,0.3736f,-1.0813f,0.1207f,0.3752f,-0.919f,-0.0031f,0f,0f,0f,1f],start_interpolation: 0,interpolation_duration: 1}
$data merge entity $(bone_right_dress) {transformation: [-0.9669f,-0.2143f,-0.1386f,-0.1928f,-0.2164f,0.9763f,0f,-1.2381f,0.1353f,0.03f,-0.9903f,0.0191f,0f,0f,0f,1f],start_interpolation: 0,interpolation_duration: 1}
$data merge entity $(bone_left_dress) {transformation: [-0.9669f,0.2143f,-0.1386f,0.1287f,0.2164f,0.9763f,0f,-1.2381f,0.1353f,-0.03f,-0.9903f,-0.0259f,0f,0f,0f,1f],start_interpolation: 0,interpolation_duration: 1}
$data merge entity $(bone_lower_right_leg) {transformation: [-0.999f,0.0435f,-0.0145f,-0.1306f,0.0431f,0.9987f,0.0269f,-1.6046f,0.0156f,0.0263f,-0.9995f,0.2897f,0f,0f,0f,1f],start_interpolation: 0,interpolation_duration: 1}
$data merge entity $(bone_right_leg) {transformation: [-0.999f,0.0183f,-0.042f,-0.1238f,0.0431f,0.6872f,-0.7252f,-1.3469f,0.0156f,-0.7262f,-0.6873f,0.0173f,0f,0f,0f,1f],start_interpolation: 0,interpolation_duration: 1}
$data merge entity $(bone_lower_left_leg) {transformation: [-0.9894f,0.0719f,-0.1262f,0.1072f,-0.0436f,0.6814f,0.7306f,-1.6537f,0.1385f,0.7283f,-0.6711f,-0.2324f,0f,0f,0f,1f],start_interpolation: 0,interpolation_duration: 1}
$data merge entity $(bone_left_leg) {transformation: [-0.9894f,0.0442f,-0.1383f,0.1238f,-0.0436f,0.818f,0.5736f,-1.3469f,0.1385f,0.5735f,-0.8074f,-0.0173f,0f,0f,0f,1f],start_interpolation: 0,interpolation_duration: 1}
$data merge entity $(bone_waist) {transformation: [-0.9903f,0f,-0.1386f,0f,0f,1f,0f,-1.0032f,0.1386f,0f,-0.9903f,0f,0f,0f,0f,1f],start_interpolation: 0,interpolation_duration: 1}
$data merge entity $(bone_pony_tail) {transformation: [-0.978f,-0.0201f,0.2075f,0.048f,0.0454f,0.9509f,0.3062f,-0.5579f,-0.2035f,0.3089f,-0.9291f,-0.0518f,0f,0f,0f,1f],start_interpolation: 0,interpolation_duration: 1}
$data merge entity $(bone_head) {transformation: [-0.978f,-0.0201f,0.2075f,0f,0.0454f,0.9509f,0.3062f,-0.6594f,-0.2035f,0.3089f,-0.9291f,0.1563f,0f,0f,0f,1f],start_interpolation: 0,interpolation_duration: 1}
execute on vehicle unless entity @s[tag=aj.transforms_only] positioned ^0.0178952411 ^-1.0540643562 ^0.1521971247 rotated ~352.3178941819 ~19.4393104881 run function animated_java:mage_hunter/animations/side_slash2/zzz/frames/12_locator_commands
execute on vehicle unless entity @s[tag=aj.transforms_only] positioned ^1.1134984438 ^-0.8672710619 ^0.1668639957 rotated ~248.7746235623 ~63.2332400731 run function animated_java:mage_hunter/animations/side_slash2/zzz/frames/12_locator_commands
data modify entity @s data merge value {"cameras":{},"locators":{"body_hitbox":{"posx":0.017895241067011684,"posy":-1.054064356229538,"posz":0.1521971247299022,"roty":352.3178941819148,"rotx":19.439310488073296},"saber_hitbox":{"posx":0.12750234537496574,"posy":-1.0922650440923807,"posz":0.7391864490539541,"roty":12.042032743913609,"rotx":46.48256801788305},"short_sword_hitbox":{"posx":1.1134984438278928,"posy":-0.8672710619491015,"posz":0.16686399567201787,"roty":248.77462356230174,"rotx":63.23324007311718}}}
execute on vehicle unless entity @s[tag=aj.transforms_only] at @s run function animated_java:mage_hunter/animations/side_slash2/zzz/frames/12_root_commands