# This file was generated by Animated Java via MC-Build. It is not recommended to edit this file directly.
$data merge entity $(bone_chest) {transformation: [-0.9798f,0.0191f,0.199f,0.0018f,0.0884f,0.9342f,0.3455f,-0.8719f,-0.1793f,0.3561f,-0.9171f,0.0925f,0f,0f,0f,1f],start_interpolation: 0,interpolation_duration: 1}
$data merge entity $(bone_cape) {transformation: [-0.9798f,-0.0071f,0.1998f,0.2343f,0.0884f,0.8811f,0.4645f,-0.7439f,-0.1793f,0.4728f,-0.8627f,0.1052f,0f,0f,0f,1f],start_interpolation: 0,interpolation_duration: 1}
$data merge entity $(bone_saber) {transformation: [-0.7879f,0.8567f,0.7321f,-0.6454f,0.9847f,0.089f,0.9555f,-1.1239f,0.5479f,1.0718f,-0.6645f,0.3201f,0f,0f,0f,1f],start_interpolation: 0,interpolation_duration: 1}
$data merge entity $(bone_right_forearm) {transformation: [-0.573f,0.5324f,-0.6231f,-0.4942f,0.7162f,0.6949f,-0.0647f,-0.8964f,0.3985f,-0.4833f,-0.7795f,0.168f,0f,0f,0f,1f],start_interpolation: 0,interpolation_duration: 1}
$data merge entity $(bone_right_arm) {transformation: [-0.8547f,0.5172f,0.0445f,-0.2419f,0.4422f,0.7703f,-0.4594f,-0.735f,-0.2718f,-0.373f,-0.8871f,0.0971f,0f,0f,0f,1f],start_interpolation: 0,interpolation_duration: 1}
$data merge entity $(bone_short_sword) {transformation: [-0.6024f,0.9888f,0.1435f,0.5556f,0.2288f,-0.0266f,1.1437f,-1.1455f,0.9726f,0.6187f,-0.1801f,0.4732f,0f,0f,0f,1f],start_interpolation: 0,interpolation_duration: 1}
$data merge entity $(bone_left_forearm) {transformation: [-0.5163f,-0.3853f,-0.7648f,0.4476f,0.1961f,0.8161f,-0.5436f,-0.9394f,0.8336f,-0.4306f,-0.3458f,0.3578f,0f,0f,0f,1f],start_interpolation: 0,interpolation_duration: 1}
$data merge entity $(bone_left_arm) {transformation: [-0.7294f,-0.3853f,0.5652f,0.2481f,-0.5552f,0.8161f,-0.1601f,-0.7792f,-0.3996f,-0.4306f,-0.8092f,0.1868f,0f,0f,0f,1f],start_interpolation: 0,interpolation_duration: 1}
$data merge entity $(bone_torso) {transformation: [-0.9798f,0.0104f,0.1996f,0f,0.0884f,0.9183f,0.386f,-1.0859f,-0.1793f,0.3958f,-0.9007f,-0.0031f,0f,0f,0f,1f],start_interpolation: 0,interpolation_duration: 1}
$data merge entity $(bone_right_dress) {transformation: [-0.9726f,-0.2156f,-0.0872f,-0.1935f,-0.2164f,0.9763f,0f,-1.2427f,0.0851f,0.0189f,-0.9962f,0.0091f,0f,0f,0f,1f],start_interpolation: 0,interpolation_duration: 1}
$data merge entity $(bone_left_dress) {transformation: [-0.9726f,0.2156f,-0.0872f,0.1299f,0.2164f,0.9763f,0f,-1.2427f,0.0851f,-0.0189f,-0.9962f,-0.0192f,0f,0f,0f,1f],start_interpolation: 0,interpolation_duration: 1}
$data merge entity $(bone_lower_right_leg) {transformation: [-0.9984f,0.0374f,0.042f,-0.1454f,0.0431f,0.9888f,0.1429f,-1.6021f,-0.0361f,0.1445f,-0.9888f,0.2891f,0f,0f,0f,1f],start_interpolation: 0,interpolation_duration: 1}
$data merge entity $(bone_right_leg) {transformation: [-0.9984f,0.0557f,-0.0078f,-0.1245f,0.0431f,0.6682f,-0.7428f,-1.3516f,-0.0361f,-0.7419f,-0.6695f,0.0109f,0f,0f,0f,1f],start_interpolation: 0,interpolation_duration: 1}
$data merge entity $(bone_lower_left_leg) {transformation: [-0.9952f,0.0329f,-0.0917f,0.1168f,-0.0436f,0.6909f,0.7217f,-1.6437f,0.0871f,0.7222f,-0.6861f,-0.2458f,0f,0f,0f,1f],start_interpolation: 0,interpolation_duration: 1}
$data merge entity $(bone_left_leg) {transformation: [-0.9952f,0.0207f,-0.0952f,0.1245f,-0.0436f,0.7791f,0.6253f,-1.3516f,0.0871f,0.6265f,-0.7745f,-0.0109f,0f,0f,0f,1f],start_interpolation: 0,interpolation_duration: 1}
$data merge entity $(bone_waist) {transformation: [-0.9962f,0f,-0.0872f,0f,0f,1f,0f,-1.0078f,0.0872f,0f,-0.9962f,0f,0f,0f,0f,1f],start_interpolation: 0,interpolation_duration: 1}
$data merge entity $(bone_pony_tail) {transformation: [-0.9659f,-0.0613f,0.2515f,0.057f,0.0565f,0.8982f,0.4359f,-0.5338f,-0.2526f,0.4352f,-0.8642f,-0.0327f,0f,0f,0f,1f],start_interpolation: 0,interpolation_duration: 1}
$data merge entity $(bone_head) {transformation: [-0.9659f,-0.0613f,0.2515f,0f,0.0565f,0.8982f,0.4359f,-0.6641f,-0.2526f,0.4352f,-0.8642f,0.1563f,0f,0f,0f,1f],start_interpolation: 0,interpolation_duration: 1}
execute on vehicle unless entity @s[tag=aj.transforms_only] positioned ^-0.0260487171 ^-1.0610883305 ^0.1514418194 rotated ~12.2433306207 ~20.2141724348 run function animated_java:mage_hunter/animations/side_slash2/zzz/frames/13_locator_commands
execute on vehicle unless entity @s[tag=aj.transforms_only] positioned ^2.5248048993 ^-1.1883454381 ^1.70297936 rotated ~38.5488108195 ~78.6134800686 run function animated_java:mage_hunter/animations/side_slash2/zzz/frames/13_locator_commands
execute on vehicle unless entity @s[tag=aj.transforms_only] positioned ^2.5410417609 ^-0.6354892273 ^1.5829840494 rotated ~38.5488108195 ~78.6134800686 run function animated_java:mage_hunter/animations/side_slash2/zzz/frames/13_locator_commands
execute on vehicle unless entity @s[tag=aj.transforms_only] positioned ^2.4966201119 ^-0.1424753375 ^1.4394952988 rotated ~38.5488108195 ~78.6134800686 run function animated_java:mage_hunter/animations/side_slash2/zzz/frames/13_locator_commands
execute on vehicle unless entity @s[tag=aj.transforms_only] positioned ^2.3462605162 ^0.3533936168 ^1.2297192942 rotated ~38.5488108195 ~78.6134800686 run function animated_java:mage_hunter/animations/side_slash2/zzz/frames/13_locator_commands
execute on vehicle unless entity @s[tag=aj.transforms_only] positioned ^2.402630091 ^-1.7383465843 ^1.7566874166 rotated ~38.5488108195 ~78.6134800686 run function animated_java:mage_hunter/animations/side_slash2/zzz/frames/13_locator_commands
execute on vehicle unless entity @s[tag=aj.transforms_only] positioned ^0.9357356981 ^-1.1455194705 ^0.7086705497 rotated ~38.5488108195 ~78.6134800686 run function animated_java:mage_hunter/animations/side_slash2/zzz/frames/13_locator_commands
data modify entity @s data merge value {"cameras":{},"locators":{"body_hitbox":{"posx":-0.02604871705533604,"posy":-1.0610883304616825,"posz":0.15144181938860446,"roty":12.243330620672225,"rotx":20.21417243482494},"flame":{"posx":0.9859777284770515,"posy":-0.936151800271934,"posz":2.3675945616633722,"roty":47.76968533802429,"rotx":44.02186423107467},"flame1":{"posx":1.2465334443640155,"posy":-0.5492986062273578,"posz":2.0470203500116217,"roty":47.76968533802429,"rotx":44.02186423107467},"flame2":{"posx":1.4348710124043118,"posy":-0.20992523186998158,"posz":1.7079338223494995,"roty":47.76968533802429,"rotx":44.02186423107467},"flame3":{"posx":1.5453270574979994,"posy":0.12135510585935028,"posz":1.2714102835383594,"roty":47.76968533802429,"rotx":44.02186423107467},"flame4":{"posx":0.6475404896434787,"posy":-1.3310980309445546,"posz":2.590731762166104,"roty":47.76968533802429,"rotx":44.02186423107467},"saber_hitbox":{"posx":-0.2511736969313441,"posy":-1.0768302925461273,"posz":0.8023757101776012,"roty":47.76968533802429,"rotx":44.02186423107467},"flame5":{"posx":2.524804899319523,"posy":-1.1883454380584542,"posz":1.7029793599843932,"roty":38.548810819516405,"rotx":78.61348006857433},"flame6":{"posx":2.541041760919292,"posy":-0.6354892273178271,"posz":1.5829840493639147,"roty":38.548810819516405,"rotx":78.61348006857433},"flame7":{"posx":2.496620111924879,"posy":-0.14247533749015373,"posz":1.439495298802751,"roty":38.548810819516405,"rotx":78.61348006857433},"flame8":{"posx":2.346260516180893,"posy":0.3533936168423282,"posz":1.2297192942242585,"roty":38.548810819516405,"rotx":78.61348006857433},"flame9":{"posx":2.40263009097018,"posy":-1.7383465842942727,"posz":1.7566874165875426,"roty":38.548810819516405,"rotx":78.61348006857433},"short_sword_hitbox":{"posx":0.9357356980759199,"posy":-1.1455194704863239,"posz":0.7086705497244575,"roty":38.548810819516405,"rotx":78.61348006857433}}}
execute on vehicle unless entity @s[tag=aj.transforms_only] at @s run function animated_java:mage_hunter/animations/side_slash2/zzz/frames/13_root_commands