# This file was generated by Animated Java via MC-Build. It is not recommended to edit this file directly.
$data merge entity $(bone_chest) {transformation: [-0.8655f,0.0236f,0.5004f,-0.0012f,0.1907f,0.9392f,0.2855f,-0.8746f,-0.4632f,0.3425f,-0.8174f,0.0879f,0f,0f,0f,1f],start_interpolation: 0,interpolation_duration: 1}
$data merge entity $(bone_cape) {transformation: [-0.8655f,-0.0419f,0.4992f,0.2307f,0.1907f,0.8939f,0.4057f,-0.7731f,-0.4632f,0.4463f,-0.7657f,0.1689f,0f,0f,0f,1f],start_interpolation: 0,interpolation_duration: 1}
$data merge entity $(bone_saber) {transformation: [-0.8448f,0.1856f,1.0688f,-0.7298f,1.0848f,0.1365f,0.8338f,-1.0338f,0.0065f,1.3556f,-0.2303f,0.0488f,0f,0f,0f,1f],start_interpolation: 0,interpolation_duration: 1}
$data merge entity $(bone_right_forearm) {transformation: [-0.6144f,0.7773f,-0.135f,-0.4981f,0.789f,0.6064f,-0.0993f,-0.8331f,0.0047f,-0.1675f,-0.9859f,-0.0128f,0f,0f,0f,1f],start_interpolation: 0,interpolation_duration: 1}
$data merge entity $(bone_right_arm) {transformation: [-0.6334f,0.7167f,0.2918f,-0.2173f,0.571f,0.6874f,-0.4488f,-0.7112f,-0.5223f,-0.1176f,-0.8446f,0.0194f,0f,0f,0f,1f],start_interpolation: 0,interpolation_duration: 1}
$data merge entity $(bone_short_sword) {transformation: [-0.7033f,0.4014f,0.8398f,0.2141f,0.7566f,-0.3666f,0.8089f,-1.1053f,0.5422f,1.0323f,-0.0393f,0.7216f,0f,0f,0f,1f],start_interpolation: 0,interpolation_duration: 1}
$data merge entity $(bone_left_forearm) {transformation: [-0.6029f,0.1652f,-0.7805f,0.2489f,0.6485f,0.6714f,-0.3588f,-0.9347f,0.4648f,-0.7225f,-0.5119f,0.5288f,0f,0f,0f,1f],start_interpolation: 0,interpolation_duration: 1}
$data merge entity $(bone_left_arm) {transformation: [-0.6393f,0.1652f,0.751f,0.2154f,-0.4849f,0.6714f,-0.5605f,-0.8065f,-0.5968f,-0.7225f,-0.3491f,0.251f,0f,0f,0f,1f],start_interpolation: 0,interpolation_duration: 1}
$data merge entity $(bone_torso) {transformation: [-0.8655f,0.0017f,0.5009f,0f,0.1907f,0.9259f,0.3262f,-1.0906f,-0.4632f,0.3779f,-0.8016f,-0.0031f,0f,0f,0f,1f],start_interpolation: 0,interpolation_duration: 1}
$data merge entity $(bone_right_dress) {transformation: [-0.9757f,-0.2163f,-0.0354f,-0.1937f,-0.2164f,0.9763f,0f,-1.2474f,0.0346f,0.0077f,-0.9994f,-0.0009f,0f,0f,0f,1f],start_interpolation: 0,interpolation_duration: 1}
$data merge entity $(bone_left_dress) {transformation: [-0.9757f,0.2163f,-0.0354f,0.1307f,0.2164f,0.9763f,0f,-1.2474f,0.0346f,-0.0077f,-0.9994f,-0.0125f,0f,0f,0f,1f],start_interpolation: 0,interpolation_duration: 1}
$data merge entity $(bone_lower_right_leg) {transformation: [-0.9952f,0.0188f,0.096f,-0.1604f,0.0431f,0.9655f,0.257f,-1.5995f,-0.0878f,0.2599f,-0.9616f,0.2876f,0f,0f,0f,1f],start_interpolation: 0,interpolation_duration: 1}
$data merge entity $(bone_right_leg) {transformation: [-0.9952f,0.0947f,0.0244f,-0.1249f,0.0431f,0.6487f,-0.7598f,-1.3562f,-0.0878f,-0.7551f,-0.6497f,0.0044f,0f,0f,0f,1f],start_interpolation: 0,interpolation_duration: 1}
$data merge entity $(bone_lower_left_leg) {transformation: [-0.9984f,-0.0053f,-0.0559f,0.128f,-0.0436f,0.7001f,0.7127f,-1.6326f,0.0354f,0.714f,-0.6993f,-0.2579f,0f,0f,0f,1f],start_interpolation: 0,interpolation_duration: 1}
$data merge entity $(bone_left_leg) {transformation: [-0.9984f,-0.0082f,-0.0556f,0.1249f,-0.0436f,0.737f,0.6744f,-1.3562f,0.0354f,0.6758f,-0.7362f,-0.0044f,0f,0f,0f,1f],start_interpolation: 0,interpolation_duration: 1}
$data merge entity $(bone_waist) {transformation: [-0.9994f,0f,-0.0354f,0f,0f,1f,0f,-1.0125f,0.0354f,0f,-0.9994f,0f,0f,0f,0f,1f],start_interpolation: 0,interpolation_duration: 1}
$data merge entity $(bone_pony_tail) {transformation: [-0.9512f,-0.115f,0.2863f,0.0635f,0.0671f,0.8286f,0.5558f,-0.5125f,-0.3012f,0.5479f,-0.7805f,-0.0095f,0f,0f,0f,1f],start_interpolation: 0,interpolation_duration: 1}
$data merge entity $(bone_head) {transformation: [-0.9512f,-0.115f,0.2863f,0f,0.0671f,0.8286f,0.5558f,-0.6687f,-0.3012f,0.5479f,-0.7805f,0.1563f,0f,0f,0f,1f],start_interpolation: 0,interpolation_duration: 1}
execute on vehicle unless entity @s[tag=aj.transforms_only] positioned ^-0.0673916634 ^-1.0570411871 ^0.1365914523 rotated ~31.4748667357 ~16.5910250096 run function animated_java:mage_hunter/animations/side_slash2/zzz/frames/14_locator_commands
execute on vehicle unless entity @s[tag=aj.transforms_only] positioned ^0.3754356168 ^-1.2385194588 ^1.1168257766 rotated ~87.3198183803 ~43.8940342185 run function animated_java:mage_hunter/animations/side_slash2/zzz/frames/14_locator_commands
data modify entity @s data merge value {"cameras":{},"locators":{"body_hitbox":{"posx":-0.0673916634108202,"posy":-1.0570411871369578,"posz":0.1365914523033149,"roty":31.47486673567036,"rotx":16.591025009594645},"saber_hitbox":{"posx":-0.6380563281497331,"posy":-0.9659857545714905,"posz":0.6630098822061323,"roty":77.83986877038153,"rotx":37.328015275012845},"short_sword_hitbox":{"posx":0.3754356168192825,"posy":-1.2385194588195205,"posz":1.1168257765540135,"roty":87.3198183803397,"rotx":43.89403421845695}}}
execute on vehicle unless entity @s[tag=aj.transforms_only] at @s run function animated_java:mage_hunter/animations/side_slash2/zzz/frames/14_root_commands