# This file was generated by Animated Java via MC-Build. It is not recommended to edit this file directly.
$data merge entity $(bone_chest) {transformation: [-0.7373f,0.0295f,0.6749f,-0.0021f,0.2311f,0.9498f,0.2109f,1.0945f,-0.6348f,0.3115f,-0.7071f,0.0792f,0f,0f,0f,1f],start_interpolation: 0,interpolation_duration: 1}
$data merge entity $(bone_cape) {transformation: [-0.7373f,-0.0589f,0.673f,0.2162f,0.2311f,0.9141f,0.3331f,1.1826f,-0.6348f,0.4011f,-0.6604f,0.2024f,0f,0f,0f,1f],start_interpolation: 0,interpolation_duration: 1}
$data merge entity $(bone_saber) {transformation: [-0.6975f,-0.2984f,1.1468f,-0.7145f,1.1182f,0.2746f,0.7515f,0.9905f,-0.3921f,1.3138f,0.1034f,-0.1483f,0f,0f,0f,1f],start_interpolation: 0,interpolation_duration: 1}
$data merge entity $(bone_right_forearm) {transformation: [-0.5072f,0.834f,0.217f,-0.46f,0.8132f,0.5466f,-0.1997f,1.1719f,-0.2852f,0.0752f,-0.9555f,-0.1384f,0f,0f,0f,1f],start_interpolation: 0,interpolation_duration: 1}
$data merge entity $(bone_right_arm) {transformation: [-0.4341f,0.7797f,0.4512f,-0.1864f,0.618f,0.6222f,-0.4805f,1.2697f,-0.6555f,0.0703f,-0.752f,-0.0368f,0f,0f,0f,1f],start_interpolation: 0,interpolation_duration: 1}
$data merge entity $(bone_short_sword) {transformation: [-0.5131f,-0.3222f,0.997f,-0.0409f,1.0244f,-0.3875f,0.402f,0.9819f,0.2201f,1.0522f,0.4533f,0.7616f,0f,0f,0f,1f],start_interpolation: 0,interpolation_duration: 1}
$data merge entity $(bone_left_forearm) {transformation: [-0.4398f,0.5518f,-0.7086f,0.095f,0.8781f,0.4299f,-0.2102f,1.0913f,0.1887f,-0.7146f,-0.6736f,0.569f,0f,0f,0f,1f],start_interpolation: 0,interpolation_duration: 1}
$data merge entity $(bone_left_arm) {transformation: [-0.5436f,0.5518f,0.6325f,0.1822f,-0.4645f,0.4299f,-0.7742f,1.1541f,-0.6991f,-0.7146f,0.0226f,0.2807f,0f,0f,0f,1f],start_interpolation: 0,interpolation_duration: 1}
$data merge entity $(bone_torso) {transformation: [-0.7373f,0f,0.6756f,0f,0.2311f,0.9397f,0.2522f,0.875f,-0.6348f,0.342f,-0.6928f,-0.0031f,0f,0f,0f,1f],start_interpolation: 0,interpolation_duration: 1}
$data merge entity $(bone_right_dress) {transformation: [-0.9763f,-0.2164f,0f,-0.1936f,-0.2164f,0.9763f,0f,0.7182f,0f,0f,-1f,-0.0078f,0f,0f,0f,1f],start_interpolation: 0,interpolation_duration: 1}
$data merge entity $(bone_left_dress) {transformation: [-0.9763f,0.2164f,0f,0.1311f,0.2164f,0.9763f,0f,0.7182f,0f,0f,-1f,-0.0078f,0f,0f,0f,1f],start_interpolation: 0,interpolation_duration: 1}
$data merge entity $(bone_lower_right_leg) {transformation: [-0.9915f,-0.0008f,0.1303f,-0.1708f,0.0431f,0.9419f,0.3331f,0.3712f,-0.123f,0.3359f,-0.9338f,0.286f,0f,0f,0f,1f],start_interpolation: 0,interpolation_duration: 1}
$data merge entity $(bone_right_leg) {transformation: [-0.9915f,0.1222f,0.0453f,-0.125f,0.0431f,0.6351f,-0.7712f,0.6094f,-0.123f,-0.7627f,-0.635f,0f,0f,0f,0f,1f],start_interpolation: 0,interpolation_duration: 1}
$data merge entity $(bone_lower_left_leg) {transformation: [-0.999f,-0.0308f,-0.0308f,0.1366f,-0.0436f,0.7064f,0.7064f,0.3445f,0f,0.7071f,-0.7071f,-0.2652f,0f,0f,0f,1f],start_interpolation: 0,interpolation_duration: 1}
$data merge entity $(bone_left_leg) {transformation: [-0.999f,-0.0308f,-0.0308f,0.125f,-0.0436f,0.7064f,0.7064f,0.6094f,0f,0.7071f,-0.7071f,0f,0f,0f,0f,1f],start_interpolation: 0,interpolation_duration: 1}
$data merge entity $(bone_waist) {transformation: [-1f,0f,0f,0f,0f,1f,0f,0.9531f,0f,0f,-1f,0f,0f,0f,0f,1f],start_interpolation: 0,interpolation_duration: 1}
$data merge entity $(bone_pony_tail) {transformation: [-0.9397f,-0.1579f,0.3034f,0.0662f,0.074f,0.7721f,0.6312f,1.4689f,-0.3339f,0.6156f,-0.7138f,0.0082f,0f,0f,0f,1f],start_interpolation: 0,interpolation_duration: 1}
$data merge entity $(bone_head) {transformation: [-0.9397f,-0.1579f,0.3034f,0f,0.074f,0.7721f,0.6312f,1.2969f,-0.3339f,0.6156f,-0.7138f,0.1563f,0f,0f,0f,1f],start_interpolation: 0,interpolation_duration: 1}
execute on vehicle unless entity @s[tag=aj.transforms_only] at @s run function animated_java:mage_hunter/animations/side_slash2/zzz/frames/15_root_commands