# This file was generated by Animated Java via MC-Build. It is not recommended to edit this file directly.
$data merge entity $(bone_chest) {transformation: [-0.6819f,0.0289f,0.7309f,-0.003f,0.2381f,0.9536f,0.1844f,-0.8763f,-0.6917f,0.2997f,-0.6571f,0.0758f,0f,0f,0f,1f],start_interpolation: 0,interpolation_duration: 1}
$data merge entity $(bone_cape) {transformation: [-0.6819f,-0.0667f,0.7284f,0.2075f,0.2381f,0.9214f,0.3073f,-0.7913f,-0.6917f,0.3829f,-0.6123f,0.2138f,0f,0f,0f,1f],start_interpolation: 0,interpolation_duration: 1}
$data merge entity $(bone_saber) {transformation: [-0.6043f,-0.4376f,1.155f,-0.6996f,1.1274f,0.3296f,0.7147f,-0.9594f,-0.5044f,1.2611f,0.214f,-0.2146f,0f,0f,0f,1f],start_interpolation: 0,interpolation_duration: 1}
$data merge entity $(bone_right_forearm) {transformation: [-0.4395f,0.84f,0.3183f,-0.4413f,0.82f,0.5198f,-0.2397f,-0.7866f,-0.3668f,0.1556f,-0.9172f,-0.1805f,0f,0f,0f,1f],start_interpolation: 0,interpolation_duration: 1}
$data merge entity $(bone_right_arm) {transformation: [-0.3519f,0.7945f,0.495f,-0.1738f,0.6292f,0.5922f,-0.5033f,-0.6987f,-0.693f,0.1344f,-0.7083f,-0.0561f,0f,0f,0f,1f],start_interpolation: 0,interpolation_duration: 1}
$data merge entity $(bone_short_sword) {transformation: [-0.3888f,-0.4784f,0.9905f,-0.1295f,1.0926f,-0.2896f,0.2889f,-0.9292f,0.1274f,1.0239f,0.5445f,0.7482f,0f,0f,0f,1f],start_interpolation: 0,interpolation_duration: 1}
$data merge entity $(bone_left_forearm) {transformation: [-0.3332f,0.6757f,-0.6576f,0.039f,0.9365f,0.318f,-0.1478f,-0.8482f,0.1092f,-0.6651f,-0.7387f,0.5679f,0f,0f,0f,1f],start_interpolation: 0,interpolation_duration: 1}
$data merge entity $(bone_left_arm) {transformation: [-0.4958f,0.6757f,0.5455f,0.1671f,-0.4716f,0.318f,-0.8225f,-0.8177f,-0.7292f,-0.6651f,0.161f,0.2897f,0f,0f,0f,1f],start_interpolation: 0,interpolation_duration: 1}
$data merge entity $(bone_torso) {transformation: [-0.6819f,-0.003f,0.7315f,0f,0.2381f,0.9446f,0.2258f,-1.097f,-0.6917f,0.3281f,-0.6434f,-0.0031f,0f,0f,0f,1f],start_interpolation: 0,interpolation_duration: 1}
$data merge entity $(bone_right_dress) {transformation: [-0.9762f,-0.2164f,0.0112f,-0.1935f,-0.2164f,0.9763f,0f,-1.2538f,-0.0109f,-0.0024f,-0.9999f,-0.01f,0f,0f,0f,1f],start_interpolation: 0,interpolation_duration: 1}
$data merge entity $(bone_left_dress) {transformation: [-0.9762f,0.2164f,0.0112f,0.1312f,0.2164f,0.9763f,0f,-1.2538f,-0.0109f,0.0024f,-0.9999f,-0.0063f,0f,0f,0f,1f],start_interpolation: 0,interpolation_duration: 1}
$data merge entity $(bone_lower_right_leg) {transformation: [-0.9898f,-0.0096f,0.1424f,-0.175f,0.043f,0.9313f,0.3617f,-1.5951f,-0.136f,0.3641f,-0.9214f,0.2886f,0f,0f,0f,1f],start_interpolation: 0,interpolation_duration: 1}
$data merge entity $(bone_right_leg) {transformation: [-0.9898f,0.1332f,0.051f,-0.125f,0.043f,0.6198f,-0.7835f,-1.3626f,-0.136f,-0.7733f,-0.6192f,-0.0014f,0f,0f,0f,1f],start_interpolation: 0,interpolation_duration: 1}
$data merge entity $(bone_lower_left_leg) {transformation: [-0.999f,-0.0385f,-0.0233f,0.1393f,-0.0436f,0.6995f,0.7133f,-1.6204f,-0.0112f,0.7136f,-0.7005f,-0.2706f,0f,0f,0f,1f],start_interpolation: 0,interpolation_duration: 1}
$data merge entity $(bone_left_leg) {transformation: [-0.999f,-0.0381f,-0.024f,0.125f,-0.0436f,0.6874f,0.7249f,-1.3626f,-0.0112f,0.7252f,-0.6884f,0.0014f,0f,0f,0f,1f],start_interpolation: 0,interpolation_duration: 1}
$data merge entity $(bone_waist) {transformation: [-0.9999f,0f,0.0112f,0f,0f,1f,0f,-1.0189f,-0.0112f,0f,-0.9999f,0f,0f,0f,0f,1f],start_interpolation: 0,interpolation_duration: 1}
$data merge entity $(bone_pony_tail) {transformation: [-0.9338f,-0.1779f,0.3103f,0.0672f,0.0772f,0.7468f,0.6605f,-0.4975f,-0.3493f,0.6408f,-0.6837f,0.0185f,0f,0f,0f,1f],start_interpolation: 0,interpolation_duration: 1}
$data merge entity $(bone_head) {transformation: [-0.9338f,-0.1779f,0.3103f,0f,0.0772f,0.7468f,0.6605f,-0.6756f,-0.3493f,0.6408f,-0.6837f,0.1588f,0f,0f,0f,1f],start_interpolation: 0,interpolation_duration: 1}
execute on vehicle unless entity @s[tag=aj.transforms_only] positioned ^-0.3039517775 ^-1.0376234533 ^1.1454423087 rotated ~118.7986965953 ~14.339044575 run function animated_java:mage_hunter/animations/side_slash2/zzz/frames/16_locator_commands
data modify entity @s data merge value {"cameras":{},"locators":{"body_hitbox":{"posx":-0.09887017324247215,"posy":-1.0483534530917447,"posz":0.11109023917494085,"roty":48.04439893070614,"rotx":10.625496352070435},"saber_hitbox":{"posx":-0.890410765151167,"posy":-0.8046962567991489,"posz":0.3597773788278359,"roty":100.4971239180135,"rotx":31.319655642264586},"short_sword_hitbox":{"posx":-0.3039517774710778,"posy":-1.037623453262884,"posz":1.145442308749711,"roty":118.79869659527472,"rotx":14.339044574999038}}}
execute on vehicle unless entity @s[tag=aj.transforms_only] at @s run function animated_java:mage_hunter/animations/side_slash2/zzz/frames/16_root_commands