# This file was generated by Animated Java via MC-Build. It is not recommended to edit this file directly.
$data merge entity $(bone_chest) {transformation: [-0.6588f,0.0215f,0.752f,-0.005f,0.2398f,0.9535f,0.1828f,1.0878f,-0.7131f,0.3007f,-0.6333f,0.0757f,0f,0f,0f,1f],start_interpolation: 0,interpolation_duration: 1}
$data merge entity $(bone_cape) {transformation: [-0.6588f,-0.0768f,0.7484f,0.2012f,0.2398f,0.9214f,0.3057f,1.1723f,-0.7131f,0.3808f,-0.5886f,0.2204f,0f,0f,0f,1f],start_interpolation: 0,interpolation_duration: 1}
$data merge entity $(bone_saber) {transformation: [-0.5607f,-0.4523f,1.1712f,-0.7006f,1.1498f,0.3301f,0.6779f,1.0212f,-0.5042f,1.2558f,0.2437f,-0.2333f,0f,0f,0f,1f],start_interpolation: 0,interpolation_duration: 1}
$data merge entity $(bone_right_forearm) {transformation: [-0.4077f,0.8518f,0.329f,-0.4379f,0.8362f,0.493f,-0.2401f,1.1859f,-0.3667f,0.1772f,-0.9133f,-0.1925f,0f,0f,0f,1f],start_interpolation: 0,interpolation_duration: 1}
$data merge entity $(bone_right_arm) {transformation: [-0.3149f,0.8087f,0.4968f,-0.1711f,0.6382f,0.5678f,-0.5199f,1.2658f,-0.7025f,0.1533f,-0.695f,-0.0616f,0f,0f,0f,1f],start_interpolation: 0,interpolation_duration: 1}
$data merge entity $(bone_short_sword) {transformation: [-0.3194f,-0.5425f,0.9822f,-0.1692f,1.1165f,-0.2556f,0.2219f,1.0615f,0.112f,1.0007f,0.5892f,0.7379f,0f,0f,0f,1f],start_interpolation: 0,interpolation_duration: 1}
$data merge entity $(bone_left_forearm) {transformation: [-0.2738f,0.7249f,-0.6321f,0.0123f,0.957f,0.2709f,-0.1038f,1.1307f,0.096f,-0.6333f,-0.7679f,0.5655f,0f,0f,0f,1f],start_interpolation: 0,interpolation_duration: 1}
$data merge entity $(bone_left_arm) {transformation: [-0.4636f,0.7249f,0.5095f,0.1583f,-0.4881f,0.2709f,-0.8297f,1.1459f,-0.7395f,-0.6333f,0.2282f,0.295f,0f,0f,0f,1f],start_interpolation: 0,interpolation_duration: 1}
$data merge entity $(bone_torso) {transformation: [-0.6588f,-0.0113f,0.7522f,0f,0.2398f,0.9446f,0.2242f,0.8671f,-0.7131f,0.3281f,-0.6196f,-0.0031f,0f,0f,0f,1f],start_interpolation: 0,interpolation_duration: 1}
$data merge entity $(bone_right_dress) {transformation: [-0.9762f,-0.2164f,0.0126f,-0.1935f,-0.2164f,0.9763f,0f,0.7103f,-0.0123f,-0.0027f,-0.9999f,-0.0102f,0f,0f,0f,1f],start_interpolation: 0,interpolation_duration: 1}
$data merge entity $(bone_left_dress) {transformation: [-0.9762f,0.2164f,0.0126f,0.1312f,0.2164f,0.9763f,0f,0.7103f,-0.0123f,0.0027f,-0.9999f,-0.0062f,0f,0f,0f,1f],start_interpolation: 0,interpolation_duration: 1}
$data merge entity $(bone_lower_right_leg) {transformation: [-0.989f,-0.0136f,0.1471f,-0.1771f,0.043f,0.9261f,0.3747f,0.3777f,-0.1413f,0.377f,-0.9154f,0.2947f,0f,0f,0f,1f],start_interpolation: 0,interpolation_duration: 1}
$data merge entity $(bone_right_leg) {transformation: [-0.989f,0.1389f,0.0504f,-0.125f,0.043f,0.5969f,-0.8011f,0.6015f,-0.1413f,-0.7902f,-0.5963f,-0.0016f,0f,0f,0f,1f],start_interpolation: 0,interpolation_duration: 1}
$data merge entity $(bone_lower_left_leg) {transformation: [-0.999f,-0.0389f,-0.0233f,0.1394f,-0.0436f,0.6816f,0.7304f,0.3511f,-0.0126f,0.7307f,-0.6826f,-0.2772f,0f,0f,0f,1f],start_interpolation: 0,interpolation_duration: 1}
$data merge entity $(bone_left_leg) {transformation: [-0.999f,-0.0385f,-0.024f,0.125f,-0.0436f,0.6677f,0.7431f,0.6015f,-0.0126f,0.7434f,-0.6687f,0.0016f,0f,0f,0f,1f],start_interpolation: 0,interpolation_duration: 1}
$data merge entity $(bone_waist) {transformation: [-0.9999f,0f,0.0126f,0f,0f,1f,0f,0.9453f,-0.0126f,0f,-0.9999f,0f,0f,0f,0f,1f],start_interpolation: 0,interpolation_duration: 1}
$data merge entity $(bone_pony_tail) {transformation: [-0.9293f,-0.1912f,0.316f,0.0681f,0.0795f,0.732f,0.6766f,1.469f,-0.3607f,0.6539f,-0.6651f,0.0283f,0f,0f,0f,1f],start_interpolation: 0,interpolation_duration: 1}
$data merge entity $(bone_head) {transformation: [-0.9293f,-0.1912f,0.316f,0f,0.0795f,0.732f,0.6766f,1.2875f,-0.3607f,0.6539f,-0.6651f,0.1638f,0f,0f,0f,1f],start_interpolation: 0,interpolation_duration: 1}
execute on vehicle unless entity @s[tag=aj.transforms_only] at @s run function animated_java:mage_hunter/animations/side_slash2/zzz/frames/17_root_commands