# This file was generated by Animated Java via MC-Build. It is not recommended to edit this file directly.
$data merge entity $(bone_chest) {transformation: [-0.6647f,0.0143f,0.7469f,-0.0066f,0.2397f,0.951f,0.1952f,-0.8847f,-0.7076f,0.3088f,-0.6356f,0.0776f,0f,0f,0f,1f],start_interpolation: 0,interpolation_duration: 1}
$data merge entity $(bone_cape) {transformation: [-0.6647f,-0.0833f,0.7424f,0.1995f,0.2397f,0.9174f,0.3176f,-0.7995f,-0.7076f,0.3891f,-0.5899f,0.222f,0f,0f,0f,1f],start_interpolation: 0,interpolation_duration: 1}
$data merge entity $(bone_saber) {transformation: [-0.5659f,-0.4009f,1.1873f,-0.7111f,1.1696f,0.2987f,0.6583f,-0.9442f,-0.4498f,1.2809f,0.2181f,-0.219f,0f,0f,0f,1f],start_interpolation: 0,interpolation_duration: 1}
$data merge entity $(bone_right_forearm) {transformation: [-0.4116f,0.8635f,0.2916f,-0.4452f,0.8506f,0.4788f,-0.2172f,-0.7835f,-0.3271f,0.1586f,-0.9316f,-0.1835f,0f,0f,0f,1f],start_interpolation: 0,interpolation_duration: 1}
$data merge entity $(bone_right_arm) {transformation: [-0.32f,0.818f,0.4779f,-0.1751f,0.6436f,0.5579f,-0.524f,-0.707f,-0.6953f,0.1399f,-0.705f,-0.0572f,0f,0f,0f,1f],start_interpolation: 0,interpolation_duration: 1}
$data merge entity $(bone_short_sword) {transformation: [-0.3179f,-0.5326f,0.9881f,-0.1678f,1.1142f,-0.2742f,0.2107f,-0.9164f,0.1361f,1.0012f,0.5833f,0.7402f,0f,0f,0f,1f],start_interpolation: 0,interpolation_duration: 1}
$data merge entity $(bone_left_forearm) {transformation: [-0.2725f,0.7186f,-0.6398f,0.0121f,0.9551f,0.2826f,-0.0893f,-0.844f,0.1166f,-0.6354f,-0.7634f,0.5674f,0f,0f,0f,1f],start_interpolation: 0,interpolation_duration: 1}
$data merge entity $(bone_left_arm) {transformation: [-0.4554f,0.7186f,0.5255f,0.1573f,-0.4992f,0.2826f,-0.8191f,-0.8269f,-0.7371f,-0.6354f,0.2301f,0.2965f,0f,0f,0f,1f],start_interpolation: 0,interpolation_duration: 1}
$data merge entity $(bone_torso) {transformation: [-0.6647f,-0.0183f,0.7468f,0f,0.2397f,0.9416f,0.2365f,-1.1046f,-0.7076f,0.3362f,-0.6215f,-0.0031f,0f,0f,0f,1f],start_interpolation: 0,interpolation_duration: 1}
$data merge entity $(bone_right_dress) {transformation: [-0.9763f,-0.2164f,0.0084f,-0.1935f,-0.2164f,0.9763f,0f,-1.2614f,-0.0082f,-0.0018f,-1f,-0.0094f,0f,0f,0f,1f],start_interpolation: 0,interpolation_duration: 1}
$data merge entity $(bone_left_dress) {transformation: [-0.9763f,0.2164f,0.0084f,0.1311f,0.2164f,0.9763f,0f,-1.2614f,-0.0082f,0.0018f,-1f,-0.0067f,0f,0f,0f,1f],start_interpolation: 0,interpolation_duration: 1}
$data merge entity $(bone_lower_right_leg) {transformation: [-0.9892f,-0.013f,0.146f,-0.1771f,0.043f,0.9266f,0.3736f,-1.5883f,-0.1401f,0.3758f,-0.916f,0.2995f,0f,0f,0f,1f],start_interpolation: 0,interpolation_duration: 1}
$data merge entity $(bone_right_leg) {transformation: [-0.9892f,0.1388f,0.047f,-0.125f,0.043f,0.5815f,-0.8124f,-1.3702f,-0.1401f,-0.8016f,-0.5812f,-0.001f,0f,0f,0f,1f],start_interpolation: 0,interpolation_duration: 1}
$data merge entity $(bone_lower_left_leg) {transformation: [-0.999f,-0.0354f,-0.0269f,0.1381f,-0.0436f,0.6669f,0.7438f,-1.6168f,-0.0084f,0.7443f,-0.6678f,-0.2812f,0f,0f,0f,1f],start_interpolation: 0,interpolation_duration: 1}
$data merge entity $(bone_left_leg) {transformation: [-0.999f,-0.035f,-0.0273f,0.125f,-0.0436f,0.6575f,0.7522f,-1.3702f,-0.0084f,0.7526f,-0.6584f,0.001f,0f,0f,0f,1f],start_interpolation: 0,interpolation_duration: 1}
$data merge entity $(bone_waist) {transformation: [-1f,0f,0.0084f,0f,0f,1f,0f,-1.0265f,-0.0084f,0f,-1f,0f,0f,0f,0f,1f],start_interpolation: 0,interpolation_duration: 1}
$data merge entity $(bone_pony_tail) {transformation: [-0.9277f,-0.1942f,0.3187f,0.0686f,0.0802f,0.7303f,0.6785f,-0.5032f,-0.3645f,0.655f,-0.6619f,0.0328f,0f,0f,0f,1f],start_interpolation: 0,interpolation_duration: 1}
$data merge entity $(bone_head) {transformation: [-0.9277f,-0.1942f,0.3187f,0f,0.0802f,0.7303f,0.6785f,-0.685f,-0.3645f,0.655f,-0.6619f,0.1675f,0f,0f,0f,1f],start_interpolation: 0,interpolation_duration: 1}
data modify entity @s data merge value {"cameras":{},"locators":{"locator":{"posx":-1.4744682637103987,"posy":-0.3562192956355299,"posz":2.2224203431116227,"roty":100.40861600713696,"rotx":28.606586307960697},"locator2":{"posx":-0.9705378518145498,"posy":-0.10047363120931352,"posz":2.2534170379946765,"roty":100.40861600713696,"rotx":28.606586307960697},"locator3":{"posx":-0.502352675401454,"posy":0.11177220930347964,"posz":2.2162775203341525,"roty":100.40861600713696,"rotx":28.606586307960697},"locator4":{"posx":0.0022771595218554763,"posy":0.29686749965735504,"posz":2.0626921590717977,"roty":100.40861600713696,"rotx":28.606586307960697},"locator5":{"posx":-1.9419540170960339,"posy":-0.6391155102206643,"posz":2.0749778046267378,"roty":100.40861600713696,"rotx":28.606586307960697},"saber_hitbox":{"posx":-0.9031451807304314,"posy":-0.7903439932964915,"posz":0.42262144535664187,"roty":100.40861600713696,"rotx":28.606586307960697},"locator6":{"posx":-1.2189153913748454,"posy":-1.4602805953089129,"posz":2.738068967716906,"roty":120.55488633637484,"rotx":10.403624201443654},"locator7":{"posx":-0.7139563161795921,"posy":-1.3440141518434685,"posz":2.965689148065334,"roty":120.55488633637484,"rotx":10.403624201443654},"locator8":{"posx":-0.2334040592825632,"posy":-1.224344614889499,"posz":3.108425724724558,"roty":120.55488633637484,"rotx":10.403624201443654},"locator9":{"posx":0.3042077397167113,"posy":-1.075296220963094,"posz":3.1438958508129016,"roty":120.55488633637484,"rotx":10.403624201443654},"locator10":{"posx":-1.6668149244678534,"posy":-1.547168181801922,"posz":2.403182336797597,"roty":120.55488633637484,"rotx":10.403624201443654},"short_sword_hitbox":{"posx":-0.3915520308922813,"posy":-1.0342871692086055,"posz":1.1827054344391326,"roty":120.55488633637484,"rotx":10.403624201443654}}}
execute on vehicle unless entity @s[tag=aj.transforms_only] at @s run function animated_java:mage_hunter/animations/side_slash2/zzz/frames/18_root_commands