# This file was generated by Animated Java via MC-Build. It is not recommended to edit this file directly.
$data merge entity $(bone_chest) {transformation: [-0.7933f,0.054f,0.6064f,0.0045f,0.2171f,0.9556f,0.199f,-0.8558f,-0.5688f,0.2895f,-0.7698f,0.0749f,0f,0f,0f,1f],start_interpolation: 0,interpolation_duration: 1}
$data merge entity $(bone_cape) {transformation: [-0.7933f,-0.0257f,0.6083f,0.2328f,0.2171f,0.9215f,0.322f,-0.7648f,-0.5688f,0.3875f,-0.7255f,0.1759f,0f,0f,0f,1f],start_interpolation: 0,interpolation_duration: 1}
$data merge entity $(bone_saber) {transformation: [-0.8219f,-0.3067f,1.0588f,-0.691f,1.0162f,0.301f,0.8761f,-1.017f,-0.4272f,1.3061f,0.0468f,-0.1101f,0f,0f,0f,1f],start_interpolation: 0,interpolation_duration: 1}
$data merge entity $(bone_right_forearm) {transformation: [-0.5978f,0.77f,0.2231f,-0.4578f,0.739f,0.6371f,-0.2189f,-0.8087f,-0.3107f,0.034f,-0.9499f,-0.1134f,0f,0f,0f,1f],start_interpolation: 0,interpolation_duration: 1}
$data merge entity $(bone_right_arm) {transformation: [-0.5365f,0.7125f,0.4521f,-0.1904f,0.5741f,0.7009f,-0.4232f,-0.6833f,-0.6185f,0.0325f,-0.7851f,-0.0269f,0f,0f,0f,1f],start_interpolation: 0,interpolation_duration: 1}
$data merge entity $(bone_short_sword) {transformation: [-0.6944f,0.0416f,0.9366f,0.0824f,0.8898f,-0.338f,0.6747f,-1.0345f,0.2955f,1.1158f,0.1694f,0.7438f,0f,0f,0f,1f],start_interpolation: 0,interpolation_duration: 1}
$data merge entity $(bone_left_forearm) {transformation: [-0.5952f,0.3911f,-0.702f,0.1766f,0.7626f,0.5502f,-0.3401f,-0.8952f,0.2532f,-0.7378f,-0.6257f,0.5458f,0f,0f,0f,1f],start_interpolation: 0,interpolation_duration: 1}
$data merge entity $(bone_left_arm) {transformation: [-0.6422f,0.3911f,0.6593f,0.2063f,-0.4111f,0.5502f,-0.7268f,-0.7919f,-0.647f,-0.7378f,-0.1925f,0.2575f,0f,0f,0f,1f],start_interpolation: 0,interpolation_duration: 1}
$data merge entity $(bone_torso) {transformation: [-0.7933f,0.0275f,0.6082f,0f,0.2171f,0.9461f,0.2405f,-1.0768f,-0.5688f,0.3228f,-0.7565f,-0.0031f,0f,0f,0f,1f],start_interpolation: 0,interpolation_duration: 1}
$data merge entity $(bone_right_dress) {transformation: [-0.9763f,-0.2164f,0f,-0.1936f,-0.2164f,0.9763f,0f,-1.2336f,0f,0f,-1f,-0.0078f,0f,0f,0f,1f],start_interpolation: 0,interpolation_duration: 1}
$data merge entity $(bone_left_dress) {transformation: [-0.9763f,0.2164f,0f,0.1311f,0.2164f,0.9763f,0f,-1.2336f,0f,0f,-1f,-0.0078f,0f,0f,0f,1f],start_interpolation: 0,interpolation_duration: 1}
$data merge entity $(bone_lower_right_leg) {transformation: [-0.9932f,0.0091f,0.1162f,-0.1649f,0.0432f,0.9547f,0.2943f,-1.6099f,-0.1083f,0.2973f,-0.9486f,0.2598f,0f,0f,0f,1f],start_interpolation: 0,interpolation_duration: 1}
$data merge entity $(bone_right_leg) {transformation: [-0.9932f,0.1065f,0.0473f,-0.125f,0.0432f,0.7133f,-0.6996f,-1.3424f,-0.1083f,-0.6927f,-0.713f,0f,0f,0f,0f,1f],start_interpolation: 0,interpolation_duration: 1}
$data merge entity $(bone_lower_left_leg) {transformation: [-0.999f,-0.0336f,-0.0278f,0.1376f,-0.0436f,0.77f,0.6366f,-1.6312f,0f,0.6372f,-0.7707f,-0.2389f,0f,0f,0f,1f],start_interpolation: 0,interpolation_duration: 1}
$data merge entity $(bone_left_leg) {transformation: [-0.999f,-0.0336f,-0.0278f,0.125f,-0.0436f,0.77f,0.6366f,-1.3424f,0f,0.6372f,-0.7707f,0f,0f,0f,0f,1f],start_interpolation: 0,interpolation_duration: 1}
$data merge entity $(bone_waist) {transformation: [-1f,0f,0f,0f,0f,1f,0f,-0.9987f,0f,0f,-1f,0f,0f,0f,0f,1f],start_interpolation: 0,interpolation_duration: 1}
$data merge entity $(bone_pony_tail) {transformation: [-0.9532f,-0.1194f,0.2777f,0.0614f,0.066f,0.8144f,0.5766f,-0.4906f,-0.295f,0.5679f,-0.7684f,-0.0249f,0f,0f,0f,1f],start_interpolation: 0,interpolation_duration: 1}
$data merge entity $(bone_head) {transformation: [-0.9532f,-0.1194f,0.2777f,0f,0.066f,0.8144f,0.5766f,-0.6512f,-0.295f,0.5679f,-0.7684f,0.1374f,0f,0f,0f,1f],start_interpolation: 0,interpolation_duration: 1}
data modify entity @s data merge value {"cameras":{},"locators":{"body_hitbox":{"posx":-0.07969819234316966,"posy":-1.0300380305371475,"posz":0.12589550654822873,"roty":38.22793347588018,"rotx":11.478736274680385},"saber_hitbox":{"posx":-0.8229593197941939,"posy":-0.8741873950300946,"posz":0.4835962334121006,"roty":92.53051177874076,"rotx":39.57850113172373},"short_sword_hitbox":{"posx":0.1066998030245853,"posy":-1.1579884625330958,"posz":1.1729316418397278,"roty":100.25470943022276,"rotx":35.330190017200266}}}
execute on vehicle unless entity @s[tag=aj.transforms_only] at @s run function animated_java:mage_hunter/animations/side_slash2/zzz/frames/21_root_commands