# This file was generated by Animated Java via MC-Build. It is not recommended to edit this file directly.
$data merge entity $(bone_chest) {transformation: [-0.9306f,0.0872f,0.3555f,0.0157f,0.1424f,0.9809f,0.1323f,1.1731f,-0.3372f,0.1738f,-0.9253f,0.0499f,0f,0f,0f,1f],start_interpolation: 0,interpolation_duration: 1}
$data merge entity $(bone_cape) {transformation: [-0.9306f,0.04f,0.3638f,0.2585f,0.1424f,0.9553f,0.2592f,1.2785f,-0.3372f,0.2931f,-0.8947f,0.073f,0f,0f,0f,1f],start_interpolation: 0,interpolation_duration: 1}
$data merge entity $(bone_saber) {transformation: [-1.1462f,-0.3387f,0.6798f,-0.5796f,0.6288f,0.2673f,1.1932f,0.8516f,-0.4261f,1.3056f,-0.068f,-0.0195f,0f,0f,0f,1f],start_interpolation: 0,interpolation_duration: 1}
$data merge entity $(bone_right_forearm) {transformation: [-0.8336f,0.4944f,0.2463f,-0.436f,0.4573f,0.8678f,-0.1944f,1.1278f,-0.3099f,-0.0494f,-0.9495f,-0.0489f,0f,0f,0f,1f],start_interpolation: 0,interpolation_duration: 1}
$data merge entity $(bone_right_arm) {transformation: [-0.8189f,0.4464f,0.3606f,-0.2081f,0.3899f,0.8939f,-0.2213f,1.3305f,-0.4212f,-0.0406f,-0.9061f,-0.0077f,0f,0f,0f,1f],start_interpolation: 0,interpolation_duration: 1}
$data merge entity $(bone_short_sword) {transformation: [-1.018f,0.4777f,0.3109f,0.3814f,0.286f,-0.1225f,1.1244f,0.8374f,0.493f,1.0573f,-0.0103f,0.503f,0f,0f,0f,1f],start_interpolation: 0,interpolation_duration: 1}
$data merge entity $(bone_left_forearm) {transformation: [-0.8725f,-0.0165f,-0.4883f,0.372f,0.2451f,0.8497f,-0.4668f,1.053f,0.4226f,-0.527f,-0.7373f,0.3585f,0f,0f,0f,1f],start_interpolation: 0,interpolation_duration: 1}
$data merge entity $(bone_left_arm) {transformation: [-0.8806f,-0.0165f,0.4735f,0.2572f,-0.262f,0.8497f,-0.4576f,1.2593f,-0.3948f,-0.527f,-0.7526f,0.1609f,0f,0f,0f,1f],start_interpolation: 0,interpolation_duration: 1}
$data merge entity $(bone_torso) {transformation: [-0.9306f,0.0716f,0.3589f,0f,0.1424f,0.9742f,0.175f,0.9453f,-0.3372f,0.214f,-0.9168f,-0.0031f,0f,0f,0f,1f],start_interpolation: 0,interpolation_duration: 1}
$data merge entity $(bone_right_dress) {transformation: [-0.9763f,-0.2164f,0f,-0.1936f,-0.2164f,0.9763f,0f,0.7885f,0f,0f,-1f,-0.0078f,0f,0f,0f,1f],start_interpolation: 0,interpolation_duration: 1}
$data merge entity $(bone_left_dress) {transformation: [-0.9763f,0.2164f,0f,0.1311f,0.2164f,0.9763f,0f,0.7885f,0f,0f,-1f,-0.0078f,0f,0f,0f,1f],start_interpolation: 0,interpolation_duration: 1}
$data merge entity $(bone_lower_right_leg) {transformation: [-0.9972f,0.0323f,0.0681f,-0.1496f,0.0434f,0.9847f,0.169f,0.3409f,-0.0616f,0.1714f,-0.9833f,0.1588f,0f,0f,0f,1f],start_interpolation: 0,interpolation_duration: 1}
$data merge entity $(bone_right_leg) {transformation: [-0.9972f,0.0655f,0.0373f,-0.125f,0.0434f,0.9035f,-0.4264f,0.6797f,-0.0616f,-0.4235f,-0.9038f,0f,0f,0f,0f,1f],start_interpolation: 0,interpolation_duration: 1}
$data merge entity $(bone_lower_left_leg) {transformation: [-0.999f,-0.0403f,-0.0167f,0.1401f,-0.0436f,0.923f,0.3823f,0.3336f,0f,0.3827f,-0.9239f,-0.1435f,0f,0f,0f,1f],start_interpolation: 0,interpolation_duration: 1}
$data merge entity $(bone_left_leg) {transformation: [-0.999f,-0.0403f,-0.0167f,0.125f,-0.0436f,0.923f,0.3823f,0.6797f,0f,0.3827f,-0.9239f,0f,0f,0f,0f,1f],start_interpolation: 0,interpolation_duration: 1}
$data merge entity $(bone_waist) {transformation: [-1f,0f,0f,0f,0f,1f,0f,1.0234f,0f,0f,-1f,0f,0f,0f,0f,1f],start_interpolation: 0,interpolation_duration: 1}
$data merge entity $(bone_pony_tail) {transformation: [-0.9848f,-0.0296f,0.1712f,0.0392f,0.0387f,0.9231f,0.3825f,1.5013f,-0.1694f,0.3833f,-0.908f,-0.1227f,0f,0f,0f,1f],start_interpolation: 0,interpolation_duration: 1}
$data merge entity $(bone_head) {transformation: [-0.9848f,-0.0296f,0.1712f,0f,0.0387f,0.9231f,0.3825f,1.3828f,-0.1694f,0.3833f,-0.908f,0.0781f,0f,0f,0f,1f],start_interpolation: 0,interpolation_duration: 1}
execute on vehicle unless entity @s[tag=aj.transforms_only] at @s run function animated_java:mage_hunter/animations/side_slash2/zzz/frames/23_root_commands