# This file was generated by Animated Java via MC-Build. It is not recommended to edit this file directly.
$data merge entity $(bone_chest) {transformation: [-0.9763f,-0.0383f,-0.213f,-0.0061f,-0.0756f,0.9826f,0.1699f,-0.8035f,0.2028f,0.182f,-0.9622f,0.0523f,0f,0f,0f,1f],start_interpolation: 0,interpolation_duration: 1}
$data merge entity $(bone_cape) {transformation: [-0.9763f,-0.0102f,-0.2162f,0.1857f,-0.0756f,0.952f,0.2967f,-0.6472f,0.2028f,0.306f,-0.9302f,-0.0445f,0f,0f,0f,1f],start_interpolation: 0,interpolation_duration: 1}
$data merge entity $(bone_saber) {transformation: [-0.9159f,1.0248f,0.0377f,-0.3816f,0.5843f,0.4799f,1.1485f,-1.2062f,0.8428f,0.781f,-0.7551f,0.4312f,0f,0f,0f,1f],start_interpolation: 0,interpolation_duration: 1}
$data merge entity $(bone_right_forearm) {transformation: [-0.6661f,0.0275f,-0.7453f,-0.3906f,0.4249f,0.8352f,-0.349f,-0.9421f,0.613f,-0.5492f,-0.568f,0.2639f,0f,0f,0f,1f],start_interpolation: 0,interpolation_duration: 1}
$data merge entity $(bone_right_arm) {transformation: [-0.9844f,0.0486f,-0.1688f,-0.2538f,0.1136f,0.9093f,-0.4003f,-0.7006f,0.134f,-0.4132f,-0.9007f,0.131f,0f,0f,0f,1f],start_interpolation: 0,interpolation_duration: 1}
$data merge entity $(bone_short_sword) {transformation: [-0.3978f,0.9361f,-0.5715f,0.6132f,-0.5717f,0.3418f,0.9578f,-1.0375f,0.936f,0.6066f,0.3422f,-0.1326f,0f,0f,0f,1f],start_interpolation: 0,interpolation_duration: 1}
$data merge entity $(bone_left_forearm) {transformation: [-0.3409f,-0.4898f,-0.8024f,0.4777f,-0.49f,0.821f,-0.293f,-0.8275f,0.8023f,0.2933f,-0.5199f,-0.0619f,0f,0f,0f,1f],start_interpolation: 0,interpolation_duration: 1}
$data merge entity $(bone_left_arm) {transformation: [-0.845f,-0.4898f,-0.2144f,0.2343f,-0.5299f,0.821f,0.2126f,-0.6628f,0.0719f,0.2933f,-0.9533f,0.0296f,0f,0f,0f,1f],start_interpolation: 0,interpolation_duration: 1}
$data merge entity $(bone_torso) {transformation: [-0.9763f,-0.029f,-0.2144f,0f,-0.0756f,0.9742f,0.2126f,-1.0311f,0.2028f,0.2238f,-0.9533f,-0.0031f,0f,0f,0f,1f],start_interpolation: 0,interpolation_duration: 1}
$data merge entity $(bone_right_dress) {transformation: [-0.9705f,-0.2152f,-0.1087f,-0.1933f,-0.2164f,0.9763f,0f,-1.1879f,0.1061f,0.0235f,-0.9941f,0.0133f,0f,0f,0f,1f],start_interpolation: 0,interpolation_duration: 1}
$data merge entity $(bone_left_dress) {transformation: [-0.9705f,0.2152f,-0.1087f,0.1294f,0.2164f,0.9763f,0f,-1.1879f,0.1061f,-0.0235f,-0.9941f,-0.022f,0f,0f,0f,1f],start_interpolation: 0,interpolation_duration: 1}
$data merge entity $(bone_lower_right_leg) {transformation: [-0.9986f,0.0422f,-0.0333f,-0.1329f,0.0433f,0.9985f,-0.0329f,-1.6263f,0.0318f,-0.0343f,-0.9989f,0.1924f,0f,0f,0f,1f],start_interpolation: 0,interpolation_duration: 1}
$data merge entity $(bone_right_leg) {transformation: [-0.9986f,0.0229f,-0.0486f,-0.1243f,0.0433f,0.8788f,-0.4753f,-1.2967f,0.0318f,-0.4767f,-0.8785f,0.0136f,0f,0f,0f,1f],start_interpolation: 0,interpolation_duration: 1}
$data merge entity $(bone_lower_left_leg) {transformation: [-0.9931f,0.0161f,-0.1159f,0.1254f,-0.0436f,0.8683f,0.4941f,-1.6482f,0.1086f,0.4957f,-0.8617f,-0.1445f,0f,0f,0f,1f],start_interpolation: 0,interpolation_duration: 1}
$data merge entity $(bone_left_leg) {transformation: [-0.9931f,-0.003f,-0.117f,0.1243f,-0.0436f,0.9371f,0.3463f,-1.2967f,0.1086f,0.349f,-0.9308f,-0.0136f,0f,0f,0f,1f],start_interpolation: 0,interpolation_duration: 1}
$data merge entity $(bone_waist) {transformation: [-0.9941f,0f,-0.1087f,0f,0f,1f,0f,-0.953f,0.1087f,0f,-0.9941f,0f,0f,0f,0f,1f],start_interpolation: 0,interpolation_duration: 1}
$data merge entity $(bone_pony_tail) {transformation: [-0.9941f,0.0054f,0.1086f,0.0256f,0.0237f,0.9856f,0.1676f,-0.5274f,-0.1061f,0.1692f,-0.9799f,-0.1269f,0f,0f,0f,1f],start_interpolation: 0,interpolation_duration: 1}
$data merge entity $(bone_head) {transformation: [-0.9941f,0.0054f,0.1086f,0f,0.0237f,0.9856f,0.1676f,-0.5975f,-0.1061f,0.1692f,-0.9799f,0.0975f,0f,0f,0f,1f],start_interpolation: 0,interpolation_duration: 1}
data modify entity @s data merge value {"cameras":{},"locators":{"body_hitbox":{"posx":0.026487535306030124,"posy":-0.9782258738313511,"posz":0.1441401060736645,"roty":347.5185577551541,"rotx":9.78398344087343},"flame":{"posx":1.5645160250163876,"posy":-0.2755328864876688,"posz":1.9264356656834867,"roty":2.8617451575578343,"rotx":56.64102803634449},"flame1":{"posx":1.5333747407749765,"posy":0.17247805737726596,"posz":1.5820101808641343,"roty":2.8617451575578343,"rotx":56.64102803634449},"flame2":{"posx":1.4539337291829646,"posy":0.5464737986621611,"posz":1.2364073579908252,"roty":2.8617451575578343,"rotx":56.64102803634449},"flame3":{"posx":1.2813249515115892,"posy":0.8768443640759713,"posz":0.8198002296565235,"roty":2.8617451575578343,"rotx":56.64102803634449},"flame4":{"posx":1.502489543178435,"posy":-0.7671690062236883,"posz":2.1998568450418468,"roty":2.8617451575578343,"rotx":56.64102803634449},"saber_hitbox":{"posx":0.08423984069274415,"posy":-0.9801752977011798,"posz":0.7807892843474111,"roty":2.8617451575578343,"rotx":56.64102803634449},"flame5":{"posx":2.471316888287497,"posy":-0.34863578423687913,"posz":1.0777690447246624,"roty":239.08707048737105,"rotx":55.18495916529678},"flame6":{"posx":2.145639098478448,"posy":0.09486525738539942,"posz":1.2102579246544396,"roty":239.08707048737105,"rotx":55.18495916529678},"flame7":{"posx":1.8004260543960844,"posy":0.4687427396102921,"posz":1.2919193138206972,"roty":239.08707048737105,"rotx":55.18495916529678},"flame8":{"posx":1.3549139946599444,"posy":0.8059980232443462,"posz":1.3085889955985759,"roty":239.08707048737105,"rotx":55.18495916529678},"flame9":{"posx":2.69669566244277,"posy":-0.8287590244499964,"posz":0.8802884574065062,"roty":239.08707048737105,"rotx":55.18495916529678},"short_sword_hitbox":{"posx":0.9668316534808523,"posy":-0.8979687630994598,"posz":0.10289343389897462,"roty":239.08707048737105,"rotx":55.18495916529678}}}