# This file was generated by Animated Java via MC-Build. It is not recommended to edit this file directly.
$data merge entity $(bone_chest) {transformation: [-0.9565f,-0.0284f,-0.2905f,-0.0028f,-0.1008f,0.9662f,0.2373f,1.1326f,0.2739f,0.2563f,-0.927f,0.0692f,0f,0f,0f,1f],start_interpolation: 0,interpolation_duration: 1}
$data merge entity $(bone_cape) {transformation: [-0.9565f,0.0097f,-0.2917f,0.1799f,-0.1008f,0.9269f,0.3614f,1.2975f,0.2739f,0.3751f,-0.8856f,-0.0308f,0f,0f,0f,1f],start_interpolation: 0,interpolation_duration: 1}
$data merge entity $(bone_saber) {transformation: [-0.502f,1.2757f,-0.1063f,-0.328f,0.8199f,0.4081f,1.0256f,0.7696f,0.9831f,0.3111f,-0.9096f,0.5516f,0f,0f,0f,1f],start_interpolation: 0,interpolation_duration: 1}
$data merge entity $(bone_right_forearm) {transformation: [-0.3651f,-0.0773f,-0.9278f,-0.3667f,0.5963f,0.7459f,-0.2968f,1.0089f,0.715f,-0.6615f,-0.2262f,0.3542f,0f,0f,0f,1f],start_interpolation: 0,interpolation_duration: 1}
$data merge entity $(bone_right_arm) {transformation: [-0.9728f,0.0043f,-0.2317f,-0.2439f,0.1316f,0.8331f,-0.5373f,1.2267f,0.1907f,-0.5531f,-0.811f,0.1748f,0f,0f,0f,1f],start_interpolation: 0,interpolation_duration: 1}
$data merge entity $(bone_short_sword) {transformation: [0.0009f,0.9457f,-0.6831f,0.654f,-0.5773f,0.594f,0.8216f,0.9832f,1.0138f,0.3374f,0.4684f,-0.1815f,0f,0f,0f,1f],start_interpolation: 0,interpolation_duration: 1}
$data merge entity $(bone_left_forearm) {transformation: [0.0007f,-0.5856f,-0.8106f,0.4936f,-0.4948f,0.7042f,-0.5091f,1.1607f,0.869f,0.4015f,-0.2892f,-0.0803f,0f,0f,0f,1f],start_interpolation: 0,interpolation_duration: 1}
$data merge entity $(bone_left_arm) {transformation: [-0.7564f,-0.5856f,-0.2915f,0.2344f,-0.6527f,0.7042f,0.2792f,1.2771f,0.0417f,0.4015f,-0.9149f,0.0378f,0f,0f,0f,1f],start_interpolation: 0,interpolation_duration: 1}
$data merge entity $(bone_torso) {transformation: [-0.9565f,-0.0158f,-0.2915f,0f,-0.1008f,0.9549f,0.2792f,0.9096f,0.2739f,0.2965f,-0.9149f,-0.0031f,0f,0f,0f,1f],start_interpolation: 0,interpolation_duration: 1}
$data merge entity $(bone_right_dress) {transformation: [-0.9656f,-0.2141f,-0.1475f,-0.1926f,-0.2164f,0.9763f,0f,0.7528f,0.144f,0.0319f,-0.9891f,0.0208f,0f,0f,0f,1f],start_interpolation: 0,interpolation_duration: 1}
$data merge entity $(bone_left_dress) {transformation: [-0.9656f,0.2141f,-0.1475f,0.1285f,0.2164f,0.9763f,0f,0.7528f,0.144f,-0.0319f,-0.9891f,-0.0271f,0f,0f,0f,1f],start_interpolation: 0,interpolation_duration: 1}
$data merge entity $(bone_lower_right_leg) {transformation: [-0.9981f,0.0412f,-0.0452f,-0.1261f,0.0432f,0.9981f,-0.0447f,0.3512f,0.0433f,-0.0466f,-0.998f,0.2527f,0f,0f,0f,1f],start_interpolation: 0,interpolation_duration: 1}
$data merge entity $(bone_right_leg) {transformation: [-0.9981f,0.0067f,-0.0608f,-0.1236f,0.0432f,0.7807f,-0.6234f,0.644f,0.0433f,-0.6248f,-0.7796f,0.0184f,0f,0f,0f,1f],start_interpolation: 0,interpolation_duration: 1}
$data merge entity $(bone_lower_left_leg) {transformation: [-0.9881f,0.0624f,-0.1404f,0.1124f,-0.0436f,0.7622f,0.6459f,0.3119f,0.1473f,0.6444f,-0.7504f,-0.1922f,0f,0f,0f,1f],start_interpolation: 0,interpolation_duration: 1}
$data merge entity $(bone_left_leg) {transformation: [-0.9881f,0.03f,-0.1507f,0.1236f,-0.0436f,0.8857f,0.4622f,0.644f,0.1473f,0.4633f,-0.8739f,-0.0184f,0f,0f,0f,1f],start_interpolation: 0,interpolation_duration: 1}
$data merge entity $(bone_waist) {transformation: [-0.9891f,0f,-0.1475f,0f,0f,1f,0f,0.9877f,0.1475f,0f,-0.9891f,0f,0f,0f,0f,1f],start_interpolation: 0,interpolation_duration: 1}
$data merge entity $(bone_pony_tail) {transformation: [-0.9891f,0.003f,0.1474f,0.0346f,0.032f,0.9803f,0.195f,1.4126f,-0.144f,0.1976f,-0.9697f,-0.0886f,0f,0f,0f,1f],start_interpolation: 0,interpolation_duration: 1}
$data merge entity $(bone_head) {transformation: [-0.9891f,0.003f,0.1474f,0f,0.032f,0.9803f,0.195f,1.3363f,-0.144f,0.1976f,-0.9697f,0.1325f,0f,0f,0f,1f],start_interpolation: 0,interpolation_duration: 1}
execute on vehicle unless entity @s[tag=aj.transforms_only] at @s run function animated_java:mage_hunter/animations/side_slash2/zzz/frames/4_root_commands