# This file was generated by Animated Java via MC-Build. It is not recommended to edit this file directly.
$data merge entity $(bone_chest) {transformation: [-0.928f,-0.0097f,-0.3725f,0.0027f,-0.127f,0.9481f,0.2916f,-0.8672f,0.3503f,0.3179f,-0.8811f,0.083f,0f,0f,0f,1f],start_interpolation: 0,interpolation_duration: 1}
$data merge entity $(bone_cape) {transformation: [-0.928f,0.039f,-0.3705f,0.1751f,-0.127f,0.9019f,0.4128f,-0.6946f,0.3503f,0.4302f,-0.832f,-0.0222f,0f,0f,0f,1f],start_interpolation: 0,interpolation_duration: 1}
$data merge entity $(bone_saber) {transformation: [-0.0462f,1.3466f,-0.274f,-0.2559f,0.9939f,0.2221f,0.9238f,-1.1904f,0.949f,-0.167f,-0.9809f,0.6475f,0f,0f,0f,1f],start_interpolation: 0,interpolation_duration: 1}
$data merge entity $(bone_right_forearm) {transformation: [-0.0336f,-0.1993f,-0.9794f,-0.328f,0.7229f,0.6719f,-0.1615f,-0.971f,0.6902f,-0.7134f,0.1215f,0.4368f,0f,0f,0f,1f],start_interpolation: 0,interpolation_duration: 1}
$data merge entity $(bone_right_arm) {transformation: [-0.9549f,-0.0705f,-0.2883f,-0.2285f,0.1453f,0.736f,-0.6612f,-0.7821f,0.2588f,-0.6733f,-0.6926f,0.2151f,0f,0f,0f,1f],start_interpolation: 0,interpolation_duration: 1}
$data merge entity $(bone_short_sword) {transformation: [0.3612f,0.8185f,-0.7488f,0.673f,-0.4893f,0.8243f,0.665f,-0.9262f,0.9956f,0.1082f,0.5984f,-0.2363f,0f,0f,0f,1f],start_interpolation: 0,interpolation_duration: 1}
$data merge entity $(bone_left_forearm) {transformation: [0.3096f,-0.6418f,-0.7016f,0.4991f,-0.4194f,0.57f,-0.7065f,-0.7856f,0.8534f,0.5129f,-0.0927f,-0.1042f,0f,0f,0f,1f],start_interpolation: 0,interpolation_duration: 1}
$data merge entity $(bone_left_arm) {transformation: [-0.6646f,-0.6418f,-0.3826f,0.2355f,-0.7472f,0.57f,0.3416f,-0.7187f,-0.0012f,0.5129f,-0.8584f,0.0399f,0f,0f,0f,1f],start_interpolation: 0,interpolation_duration: 1}
$data merge entity $(bone_torso) {transformation: [-0.928f,0.0065f,-0.3725f,0f,-0.127f,0.9345f,0.3327f,-1.0852f,0.3503f,0.356f,-0.8663f,-0.0031f,0f,0f,0f,1f],start_interpolation: 0,interpolation_duration: 1}
$data merge entity $(bone_right_dress) {transformation: [-0.9593f,-0.2127f,-0.1856f,-0.1917f,-0.2164f,0.9763f,0f,-1.242f,0.1812f,0.0402f,-0.9826f,0.0282f,0f,0f,0f,1f],start_interpolation: 0,interpolation_duration: 1}
$data merge entity $(bone_left_dress) {transformation: [-0.9593f,0.2127f,-0.1856f,0.1273f,0.2164f,0.9763f,0f,-1.242f,0.1812f,-0.0402f,-0.9826f,-0.032f,0f,0f,0f,1f],start_interpolation: 0,interpolation_duration: 1}
$data merge entity $(bone_lower_right_leg) {transformation: [-0.9975f,0.0395f,-0.0585f,-0.1179f,0.043f,0.9973f,-0.0603f,-1.601f,0.056f,-0.0627f,-0.9965f,0.3025f,0f,0f,0f,1f],start_interpolation: 0,interpolation_duration: 1}
$data merge entity $(bone_right_leg) {transformation: [-0.9975f,-0.013f,-0.0694f,-0.1228f,0.043f,0.6672f,-0.7436f,-1.3508f,0.056f,-0.7448f,-0.665f,0.0232f,0f,0f,0f,1f],start_interpolation: 0,interpolation_duration: 1}
$data merge entity $(bone_lower_left_leg) {transformation: [-0.9817f,0.1153f,-0.1516f,0.097f,-0.0436f,0.6385f,0.7684f,-1.6605f,0.1854f,0.761f,-0.6217f,-0.233f,0f,0f,0f,1f],start_interpolation: 0,interpolation_duration: 1}
$data merge entity $(bone_left_leg) {transformation: [-0.9817f,0.069f,-0.1775f,0.1228f,-0.0436f,0.8259f,0.5621f,-1.3508f,0.1854f,0.5595f,-0.8078f,-0.0232f,0f,0f,0f,1f],start_interpolation: 0,interpolation_duration: 1}
$data merge entity $(bone_waist) {transformation: [-0.9826f,0f,-0.1856f,0f,0f,1f,0f,-1.0071f,0.1856f,0f,-0.9826f,0f,0f,0f,0f,1f],start_interpolation: 0,interpolation_duration: 1}
$data merge entity $(bone_pony_tail) {transformation: [-0.9834f,-0.0004f,0.1816f,0.0425f,0.0392f,0.9759f,0.2146f,-0.5843f,-0.1773f,0.2181f,-0.9597f,-0.0528f,0f,0f,0f,1f],start_interpolation: 0,interpolation_duration: 1}
$data merge entity $(bone_head) {transformation: [-0.9834f,-0.0004f,0.1816f,0f,0.0392f,0.9759f,0.2146f,-0.6651f,-0.1773f,0.2181f,-0.9597f,0.1653f,0f,0f,0f,1f],start_interpolation: 0,interpolation_duration: 1}
data modify entity @s data merge value {"cameras":{},"locators":{"locator":{"posx":2.312123096892176,"posy":-0.7488418277282276,"posz":0.3326652914392309,"roty":344.3923050281247,"rotx":42.21085707497109},"locator2":{"posx":2.1388184417030547,"posy":-0.3810139044915144,"posz":-0.06101048299595868,"roty":344.3923050281247,"rotx":42.21085707497109},"locator3":{"posx":1.916758265491476,"posy":-0.06527115401101491,"posz":-0.40250835071974345,"roty":344.3923050281247,"rotx":42.21085707497109},"locator4":{"posx":1.572277220401649,"posy":0.23028387015564178,"posz":-0.7288211412500375,"roty":344.3923050281247,"rotx":42.21085707497109},"locator5":{"posx":2.36300688320305,"posy":-1.1368574772787832,"posz":0.7415261430679112,"roty":344.3923050281247,"rotx":42.21085707497109},"saber_hitbox":{"posx":0.4151245011420962,"posy":-1.0730462022438312,"posz":0.5572498899587386,"roty":344.3923050281247,"rotx":42.21085707497109},"locator6":{"posx":2.295407681372359,"posy":0.7203902256669865,"posz":-0.01571056903952367,"roty":231.36897064222094,"rotx":34.75196250983705},"locator7":{"posx":1.8905236045705527,"posy":0.9968706854864482,"posz":0.2670259508696808,"roty":231.36897064222094,"rotx":34.75196250983705},"locator8":{"posx":1.4819060424252184,"posy":1.193566039172216,"posz":0.5119088325597541,"roty":231.36897064222094,"rotx":34.75196250983705},"locator9":{"posx":0.9855913913011721,"posy":1.301944293781227,"posz":0.7452024694372319,"roty":231.36897064222094,"rotx":34.75196250983705},"locator10":{"posx":2.612594669195454,"posy":0.3555926667707683,"posz":-0.3100363337613233,"roty":231.36897064222094,"rotx":34.75196250983705},"short_sword_hitbox":{"posx":1.0237998911810386,"posy":-0.560207710945985,"posz":-0.1837546188221542,"roty":231.36897064222094,"rotx":34.75196250983705}}}
execute on vehicle unless entity @s[tag=aj.transforms_only] at @s run function animated_java:mage_hunter/animations/side_slash2/zzz/frames/6_root_commands