# This file was generated by Animated Java via MC-Build. It is not recommended to edit this file directly.
$data merge entity $(bone_chest) {transformation: [-0.928f,-0.0097f,-0.3725f,0.0027f,-0.127f,0.9481f,0.2916f,1.1015f,0.3503f,0.3179f,-0.8811f,0.083f,0f,0f,0f,1f],start_interpolation: 0,interpolation_duration: 1}
$data merge entity $(bone_cape) {transformation: [-0.928f,0.039f,-0.3705f,0.1751f,-0.127f,0.9019f,0.4128f,1.2742f,0.3503f,0.4302f,-0.832f,-0.0222f,0f,0f,0f,1f],start_interpolation: 0,interpolation_duration: 1}
$data merge entity $(bone_saber) {transformation: [-0.0462f,1.3466f,-0.274f,-0.2559f,0.9939f,0.2221f,0.9238f,0.7783f,0.949f,-0.167f,-0.9809f,0.6475f,0f,0f,0f,1f],start_interpolation: 0,interpolation_duration: 1}
$data merge entity $(bone_right_forearm) {transformation: [-0.0336f,-0.1993f,-0.9794f,-0.328f,0.7229f,0.6719f,-0.1615f,0.9978f,0.6902f,-0.7134f,0.1215f,0.4368f,0f,0f,0f,1f],start_interpolation: 0,interpolation_duration: 1}
$data merge entity $(bone_right_arm) {transformation: [-0.9549f,-0.0705f,-0.2883f,-0.2285f,0.1453f,0.736f,-0.6612f,1.1866f,0.2588f,-0.6733f,-0.6926f,0.2151f,0f,0f,0f,1f],start_interpolation: 0,interpolation_duration: 1}
$data merge entity $(bone_short_sword) {transformation: [0.3612f,0.8185f,-0.7488f,0.673f,-0.4893f,0.8243f,0.665f,1.0426f,0.9956f,0.1082f,0.5984f,-0.2363f,0f,0f,0f,1f],start_interpolation: 0,interpolation_duration: 1}
$data merge entity $(bone_left_forearm) {transformation: [0.3096f,-0.6418f,-0.7016f,0.4991f,-0.4194f,0.57f,-0.7065f,1.1832f,0.8534f,0.5129f,-0.0927f,-0.1042f,0f,0f,0f,1f],start_interpolation: 0,interpolation_duration: 1}
$data merge entity $(bone_left_arm) {transformation: [-0.6646f,-0.6418f,-0.3826f,0.2355f,-0.7472f,0.57f,0.3416f,1.2501f,-0.0012f,0.5129f,-0.8584f,0.0399f,0f,0f,0f,1f],start_interpolation: 0,interpolation_duration: 1}
$data merge entity $(bone_torso) {transformation: [-0.928f,0.0065f,-0.3725f,0f,-0.127f,0.9345f,0.3327f,0.8836f,0.3503f,0.356f,-0.8663f,-0.0031f,0f,0f,0f,1f],start_interpolation: 0,interpolation_duration: 1}
$data merge entity $(bone_right_dress) {transformation: [-0.9593f,-0.2127f,-0.1856f,-0.1917f,-0.2164f,0.9763f,0f,0.7268f,0.1812f,0.0402f,-0.9826f,0.0282f,0f,0f,0f,1f],start_interpolation: 0,interpolation_duration: 1}
$data merge entity $(bone_left_dress) {transformation: [-0.9593f,0.2127f,-0.1856f,0.1273f,0.2164f,0.9763f,0f,0.7268f,0.1812f,-0.0402f,-0.9826f,-0.032f,0f,0f,0f,1f],start_interpolation: 0,interpolation_duration: 1}
$data merge entity $(bone_lower_right_leg) {transformation: [-0.9975f,0.0395f,-0.0585f,-0.1179f,0.043f,0.9973f,-0.0603f,0.3678f,0.056f,-0.0627f,-0.9965f,0.3025f,0f,0f,0f,1f],start_interpolation: 0,interpolation_duration: 1}
$data merge entity $(bone_right_leg) {transformation: [-0.9975f,-0.013f,-0.0694f,-0.1228f,0.043f,0.6672f,-0.7436f,0.6179f,0.056f,-0.7448f,-0.665f,0.0232f,0f,0f,0f,1f],start_interpolation: 0,interpolation_duration: 1}
$data merge entity $(bone_lower_left_leg) {transformation: [-0.9817f,0.1153f,-0.1516f,0.097f,-0.0436f,0.6385f,0.7684f,0.3082f,0.1854f,0.761f,-0.6217f,-0.233f,0f,0f,0f,1f],start_interpolation: 0,interpolation_duration: 1}
$data merge entity $(bone_left_leg) {transformation: [-0.9817f,0.069f,-0.1775f,0.1228f,-0.0436f,0.8259f,0.5621f,0.6179f,0.1854f,0.5595f,-0.8078f,-0.0232f,0f,0f,0f,1f],start_interpolation: 0,interpolation_duration: 1}
$data merge entity $(bone_waist) {transformation: [-0.9826f,0f,-0.1856f,0f,0f,1f,0f,0.9617f,0.1856f,0f,-0.9826f,0f,0f,0f,0f,1f],start_interpolation: 0,interpolation_duration: 1}
$data merge entity $(bone_pony_tail) {transformation: [-0.9834f,-0.0004f,0.1816f,0.0425f,0.0392f,0.9759f,0.2146f,1.3844f,-0.1773f,0.2181f,-0.9597f,-0.0528f,0f,0f,0f,1f],start_interpolation: 0,interpolation_duration: 1}
$data merge entity $(bone_head) {transformation: [-0.9834f,-0.0004f,0.1816f,0f,0.0392f,0.9759f,0.2146f,1.3036f,-0.1773f,0.2181f,-0.9597f,0.1653f,0f,0f,0f,1f],start_interpolation: 0,interpolation_duration: 1}
execute on vehicle unless entity @s[tag=aj.transforms_only] at @s run function animated_java:mage_hunter/animations/side_slash2/zzz/frames/6_root_commands