# This file was generated by Animated Java via MC-Build. It is not recommended to edit this file directly.
$data merge entity $(bone_chest) {transformation: [-0.915f,-0.0107f,-0.4032f,0.0029f,-0.1372f,0.9483f,0.2862f,-0.8687f,0.3793f,0.3173f,-0.8692f,0.0827f,0f,0f,0f,1f],start_interpolation: 0,interpolation_duration: 1}
$data merge entity $(bone_cape) {transformation: [-0.915f,0.042f,-0.4012f,0.1699f,-0.1372f,0.9028f,0.4076f,-0.6942f,0.3793f,0.428f,-0.8203f,-0.028f,0f,0f,0f,1f],start_interpolation: 0,interpolation_duration: 1}
$data merge entity $(bone_saber) {transformation: [0.0221f,1.3336f,-0.3342f,-0.2281f,1.0114f,0.2106f,0.9073f,-1.188f,0.9312f,-0.2604f,-0.9776f,0.6604f,0f,0f,0f,1f],start_interpolation: 0,interpolation_duration: 1}
$data merge entity $(bone_right_forearm) {transformation: [0.0161f,-0.243f,-0.9699f,-0.313f,0.7356f,0.6599f,-0.1532f,-0.972f,0.6772f,-0.711f,0.1894f,0.4509f,0f,0f,0f,1f],start_interpolation: 0,interpolation_duration: 1}
$data merge entity $(bone_right_arm) {transformation: [-0.9482f,-0.1085f,-0.2987f,-0.225f,0.1324f,0.7196f,-0.6817f,-0.7862f,0.2889f,-0.6859f,-0.6679f,0.2219f,0f,0f,0f,1f],start_interpolation: 0,interpolation_duration: 1}
$data merge entity $(bone_short_sword) {transformation: [0.4307f,0.8032f,-0.7284f,0.6584f,-0.4995f,0.8426f,0.6338f,-0.9087f,0.9624f,0.0779f,0.6549f,-0.2725f,0f,0f,0f,1f],start_interpolation: 0,interpolation_duration: 1}
$data merge entity $(bone_left_forearm) {transformation: [0.3691f,-0.6243f,-0.6885f,0.4892f,-0.4281f,0.5433f,-0.7222f,-0.7752f,0.8249f,0.5613f,-0.0668f,-0.1275f,0f,0f,0f,1f],start_interpolation: 0,interpolation_duration: 1}
$data merge entity $(bone_left_arm) {transformation: [-0.6488f,-0.6243f,-0.4351f,0.2325f,-0.7608f,0.5433f,0.355f,-0.7175f,0.0148f,0.5613f,-0.8274f,0.0323f,0f,0f,0f,1f],start_interpolation: 0,interpolation_duration: 1}
$data merge entity $(bone_torso) {transformation: [-0.915f,0.0069f,-0.4033f,0f,-0.1372f,0.9349f,0.3273f,-1.0868f,0.3793f,0.3549f,-0.8545f,-0.0031f,0f,0f,0f,1f],start_interpolation: 0,interpolation_duration: 1}
$data merge entity $(bone_right_dress) {transformation: [-0.958f,-0.2124f,-0.1927f,-0.1915f,-0.2164f,0.9763f,0f,-1.2436f,0.1881f,0.0417f,-0.9813f,0.0296f,0f,0f,0f,1f],start_interpolation: 0,interpolation_duration: 1}
$data merge entity $(bone_left_dress) {transformation: [-0.958f,0.2124f,-0.1927f,0.1271f,0.2164f,0.9763f,0f,-1.2436f,0.1881f,-0.0417f,-0.9813f,-0.0329f,0f,0f,0f,1f],start_interpolation: 0,interpolation_duration: 1}
$data merge entity $(bone_lower_right_leg) {transformation: [-0.9972f,0.0384f,-0.0642f,-0.116f,0.043f,0.9965f,-0.0711f,-1.5996f,0.0612f,-0.0737f,-0.9954f,0.306f,0f,0f,0f,1f],start_interpolation: 0,interpolation_duration: 1}
$data merge entity $(bone_right_leg) {transformation: [-0.9972f,-0.0177f,-0.0727f,-0.1227f,0.043f,0.6592f,-0.7507f,-1.3524f,0.0612f,-0.7517f,-0.6566f,0.0241f,0f,0f,0f,1f],start_interpolation: 0,interpolation_duration: 1}
$data merge entity $(bone_lower_left_leg) {transformation: [-0.9803f,0.1231f,-0.1543f,0.095f,-0.0436f,0.6272f,0.7776f,-1.6614f,0.1925f,0.7691f,-0.6095f,-0.2348f,0f,0f,0f,1f],start_interpolation: 0,interpolation_duration: 1}
$data merge entity $(bone_left_leg) {transformation: [-0.9803f,0.0737f,-0.1831f,0.1227f,-0.0436f,0.8239f,0.5651f,-1.3524f,0.1925f,0.5619f,-0.8045f,-0.0241f,0f,0f,0f,1f],start_interpolation: 0,interpolation_duration: 1}
$data merge entity $(bone_waist) {transformation: [-0.9813f,0f,-0.1927f,0f,0f,1f,0f,-1.0087f,0.1927f,0f,-0.9813f,0f,0f,0f,0f,1f],start_interpolation: 0,interpolation_duration: 1}
$data merge entity $(bone_pony_tail) {transformation: [-0.9837f,0.0014f,0.18f,0.0422f,0.0388f,0.9781f,0.2046f,-0.5887f,-0.1758f,0.2083f,-0.9621f,-0.0512f,0f,0f,0f,1f],start_interpolation: 0,interpolation_duration: 1}
$data merge entity $(bone_head) {transformation: [-0.9837f,0.0014f,0.18f,0f,0.0388f,0.9781f,0.2046f,-0.6672f,-0.1758f,0.2083f,-0.9621f,0.1678f,0f,0f,0f,1f],start_interpolation: 0,interpolation_duration: 1}
data modify entity @s data merge value {"cameras":{},"locators":{"locator":{"posx":2.3153731971765543,"posy":-0.7682066156317646,"posz":0.16714263733405343,"roty":341.12721185853786,"rotx":41.29107670692272},"locator2":{"posx":2.1180437733411512,"posy":-0.4065939801648719,"posz":-0.22094227651789744,"roty":341.12721185853786,"rotx":41.29107670692272},"locator3":{"posx":1.8752869202156273,"posy":-0.09579662013528134,"posz":-0.5527541377574106,"roty":341.12721185853786,"rotx":41.29107670692272},"locator4":{"posx":1.5112948096008054,"posy":0.19585577120054398,"posz":-0.8608914870649262,"roty":341.12721185853786,"rotx":41.29107670692272},"locator5":{"posx":2.391467363522659,"posy":-1.1489642197924226,"posz":0.578902063118002,"roty":341.12721185853786,"rotx":41.29107670692272},"saber_hitbox":{"posx":0.4359753440642311,"posy":-1.0764472419979443,"posz":0.5235157796991511,"roty":341.12721185853786,"rotx":41.29107670692272},"locator6":{"posx":2.25052703531947,"posy":0.7739214272981684,"posz":-0.11161634185176703,"roty":228.03969420798126,"rotx":32.90567048506067},"locator7":{"posx":1.8563249149109895,"posy":1.0343665432514957,"posz":0.19996916782658042,"roty":228.03969420798126,"rotx":32.90567048506067},"locator8":{"posx":1.458113332344901,"posy":1.2157208105819746,"posz":0.47229831652579013,"roty":228.03969420798126,"rotx":32.90567048506067},"locator9":{"posx":0.9738442938134219,"posy":1.3068005735819912,"posz":0.736283117398222,"roty":228.03969420798126,"rotx":32.90567048506067},"locator10":{"posx":2.5586716997625603,"posy":0.42320180701437915,"posz":-0.4315461993568926,"roty":228.03969420798126,"rotx":32.90567048506067},"short_sword_hitbox":{"posx":1.0026939238213066,"posy":-0.5350588854935303,"posz":-0.23260938534005032,"roty":228.03969420798126,"rotx":32.90567048506067}}}
execute on vehicle unless entity @s[tag=aj.transforms_only] at @s run function animated_java:mage_hunter/animations/side_slash2/zzz/frames/7_root_commands