# This file was generated by Animated Java via MC-Build. It is not recommended to edit this file directly.
$data merge entity $(bone_chest) {transformation: [-0.9052f,-0.0156f,-0.4247f,0.002f,-0.1445f,0.951f,0.2732f,1.1027f,0.3996f,0.3087f,-0.8632f,0.0806f,0f,0f,0f,1f],start_interpolation: 0,interpolation_duration: 1}
$data merge entity $(bone_cape) {transformation: [-0.9052f,0.04f,-0.4231f,0.1646f,-0.1445f,0.9072f,0.395f,1.2781f,0.3996f,0.4187f,-0.8155f,-0.0352f,0f,0f,0f,1f],start_interpolation: 0,interpolation_duration: 1}
$data merge entity $(bone_saber) {transformation: [0.032f,1.3222f,-0.376f,-0.2091f,1.0127f,0.2317f,0.9008f,0.7825f,0.9296f,-0.2979f,-0.9684f,0.6622f,0f,0f,0f,1f],start_interpolation: 0,interpolation_duration: 1}
$data merge entity $(bone_right_forearm) {transformation: [0.0232f,-0.2735f,-0.9616f,-0.3033f,0.7365f,0.6551f,-0.1685f,0.9969f,0.676f,-0.7043f,0.2166f,0.455f,0f,0f,0f,1f],start_interpolation: 0,interpolation_duration: 1}
$data merge entity $(bone_right_arm) {transformation: [-0.9431f,-0.137f,-0.303f,-0.2239f,0.1168f,0.7167f,-0.6875f,1.1839f,0.3114f,-0.6838f,-0.6599f,0.2238f,0f,0f,0f,1f],start_interpolation: 0,interpolation_duration: 1}
$data merge entity $(bone_short_sword) {transformation: [0.4583f,0.815f,-0.6978f,0.6399f,-0.5292f,0.8317f,0.6239f,1.0698f,0.9333f,0.0714f,0.6964f,-0.3031f,0f,0f,0f,1f],start_interpolation: 0,interpolation_duration: 1}
$data merge entity $(bone_left_forearm) {transformation: [0.3928f,-0.5981f,-0.6986f,0.4774f,-0.4536f,0.5348f,-0.7129f,1.2012f,0.8f,0.5969f,-0.0612f,-0.1488f,0f,0f,0f,1f],start_interpolation: 0,interpolation_duration: 1}
$data merge entity $(bone_left_arm) {transformation: [-0.6439f,-0.5981f,-0.4771f,0.2287f,-0.7641f,0.5348f,0.3609f,1.2561f,0.0393f,0.5969f,-0.8013f,0.024f,0f,0f,0f,1f],start_interpolation: 0,interpolation_duration: 1}
$data merge entity $(bone_torso) {transformation: [-0.9052f,0.003f,-0.4249f,0f,-0.1445f,0.9382f,0.3144f,0.8838f,0.3996f,0.346f,-0.8489f,-0.0031f,0f,0f,0f,1f],start_interpolation: 0,interpolation_duration: 1}
$data merge entity $(bone_right_dress) {transformation: [-0.9575f,-0.2123f,-0.1951f,-0.1914f,-0.2164f,0.9763f,0f,0.727f,0.1905f,0.0422f,-0.9808f,0.0301f,0f,0f,0f,1f],start_interpolation: 0,interpolation_duration: 1}
$data merge entity $(bone_left_dress) {transformation: [-0.9575f,0.2123f,-0.1951f,0.127f,0.2164f,0.9763f,0f,0.727f,0.1905f,-0.0422f,-0.9808f,-0.0332f,0f,0f,0f,1f],start_interpolation: 0,interpolation_duration: 1}
$data merge entity $(bone_lower_right_leg) {transformation: [-0.997f,0.0375f,-0.0684f,-0.1152f,0.043f,0.9958f,-0.0805f,0.3678f,0.0651f,-0.0832f,-0.9944f,0.3034f,0f,0f,0f,1f],start_interpolation: 0,interpolation_duration: 1}
$data merge entity $(bone_right_leg) {transformation: [-0.997f,-0.0198f,-0.0755f,-0.1226f,0.043f,0.6678f,-0.7431f,0.6182f,0.0651f,-0.7441f,-0.6649f,0.0244f,0f,0f,0f,1f],start_interpolation: 0,interpolation_duration: 1}
$data merge entity $(bone_lower_left_leg) {transformation: [-0.9799f,0.1237f,-0.1568f,0.0953f,-0.0436f,0.6338f,0.7723f,0.3067f,0.1949f,0.7636f,-0.6156f,-0.2314f,0f,0f,0f,1f],start_interpolation: 0,interpolation_duration: 1}
$data merge entity $(bone_left_leg) {transformation: [-0.9799f,0.0728f,-0.186f,0.1226f,-0.0436f,0.8307f,0.555f,0.6182f,0.1949f,0.552f,-0.8108f,-0.0244f,0f,0f,0f,1f],start_interpolation: 0,interpolation_duration: 1}
$data merge entity $(bone_waist) {transformation: [-0.9808f,0f,-0.1951f,0f,0f,1f,0f,0.9619f,0.1951f,0f,-0.9808f,0f,0f,0f,0f,1f],start_interpolation: 0,interpolation_duration: 1}
$data merge entity $(bone_pony_tail) {transformation: [-0.9848f,0.0037f,0.1736f,0.0408f,0.0374f,0.9808f,0.1914f,1.3792f,-0.1695f,0.195f,-0.966f,-0.0543f,0f,0f,0f,1f],start_interpolation: 0,interpolation_duration: 1}
$data merge entity $(bone_head) {transformation: [-0.9848f,0.0037f,0.1736f,0f,0.0374f,0.9808f,0.1914f,1.3037f,-0.1695f,0.195f,-0.966f,0.166f,0f,0f,0f,1f],start_interpolation: 0,interpolation_duration: 1}
execute on vehicle unless entity @s[tag=aj.transforms_only] at @s run function animated_java:mage_hunter/animations/side_slash2/zzz/frames/8_root_commands