# This file was generated by Animated Java via MC-Build. It is not recommended to edit this file directly.
$data merge entity $(bone_chest) {transformation: [-0.9036f,-0.0207f,-0.4279f,0.0009f,-0.1459f,0.954f,0.262f,-0.8619f,0.4027f,0.2992f,-0.865f,0.0784f,0f,0f,0f,1f],start_interpolation: 0,interpolation_duration: 1}
$data merge entity $(bone_cape) {transformation: [-0.9036f,0.0353f,-0.4269f,0.1621f,-0.1459f,0.9116f,0.3843f,-0.6866f,0.4027f,0.4095f,-0.8186f,-0.0394f,0f,0f,0f,1f],start_interpolation: 0,interpolation_duration: 1}
$data merge entity $(bone_saber) {transformation: [-0.0046f,1.3208f,-0.3823f,-0.2069f,1f,0.2657f,0.9055f,-1.1864f,0.9437f,-0.275f,-0.9615f,0.6556f,0f,0f,0f,1f],start_interpolation: 0,interpolation_duration: 1}
$data merge entity $(bone_right_forearm) {transformation: [-0.0034f,-0.2781f,-0.9606f,-0.3029f,0.7273f,0.6586f,-0.1932f,-0.9713f,0.6863f,-0.6993f,0.2f,0.45f,0f,0f,0f,1f],start_interpolation: 0,interpolation_duration: 1}
$data merge entity $(bone_right_arm) {transformation: [-0.9425f,-0.143f,-0.3019f,-0.2253f,0.1075f,0.7258f,-0.6794f,-0.7806f,0.3163f,-0.6728f,-0.6688f,0.2212f,0f,0f,0f,1f],start_interpolation: 0,interpolation_duration: 1}
$data merge entity $(bone_short_sword) {transformation: [0.4397f,0.8407f,-0.6789f,0.6299f,-0.5577f,0.8044f,0.6349f,-0.9001f,0.9256f,0.0852f,0.7051f,-0.3133f,0f,0f,0f,1f],start_interpolation: 0,interpolation_duration: 1}
$data merge entity $(bone_left_forearm) {transformation: [0.3769f,-0.5819f,-0.7206f,0.4714f,-0.478f,0.5442f,-0.6895f,-0.766f,0.7934f,0.6043f,-0.073f,-0.1572f,0f,0f,0f,1f],start_interpolation: 0,interpolation_duration: 1}
$data merge entity $(bone_left_arm) {transformation: [-0.6498f,-0.5819f,-0.489f,0.2265f,-0.758f,0.5442f,0.3596f,-0.7077f,0.0569f,0.6043f,-0.7947f,0.0198f,0f,0f,0f,1f],start_interpolation: 0,interpolation_duration: 1}
$data merge entity $(bone_torso) {transformation: [-0.9036f,-0.002f,-0.4284f,0f,-0.1459f,0.9416f,0.3034f,-1.0816f,0.4027f,0.3366f,-0.8512f,-0.0031f,0f,0f,0f,1f],start_interpolation: 0,interpolation_duration: 1}
$data merge entity $(bone_right_dress) {transformation: [-0.958f,-0.2124f,-0.1927f,-0.1915f,-0.2164f,0.9763f,0f,-1.2384f,0.1881f,0.0417f,-0.9813f,0.0296f,0f,0f,0f,1f],start_interpolation: 0,interpolation_duration: 1}
$data merge entity $(bone_left_dress) {transformation: [-0.958f,0.2124f,-0.1927f,0.1271f,0.2164f,0.9763f,0f,-1.2384f,0.1881f,-0.0417f,-0.9813f,-0.0329f,0f,0f,0f,1f],start_interpolation: 0,interpolation_duration: 1}
$data merge entity $(bone_lower_right_leg) {transformation: [-0.9969f,0.0373f,-0.0692f,-0.1157f,0.043f,0.9956f,-0.0837f,-1.6035f,0.0658f,-0.0864f,-0.9941f,0.2978f,0f,0f,0f,1f],start_interpolation: 0,interpolation_duration: 1}
$data merge entity $(bone_right_leg) {transformation: [-0.9969f,-0.0187f,-0.0764f,-0.1227f,0.043f,0.6834f,-0.7288f,-1.3472f,0.0658f,-0.7298f,-0.6805f,0.0241f,0f,0f,0f,1f],start_interpolation: 0,interpolation_duration: 1}
$data merge entity $(bone_lower_left_leg) {transformation: [-0.9803f,0.1186f,-0.1578f,0.097f,-0.0436f,0.6496f,0.7591f,-1.6622f,0.1925f,0.751f,-0.6316f,-0.226f,0f,0f,0f,1f],start_interpolation: 0,interpolation_duration: 1}
$data merge entity $(bone_left_leg) {transformation: [-0.9803f,0.0683f,-0.1852f,0.1227f,-0.0436f,0.84f,0.5409f,-1.3472f,0.1925f,0.5383f,-0.8205f,-0.0241f,0f,0f,0f,1f],start_interpolation: 0,interpolation_duration: 1}
$data merge entity $(bone_waist) {transformation: [-0.9813f,0f,-0.1927f,0f,0f,1f,0f,-1.0035f,0.1927f,0f,-0.9813f,0f,0f,0f,0f,1f],start_interpolation: 0,interpolation_duration: 1}
$data merge entity $(bone_pony_tail) {transformation: [-0.9859f,0.0051f,0.1672f,0.0393f,0.0361f,0.9825f,0.1829f,-0.5873f,-0.1633f,0.1864f,-0.9688f,-0.0592f,0f,0f,0f,1f],start_interpolation: 0,interpolation_duration: 1}
$data merge entity $(bone_head) {transformation: [-0.9859f,0.0051f,0.1672f,0f,0.0361f,0.9825f,0.1829f,-0.6609f,-0.1633f,0.1864f,-0.9688f,0.162f,0f,0f,0f,1f],start_interpolation: 0,interpolation_duration: 1}
data modify entity @s data merge value {"cameras":{},"locators":{"body_hitbox":{"posx":0.05758197633301725,"posy":-1.0436598215042334,"posz":0.13981550570509765,"roty":333.6824165552713,"rotx":15.189643112141747},"flame":{"posx":2.311551813600632,"posy":-0.6616639585941096,"posz":0.1346942728563777,"roty":338.31419027466876,"rotx":41.191168240036866},"flame1":{"posx":2.0951042093369407,"posy":-0.30329177867148327,"posz":-0.24613681209601057,"roty":338.31419027466876,"rotx":41.191168240036866},"flame2":{"posx":1.8360010861213953,"posy":0.0018441608085955075,"posz":-0.5707637209892196,"roty":338.31419027466876,"rotx":41.191168240036866},"flame3":{"posx":1.4568285079397745,"posy":0.2828293034766134,"posz":-0.870389329966383,"roty":338.31419027466876,"rotx":41.191168240036866},"flame4":{"posx":2.407929962898247,"posy":-1.044186935328797,"posz":0.5405266577248113,"roty":338.31419027466876,"rotx":41.191168240036866},"saber_hitbox":{"posx":0.3904933349879943,"posy":-1.0594406303147883,"posz":0.5239913083065828,"roty":338.31419027466876,"rotx":41.191168240036866},"flame5":{"posx":2.297243561629729,"posy":0.7065564653657629,"posz":-0.13748005333397886,"roty":223.91637708467292,"rotx":32.971082150889295},"flame6":{"posx":1.9248852230672338,"posy":0.9695871301789273,"posz":0.19789531408426608,"roty":223.91637708467292,"rotx":32.971082150889295},"flame7":{"posx":1.5438554216093343,"posy":1.1555136605346106,"posz":0.490935611161052,"roty":223.91637708467292,"rotx":32.971082150889295},"flame8":{"posx":1.0727453192272085,"posy":1.2552588818294605,"posz":0.7748478551068608,"roty":223.91637708467292,"rotx":32.971082150889295},"flame9":{"posx":2.579521599267998,"posy":0.35734449149176506,"posz":-0.48198347388320106,"roty":223.91637708467292,"rotx":32.971082150889295},"short_sword_hitbox":{"posx":0.9460390477663341,"posy":-0.5861631705467379,"posz":-0.27440085029863703,"roty":223.91637708467292,"rotx":32.971082150889295}}}
execute on vehicle unless entity @s[tag=aj.transforms_only] at @s run function animated_java:mage_hunter/animations/side_slash2/zzz/frames/9_root_commands