# This file was generated by Animated Java via MC-Build. It is not recommended to edit this file directly.
$data merge entity $(bone_right_leg1) {transformation: [-1f,0f,0f,-0.1562f,0f,0.9872f,-0.1593f,-0.2019f,0f,-0.1593f,-0.9872f,-0.2403f,0f,0f,0f,1f],start_interpolation: 0,interpolation_duration: 1}
$data merge entity $(bone_right_leg) {transformation: [-1f,0f,0f,-0.1562f,0f,0.9974f,-0.0727f,-0.0149f,0f,-0.0727f,-0.9974f,-0.2539f,0f,0f,0f,1f],start_interpolation: 0,interpolation_duration: 1}
$data merge entity $(bone_left_leg1) {transformation: [-1f,0f,0f,0.1563f,0f,0.9822f,-0.188f,-0.2019f,0f,-0.188f,-0.9822f,-0.2403f,0f,0f,0f,1f],start_interpolation: 0,interpolation_duration: 1}
$data merge entity $(bone_left_leg) {transformation: [-1f,0f,0f,0.1563f,0f,0.9974f,-0.0727f,-0.0149f,0f,-0.0727f,-0.9974f,-0.2539f,0f,0f,0f,1f],start_interpolation: 0,interpolation_duration: 1}
$data merge entity $(bone_tail) {transformation: [-1f,0f,0f,-0.0312f,0f,0.999f,0.0436f,0.078f,0f,0.0436f,-0.999f,-0.6993f,0f,0f,0f,1f],start_interpolation: 0,interpolation_duration: 1}
$data merge entity $(bone_head) {transformation: [-1f,0f,0f,0f,0f,0.9948f,0.1016f,0.2331f,0f,0.1016f,-0.9948f,0.3547f,0f,0f,0f,1f],start_interpolation: 0,interpolation_duration: 1}
$data merge entity $(bone_right_wing1) {transformation: [-0.9589f,0.2837f,0f,-1.0813f,0.283f,0.9564f,-0.0727f,0.492f,-0.0206f,-0.0697f,-0.9974f,0.1792f,0f,0f,0f,1f],start_interpolation: 0,interpolation_duration: 1}
$data merge entity $(bone_right_wing) {transformation: [-0.9819f,0.1895f,0f,-0.2653f,0.189f,0.9793f,-0.0727f,0.3038f,-0.0138f,-0.0713f,-0.9974f,-0.1447f,0f,0f,0f,1f],start_interpolation: 0,interpolation_duration: 1}
$data merge entity $(bone_left_wing1) {transformation: [-0.9589f,-0.2837f,0f,1.0813f,-0.283f,0.9564f,-0.0727f,0.492f,0.0206f,-0.0697f,-0.9974f,0.1792f,0f,0f,0f,1f],start_interpolation: 0,interpolation_duration: 1}
$data merge entity $(bone_left_wing) {transformation: [-0.9819f,-0.1895f,0f,0.2653f,-0.189f,0.9793f,-0.0727f,0.3038f,0.0138f,-0.0713f,-0.9974f,-0.1447f,0f,0f,0f,1f],start_interpolation: 0,interpolation_duration: 1}
$data merge entity $(bone_body) {transformation: [-1f,0f,0f,0.0313f,0f,0.9974f,-0.0727f,-0.059f,0f,-0.0727f,-0.9974f,0f,0f,0f,0f,1f],start_interpolation: 0,interpolation_duration: 1}