# This file was generated by Animated Java via MC-Build. It is not recommended to edit this file directly.
$data merge entity $(bone_right_leg1) {transformation: [-1f,0f,0f,-0.1562f,0f,0.9943f,-0.1067f,-0.1978f,0f,-0.1067f,-0.9943f,-0.2428f,0f,0f,0f,1f],start_interpolation: 0,interpolation_duration: 1}
$data merge entity $(bone_right_leg) {transformation: [-1f,0f,0f,-0.1562f,0f,0.9985f,-0.0545f,-0.0106f,0f,-0.0545f,-0.9985f,-0.253f,0f,0f,0f,1f],start_interpolation: 0,interpolation_duration: 1}
$data merge entity $(bone_left_leg1) {transformation: [-1f,0f,0f,0.1563f,0f,0.9923f,-0.124f,-0.1978f,0f,-0.124f,-0.9923f,-0.2428f,0f,0f,0f,1f],start_interpolation: 0,interpolation_duration: 1}
$data merge entity $(bone_left_leg) {transformation: [-1f,0f,0f,0.1563f,0f,0.9985f,-0.0545f,-0.0106f,0f,-0.0545f,-0.9985f,-0.253f,0f,0f,0f,1f],start_interpolation: 0,interpolation_duration: 1}
$data merge entity $(bone_tail) {transformation: [-1f,0f,0f,-0.0312f,0f,0.9999f,0.0153f,0.0904f,0f,0.0153f,-0.9999f,-0.6967f,0f,0f,0f,1f],start_interpolation: 0,interpolation_duration: 1}
$data merge entity $(bone_head) {transformation: [-1f,0f,0f,0f,0f,0.9971f,0.0763f,0.2263f,0f,0.0763f,-0.9971f,0.36f,0f,0f,0f,1f],start_interpolation: 0,interpolation_duration: 1}
$data merge entity $(bone_right_wing1) {transformation: [-0.989f,0.1478f,0f,-1.093f,0.1476f,0.9875f,-0.0545f,0.4123f,-0.0081f,-0.0539f,-0.9985f,0.1933f,0f,0f,0f,1f],start_interpolation: 0,interpolation_duration: 1}
$data merge entity $(bone_right_wing) {transformation: [-0.9952f,0.0979f,0f,-0.2653f,0.0978f,0.9937f,-0.0545f,0.306f,-0.0053f,-0.0543f,-0.9985f,-0.1381f,0f,0f,0f,1f],start_interpolation: 0,interpolation_duration: 1}
$data merge entity $(bone_left_wing1) {transformation: [-0.989f,-0.1478f,0f,1.093f,-0.1476f,0.9875f,-0.0545f,0.4123f,0.0081f,-0.0539f,-0.9985f,0.1933f,0f,0f,0f,1f],start_interpolation: 0,interpolation_duration: 1}
$data merge entity $(bone_left_wing) {transformation: [-0.9952f,-0.0979f,0f,0.2653f,-0.0978f,0.9937f,-0.0545f,0.306f,0.0053f,-0.0543f,-0.9985f,-0.1381f,0f,0f,0f,1f],start_interpolation: 0,interpolation_duration: 1}
$data merge entity $(bone_body) {transformation: [-1f,0f,0f,0.0313f,0f,0.9985f,-0.0545f,-0.0594f,0f,-0.0545f,-0.9985f,0f,0f,0f,0f,1f],start_interpolation: 0,interpolation_duration: 1}