# This file was generated by Animated Java via MC-Build. It is not recommended to edit this file directly.
$data merge entity $(bone_right_leg1) {transformation: [-1f,0f,0f,-0.1562f,0f,0.8119f,-0.5837f,-0.2303f,0f,-0.5837f,-0.8119f,-0.1896f,0f,0f,0f,1f],start_interpolation: 0,interpolation_duration: 1}
$data merge entity $(bone_right_leg) {transformation: [-1f,0f,0f,-0.1562f,0f,0.9354f,-0.3537f,-0.055f,0f,-0.3537f,-0.9354f,-0.2559f,0f,0f,0f,1f],start_interpolation: 0,interpolation_duration: 1}
$data merge entity $(bone_left_leg1) {transformation: [-1f,0f,0f,0.1563f,0f,0.758f,-0.6523f,-0.2303f,0f,-0.6523f,-0.758f,-0.1896f,0f,0f,0f,1f],start_interpolation: 0,interpolation_duration: 1}
$data merge entity $(bone_left_leg) {transformation: [-1f,0f,0f,0.1563f,0f,0.9354f,-0.3537f,-0.055f,0f,-0.3537f,-0.9354f,-0.2559f,0f,0f,0f,1f],start_interpolation: 0,interpolation_duration: 1}
$data merge entity $(bone_tail) {transformation: [-1f,0f,0f,-0.0312f,0f,0.9761f,-0.2173f,-0.0928f,0f,-0.2173f,-0.9761f,-0.7094f,0f,0f,0f,1f],start_interpolation: 0,interpolation_duration: 1}
$data merge entity $(bone_head) {transformation: [-1f,0f,0f,0f,0f,0.9166f,0.3999f,0.3561f,0f,0.3999f,-0.9166f,0.2568f,0f,0f,0f,1f],start_interpolation: 0,interpolation_duration: 1}
$data merge entity $(bone_right_wing1) {transformation: [-0.8434f,-0.5373f,0f,-1.0497f,-0.5026f,0.7889f,-0.3537f,0.1401f,0.19f,-0.2983f,-0.9354f,0.1714f,0f,0f,0f,1f],start_interpolation: 0,interpolation_duration: 1}
$data merge entity $(bone_right_wing) {transformation: [-0.9397f,-0.342f,0f,-0.2653f,-0.3199f,0.8789f,-0.3537f,0.2816f,0.121f,-0.3324f,-0.9354f,-0.242f,0f,0f,0f,1f],start_interpolation: 0,interpolation_duration: 1}
$data merge entity $(bone_left_wing1) {transformation: [-0.8434f,0.5373f,0f,1.0497f,0.5026f,0.7889f,-0.3537f,0.1401f,-0.19f,-0.2983f,-0.9354f,0.1714f,0f,0f,0f,1f],start_interpolation: 0,interpolation_duration: 1}
$data merge entity $(bone_left_wing) {transformation: [-0.9397f,0.342f,0f,0.2653f,0.3199f,0.8789f,-0.3537f,0.2816f,-0.121f,-0.3324f,-0.9354f,-0.242f,0f,0f,0f,1f],start_interpolation: 0,interpolation_duration: 1}
$data merge entity $(bone_body) {transformation: [-1f,0f,0f,0.0313f,0f,0.9354f,-0.3537f,-0.025f,0f,-0.3537f,-0.9354f,0f,0f,0f,0f,1f],start_interpolation: 0,interpolation_duration: 1}