# This file was generated by Animated Java via MC-Build. It is not recommended to edit this file directly.
$data merge entity $(bone_right_leg1) {transformation: [-1f,0f,0f,-0.1562f,0f,0.8227f,-0.5685f,-0.2236f,0f,-0.5685f,-0.8227f,-0.1934f,0f,0f,0f,1f],start_interpolation: 0,interpolation_duration: 1}
$data merge entity $(bone_right_leg) {transformation: [-1f,0f,0f,-0.1562f,0f,0.9418f,-0.3362f,-0.0471f,0f,-0.3362f,-0.9418f,-0.2565f,0f,0f,0f,1f],start_interpolation: 0,interpolation_duration: 1}
$data merge entity $(bone_left_leg1) {transformation: [-1f,0f,0f,0.1563f,0f,0.77f,-0.638f,-0.2236f,0f,-0.638f,-0.77f,-0.1934f,0f,0f,0f,1f],start_interpolation: 0,interpolation_duration: 1}
$data merge entity $(bone_left_leg) {transformation: [-1f,0f,0f,0.1563f,0f,0.9418f,-0.3362f,-0.0471f,0f,-0.3362f,-0.9418f,-0.2565f,0f,0f,0f,1f],start_interpolation: 0,interpolation_duration: 1}
$data merge entity $(bone_tail) {transformation: [-1f,0f,0f,-0.0312f,0f,0.9684f,-0.2493f,-0.0764f,0f,-0.2493f,-0.9684f,-0.7105f,0f,0f,0f,1f],start_interpolation: 0,interpolation_duration: 1}
$data merge entity $(bone_head) {transformation: [-1f,0f,0f,0f,0f,0.9354f,0.3537f,0.3544f,0f,0.3537f,-0.9354f,0.2639f,0f,0f,0f,1f],start_interpolation: 0,interpolation_duration: 1}
$data merge entity $(bone_right_wing1) {transformation: [-0.6827f,-0.7307f,0f,-1.0004f,-0.6882f,0.643f,-0.3362f,0.0346f,0.2456f,-0.2295f,-0.9418f,0.2121f,0f,0f,0f,1f],start_interpolation: 0,interpolation_duration: 1}
$data merge entity $(bone_right_wing) {transformation: [-0.8794f,-0.476f,0f,-0.2653f,-0.4483f,0.8283f,-0.3362f,0.2892f,0.16f,-0.2956f,-0.9418f,-0.2362f,0f,0f,0f,1f],start_interpolation: 0,interpolation_duration: 1}
$data merge entity $(bone_left_wing1) {transformation: [-0.6827f,0.7307f,0f,1.0004f,0.6882f,0.643f,-0.3362f,0.0346f,-0.2456f,-0.2295f,-0.9418f,0.2121f,0f,0f,0f,1f],start_interpolation: 0,interpolation_duration: 1}
$data merge entity $(bone_left_wing) {transformation: [-0.8794f,0.476f,0f,0.2653f,0.4483f,0.8283f,-0.3362f,0.2892f,-0.16f,-0.2956f,-0.9418f,-0.2362f,0f,0f,0f,1f],start_interpolation: 0,interpolation_duration: 1}
$data merge entity $(bone_body) {transformation: [-1f,0f,0f,0.0313f,0f,0.9418f,-0.3362f,-0.0219f,0f,-0.3362f,-0.9418f,0f,0f,0f,0f,1f],start_interpolation: 0,interpolation_duration: 1}