# This file was generated by Animated Java via MC-Build. It is not recommended to edit this file directly.
$data merge entity $(bone_right_leg1) {transformation: [-1f,0f,0f,-0.1562f,0f,0.8339f,-0.5519f,-0.2282f,0f,-0.5519f,-0.8339f,-0.1954f,0f,0f,0f,1f],start_interpolation: 0,interpolation_duration: 1}
$data merge entity $(bone_right_leg) {transformation: [-1f,0f,0f,-0.1562f,0f,0.9483f,-0.3173f,-0.0504f,0f,-0.3173f,-0.9483f,-0.2549f,0f,0f,0f,1f],start_interpolation: 0,interpolation_duration: 1}
$data merge entity $(bone_left_leg1) {transformation: [-1f,0f,0f,0.1563f,0f,0.7826f,-0.6225f,-0.2282f,0f,-0.6225f,-0.7826f,-0.1954f,0f,0f,0f,1f],start_interpolation: 0,interpolation_duration: 1}
$data merge entity $(bone_left_leg) {transformation: [-1f,0f,0f,0.1563f,0f,0.9483f,-0.3173f,-0.0504f,0f,-0.3173f,-0.9483f,-0.2549f,0f,0f,0f,1f],start_interpolation: 0,interpolation_duration: 1}
$data merge entity $(bone_tail) {transformation: [-1f,0f,0f,-0.0312f,0f,0.9534f,-0.3018f,-0.1024f,0f,-0.3018f,-0.9534f,-0.7069f,0f,0f,0f,1f],start_interpolation: 0,interpolation_duration: 1}
$data merge entity $(bone_head) {transformation: [-1f,0f,0f,0f,0f,0.9613f,0.2756f,0.3764f,0f,0.2756f,-0.9613f,0.2448f,0f,0f,0f,1f],start_interpolation: 0,interpolation_duration: 1}
$data merge entity $(bone_right_wing1) {transformation: [-0.8831f,-0.4692f,0f,-1.0679f,-0.4335f,0.8159f,-0.3827f,0.2114f,0.1795f,-0.338f,-0.9239f,0.144f,0f,0f,0f,1f],start_interpolation: 0,interpolation_duration: 1}
$data merge entity $(bone_right_wing) {transformation: [-0.9621f,-0.2726f,0f,-0.2653f,-0.2519f,0.8889f,-0.3827f,0.2864f,0.1043f,-0.3682f,-0.9239f,-0.2515f,0f,0f,0f,1f],start_interpolation: 0,interpolation_duration: 1}
$data merge entity $(bone_left_wing1) {transformation: [-0.8831f,0.4692f,0f,1.0679f,0.4335f,0.8159f,-0.3827f,0.2114f,-0.1795f,-0.338f,-0.9239f,0.144f,0f,0f,0f,1f],start_interpolation: 0,interpolation_duration: 1}
$data merge entity $(bone_left_wing) {transformation: [-0.9621f,0.2726f,0f,0.2653f,0.2519f,0.8889f,-0.3827f,0.2864f,-0.1043f,-0.3682f,-0.9239f,-0.2515f,0f,0f,0f,1f],start_interpolation: 0,interpolation_duration: 1}
$data merge entity $(bone_body) {transformation: [-1f,0f,0f,0.0313f,0f,0.9239f,-0.3827f,-0.0125f,0f,-0.3827f,-0.9239f,0f,0f,0f,0f,1f],start_interpolation: 0,interpolation_duration: 1}