# This file was generated by Animated Java via MC-Build. It is not recommended to edit this file directly.
$data merge entity $(bone_right_leg1) {transformation: [-1f,0f,0f,-0.1562f,0f,0.7133f,-0.7009f,-0.2693f,0f,-0.7009f,-0.7133f,-0.1441f,0f,0f,0f,1f],start_interpolation: 0,interpolation_duration: 1}
$data merge entity $(bone_right_leg) {transformation: [-1f,0f,0f,-0.1562f,0f,0.8704f,-0.4924f,-0.1061f,0f,-0.4924f,-0.8704f,-0.2364f,0f,0f,0f,1f],start_interpolation: 0,interpolation_duration: 1}
$data merge entity $(bone_left_leg1) {transformation: [-1f,0f,0f,0.1563f,0f,0.7009f,-0.7133f,-0.2753f,0f,-0.7133f,-0.7009f,-0.1557f,0f,0f,0f,1f],start_interpolation: 0,interpolation_duration: 1}
$data merge entity $(bone_left_leg) {transformation: [-1f,0f,0f,0.1563f,0f,0.9026f,-0.4305f,-0.1061f,0f,-0.4305f,-0.9026f,-0.2364f,0f,0f,0f,1f],start_interpolation: 0,interpolation_duration: 1}
$data merge entity $(bone_tail) {transformation: [-1f,0f,0f,-0.0312f,0f,0.963f,-0.2696f,-0.2732f,0f,-0.2696f,-0.963f,-0.6596f,0f,0f,0f,1f],start_interpolation: 0,interpolation_duration: 1}
$data merge entity $(bone_head) {transformation: [-1f,0f,0f,0f,0f,0.9455f,0.3256f,0.4355f,0f,0.3256f,-0.9455f,0.1358f,0f,0f,0f,1f],start_interpolation: 0,interpolation_duration: 1}
$data merge entity $(bone_right_wing1) {transformation: [-0.7415f,0.6709f,0f,-0.9977f,0.5323f,0.5883f,-0.6088f,0.7389f,-0.4084f,-0.4514f,-0.7934f,-0.2939f,0f,0f,0f,1f],start_interpolation: 0,interpolation_duration: 1}
$data merge entity $(bone_right_wing) {transformation: [-0.8836f,0.4682f,0f,-0.2653f,0.3715f,0.701f,-0.6088f,0.2202f,-0.285f,-0.5379f,-0.7934f,-0.3203f,0f,0f,0f,1f],start_interpolation: 0,interpolation_duration: 1}
$data merge entity $(bone_left_wing1) {transformation: [-0.7415f,-0.6709f,0f,0.9977f,-0.5323f,0.5883f,-0.6088f,0.7389f,0.4084f,-0.4514f,-0.7934f,-0.2939f,0f,0f,0f,1f],start_interpolation: 0,interpolation_duration: 1}
$data merge entity $(bone_left_wing) {transformation: [-0.8836f,-0.4682f,0f,0.2653f,-0.3715f,0.701f,-0.6088f,0.2202f,0.285f,-0.5379f,-0.7934f,-0.3203f,0f,0f,0f,1f],start_interpolation: 0,interpolation_duration: 1}
$data merge entity $(bone_body) {transformation: [-1f,0f,0f,0.0313f,0f,0.7934f,-0.6088f,-0.0035f,0f,-0.6088f,-0.7934f,0f,0f,0f,0f,1f],start_interpolation: 0,interpolation_duration: 1}