# This file was generated by Animated Java via MC-Build. It is not recommended to edit this file directly.
$data merge entity $(bone_right_leg1) {transformation: [-1f,0f,0f,-0.1562f,0f,0.8141f,-0.5807f,-0.2635f,0f,-0.5807f,-0.8141f,-0.1788f,0f,0f,0f,1f],start_interpolation: 0,interpolation_duration: 1}
$data merge entity $(bone_right_leg) {transformation: [-1f,0f,0f,-0.1562f,0f,0.9367f,-0.3502f,-0.0879f,0f,-0.3502f,-0.9367f,-0.2444f,0f,0f,0f,1f],start_interpolation: 0,interpolation_duration: 1}
$data merge entity $(bone_left_leg1) {transformation: [-1f,0f,0f,0.1563f,0f,0.7604f,-0.6494f,-0.2635f,0f,-0.6494f,-0.7604f,-0.1788f,0f,0f,0f,1f],start_interpolation: 0,interpolation_duration: 1}
$data merge entity $(bone_left_leg) {transformation: [-1f,0f,0f,0.1563f,0f,0.9367f,-0.3502f,-0.0879f,0f,-0.3502f,-0.9367f,-0.2444f,0f,0f,0f,1f],start_interpolation: 0,interpolation_duration: 1}
$data merge entity $(bone_tail) {transformation: [-1f,0f,0f,-0.0312f,0f,0.9599f,-0.2804f,-0.2175f,0f,-0.2804f,-0.9599f,-0.6806f,0f,0f,0f,1f],start_interpolation: 0,interpolation_duration: 1}
$data merge entity $(bone_head) {transformation: [-1f,0f,0f,0f,0f,0.9511f,0.309f,0.4193f,0f,0.309f,-0.9511f,0.1736f,0f,0f,0f,1f],start_interpolation: 0,interpolation_duration: 1}
$data merge entity $(bone_right_wing1) {transformation: [-0.9441f,0.3295f,0f,-1.0722f,0.2779f,0.7963f,-0.5373f,0.5977f,-0.1771f,-0.5073f,-0.8434f,-0.1254f,0f,0f,0f,1f],start_interpolation: 0,interpolation_duration: 1}
$data merge entity $(bone_right_wing) {transformation: [-0.9713f,0.2379f,0f,-0.2653f,0.2006f,0.8192f,-0.5373f,0.2445f,-0.1278f,-0.5219f,-0.8434f,-0.2995f,0f,0f,0f,1f],start_interpolation: 0,interpolation_duration: 1}
$data merge entity $(bone_left_wing1) {transformation: [-0.9441f,-0.3295f,0f,1.0722f,-0.2779f,0.7963f,-0.5373f,0.5977f,0.1771f,-0.5073f,-0.8434f,-0.1254f,0f,0f,0f,1f],start_interpolation: 0,interpolation_duration: 1}
$data merge entity $(bone_left_wing) {transformation: [-0.9713f,-0.2379f,0f,0.2653f,-0.2006f,0.8192f,-0.5373f,0.2445f,0.1278f,-0.5219f,-0.8434f,-0.2995f,0f,0f,0f,1f],start_interpolation: 0,interpolation_duration: 1}
$data merge entity $(bone_body) {transformation: [-1f,0f,0f,0.0313f,0f,0.8434f,-0.5373f,-0.0062f,0f,-0.5373f,-0.8434f,0f,0f,0f,0f,1f],start_interpolation: 0,interpolation_duration: 1}