# This file was generated by Animated Java via MC-Build. It is not recommended to edit this file directly.
$data merge entity $(bone_right_leg1) {transformation: [-1f,0f,0f,-0.1562f,0f,0.8039f,-0.5948f,-0.2802f,0f,-0.5948f,-0.8039f,-0.1677f,0f,0f,0f,1f],start_interpolation: 0,interpolation_duration: 1}
$data merge entity $(bone_right_leg) {transformation: [-1f,0f,0f,-0.1562f,0f,0.9304f,-0.3665f,-0.1057f,0f,-0.3665f,-0.9304f,-0.2364f,0f,0f,0f,1f],start_interpolation: 0,interpolation_duration: 1}
$data merge entity $(bone_left_leg1) {transformation: [-1f,0f,0f,0.1563f,0f,0.749f,-0.6626f,-0.2802f,0f,-0.6626f,-0.749f,-0.1677f,0f,0f,0f,1f],start_interpolation: 0,interpolation_duration: 1}
$data merge entity $(bone_left_leg) {transformation: [-1f,0f,0f,0.1563f,0f,0.9304f,-0.3665f,-0.1057f,0f,-0.3665f,-0.9304f,-0.2364f,0f,0f,0f,1f],start_interpolation: 0,interpolation_duration: 1}
$data merge entity $(bone_tail) {transformation: [-1f,0f,0f,-0.0312f,0f,0.963f,-0.2696f,-0.2729f,0f,-0.2696f,-0.963f,-0.6596f,0f,0f,0f,1f],start_interpolation: 0,interpolation_duration: 1}
$data merge entity $(bone_head) {transformation: [-1f,0f,0f,0f,0f,0.9455f,0.3256f,0.4359f,0f,0.3256f,-0.9455f,0.1358f,0f,0f,0f,1f],start_interpolation: 0,interpolation_duration: 1}
$data merge entity $(bone_right_wing1) {transformation: [-0.7434f,0.6689f,0f,-0.9977f,0.5307f,0.5898f,-0.6088f,0.7393f,-0.4072f,-0.4525f,-0.7934f,-0.2939f,0f,0f,0f,1f],start_interpolation: 0,interpolation_duration: 1}
$data merge entity $(bone_right_wing) {transformation: [-0.8836f,0.4682f,0f,-0.2653f,0.3715f,0.701f,-0.6088f,0.2205f,-0.285f,-0.5379f,-0.7934f,-0.3203f,0f,0f,0f,1f],start_interpolation: 0,interpolation_duration: 1}
$data merge entity $(bone_left_wing1) {transformation: [-0.7434f,-0.6689f,0f,0.9977f,-0.5307f,0.5898f,-0.6088f,0.7393f,0.4072f,-0.4525f,-0.7934f,-0.2939f,0f,0f,0f,1f],start_interpolation: 0,interpolation_duration: 1}
$data merge entity $(bone_left_wing) {transformation: [-0.8836f,-0.4682f,0f,0.2653f,-0.3715f,0.701f,-0.6088f,0.2205f,0.285f,-0.5379f,-0.7934f,-0.3203f,0f,0f,0f,1f],start_interpolation: 0,interpolation_duration: 1}
$data merge entity $(bone_body) {transformation: [-1f,0f,0f,0.0313f,0f,0.7934f,-0.6088f,-0.0031f,0f,-0.6088f,-0.7934f,0f,0f,0f,0f,1f],start_interpolation: 0,interpolation_duration: 1}