# This file was generated by Animated Java via MC-Build. It is not recommended to edit this file directly.
$data merge entity $(bone_right_leg1) {transformation: [-1f,0f,0f,-0.1562f,0f,0.7934f,-0.6088f,-0.296f,0f,-0.6088f,-0.7934f,-0.1548f,0f,0f,0f,1f],start_interpolation: 0,interpolation_duration: 1}
$data merge entity $(bone_right_leg) {transformation: [-1f,0f,0f,-0.1562f,0f,0.9239f,-0.3827f,-0.1228f,0f,-0.3827f,-0.9239f,-0.2265f,0f,0f,0f,1f],start_interpolation: 0,interpolation_duration: 1}
$data merge entity $(bone_left_leg1) {transformation: [-1f,0f,0f,0.1563f,0f,0.7373f,-0.6756f,-0.296f,0f,-0.6756f,-0.7373f,-0.1548f,0f,0f,0f,1f],start_interpolation: 0,interpolation_duration: 1}
$data merge entity $(bone_left_leg) {transformation: [-1f,0f,0f,0.1563f,0f,0.9239f,-0.3827f,-0.1228f,0f,-0.3827f,-0.9239f,-0.2265f,0f,0f,0f,1f],start_interpolation: 0,interpolation_duration: 1}
$data merge entity $(bone_tail) {transformation: [-1f,0f,0f,-0.0312f,0f,0.9659f,-0.2588f,-0.3262f,0f,-0.2588f,-0.9659f,-0.6336f,0f,0f,0f,1f],start_interpolation: 0,interpolation_duration: 1}
$data merge entity $(bone_head) {transformation: [-1f,0f,0f,0f,0f,0.9397f,0.342f,0.4492f,0f,0.342f,-0.9397f,0.097f,0f,0f,0f,1f],start_interpolation: 0,interpolation_duration: 1}
$data merge entity $(bone_right_wing1) {transformation: [-0.5373f,0.8434f,0f,-0.9217f,0.6218f,0.3961f,-0.6756f,0.7997f,-0.5698f,-0.363f,-0.7373f,-0.4361f,0f,0f,0f,1f],start_interpolation: 0,interpolation_duration: 1}
$data merge entity $(bone_right_wing) {transformation: [-0.7934f,0.6088f,0f,-0.2653f,0.4488f,0.5849f,-0.6756f,0.1949f,-0.4113f,-0.536f,-0.7373f,-0.3385f,0f,0f,0f,1f],start_interpolation: 0,interpolation_duration: 1}
$data merge entity $(bone_left_wing1) {transformation: [-0.5373f,-0.8434f,0f,0.9217f,-0.6218f,0.3961f,-0.6756f,0.7997f,0.5698f,-0.363f,-0.7373f,-0.4361f,0f,0f,0f,1f],start_interpolation: 0,interpolation_duration: 1}
$data merge entity $(bone_left_wing) {transformation: [-0.7934f,-0.6088f,0f,0.2653f,-0.4488f,0.5849f,-0.6756f,0.1949f,0.4113f,-0.536f,-0.7373f,-0.3385f,0f,0f,0f,1f],start_interpolation: 0,interpolation_duration: 1}
$data merge entity $(bone_body) {transformation: [-1f,0f,0f,0.0313f,0f,0.7373f,-0.6756f,0f,0f,-0.6756f,-0.7373f,0f,0f,0f,0f,1f],start_interpolation: 0,interpolation_duration: 1}