# This file was generated by Animated Java via MC-Build. It is not recommended to edit this file directly.
$data merge entity $(bone_right_wing1) {transformation: [-0.422f,0.9066f,0f,-0.8805f,0.6684f,0.3111f,-0.6756f,0.8357f,-0.6125f,-0.2851f,-0.7373f,-0.4691f,0f,0f,0f,1f],start_interpolation: 0,interpolation_duration: 1}
$data merge entity $(bone_right_wing) {transformation: [-0.7444f,0.6678f,0f,-0.2653f,0.4923f,0.5488f,-0.6756f,0.1949f,-0.4511f,-0.5029f,-0.7373f,-0.3385f,0f,0f,0f,1f],start_interpolation: 0,interpolation_duration: 1}
$data merge entity $(bone_left_wing1) {transformation: [-0.422f,-0.9066f,0f,0.8805f,-0.6684f,0.3111f,-0.6756f,0.8357f,0.6125f,-0.2851f,-0.7373f,-0.4691f,0f,0f,0f,1f],start_interpolation: 0,interpolation_duration: 1}
$data merge entity $(bone_left_wing) {transformation: [-0.7444f,-0.6678f,0f,0.2653f,-0.4923f,0.5488f,-0.6756f,0.1949f,0.4511f,-0.5029f,-0.7373f,-0.3385f,0f,0f,0f,1f],start_interpolation: 0,interpolation_duration: 1}