# This file was generated by Animated Java via MC-Build. It is not recommended to edit this file directly.
$data merge entity $(bone_right_wing1) {transformation: [-0.4226f,0.9063f,0f,-0.8853f,0.6682f,0.3116f,-0.6756f,0.8318f,-0.6123f,-0.2855f,-0.7373f,-0.4655f,0f,0f,0f,1f],start_interpolation: 0,interpolation_duration: 1}
$data merge entity $(bone_right_wing) {transformation: [-0.75f,0.6614f,0f,-0.2653f,0.4876f,0.553f,-0.6756f,0.1949f,-0.4468f,-0.5067f,-0.7373f,-0.3385f,0f,0f,0f,1f],start_interpolation: 0,interpolation_duration: 1}
$data merge entity $(bone_left_wing1) {transformation: [-0.4226f,-0.9063f,0f,0.8853f,-0.6682f,0.3116f,-0.6756f,0.8318f,0.6123f,-0.2855f,-0.7373f,-0.4655f,0f,0f,0f,1f],start_interpolation: 0,interpolation_duration: 1}
$data merge entity $(bone_left_wing) {transformation: [-0.75f,-0.6614f,0f,0.2653f,-0.4876f,0.553f,-0.6756f,0.1949f,0.4468f,-0.5067f,-0.7373f,-0.3385f,0f,0f,0f,1f],start_interpolation: 0,interpolation_duration: 1}