# This file was generated by Animated Java via MC-Build. It is not recommended to edit this file directly.
$data merge entity $(bone_right_wing1) {transformation: [-0.5f,0.866f,0f,-0.9217f,0.6385f,0.3686f,-0.6756f,0.7997f,-0.5851f,-0.3378f,-0.7373f,-0.4361f,0f,0f,0f,1f],start_interpolation: 0,interpolation_duration: 1}
$data merge entity $(bone_right_wing) {transformation: [-0.7934f,0.6088f,0f,-0.2653f,0.4488f,0.5849f,-0.6756f,0.1949f,-0.4113f,-0.536f,-0.7373f,-0.3385f,0f,0f,0f,1f],start_interpolation: 0,interpolation_duration: 1}
$data merge entity $(bone_left_wing1) {transformation: [-0.5f,-0.866f,0f,0.9217f,-0.6385f,0.3686f,-0.6756f,0.7997f,0.5851f,-0.3378f,-0.7373f,-0.4361f,0f,0f,0f,1f],start_interpolation: 0,interpolation_duration: 1}
$data merge entity $(bone_left_wing) {transformation: [-0.7934f,-0.6088f,0f,0.2653f,-0.4488f,0.5849f,-0.6756f,0.1949f,0.4113f,-0.536f,-0.7373f,-0.3385f,0f,0f,0f,1f],start_interpolation: 0,interpolation_duration: 1}