# This file was generated by Animated Java via MC-Build. It is not recommended to edit this file directly.
$data merge entity $(bone_right_leg1) {transformation: [-1f,0f,0f,-0.1562f,0f,0.949f,-0.3152f,-0.2172f,0f,-0.3152f,-0.949f,-0.2263f,0f,0f,0f,1f],start_interpolation: 0,interpolation_duration: 1}
$data merge entity $(bone_right_leg) {transformation: [-1f,0f,0f,-0.1562f,0f,0.9866f,-0.1629f,-0.0322f,0f,-0.1629f,-0.9866f,-0.2568f,0f,0f,0f,1f],start_interpolation: 0,interpolation_duration: 1}
$data merge entity $(bone_left_leg1) {transformation: [-1f,0f,0f,0.1563f,0f,0.9312f,-0.3645f,-0.2172f,0f,-0.3645f,-0.9312f,-0.2263f,0f,0f,0f,1f],start_interpolation: 0,interpolation_duration: 1}
$data merge entity $(bone_left_leg) {transformation: [-1f,0f,0f,0.1563f,0f,0.9866f,-0.1629f,-0.0322f,0f,-0.1629f,-0.9866f,-0.2568f,0f,0f,0f,1f],start_interpolation: 0,interpolation_duration: 1}
$data merge entity $(bone_tail) {transformation: [-1f,0f,0f,-0.0312f,0f,0.999f,0.0458f,0.0199f,0f,0.0458f,-0.999f,-0.7089f,0f,0f,0f,1f],start_interpolation: 0,interpolation_duration: 1}
$data merge entity $(bone_head) {transformation: [-1f,0f,0f,0f,0f,0.9739f,0.2271f,0.27f,0f,0.2271f,-0.9739f,0.3267f,0f,0f,0f,1f],start_interpolation: 0,interpolation_duration: 1}
$data merge entity $(bone_right_wing1) {transformation: [-0.8211f,0.5707f,0f,-1.0287f,0.5631f,0.8102f,-0.1629f,0.6773f,-0.093f,-0.1338f,-0.9866f,0.1011f,0f,0f,0f,1f],start_interpolation: 0,interpolation_duration: 1}
$data merge entity $(bone_right_wing) {transformation: [-0.9202f,0.3914f,0f,-0.2653f,0.3861f,0.9079f,-0.1629f,0.2951f,-0.0638f,-0.1499f,-0.9866f,-0.177f,0f,0f,0f,1f],start_interpolation: 0,interpolation_duration: 1}
$data merge entity $(bone_left_wing1) {transformation: [-0.8211f,-0.5707f,0f,1.0287f,-0.5631f,0.8102f,-0.1629f,0.6773f,0.093f,-0.1338f,-0.9866f,0.1011f,0f,0f,0f,1f],start_interpolation: 0,interpolation_duration: 1}
$data merge entity $(bone_left_wing) {transformation: [-0.9202f,-0.3914f,0f,0.2653f,-0.3861f,0.9079f,-0.1629f,0.2951f,0.0638f,-0.1499f,-0.9866f,-0.177f,0f,0f,0f,1f],start_interpolation: 0,interpolation_duration: 1}
$data merge entity $(bone_body) {transformation: [-1f,0f,0f,0.0313f,0f,0.9866f,-0.1629f,-0.0531f,0f,-0.1629f,-0.9866f,0f,0f,0f,0f,1f],start_interpolation: 0,interpolation_duration: 1}