# This file was generated by Animated Java via MC-Build. It is not recommended to edit this file directly.
$data merge entity $(bone_right_leg1) {transformation: [-1f,0f,0f,-0.1562f,0f,0.8605f,-0.5094f,-0.2346f,0f,-0.5094f,-0.8605f,-0.2071f,0f,0f,0f,1f],start_interpolation: 0,interpolation_duration: 1}
$data merge entity $(bone_right_leg) {transformation: [-1f,0f,0f,-0.1562f,0f,0.963f,-0.2693f,-0.054f,0f,-0.2693f,-0.963f,-0.2576f,0f,0f,0f,1f],start_interpolation: 0,interpolation_duration: 1}
$data merge entity $(bone_left_leg1) {transformation: [-1f,0f,0f,0.1563f,0f,0.8128f,-0.5825f,-0.2346f,0f,-0.5825f,-0.8128f,-0.2071f,0f,0f,0f,1f],start_interpolation: 0,interpolation_duration: 1}
$data merge entity $(bone_left_leg) {transformation: [-1f,0f,0f,0.1563f,0f,0.963f,-0.2693f,-0.054f,0f,-0.2693f,-0.963f,-0.2576f,0f,0f,0f,1f],start_interpolation: 0,interpolation_duration: 1}
$data merge entity $(bone_tail) {transformation: [-1f,0f,0f,-0.0312f,0f,0.9971f,0.0763f,-0.0515f,0f,0.0763f,-0.9971f,-0.7126f,0f,0f,0f,1f],start_interpolation: 0,interpolation_duration: 1}
$data merge entity $(bone_head) {transformation: [-1f,0f,0f,0f,0f,0.928f,0.3726f,0.3099f,0f,0.3726f,-0.928f,0.2896f,0f,0f,0f,1f],start_interpolation: 0,interpolation_duration: 1}
$data merge entity $(bone_right_wing1) {transformation: [-0.5373f,0.8434f,0f,-0.9217f,0.8122f,0.5174f,-0.2693f,0.8636f,-0.2272f,-0.1447f,-0.963f,-0.0275f,0f,0f,0f,1f],start_interpolation: 0,interpolation_duration: 1}
$data merge entity $(bone_right_wing) {transformation: [-0.7934f,0.6088f,0f,-0.2653f,0.5863f,0.764f,-0.2693f,0.28f,-0.164f,-0.2137f,-0.963f,-0.2139f,0f,0f,0f,1f],start_interpolation: 0,interpolation_duration: 1}
$data merge entity $(bone_left_wing1) {transformation: [-0.5373f,-0.8434f,0f,0.9217f,-0.8122f,0.5174f,-0.2693f,0.8636f,0.2272f,-0.1447f,-0.963f,-0.0275f,0f,0f,0f,1f],start_interpolation: 0,interpolation_duration: 1}
$data merge entity $(bone_left_wing) {transformation: [-0.7934f,-0.6088f,0f,0.2653f,-0.5863f,0.764f,-0.2693f,0.28f,0.164f,-0.2137f,-0.963f,-0.2139f,0f,0f,0f,1f],start_interpolation: 0,interpolation_duration: 1}
$data merge entity $(bone_body) {transformation: [-1f,0f,0f,0.0313f,0f,0.963f,-0.2693f,-0.0469f,0f,-0.2693f,-0.963f,0f,0f,0f,0f,1f],start_interpolation: 0,interpolation_duration: 1}