# This file was generated by Animated Java via MC-Build. It is not recommended to edit this file directly.
$data merge entity $(bone_right_leg1) {transformation: [-1f,0f,0f,-0.1562f,0f,0.766f,-0.6428f,-0.2606f,0f,-0.6428f,-0.766f,-0.1737f,0f,0f,0f,1f],start_interpolation: 0,interpolation_duration: 1}
$data merge entity $(bone_right_leg) {transformation: [-1f,0f,0f,-0.1562f,0f,0.9063f,-0.4226f,-0.0907f,0f,-0.4226f,-0.9063f,-0.253f,0f,0f,0f,1f],start_interpolation: 0,interpolation_duration: 1}
$data merge entity $(bone_left_leg1) {transformation: [-1f,0f,0f,0.1563f,0f,0.7071f,-0.7071f,-0.2606f,0f,-0.7071f,-0.7071f,-0.1737f,0f,0f,0f,1f],start_interpolation: 0,interpolation_duration: 1}
$data merge entity $(bone_left_leg) {transformation: [-1f,0f,0f,0.1563f,0f,0.9063f,-0.4226f,-0.0907f,0f,-0.4226f,-0.9063f,-0.253f,0f,0f,0f,1f],start_interpolation: 0,interpolation_duration: 1}
$data merge entity $(bone_tail) {transformation: [-1f,0f,0f,-0.0312f,0f,0.9962f,-0.0872f,-0.1623f,0f,-0.0872f,-0.9962f,-0.7023f,0f,0f,0f,1f],start_interpolation: 0,interpolation_duration: 1}
$data merge entity $(bone_head) {transformation: [-1f,0f,0f,0f,0f,0.8192f,0.5736f,0.3576f,0f,0.5736f,-0.8192f,0.2276f,0f,0f,0f,1f],start_interpolation: 0,interpolation_duration: 1}
$data merge entity $(bone_right_wing1) {transformation: [-0.3007f,0.9537f,0f,-0.8746f,0.8644f,0.2725f,-0.4226f,0.9023f,-0.4031f,-0.1271f,-0.9063f,-0.1988f,0f,0f,0f,1f],start_interpolation: 0,interpolation_duration: 1}
$data merge entity $(bone_right_wing) {transformation: [-0.7373f,0.6756f,0f,-0.2653f,0.6123f,0.6682f,-0.4226f,0.246f,-0.2855f,-0.3116f,-0.9063f,-0.2643f,0f,0f,0f,1f],start_interpolation: 0,interpolation_duration: 1}
$data merge entity $(bone_left_wing1) {transformation: [-0.3007f,-0.9537f,0f,0.8746f,-0.8644f,0.2725f,-0.4226f,0.9023f,0.4031f,-0.1271f,-0.9063f,-0.1988f,0f,0f,0f,1f],start_interpolation: 0,interpolation_duration: 1}
$data merge entity $(bone_left_wing) {transformation: [-0.7373f,-0.6756f,0f,0.2653f,-0.6123f,0.6682f,-0.4226f,0.246f,0.2855f,-0.3116f,-0.9063f,-0.2643f,0f,0f,0f,1f],start_interpolation: 0,interpolation_duration: 1}
$data merge entity $(bone_body) {transformation: [-1f,0f,0f,0.0313f,0f,0.9063f,-0.4226f,-0.0417f,0f,-0.4226f,-0.9063f,0f,0f,0f,0f,1f],start_interpolation: 0,interpolation_duration: 1}