# This file was generated by Animated Java via MC-Build. It is not recommended to edit this file directly.
$data merge entity $(bone_right_leg1) {transformation: [-1f,0f,0f,-0.1562f,0f,0.7999f,-0.6001f,-0.2498f,0f,-0.6001f,-0.7999f,-0.1854f,0f,0f,0f,1f],start_interpolation: 0,interpolation_duration: 1}
$data merge entity $(bone_right_leg) {transformation: [-1f,0f,0f,-0.1562f,0f,0.928f,-0.3726f,-0.0758f,0f,-0.3726f,-0.928f,-0.2553f,0f,0f,0f,1f],start_interpolation: 0,interpolation_duration: 1}
$data merge entity $(bone_left_leg1) {transformation: [-1f,0f,0f,0.1563f,0f,0.7446f,-0.6675f,-0.2498f,0f,-0.6675f,-0.7446f,-0.1854f,0f,0f,0f,1f],start_interpolation: 0,interpolation_duration: 1}
$data merge entity $(bone_left_leg) {transformation: [-1f,0f,0f,0.1563f,0f,0.928f,-0.3726f,-0.0758f,0f,-0.3726f,-0.928f,-0.2553f,0f,0f,0f,1f],start_interpolation: 0,interpolation_duration: 1}
$data merge entity $(bone_tail) {transformation: [-1f,0f,0f,-0.0312f,0f,0.9995f,-0.0327f,-0.1228f,0f,-0.0327f,-0.9995f,-0.7079f,0f,0f,0f,1f],start_interpolation: 0,interpolation_duration: 1}
$data merge entity $(bone_head) {transformation: [-1f,0f,0f,0f,0f,0.8605f,0.5094f,0.3456f,0f,0.5094f,-0.8605f,0.249f,0f,0f,0f,1f],start_interpolation: 0,interpolation_duration: 1}
$data merge entity $(bone_right_wing1) {transformation: [-0.2085f,0.978f,0f,-0.8278f,0.9076f,0.1935f,-0.3726f,0.9558f,-0.3644f,-0.0777f,-0.928f,-0.1644f,0f,0f,0f,1f],start_interpolation: 0,interpolation_duration: 1}
$data merge entity $(bone_right_wing) {transformation: [-0.6815f,0.7318f,0f,-0.2653f,0.6791f,0.6325f,-0.3726f,0.261f,-0.2727f,-0.2539f,-0.928f,-0.2482f,0f,0f,0f,1f],start_interpolation: 0,interpolation_duration: 1}
$data merge entity $(bone_left_wing1) {transformation: [-0.2085f,-0.978f,0f,0.8278f,-0.9076f,0.1935f,-0.3726f,0.9558f,0.3644f,-0.0777f,-0.928f,-0.1644f,0f,0f,0f,1f],start_interpolation: 0,interpolation_duration: 1}
$data merge entity $(bone_left_wing) {transformation: [-0.6815f,-0.7318f,0f,0.2653f,-0.6791f,0.6325f,-0.3726f,0.261f,0.2727f,-0.2539f,-0.928f,-0.2482f,0f,0f,0f,1f],start_interpolation: 0,interpolation_duration: 1}
$data merge entity $(bone_body) {transformation: [-1f,0f,0f,0.0313f,0f,0.928f,-0.3726f,-0.0406f,0f,-0.3726f,-0.928f,0f,0f,0f,0f,1f],start_interpolation: 0,interpolation_duration: 1}