# This file was generated by Animated Java via MC-Build. It is not recommended to edit this file directly.
$data merge entity $(bone_right_leg1) {transformation: [-1f,0f,0f,-0.1562f,0f,0.8009f,-0.5988f,-0.2401f,0f,-0.5988f,-0.8009f,-0.1858f,0f,0f,0f,1f],start_interpolation: 0,interpolation_duration: 1}
$data merge entity $(bone_right_leg) {transformation: [-1f,0f,0f,-0.1562f,0f,0.9286f,-0.3711f,-0.066f,0f,-0.3711f,-0.9286f,-0.2553f,0f,0f,0f,1f],start_interpolation: 0,interpolation_duration: 1}
$data merge entity $(bone_left_leg1) {transformation: [-1f,0f,0f,0.1563f,0f,0.7456f,-0.6663f,-0.2401f,0f,-0.6663f,-0.7456f,-0.1858f,0f,0f,0f,1f],start_interpolation: 0,interpolation_duration: 1}
$data merge entity $(bone_left_leg) {transformation: [-1f,0f,0f,0.1563f,0f,0.9286f,-0.3711f,-0.066f,0f,-0.3711f,-0.9286f,-0.2553f,0f,0f,0f,1f],start_interpolation: 0,interpolation_duration: 1}
$data merge entity $(bone_tail) {transformation: [-1f,0f,0f,-0.0312f,0f,0.9827f,-0.185f,-0.1123f,0f,-0.185f,-0.9827f,-0.708f,0f,0f,0f,1f],start_interpolation: 0,interpolation_duration: 1}
$data merge entity $(bone_head) {transformation: [-1f,0f,0f,0f,0f,0.8955f,0.4451f,0.3546f,0f,0.4451f,-0.8955f,0.2496f,0f,0f,0f,1f],start_interpolation: 0,interpolation_duration: 1}
$data merge entity $(bone_right_wing1) {transformation: [-0.9845f,-0.1757f,0f,-1.0925f,-0.1631f,0.9141f,-0.3711f,0.3097f,0.0652f,-0.3654f,-0.9286f,0.0993f,0f,0f,0f,1f],start_interpolation: 0,interpolation_duration: 1}
$data merge entity $(bone_right_wing) {transformation: [-0.9929f,-0.119f,0f,-0.2653f,-0.1105f,0.922f,-0.3711f,0.2708f,0.0442f,-0.3685f,-0.9286f,-0.2477f,0f,0f,0f,1f],start_interpolation: 0,interpolation_duration: 1}
$data merge entity $(bone_left_wing1) {transformation: [-0.9845f,0.1757f,0f,1.0925f,0.1631f,0.9141f,-0.3711f,0.3097f,-0.0652f,-0.3654f,-0.9286f,0.0993f,0f,0f,0f,1f],start_interpolation: 0,interpolation_duration: 1}
$data merge entity $(bone_left_wing) {transformation: [-0.9929f,0.119f,0f,0.2653f,0.1105f,0.922f,-0.3711f,0.2708f,-0.0442f,-0.3685f,-0.9286f,-0.2477f,0f,0f,0f,1f],start_interpolation: 0,interpolation_duration: 1}
$data merge entity $(bone_body) {transformation: [-1f,0f,0f,0.0313f,0f,0.9286f,-0.3711f,-0.0312f,0f,-0.3711f,-0.9286f,0f,0f,0f,0f,1f],start_interpolation: 0,interpolation_duration: 1}