# This file was generated by Animated Java via MC-Build. It is not recommended to edit this file directly.
$data merge entity $(bone_chest) {transformation: [-1f,0f,0f,0f,0f,0.9999f,-0.0145f,1.2498f,0f,-0.0145f,-0.9999f,0.0068f,0f,0f,0f,1f],start_interpolation: 0,interpolation_duration: 1}
$data merge entity $(bone_cape) {transformation: [-0.9948f,-0.1012f,-0.0089f,0.2188f,-0.1016f,0.9881f,0.1156f,1.3772f,-0.003f,0.1159f,-0.9933f,-0.0739f,0f,0f,0f,1f],start_interpolation: 0,interpolation_duration: 1}
$data merge entity $(bone_saber) {transformation: [-1.3503f,0.2548f,0.0502f,-0.4126f,0.1091f,0.3156f,1.3338f,0.821f,0.2356f,1.3138f,-0.3301f,0.1459f,0f,0f,0f,1f],start_interpolation: 0,interpolation_duration: 1}
$data merge entity $(bone_right_forearm) {transformation: [-0.982f,0.0365f,-0.1853f,-0.4183f,0.0793f,0.9701f,-0.2295f,1.1228f,0.1714f,-0.2401f,-0.9555f,0.0645f,0f,0f,0f,1f],start_interpolation: 0,interpolation_duration: 1}
$data merge entity $(bone_right_arm) {transformation: [-0.9864f,0.1601f,-0.0358f,-0.25f,0.164f,0.9686f,-0.1866f,1.3748f,0.0048f,-0.1899f,-0.9818f,0.0105f,0f,0f,0f,1f],start_interpolation: 0,interpolation_duration: 1}
$data merge entity $(bone_short_sword) {transformation: [-1.122f,-0.0529f,-0.3154f,0.5022f,-0.3189f,0.1004f,1.1177f,0.8793f,-0.0236f,1.1611f,-0.111f,0.0383f,0f,0f,0f,1f],start_interpolation: 0,interpolation_duration: 1}
$data merge entity $(bone_left_forearm) {transformation: [-0.9617f,-0.2703f,0.0454f,0.4325f,-0.2733f,0.9581f,-0.086f,1.127f,-0.0202f,-0.0952f,-0.9953f,0.0032f,0f,0f,0f,1f],start_interpolation: 0,interpolation_duration: 1}
$data merge entity $(bone_left_arm) {transformation: [-0.9766f,-0.2149f,0f,0.25f,-0.2148f,0.9762f,0.0291f,1.3748f,-0.0062f,0.0284f,-0.9996f,0.0105f,0f,0f,0f,1f],start_interpolation: 0,interpolation_duration: 1}
$data merge entity $(bone_torso) {transformation: [-1f,0f,0f,0f,0f,0.9996f,0.0291f,1.0156f,0f,0.0291f,-0.9996f,-0.0031f,0f,0f,0f,1f],start_interpolation: 0,interpolation_duration: 1}
$data merge entity $(bone_right_dress) {transformation: [-0.958f,-0.2867f,-0.0042f,-0.1761f,-0.2865f,0.9577f,-0.0288f,0.8453f,0.0123f,-0.0264f,-0.9996f,0.0001f,0f,0f,0f,1f],start_interpolation: 0,interpolation_duration: 1}
$data merge entity $(bone_left_dress) {transformation: [-0.9991f,0.0421f,-0.0042f,0.1477f,0.0422f,0.9987f,-0.0288f,0.8688f,0.003f,-0.0289f,-0.9996f,-0.002f,0f,0f,0f,1f],start_interpolation: 0,interpolation_duration: 1}
$data merge entity $(bone_lower_right_leg) {transformation: [-0.9996f,-0.0276f,-0.0097f,-0.0888f,-0.0288f,0.986f,0.1643f,0.3735f,0.005f,0.1645f,-0.9864f,0.0791f,0f,0f,0f,1f],start_interpolation: 0,interpolation_duration: 1}
$data merge entity $(bone_right_leg) {transformation: [-0.9996f,-0.0293f,0.0003f,-0.0997f,-0.0288f,0.9827f,-0.1828f,0.742f,0.005f,-0.1828f,-0.9831f,0.0105f,0f,0f,0f,1f],start_interpolation: 0,interpolation_duration: 1}
$data merge entity $(bone_lower_left_leg) {transformation: [-0.988f,-0.1542f,-0.0082f,0.2074f,-0.1542f,0.988f,-0.0032f,0.3896f,0.0086f,-0.0019f,-1f,0.0097f,0f,0f,0f,1f],start_interpolation: 0,interpolation_duration: 1}
$data merge entity $(bone_left_leg) {transformation: [-0.988f,-0.1542f,-0.0082f,0.1496f,-0.1542f,0.988f,-0.0032f,0.7601f,0.0086f,-0.0019f,-1f,0.009f,0f,0f,0f,1f],start_interpolation: 0,interpolation_duration: 1}
$data merge entity $(bone_waist) {transformation: [-0.9974f,-0.0725f,-0.0042f,0f,-0.0724f,0.997f,-0.0288f,1.0938f,0.0063f,-0.0284f,-0.9996f,0f,0f,0f,0f,1f],start_interpolation: 0,interpolation_duration: 1}
$data merge entity $(bone_pony_tail) {transformation: [-0.9001f,-0.4358f,0f,0f,-0.4298f,0.8879f,0.1641f,1.538f,-0.0715f,0.1477f,-0.9864f,-0.2104f,0f,0f,0f,1f],start_interpolation: 0,interpolation_duration: 1}
$data merge entity $(bone_head) {transformation: [-1f,0f,0f,0f,0f,0.9864f,0.1641f,1.4688f,0f,0.1641f,-0.9864f,0.0156f,0f,0f,0f,1f],start_interpolation: 0,interpolation_duration: 1}
execute on vehicle unless entity @s[tag=aj.transforms_only] at @s run function animated_java:mage_hunter/animations/dodge_right/zzz/frames/1_root_commands