# This file was generated by Animated Java via MC-Build. It is not recommended to edit this file directly.
$data merge entity $(bone_chest) {transformation: [-1f,0f,0f,0f,0f,0.9999f,-0.0145f,-0.7189f,0f,-0.0145f,-0.9999f,0.0068f,0f,0f,0f,1f],start_interpolation: 0,interpolation_duration: 1}
$data merge entity $(bone_cape) {transformation: [-0.9948f,-0.1012f,-0.0089f,0.2188f,-0.1016f,0.9881f,0.1156f,-0.5915f,-0.003f,0.1159f,-0.9933f,-0.0739f,0f,0f,0f,1f],start_interpolation: 0,interpolation_duration: 1}
$data merge entity $(bone_saber) {transformation: [-1.3503f,0.2548f,0.0502f,-0.4126f,0.1091f,0.3156f,1.3338f,-1.1478f,0.2356f,1.3138f,-0.3301f,0.1459f,0f,0f,0f,1f],start_interpolation: 0,interpolation_duration: 1}
$data merge entity $(bone_right_forearm) {transformation: [-0.982f,0.0365f,-0.1853f,-0.4183f,0.0793f,0.9701f,-0.2295f,-0.8459f,0.1714f,-0.2401f,-0.9555f,0.0645f,0f,0f,0f,1f],start_interpolation: 0,interpolation_duration: 1}
$data merge entity $(bone_right_arm) {transformation: [-0.9864f,0.1601f,-0.0358f,-0.25f,0.164f,0.9686f,-0.1866f,-0.594f,0.0048f,-0.1899f,-0.9818f,0.0105f,0f,0f,0f,1f],start_interpolation: 0,interpolation_duration: 1}
$data merge entity $(bone_short_sword) {transformation: [-1.122f,-0.0529f,-0.3154f,0.5022f,-0.3189f,0.1004f,1.1177f,-1.0895f,-0.0236f,1.1611f,-0.111f,0.0383f,0f,0f,0f,1f],start_interpolation: 0,interpolation_duration: 1}
$data merge entity $(bone_left_forearm) {transformation: [-0.9617f,-0.2703f,0.0454f,0.4325f,-0.2733f,0.9581f,-0.086f,-0.8417f,-0.0202f,-0.0952f,-0.9953f,0.0032f,0f,0f,0f,1f],start_interpolation: 0,interpolation_duration: 1}
$data merge entity $(bone_left_arm) {transformation: [-0.9766f,-0.2149f,0f,0.25f,-0.2148f,0.9762f,0.0291f,-0.594f,-0.0062f,0.0284f,-0.9996f,0.0105f,0f,0f,0f,1f],start_interpolation: 0,interpolation_duration: 1}
$data merge entity $(bone_torso) {transformation: [-1f,0f,0f,0f,0f,0.9996f,0.0291f,-0.9531f,0f,0.0291f,-0.9996f,-0.0031f,0f,0f,0f,1f],start_interpolation: 0,interpolation_duration: 1}
$data merge entity $(bone_right_dress) {transformation: [-0.958f,-0.2867f,-0.0042f,-0.1761f,-0.2865f,0.9577f,-0.0288f,-1.1234f,0.0123f,-0.0264f,-0.9996f,0.0001f,0f,0f,0f,1f],start_interpolation: 0,interpolation_duration: 1}
$data merge entity $(bone_left_dress) {transformation: [-0.9991f,0.0421f,-0.0042f,0.1477f,0.0422f,0.9987f,-0.0288f,-1.0999f,0.003f,-0.0289f,-0.9996f,-0.002f,0f,0f,0f,1f],start_interpolation: 0,interpolation_duration: 1}
$data merge entity $(bone_lower_right_leg) {transformation: [-0.9996f,-0.0276f,-0.0097f,-0.0888f,-0.0288f,0.986f,0.1643f,-1.5953f,0.005f,0.1645f,-0.9864f,0.0791f,0f,0f,0f,1f],start_interpolation: 0,interpolation_duration: 1}
$data merge entity $(bone_right_leg) {transformation: [-0.9996f,-0.0293f,0.0003f,-0.0997f,-0.0288f,0.9827f,-0.1828f,-1.2268f,0.005f,-0.1828f,-0.9831f,0.0105f,0f,0f,0f,1f],start_interpolation: 0,interpolation_duration: 1}
$data merge entity $(bone_lower_left_leg) {transformation: [-0.988f,-0.1542f,-0.0082f,0.2074f,-0.1542f,0.988f,-0.0032f,-1.5792f,0.0086f,-0.0019f,-1f,0.0097f,0f,0f,0f,1f],start_interpolation: 0,interpolation_duration: 1}
$data merge entity $(bone_left_leg) {transformation: [-0.988f,-0.1542f,-0.0082f,0.1496f,-0.1542f,0.988f,-0.0032f,-1.2087f,0.0086f,-0.0019f,-1f,0.009f,0f,0f,0f,1f],start_interpolation: 0,interpolation_duration: 1}
$data merge entity $(bone_waist) {transformation: [-0.9974f,-0.0725f,-0.0042f,0f,-0.0724f,0.997f,-0.0288f,-0.875f,0.0063f,-0.0284f,-0.9996f,0f,0f,0f,0f,1f],start_interpolation: 0,interpolation_duration: 1}
$data merge entity $(bone_pony_tail) {transformation: [-0.9001f,-0.4358f,0f,0f,-0.4298f,0.8879f,0.1641f,-0.4307f,-0.0715f,0.1477f,-0.9864f,-0.2104f,0f,0f,0f,1f],start_interpolation: 0,interpolation_duration: 1}
$data merge entity $(bone_head) {transformation: [-1f,0f,0f,0f,0f,0.9864f,0.1641f,-0.5f,0f,0.1641f,-0.9864f,0.0156f,0f,0f,0f,1f],start_interpolation: 0,interpolation_duration: 1}
data modify entity @s data merge value {"cameras":{},"locators":{"body_hitbox":{"posx":-1.6419411781768885e-17,"posy":-0.8733555286027193,"posz":0.13407467192337186,"roty":0,"rotx":-0.8333333333333336},"flame":{"posx":0.0586659610108024,"posy":-0.5348605049440645,"posz":2.654102304142157,"roty":8.641347359777683,"rotx":75.9455109780165},"flame1":{"posx":0.06761021346205381,"posy":-0.003543578427098737,"posz":2.4593336620442723,"roty":8.641347359777683,"rotx":75.9455109780165},"flame2":{"posx":0.06269427371795666,"posy":0.452799514168267,"posz":2.2198512715080794,"roty":8.641347359777683,"rotx":75.9455109780165},"flame3":{"posx":0.03461883851248232,"posy":0.8804530910081461,"posz":1.8609304053633524,"roty":8.641347359777683,"rotx":75.9455109780165},"flame4":{"posx":0.02656221309817386,"posy":-1.0948669472165162,"posz":2.729432470631508,"roty":8.641347359777683,"rotx":75.9455109780165},"saber_hitbox":{"posx":-0.296542077083601,"posy":-0.9951325417787186,"posz":0.740409266477494,"roty":8.641347359777683,"rotx":75.9455109780165},"flame5":{"posx":0.3940607802191312,"posy":-0.8796911827474304,"posz":2.34835330199491,"roty":289.3924390715897,"rotx":73.34750384439442},"flame6":{"posx":0.2448470869398448,"posy":-0.3461601949373435,"posz":2.2326275106416076,"roty":289.3924390715897,"rotx":73.34750384439442},"flame7":{"posx":0.1153624368295047,"posy":0.1221140208165421,"posz":2.0606449991880114,"roty":289.3924390715897,"rotx":73.34750384439442},"flame8":{"posx":-0.008452674232589552,"posy":0.5796322444312827,"posz":1.7642552332832255,"roty":289.3924390715897,"rotx":73.34750384439442},"flame9":{"posx":0.5489440125466636,"posy":-1.4239781626966626,"posz":2.339671838897022,"roty":289.3924390715897,"rotx":73.34750384439442},"short_sword_hitbox":{"posx":0.4791038659428204,"posy":-1.0410310648346073,"posz":0.4822444852270637,"roty":289.3924390715897,"rotx":73.34750384439442}}}
execute on vehicle unless entity @s[tag=aj.transforms_only] at @s run function animated_java:mage_hunter/animations/dodge_right/zzz/frames/1_root_commands