# This file was generated by Animated Java via MC-Build. It is not recommended to edit this file directly.
$data merge entity $(bone_cape) {transformation: [-0.8813f,-0.4707f,-0.0412f,0.2188f,-0.4707f,0.8671f,0.1633f,-0.588f,-0.0412f,0.1633f,-0.9857f,-0.0527f,0f,0f,0f,1f],start_interpolation: 0,interpolation_duration: 1}
$data merge entity $(bone_saber) {transformation: [-1.2386f,0.5957f,-0.0399f,-0.4015f,0.1755f,0.451f,1.287f,-1.1233f,0.5707f,1.1543f,-0.4823f,0.2239f,0f,0f,0f,1f],start_interpolation: 0,interpolation_duration: 1}
$data merge entity $(bone_right_forearm) {transformation: [-0.9008f,-0.029f,-0.4332f,-0.4288f,0.1276f,0.936f,-0.328f,-0.8323f,0.415f,-0.3508f,-0.8395f,0.1129f,0f,0f,0f,1f],start_interpolation: 0,interpolation_duration: 1}
$data merge entity $(bone_right_arm) {transformation: [-0.9763f,0.2017f,-0.0784f,-0.25f,0.2156f,0.938f,-0.2713f,-0.5954f,0.0189f,-0.2818f,-0.9593f,0.0313f,0f,0f,0f,1f],start_interpolation: 0,interpolation_duration: 1}
$data merge entity $(bone_short_sword) {transformation: [-1.0643f,-0.2113f,-0.4286f,0.5472f,-0.4472f,0.0717f,1.0752f,-1.0637f,-0.1684f,1.1451f,-0.1464f,0.054f,0f,0f,0f,1f],start_interpolation: 0,interpolation_duration: 1}
$data merge entity $(bone_left_forearm) {transformation: [-0.9123f,-0.3674f,0.1811f,0.4538f,-0.3833f,0.9216f,-0.0614f,-0.8252f,-0.1444f,-0.1255f,-0.9815f,0.0112f,0f,0f,0f,1f],start_interpolation: 0,interpolation_duration: 1}
$data merge entity $(bone_left_arm) {transformation: [-0.9537f,-0.3007f,0f,0.25f,-0.2996f,0.9501f,0.0872f,-0.5954f,-0.0262f,0.0831f,-0.9962f,0.0313f,0f,0f,0f,1f],start_interpolation: 0,interpolation_duration: 1}
$data merge entity $(bone_right_dress) {transformation: [-0.947f,-0.3213f,-0.0047f,-0.1669f,-0.3208f,0.9461f,-0.0434f,-1.1296f,0.0184f,-0.0395f,-0.999f,0.004f,0f,0f,0f,1f],start_interpolation: 0,interpolation_duration: 1}
$data merge entity $(bone_left_dress) {transformation: [-0.9979f,-0.0653f,-0.0047f,0.1558f,-0.065f,0.9969f,-0.0434f,-1.0944f,0.0076f,-0.043f,-0.999f,0.001f,0f,0f,0f,1f],start_interpolation: 0,interpolation_duration: 1}
$data merge entity $(bone_lower_right_leg) {transformation: [-0.9979f,-0.0603f,-0.0255f,-0.0628f,-0.065f,0.958f,0.2794f,-1.5869f,0.0076f,0.2805f,-0.9598f,0.1283f,0f,0f,0f,1f],start_interpolation: 0,interpolation_duration: 1}
$data merge entity $(bone_right_leg) {transformation: [-0.9979f,-0.0643f,0.0123f,-0.0869f,-0.065f,0.9517f,-0.2999f,-1.23f,0.0076f,-0.3001f,-0.9539f,0.0158f,0f,0f,0f,1f],start_interpolation: 0,interpolation_duration: 1}
$data merge entity $(bone_lower_left_leg) {transformation: [-0.9763f,-0.2159f,-0.0142f,0.2426f,-0.2159f,0.9764f,-0.0008f,-1.569f,0.014f,0.0023f,-0.9999f,0.0126f,0f,0f,0f,1f],start_interpolation: 0,interpolation_duration: 1}
$data merge entity $(bone_left_leg) {transformation: [-0.9763f,-0.2159f,-0.0142f,0.1616f,-0.2159f,0.9764f,-0.0008f,-1.2028f,0.014f,0.0023f,-0.9999f,0.0135f,0f,0f,0f,1f],start_interpolation: 0,interpolation_duration: 1}
$data merge entity $(bone_waist) {transformation: [-0.9941f,-0.1088f,-0.0047f,0f,-0.1085f,0.9932f,-0.0434f,-0.875f,0.0094f,-0.0426f,-0.999f,0f,0f,0f,0f,1f],start_interpolation: 0,interpolation_duration: 1}
$data merge entity $(bone_pony_tail) {transformation: [-0.6884f,-0.7254f,0f,0f,-0.7082f,0.672f,0.2164f,-0.4188f,-0.157f,0.149f,-0.9763f,-0.1986f,0f,0f,0f,1f],start_interpolation: 0,interpolation_duration: 1}
$data merge entity $(bone_head) {transformation: [-1f,0f,0f,0f,0f,0.9763f,0.2164f,-0.5f,0f,0.2164f,-0.9763f,0.0234f,0f,0f,0f,1f],start_interpolation: 0,interpolation_duration: 1}
data modify entity @s data merge value {"cameras":{},"locators":{"locator":{"posx":0.7212211330308593,"posy":-0.2514106255087939,"posz":2.4303786936899936,"roty":355.2761247380786,"rotx":69.39152633638143},"locator2":{"posx":0.6778388756951319,"posy":0.25459220800690185,"posz":2.1805955633097702,"roty":355.2761247380786,"rotx":69.39152633638143},"locator3":{"posx":0.6091911722869152,"posy":0.6815931934950128,"posz":1.900269590183912,"roty":355.2761247380786,"rotx":69.39152633638143},"locator4":{"posx":0.4863892144810733,"posy":1.0675914192366105,"posz":1.515009874039866,"roty":355.2761247380786,"rotx":69.39152633638143},"locator5":{"posx":0.7104491359689618,"posy":-0.7984162187710029,"posz":2.57522808105203,"roty":355.2761247380786,"rotx":69.39152633638143},"saber_hitbox":{"posx":-0.10409457258070814,"posy":-0.8889477474784229,"posz":0.7974210105865513,"roty":355.2761247380786,"rotx":69.39152633638143},"locator6":{"posx":0.12280776085401157,"posy":-0.9115004907053341,"posz":2.331866948118489,"roty":288.8560492672215,"rotx":67.15837230324622},"locator7":{"posx":-0.0725069858680153,"posy":-0.39694950051524736,"posz":2.1999505798872807,"roty":288.8560492672215,"rotx":67.15837230324622},"locator8":{"posx":-0.23354102220959871,"posy":0.056164128247057965,"posz":2.0145292257519136,"roty":288.8560492672215,"rotx":67.15837230324622},"locator9":{"posx":-0.371932729210789,"posy":0.5016007044773743,"posz":1.7064156233428178,"roty":288.8560492672215,"rotx":67.15837230324622},"locator10":{"posx":0.34076483691643167,"posy":-1.4337285334274101,"posz":2.341091068075968,"roty":288.8560492672215,"rotx":67.15837230324622},"short_sword_hitbox":{"posx":0.4511215362897114,"posy":-1.0228177524191775,"posz":0.5528293481494244,"roty":288.8560492672215,"rotx":67.15837230324622}}}
execute on vehicle unless entity @s[tag=aj.transforms_only] at @s run function animated_java:mage_hunter/animations/dodge_right/zzz/frames/10_root_commands