# This file was generated by Animated Java via MC-Build. It is not recommended to edit this file directly.
$data merge entity $(bone_cape) {transformation: [-0.9979f,-0.0653f,-0.0057f,0.2188f,-0.0653f,0.9827f,0.1735f,-0.588f,-0.0057f,0.1735f,-0.9848f,-0.0527f,0f,0f,0f,1f],start_interpolation: 0,interpolation_duration: 1}
$data merge entity $(bone_saber) {transformation: [-1.3707f,-0.0427f,0.0996f,-0.4146f,0.0985f,0.0363f,1.371f,-1.172f,-0.0452f,1.3739f,-0.0331f,0.0509f,0f,0f,0f,1f],start_interpolation: 0,interpolation_duration: 1}
$data merge entity $(bone_right_forearm) {transformation: [-0.9969f,0.0724f,0.0311f,-0.4073f,0.0716f,0.9971f,-0.0264f,-0.8599f,-0.0329f,-0.0241f,-0.9992f,0.0333f,0f,0f,0f,1f],start_interpolation: 0,interpolation_duration: 1}
$data merge entity $(bone_right_arm) {transformation: [-0.993f,0.118f,-0.0106f,-0.25f,0.118f,0.993f,-0.0014f,-0.5954f,0.0103f,-0.0026f,-0.9999f,0.0313f,0f,0f,0f,1f],start_interpolation: 0,interpolation_duration: 1}
$data merge entity $(bone_short_sword) {transformation: [-1.1479f,0.074f,-0.195f,0.457f,-0.1972f,-0.0301f,1.1495f,-1.1115f,0.0679f,1.1639f,0.0421f,0.0096f,0f,0f,0f,1f],start_interpolation: 0,interpolation_duration: 1}
$data merge entity $(bone_left_forearm) {transformation: [-0.9839f,-0.1671f,-0.0634f,0.413f,-0.169f,0.9853f,0.0258f,-0.8555f,0.0582f,0.0361f,-0.9977f,0.0086f,0f,0f,0f,1f],start_interpolation: 0,interpolation_duration: 1}
$data merge entity $(bone_left_arm) {transformation: [-0.9902f,-0.1393f,0f,0.25f,-0.1388f,0.9865f,0.0872f,-0.5954f,-0.0121f,0.0863f,-0.9962f,0.0313f,0f,0f,0f,1f],start_interpolation: 0,interpolation_duration: 1}
$data merge entity $(bone_right_dress) {transformation: [-0.9678f,-0.2517f,-0.0026f,-0.1849f,-0.2516f,0.9677f,-0.0143f,-1.1168f,0.0061f,-0.0132f,-0.9999f,-0.0039f,0f,0f,0f,1f],start_interpolation: 0,interpolation_duration: 1}
$data merge entity $(bone_left_dress) {transformation: [-0.9902f,0.1394f,-0.0026f,0.1395f,0.1394f,0.9901f,-0.0143f,-1.1051f,0.0006f,-0.0145f,-0.9999f,-0.0049f,0f,0f,0f,1f],start_interpolation: 0,interpolation_duration: 1}
$data merge entity $(bone_lower_right_leg) {transformation: [-1f,0.0075f,-0.002f,-0.1151f,0.0074f,0.9979f,0.0644f,-1.5969f,0.0025f,0.0644f,-0.9979f,0.0343f,0f,0f,0f,1f],start_interpolation: 0,interpolation_duration: 1}
$data merge entity $(bone_right_leg) {transformation: [-1f,0.0072f,-0.0031f,-0.1125f,0.0074f,0.997f,-0.0773f,-1.223f,0.0025f,-0.0773f,-0.997f,0.0053f,0f,0f,0f,1f],start_interpolation: 0,interpolation_duration: 1}
$data merge entity $(bone_lower_left_leg) {transformation: [-0.9954f,-0.0955f,-0.0036f,0.1732f,-0.0955f,0.9954f,-0.0038f,-1.5872f,0.004f,-0.0035f,-1f,0.0058f,0f,0f,0f,1f],start_interpolation: 0,interpolation_duration: 1}
$data merge entity $(bone_left_leg) {transformation: [-0.9954f,-0.0955f,-0.0036f,0.1374f,-0.0955f,0.9954f,-0.0038f,-1.214f,0.004f,-0.0035f,-1f,0.0045f,0f,0f,0f,1f],start_interpolation: 0,interpolation_duration: 1}
$data merge entity $(bone_waist) {transformation: [-0.9993f,-0.0363f,-0.0026f,0f,-0.0362f,0.9992f,-0.0143f,-0.875f,0.0031f,-0.0142f,-0.9999f,0f,0f,0f,0f,1f],start_interpolation: 0,interpolation_duration: 1}
$data merge entity $(bone_pony_tail) {transformation: [-0.9636f,-0.2672f,0f,0f,-0.2654f,0.9568f,0.1185f,-0.4412f,-0.0317f,0.1142f,-0.993f,-0.2212f,0f,0f,0f,1f],start_interpolation: 0,interpolation_duration: 1}
$data merge entity $(bone_head) {transformation: [-1f,0f,0f,0f,0f,0.993f,0.1185f,-0.5f,0f,0.1185f,-0.993f,0.0078f,0f,0f,0f,1f],start_interpolation: 0,interpolation_duration: 1}
data modify entity @s data merge value {"cameras":{},"locators":{"saber_hitbox":{"posx":-0.43335332858075654,"posy":-1.146001215170421,"posz":0.6748076954577364,"roty":71.61114558318766,"rotx":85.62148609215613},"short_sword_hitbox":{"posx":0.48361956378487947,"posy":-1.112737460839311,"posz":0.4559597383820622,"roty":257.82096441716703,"rotx":80.15452797286278}}}