# This file was generated by Animated Java via MC-Build. It is not recommended to edit this file directly.
$data merge entity $(bone_cape) {transformation: [-1f,0f,0f,0.2188f,0f,0.9848f,0.1736f,-0.588f,0f,0.1736f,-0.9848f,-0.0527f,0f,0f,0f,1f],start_interpolation: 0,interpolation_duration: 1}
$data merge entity $(bone_saber) {transformation: [-1.349f,-0.2379f,0.1198f,-0.4126f,0.1384f,-0.0973f,1.3646f,-1.1757f,-0.2276f,1.3508f,0.1194f,-0.0073f,0f,0f,0f,1f],start_interpolation: 0,interpolation_duration: 1}
$data merge entity $(bone_right_forearm) {transformation: [-0.9811f,0.0872f,0.173f,-0.399f,0.1006f,0.9924f,0.0708f,-0.8637f,-0.1655f,0.0868f,-0.9824f,0.0078f,0f,0f,0f,1f],start_interpolation: 0,interpolation_duration: 1}
$data merge entity $(bone_right_arm) {transformation: [-0.9962f,0.0872f,0f,-0.25f,0.0868f,0.9924f,0.0872f,-0.5954f,0.0076f,0.0868f,-0.9962f,0.0313f,0f,0f,0f,1f],start_interpolation: 0,interpolation_duration: 1}
$data merge entity $(bone_short_sword) {transformation: [-1.1523f,0.1517f,-0.1017f,0.423f,-0.1137f,-0.0876f,1.1578f,-1.122f,0.1429f,1.1534f,0.1013f,-0.0044f,0f,0f,0f,1f],start_interpolation: 0,interpolation_duration: 1}
$data merge entity $(bone_left_forearm) {transformation: [-0.9877f,-0.0872f,-0.13f,0.399f,-0.0975f,0.9924f,0.0751f,-0.8637f,0.1225f,0.0868f,-0.9887f,0.0078f,0f,0f,0f,1f],start_interpolation: 0,interpolation_duration: 1}
$data merge entity $(bone_left_arm) {transformation: [-0.9962f,-0.0872f,0f,0.25f,-0.0868f,0.9924f,0.0872f,-0.5954f,-0.0076f,0.0868f,-0.9962f,0.0313f,0f,0f,0f,1f],start_interpolation: 0,interpolation_duration: 1}
$data merge entity $(bone_right_dress) {transformation: [-0.9763f,-0.2164f,0f,-0.1936f,-0.2164f,0.9763f,0f,-1.1099f,0f,0f,-1f,-0.0078f,0f,0f,0f,1f],start_interpolation: 0,interpolation_duration: 1}
$data merge entity $(bone_left_dress) {transformation: [-0.9763f,0.2164f,0f,0.1311f,0.2164f,0.9763f,0f,-1.1099f,0f,0f,-1f,-0.0078f,0f,0f,0f,1f],start_interpolation: 0,interpolation_duration: 1}
$data merge entity $(bone_lower_right_leg) {transformation: [-0.999f,0.0436f,0f,-0.1414f,0.0436f,0.999f,0f,-1.5934f,0f,0f,-1f,0f,0f,0f,0f,1f],start_interpolation: 0,interpolation_duration: 1}
$data merge entity $(bone_right_leg) {transformation: [-0.999f,0.0436f,0f,-0.125f,0.0436f,0.999f,0f,-1.2187f,0f,0f,-1f,0f,0f,0f,0f,1f],start_interpolation: 0,interpolation_duration: 1}
$data merge entity $(bone_lower_left_leg) {transformation: [-0.999f,-0.0436f,0f,0.1414f,-0.0436f,0.999f,0f,-1.5934f,0f,0f,-1f,0f,0f,0f,0f,1f],start_interpolation: 0,interpolation_duration: 1}
$data merge entity $(bone_left_leg) {transformation: [-0.999f,-0.0436f,0f,0.125f,-0.0436f,0.999f,0f,-1.2187f,0f,0f,-1f,0f,0f,0f,0f,1f],start_interpolation: 0,interpolation_duration: 1}
$data merge entity $(bone_waist) {transformation: [-1f,0f,0f,0f,0f,1f,0f,-0.875f,0f,0f,-1f,0f,0f,0f,0f,1f],start_interpolation: 0,interpolation_duration: 1}
$data merge entity $(bone_pony_tail) {transformation: [-1f,0f,0f,0f,0f,0.9962f,0.0872f,-0.4484f,0f,0.0872f,-0.9962f,-0.2308f,0f,0f,0f,1f],start_interpolation: 0,interpolation_duration: 1}
$data merge entity $(bone_head) {transformation: [-1f,0f,0f,0f,0f,0.9962f,0.0872f,-0.5f,0f,0.0872f,-0.9962f,0f,0f,0f,0f,1f],start_interpolation: 0,interpolation_duration: 1}
data modify entity @s data merge value {"cameras":{},"locators":{"flame":{"posx":-0.8810910060005636,"posy":-1.3503187784942248,"posz":2.5693445012492275,"roty":134.89077845200734,"rotx":82.93342561073852},"flame1":{"posx":-0.8212541885846877,"posy":-0.7876694225611719,"posz":2.5567843440185234,"roty":134.89077845200734,"rotx":82.93342561073852},"flame2":{"posx":-0.7560528929702224,"posy":-0.28262313351138135,"posz":2.477398974036199,"roty":134.89077845200734,"rotx":82.93342561073852},"flame3":{"posx":-0.669228173115121,"posy":0.2312675063351477,"posz":2.2752161896548175,"roty":134.89077845200734,"rotx":82.93342561073852},"flame4":{"posx":-0.9193043991758032,"posy":-1.904123783630539,"posz":2.459107244080875,"roty":134.89077845200734,"rotx":82.93342561073852},"saber_hitbox":{"posx":-0.5197871515536594,"posy":-1.2103816574922326,"posz":0.6071719126239346,"roty":134.89077845200734,"rotx":82.93342561073852},"flame5":{"posx":0.7240395040230392,"posy":-1.2860051208973509,"posz":2.29223317489763,"roty":225.1092215479924,"rotx":82.93342561073835},"flame6":{"posx":0.6668875549367489,"posy":-0.7230856093890438,"posz":2.2792802494023174,"roty":225.1092215479924,"rotx":82.93342561073835},"flame7":{"posx":0.607055995981455,"posy":-0.21749900918874487,"posz":2.199109342890776,"roty":225.1092215479924,"rotx":82.93342561073835},"flame8":{"posx":0.530970749444696,"posy":0.297472252958801,"posz":1.9953554854509619,"roty":225.1092215479924,"rotx":82.93342561073835},"flame9":{"posx":0.7649377655278644,"posy":-1.8395399704584108,"posz":2.181603149464669,"roty":225.1092215479924,"rotx":82.93342561073835},"short_sword_hitbox":{"posx":0.4802341903010655,"posy":-1.1452351916886467,"posz":0.4384889109735289,"roty":225.1092215479924,"rotx":82.93342561073835}}}
execute on vehicle unless entity @s[tag=aj.transforms_only] at @s run function animated_java:mage_hunter/animations/dodge_right/zzz/frames/13_root_commands