# This file was generated by Animated Java via MC-Build. It is not recommended to edit this file directly.
$data merge entity $(bone_chest) {transformation: [-1f,0f,0f,0f,0f,0.9999f,0.0145f,-0.7193f,0f,0.0145f,-0.9999f,0.0136f,0f,0f,0f,1f],start_interpolation: 0,interpolation_duration: 1}
$data merge entity $(bone_cape) {transformation: [-0.8364f,-0.546f,-0.0478f,0.2188f,-0.5471f,0.8268f,0.1307f,-0.5896f,-0.0319f,0.1355f,-0.9903f,-0.0633f,0f,0f,0f,1f],start_interpolation: 0,interpolation_duration: 1}
$data merge entity $(bone_saber) {transformation: [-1.027f,0.8994f,-0.1642f,-0.3806f,0.3595f,0.6243f,1.1712f,-1.0693f,0.8407f,0.8318f,-0.7014f,0.3046f,0f,0f,0f,1f],start_interpolation: 0,interpolation_duration: 1}
$data merge entity $(bone_right_forearm) {transformation: [-0.7469f,-0.1194f,-0.6541f,-0.4358f,0.2614f,0.8518f,-0.454f,-0.8037f,0.6114f,-0.5101f,-0.6049f,0.1492f,0f,0f,0f,1f],start_interpolation: 0,interpolation_duration: 1}
$data merge entity $(bone_right_arm) {transformation: [-0.9634f,0.2325f,-0.1337f,-0.25f,0.2677f,0.8627f,-0.4291f,-0.5945f,0.0156f,-0.4492f,-0.8933f,0.0209f,0f,0f,0f,1f],start_interpolation: 0,interpolation_duration: 1}
$data merge entity $(bone_short_sword) {transformation: [-0.9796f,-0.3718f,-0.5131f,0.5843f,-0.5705f,0.1063f,1.0121f,-1.03f,-0.2758f,1.1007f,-0.2711f,0.0787f,0f,0f,0f,1f],start_interpolation: 0,interpolation_duration: 1}
$data merge entity $(bone_left_forearm) {transformation: [-0.8396f,-0.4398f,0.3187f,0.4735f,-0.489f,0.8675f,-0.0911f,-0.8058f,-0.2364f,-0.2323f,-0.9435f,0.0086f,0f,0f,0f,1f],start_interpolation: 0,interpolation_duration: 1}
$data merge entity $(bone_left_arm) {transformation: [-0.9233f,-0.3842f,0f,0.25f,-0.3835f,0.9217f,0.0581f,-0.5945f,-0.0223f,0.0537f,-0.9983f,0.0209f,0f,0f,0f,1f],start_interpolation: 0,interpolation_duration: 1}
$data merge entity $(bone_torso) {transformation: [-1f,0f,0f,0f,0f,0.9983f,0.0581f,-0.9531f,0f,0.0581f,-0.9983f,-0.0031f,0f,0f,0f,1f],start_interpolation: 0,interpolation_duration: 1}
$data merge entity $(bone_right_dress) {transformation: [-0.9346f,-0.3556f,-0.0042f,-0.1575f,-0.3548f,0.9332f,-0.058f,-1.1354f,0.0246f,-0.0527f,-0.9983f,0.008f,0f,0f,0f,1f],start_interpolation: 0,interpolation_duration: 1}
$data merge entity $(bone_left_dress) {transformation: [-0.9851f,-0.172f,-0.0042f,0.1637f,-0.1715f,0.9835f,-0.058f,-1.0886f,0.0141f,-0.0564f,-0.9983f,0.0039f,0f,0f,0f,1f],start_interpolation: 0,interpolation_duration: 1}
$data merge entity $(bone_lower_right_leg) {transformation: [-0.9948f,-0.0891f,-0.0489f,-0.0378f,-0.1012f,0.9155f,0.3895f,-1.5722f,0.0101f,0.3924f,-0.9197f,0.176f,0f,0f,0f,1f],start_interpolation: 0,interpolation_duration: 1}
$data merge entity $(bone_right_leg) {transformation: [-0.9948f,-0.0963f,0.0326f,-0.0739f,-0.1012f,0.9056f,-0.4118f,-1.2326f,0.0101f,-0.413f,-0.9107f,0.0211f,0f,0f,0f,1f],start_interpolation: 0,interpolation_duration: 1}
$data merge entity $(bone_lower_left_leg) {transformation: [-0.9607f,-0.2767f,-0.0212f,0.2772f,-0.2767f,0.9609f,0.001f,-1.5569f,0.0201f,0.0068f,-0.9998f,0.0154f,0f,0f,0f,1f],start_interpolation: 0,interpolation_duration: 1}
$data merge entity $(bone_left_leg) {transformation: [-0.9607f,-0.2767f,-0.0212f,0.1735f,-0.2767f,0.9609f,0.001f,-1.1965f,0.0201f,0.0068f,-0.9998f,0.0179f,0f,0f,0f,1f],start_interpolation: 0,interpolation_duration: 1}
$data merge entity $(bone_waist) {transformation: [-0.9894f,-0.1449f,-0.0042f,0f,-0.1444f,0.9878f,-0.058f,-0.875f,0.0126f,-0.0568f,-0.9983f,0f,0f,0f,0f,1f],start_interpolation: 0,interpolation_duration: 1}
$data merge entity $(bone_pony_tail) {transformation: [-0.6202f,-0.7844f,0f,0f,-0.7557f,0.5975f,0.2682f,-0.407f,-0.2104f,0.1663f,-0.9634f,-0.1862f,0f,0f,0f,1f],start_interpolation: 0,interpolation_duration: 1}
$data merge entity $(bone_head) {transformation: [-1f,0f,0f,0f,0f,0.9634f,0.2682f,-0.5f,0f,0.2682f,-0.9634f,0.0313f,0f,0f,0f,1f],start_interpolation: 0,interpolation_duration: 1}
data modify entity @s data merge value {"cameras":{},"locators":{"body_hitbox":{"posx":-1.66964306020833e-17,"posy":-0.8773796889405752,"posz":0.13633670225331915,"roty":0,"rotx":0.8333333333333337},"flame":{"posx":1.3234681963965147,"posy":0.13455716431165565,"posz":1.8970839550022753,"roty":346.82381332812895,"rotx":58.404341790884125},"flame1":{"posx":1.2154073373298013,"posy":0.585299396328643,"posz":1.5723274446532014,"roty":346.82381332812895,"rotx":58.404341790884125},"flame2":{"posx":1.0739267998667987,"posy":0.9544297112452398,"posz":1.241644714337943,"roty":346.82381332812895,"rotx":58.404341790884125},"flame3":{"posx":0.8506786694771328,"posy":1.266807021784531,"posz":0.8353434860137378,"roty":346.82381332812895,"rotx":58.404341790884125},"flame4":{"posx":1.3497614625365655,"posy":-0.37293807208263674,"posz":2.1462219673424032,"roty":346.82381332812895,"rotx":58.404341790884125},"saber_hitbox":{"posx":0.026856789176065765,"posy":-0.7775760520101915,"posz":0.6776349011368961,"roty":346.82381332812895,"rotx":58.404341790884125},"flame5":{"posx":-0.16022230435158025,"posy":-0.8094251812573814,"posz":2.2671017146571666,"roty":297.8442392265165,"rotx":60.1705665430961},"flame6":{"posx":-0.38770995055897084,"posy":-0.32714555553436664,"posz":2.0774487857699753,"roty":297.8442392265165,"rotx":60.1705665430961},"flame7":{"posx":-0.5677922887556197,"posy":0.09521992214844066,"posz":1.8433489038148543,"roty":297.8442392265165,"rotx":60.1705665430961},"flame8":{"posx":-0.7080426017744115,"posy":0.5061958585034776,"posz":1.4913139205600194,"roty":297.8442392265165,"rotx":60.1705665430961},"flame9":{"posx":0.10709736703366723,"posy":-1.3030943483081665,"posz":2.3388195422446443,"roty":297.8442392265165,"rotx":60.1705665430961},"short_sword_hitbox":{"posx":0.4372580733162744,"posy":-0.9802683011739386,"posz":0.4980751951614709,"roty":297.8442392265165,"rotx":60.1705665430961}}}
execute on vehicle unless entity @s[tag=aj.transforms_only] at @s run function animated_java:mage_hunter/animations/dodge_right/zzz/frames/2_root_commands