# This file was generated by Animated Java via MC-Build. It is not recommended to edit this file directly.
$data merge entity $(bone_chest) {transformation: [-1f,0f,0f,0f,0f,0.999f,0.0436f,1.2488f,0f,0.0436f,-0.999f,0.0204f,0f,0f,0f,1f],start_interpolation: 0,interpolation_duration: 1}
$data merge entity $(bone_cape) {transformation: [-0.5f,-0.8627f,-0.0755f,0.2188f,-0.8627f,0.4886f,0.1302f,1.3807f,-0.0755f,0.1302f,-0.9886f,-0.0527f,0f,0f,0f,1f],start_interpolation: 0,interpolation_duration: 1}
$data merge entity $(bone_saber) {transformation: [-0.557f,1.1955f,-0.3888f,-0.3355f,0.6474f,0.6374f,1.0321f,0.9681f,1.0776f,0.235f,-0.8211f,0.3831f,0f,0f,0f,1f],start_interpolation: 0,interpolation_duration: 1}
$data merge entity $(bone_right_forearm) {transformation: [-0.4051f,-0.2828f,-0.8694f,-0.4384f,0.4709f,0.7506f,-0.4635f,1.2053f,0.7837f,-0.5972f,-0.1709f,0.2073f,0f,0f,0f,1f],start_interpolation: 0,interpolation_duration: 1}
$data merge entity $(bone_right_arm) {transformation: [-0.9397f,0.2522f,-0.2311f,-0.25f,0.3407f,0.7491f,-0.5682f,1.3734f,0.0298f,-0.6126f,-0.7898f,0.0313f,0f,0f,0f,1f],start_interpolation: 0,interpolation_duration: 1}
$data merge entity $(bone_short_sword) {transformation: [-0.8168f,-0.5887f,-0.5894f,0.6247f,-0.6915f,0.0189f,0.9395f,0.9841f,-0.4645f,1.0071f,-0.3621f,0.1051f,0f,0f,0f,1f],start_interpolation: 0,interpolation_duration: 1}
$data merge entity $(bone_left_forearm) {transformation: [-0.7001f,-0.5052f,0.5046f,0.4989f,-0.5927f,0.8052f,-0.0162f,1.193f,-0.3981f,-0.3104f,-0.8632f,0.0155f,0f,0f,0f,1f],start_interpolation: 0,interpolation_duration: 1}
$data merge entity $(bone_left_arm) {transformation: [-0.866f,-0.5f,0f,0.25f,-0.4981f,0.8627f,0.0872f,1.3734f,-0.0436f,0.0755f,-0.9962f,0.0313f,0f,0f,0f,1f],start_interpolation: 0,interpolation_duration: 1}
$data merge entity $(bone_torso) {transformation: [-1f,0f,0f,0f,0f,0.9962f,0.0872f,1.0156f,0f,0.0872f,-0.9962f,-0.0031f,0f,0f,0f,1f],start_interpolation: 0,interpolation_duration: 1}
$data merge entity $(bone_right_dress) {transformation: [-0.9063f,-0.4226f,0f,-0.1381f,-0.421f,0.9029f,-0.0872f,0.8229f,0.0368f,-0.079f,-0.9962f,0.0159f,0f,0f,0f,1f],start_interpolation: 0,interpolation_duration: 1}
$data merge entity $(bone_left_dress) {transformation: [-0.9397f,-0.342f,0f,0.1788f,-0.3407f,0.9361f,-0.0872f,0.8929f,0.0298f,-0.0819f,-0.9962f,0.0097f,0f,0f,0f,1f],start_interpolation: 0,interpolation_duration: 1}
$data merge entity $(bone_lower_right_leg) {transformation: [-0.9848f,-0.1378f,-0.1057f,0.0088f,-0.173f,0.8314f,0.5281f,0.4302f,0.0151f,0.5384f,-0.8426f,0.2463f,0f,0f,0f,1f],start_interpolation: 0,interpolation_duration: 1}
$data merge entity $(bone_right_leg) {transformation: [-0.9848f,-0.1504f,0.0868f,-0.0476f,-0.173f,0.806f,-0.566f,0.7325f,0.0151f,-0.5724f,-0.8198f,0.0316f,0f,0f,0f,1f],start_interpolation: 0,interpolation_duration: 1}
$data merge entity $(bone_lower_left_leg) {transformation: [-0.9239f,-0.3812f,-0.0334f,0.3394f,-0.3812f,0.9245f,-0.0066f,0.4397f,0.0334f,0.0066f,-0.9994f,0.0244f,0f,0f,0f,1f],start_interpolation: 0,interpolation_duration: 1}
$data merge entity $(bone_left_leg) {transformation: [-0.9239f,-0.3812f,-0.0334f,0.1964f,-0.3812f,0.9245f,-0.0066f,0.7864f,0.0334f,0.0066f,-0.9994f,0.0269f,0f,0f,0f,1f],start_interpolation: 0,interpolation_duration: 1}
$data merge entity $(bone_waist) {transformation: [-0.9763f,-0.2164f,0f,0f,-0.2156f,0.9726f,-0.0872f,1.0938f,0.0189f,-0.0851f,-0.9962f,0f,0f,0f,0f,1f],start_interpolation: 0,interpolation_duration: 1}
$data merge entity $(bone_pony_tail) {transformation: [-0.2164f,-0.9763f,0f,0f,-0.9174f,0.2034f,0.342f,1.5783f,-0.3339f,0.074f,-0.9397f,-0.1627f,0f,0f,0f,1f],start_interpolation: 0,interpolation_duration: 1}
$data merge entity $(bone_head) {transformation: [-1f,0f,0f,0f,0f,0.9397f,0.342f,1.4688f,0f,0.342f,-0.9397f,0.0469f,0f,0f,0f,1f],start_interpolation: 0,interpolation_duration: 1}
execute on vehicle unless entity @s[tag=aj.transforms_only] at @s run function animated_java:mage_hunter/animations/dodge_right/zzz/frames/3_root_commands