# This file was generated by Animated Java via MC-Build. It is not recommended to edit this file directly.
$data merge entity $(bone_cape) {transformation: [-0.515f,-0.8539f,-0.0747f,0.2188f,-0.8539f,0.5035f,0.1315f,-0.588f,-0.0747f,0.1315f,-0.9885f,-0.0527f,0f,0f,0f,1f],start_interpolation: 0,interpolation_duration: 1}
$data merge entity $(bone_saber) {transformation: [-0.7681f,1.102f,-0.2935f,-0.3555f,0.5152f,0.651f,1.0961f,-1.033f,1.0175f,0.5024f,-0.7766f,0.3545f,0f,0f,0f,1f],start_interpolation: 0,interpolation_duration: 1}
$data merge entity $(bone_right_forearm) {transformation: [-0.5586f,-0.2135f,-0.8015f,-0.4385f,0.3747f,0.7972f,-0.4735f,-0.7829f,0.74f,-0.5648f,-0.3654f,0.1863f,0f,0f,0f,1f],start_interpolation: 0,interpolation_duration: 1}
$data merge entity $(bone_right_arm) {transformation: [-0.95f,0.2481f,-0.1896f,-0.25f,0.3111f,0.8049f,-0.5054f,-0.5954f,0.0272f,-0.5391f,-0.8418f,0.0313f,0f,0f,0f,1f],start_interpolation: 0,interpolation_duration: 1}
$data merge entity $(bone_short_sword) {transformation: [-0.8878f,-0.5043f,-0.5645f,0.6101f,-0.6452f,0.0491f,0.9708f,-1.0041f,-0.3959f,1.0509f,-0.3162f,0.0941f,0f,0f,0f,1f],start_interpolation: 0,interpolation_duration: 1}
$data merge entity $(bone_left_forearm) {transformation: [-0.761f,-0.4839f,0.4322f,0.489f,-0.553f,0.8321f,-0.0421f,-0.7885f,-0.3393f,-0.2711f,-0.9008f,0.0144f,0f,0f,0f,1f],start_interpolation: 0,interpolation_duration: 1}
$data merge entity $(bone_left_arm) {transformation: [-0.8911f,-0.4538f,0f,0.25f,-0.4521f,0.8877f,0.0872f,-0.5954f,-0.0396f,0.0777f,-0.9962f,0.0313f,0f,0f,0f,1f],start_interpolation: 0,interpolation_duration: 1}
$data merge entity $(bone_right_dress) {transformation: [-0.9211f,-0.3894f,-0.0026f,-0.1479f,-0.3882f,0.9187f,-0.0726f,-1.1409f,0.0307f,-0.0659f,-0.9974f,0.0119f,0f,0f,0f,1f],start_interpolation: 0,interpolation_duration: 1}
$data merge entity $(bone_left_dress) {transformation: [-0.9636f,-0.2674f,-0.0026f,0.1714f,-0.2665f,0.9611f,-0.0726f,-1.0824f,0.022f,-0.0693f,-0.9974f,0.0068f,0f,0f,0f,1f],start_interpolation: 0,interpolation_duration: 1}
$data merge entity $(bone_lower_right_leg) {transformation: [-0.9905f,-0.1141f,-0.0772f,-0.0141f,-0.1372f,0.8682f,0.4769f,-1.5545f,0.0126f,0.483f,-0.8755f,0.2166f,0f,0f,0f,1f],start_interpolation: 0,interpolation_duration: 1}
$data merge entity $(bone_right_leg) {transformation: [-0.9905f,-0.1245f,0.0588f,-0.0608f,-0.1372f,0.8527f,-0.5041f,-1.2347f,0.0126f,-0.5074f,-0.8616f,0.0264f,0f,0f,0f,1f],start_interpolation: 0,interpolation_duration: 1}
$data merge entity $(bone_lower_left_leg) {transformation: [-0.9426f,-0.3328f,-0.0283f,0.3099f,-0.333f,0.9429f,-0.0003f,-1.5433f,0.0267f,0.0091f,-0.9996f,0.019f,0f,0f,0f,1f],start_interpolation: 0,interpolation_duration: 1}
$data merge entity $(bone_left_leg) {transformation: [-0.9426f,-0.3328f,-0.0283f,0.1851f,-0.333f,0.9429f,-0.0003f,-1.1897f,0.0267f,0.0091f,-0.9996f,0.0224f,0f,0f,0f,1f],start_interpolation: 0,interpolation_duration: 1}
$data merge entity $(bone_waist) {transformation: [-0.9835f,-0.1808f,-0.0026f,0f,-0.1801f,0.981f,-0.0726f,-0.875f,0.0157f,-0.0709f,-0.9974f,0f,0f,0f,0f,1f],start_interpolation: 0,interpolation_duration: 1}
$data merge entity $(bone_pony_tail) {transformation: [-0.2164f,-0.9763f,0f,0f,-0.9275f,0.2056f,0.3122f,-0.3971f,-0.3048f,0.0676f,-0.95f,-0.1738f,0f,0f,0f,1f],start_interpolation: 0,interpolation_duration: 1}
$data merge entity $(bone_head) {transformation: [-1f,0f,0f,0f,0f,0.95f,0.3122f,-0.5f,0f,0.3122f,-0.95f,0.0391f,0f,0f,0f,1f],start_interpolation: 0,interpolation_duration: 1}
data modify entity @s data merge value {"cameras":{},"locators":{"flame":{"posx":1.7372883517353888,"posy":0.2230648284056589,"posz":1.3196391612170677,"roty":339.29621168194024,"rotx":52.860325624365},"flame1":{"posx":1.5671299924867172,"posy":0.6418800385048182,"posz":0.9791212430873498,"roty":339.29621168194024,"rotx":52.860325624365},"flame2":{"posx":1.3602203736726926,"posy":0.9812816792109251,"posz":0.6510664672827018,"roty":339.29621168194024,"rotx":52.860325624365},"flame3":{"posx":1.0531268157912985,"posy":1.2615019370293703,"posz":0.2773417640372364,"roty":339.29621168194024,"rotx":52.860325624365},"flame4":{"posx":1.8072627719166907,"posy":-0.25493176458116196,"posz":1.6144871519059683,"roty":339.29621168194024,"rotx":52.860325624365},"saber_hitbox":{"posx":0.14307412255731666,"posy":-0.7296913658949151,"posz":0.5773583744974782,"roty":339.29621168194024,"rotx":52.860325624365},"flame5":{"posx":-0.398615040094612,"posy":-0.897660462532505,"posz":2.1829691230052535,"roty":299.25843997477625,"rotx":56.31627678801476},"flame6":{"posx":-0.6437675016459465,"posy":-0.43222849443185185,"posz":1.974196869903281,"roty":299.25843997477625,"rotx":56.31627678801476},"flame7":{"posx":-0.8316640532835136,"posy":-0.02143437743558585,"posz":1.726067711350786,"roty":299.25843997477625,"rotx":56.31627678801476},"flame8":{"posx":-0.9655304593865661,"posy":0.38409800119291404,"posz":1.365341672366956,"roty":299.25843997477625,"rotx":56.31627678801476},"flame9":{"posx":-0.09943243300876303,"posy":-1.3683541690009244,"posz":2.279144495675891,"roty":299.25843997477625,"rotx":56.31627678801476},"short_sword_hitbox":{"posx":0.4118371429231043,"posy":-0.9765865380489986,"posz":0.4940159165352273,"roty":299.25843997477625,"rotx":56.31627678801476}}}
execute on vehicle unless entity @s[tag=aj.transforms_only] at @s run function animated_java:mage_hunter/animations/dodge_right/zzz/frames/8_root_commands