# This file was generated by Animated Java via MC-Build. It is not recommended to edit this file directly.
$data merge entity $(bone_cape) {transformation: [-0.7094f,-0.7022f,-0.0614f,0.2188f,-0.7022f,0.6964f,0.1484f,-0.588f,-0.0614f,0.1484f,-0.987f,-0.0527f,0f,0f,0f,1f],start_interpolation: 0,interpolation_duration: 1}
$data merge entity $(bone_saber) {transformation: [-1.027f,0.8994f,-0.1642f,-0.3806f,0.3349f,0.5998f,1.1911f,-1.0782f,0.8508f,0.8496f,-0.6671f,0.3011f,0f,0f,0f,1f],start_interpolation: 0,interpolation_duration: 1}
$data merge entity $(bone_right_forearm) {transformation: [-0.7469f,-0.1194f,-0.6541f,-0.4358f,0.2436f,0.8662f,-0.4362f,-0.8082f,0.6187f,-0.4851f,-0.6179f,0.1535f,0f,0f,0f,1f],start_interpolation: 0,interpolation_duration: 1}
$data merge entity $(bone_right_arm) {transformation: [-0.9634f,0.2325f,-0.1337f,-0.25f,0.2672f,0.8754f,-0.403f,-0.5954f,0.0234f,-0.4239f,-0.9054f,0.0313f,0f,0f,0f,1f],start_interpolation: 0,interpolation_duration: 1}
$data merge entity $(bone_short_sword) {transformation: [-0.9796f,-0.3718f,-0.5131f,0.5843f,-0.5622f,0.0742f,1.0196f,-1.0324f,-0.2922f,1.1034f,-0.2415f,0.0764f,0f,0f,0f,1f],start_interpolation: 0,interpolation_duration: 1}
$data merge entity $(bone_left_forearm) {transformation: [-0.8396f,-0.4398f,0.3187f,0.4735f,-0.4819f,0.8739f,-0.0636f,-0.8062f,-0.2505f,-0.207f,-0.9457f,0.0129f,0f,0f,0f,1f],start_interpolation: 0,interpolation_duration: 1}
$data merge entity $(bone_left_arm) {transformation: [-0.9233f,-0.3842f,0f,0.25f,-0.3827f,0.9197f,0.0872f,-0.5954f,-0.0335f,0.0805f,-0.9962f,0.0313f,0f,0f,0f,1f],start_interpolation: 0,interpolation_duration: 1}
$data merge entity $(bone_right_dress) {transformation: [-0.9346f,-0.3556f,-0.0042f,-0.1575f,-0.3548f,0.9332f,-0.058f,-1.1354f,0.0246f,-0.0527f,-0.9983f,0.008f,0f,0f,0f,1f],start_interpolation: 0,interpolation_duration: 1}
$data merge entity $(bone_left_dress) {transformation: [-0.9851f,-0.172f,-0.0042f,0.1637f,-0.1715f,0.9835f,-0.058f,-1.0886f,0.0141f,-0.0564f,-0.9983f,0.0039f,0f,0f,0f,1f],start_interpolation: 0,interpolation_duration: 1}
$data merge entity $(bone_lower_right_leg) {transformation: [-0.9948f,-0.0891f,-0.0489f,-0.0378f,-0.1012f,0.9155f,0.3895f,-1.5722f,0.0101f,0.3924f,-0.9197f,0.176f,0f,0f,0f,1f],start_interpolation: 0,interpolation_duration: 1}
$data merge entity $(bone_right_leg) {transformation: [-0.9948f,-0.0963f,0.0326f,-0.0739f,-0.1012f,0.9056f,-0.4118f,-1.2326f,0.0101f,-0.413f,-0.9107f,0.0211f,0f,0f,0f,1f],start_interpolation: 0,interpolation_duration: 1}
$data merge entity $(bone_lower_left_leg) {transformation: [-0.9607f,-0.2767f,-0.0212f,0.2772f,-0.2767f,0.9609f,0.001f,-1.5569f,0.0201f,0.0068f,-0.9998f,0.0154f,0f,0f,0f,1f],start_interpolation: 0,interpolation_duration: 1}
$data merge entity $(bone_left_leg) {transformation: [-0.9607f,-0.2767f,-0.0212f,0.1735f,-0.2767f,0.9609f,0.001f,-1.1965f,0.0201f,0.0068f,-0.9998f,0.0179f,0f,0f,0f,1f],start_interpolation: 0,interpolation_duration: 1}
$data merge entity $(bone_waist) {transformation: [-0.9894f,-0.1449f,-0.0042f,0f,-0.1444f,0.9878f,-0.058f,-0.875f,0.0126f,-0.0568f,-0.9983f,0f,0f,0f,0f,1f],start_interpolation: 0,interpolation_duration: 1}
$data merge entity $(bone_pony_tail) {transformation: [-0.4695f,-0.8829f,0f,0f,-0.8506f,0.4523f,0.2682f,-0.407f,-0.2368f,0.1259f,-0.9634f,-0.1862f,0f,0f,0f,1f],start_interpolation: 0,interpolation_duration: 1}
$data merge entity $(bone_head) {transformation: [-1f,0f,0f,0f,0f,0.9634f,0.2682f,-0.5f,0f,0.2682f,-0.9634f,0.0313f,0f,0f,0f,1f],start_interpolation: 0,interpolation_duration: 1}
data modify entity @s data merge value {"cameras":{},"locators":{"saber_hitbox":{"posx":0.0268567891760656,"posy":-0.7974500282343635,"posz":0.6824526974946119,"roty":346.1705702291018,"rotx":60.02497181244171},"short_sword_hitbox":{"posx":0.4372580733162744,"posy":-0.9948340849128722,"posz":0.49707370717970323,"roty":295.20344479153994,"rotx":60.915089876091926}}}
execute on vehicle unless entity @s[tag=aj.transforms_only] at @s run function animated_java:mage_hunter/animations/dodge_right/zzz/frames/9_root_commands