# This file was generated by Animated Java via MC-Build. It is not recommended to edit this file directly.
$data merge entity $(bone_right_leg) {transformation: [-0.9989f,0.005f,0.0462f,-0.125f,0.0062f,0.9996f,0.0272f,-1.0625f,-0.046f,0.0275f,-0.9986f,0f,0f,0f,0f,1f],start_interpolation: 0,interpolation_duration: 1}
$data merge entity $(bone_left_leg) {transformation: [-0.9994f,0.0062f,-0.0326f,0.125f,0.0073f,0.9994f,-0.0337f,-1.0625f,0.0324f,-0.0339f,-0.9989f,0f,0f,0f,0f,1f],start_interpolation: 0,interpolation_duration: 1}
$data merge entity $(bone_chestplate) {transformation: [-0.9999f,-0.0002f,-0.0148f,0.0009f,-0.0031f,0.9806f,0.1961f,-0.8749f,0.0144f,0.1961f,-0.9805f,0.0607f,0f,0f,0f,1f],start_interpolation: 0,interpolation_duration: 1}
$data merge entity $(bone_weapon) {transformation: [-2.1702f,0.6547f,-0.5531f,-0.6302f,0.7169f,2.2119f,-0.1948f,-0.8979f,0.4696f,-0.3511f,-2.2585f,-0.029f,0f,0f,0f,1f],start_interpolation: 0,interpolation_duration: 1}
$data merge entity $(bone_right_forearm) {transformation: [-0.9301f,0.2806f,-0.237f,-0.5556f,0.3073f,0.948f,-0.0835f,-0.6461f,0.2013f,-0.1505f,-0.9679f,-0.069f,0f,0f,0f,1f],start_interpolation: 0,interpolation_duration: 1}
$data merge entity $(bone_right_arm) {transformation: [-0.9438f,0.3296f,0.0255f,-0.3141f,0.3263f,0.9164f,0.2318f,-0.3432f,0.053f,0.2271f,-0.9724f,0.0095f,0f,0f,0f,1f],start_interpolation: 0,interpolation_duration: 1}
$data merge entity $(bone_shield) {transformation: [-0.9714f,-0.2015f,0.1254f,0.7185f,-0.2278f,0.94f,-0.2539f,-0.8204f,-0.0667f,-0.2752f,-0.9591f,0.0245f,0f,0f,0f,1f],start_interpolation: 0,interpolation_duration: 1}
$data merge entity $(bone_left_forearm) {transformation: [-0.9714f,-0.2015f,0.1254f,0.4986f,-0.2278f,0.94f,-0.2539f,-0.6868f,-0.0667f,-0.2752f,-0.9591f,-0.0396f,0f,0f,0f,1f],start_interpolation: 0,interpolation_duration: 1}
$data merge entity $(bone_left_arm) {transformation: [-0.9793f,-0.1741f,-0.1031f,0.3109f,-0.1808f,0.9817f,0.0592f,-0.3413f,0.0909f,0.0766f,-0.9929f,0.0005f,0f,0f,0f,1f],start_interpolation: 0,interpolation_duration: 1}
$data merge entity $(bone_bone) {transformation: [-1f,-0.0035f,-0.0035f,-0.0019f,-0.0029f,0.9875f,-0.1577f,0.0381f,0.004f,-0.1576f,-0.9875f,0.2098f,0f,0f,0f,1f],start_interpolation: 0,interpolation_duration: 1}
$data merge entity $(bone_head) {transformation: [-1f,-0.0022f,-0.0044f,-0.0016f,-0.0029f,0.9892f,0.1466f,-0.3423f,0.004f,0.1466f,-0.9892f,0.005f,0f,0f,0f,1f],start_interpolation: 0,interpolation_duration: 1}
$data merge entity $(bone_torso) {transformation: [-0.9999f,-0.0028f,-0.0145f,0f,-0.0031f,0.9997f,0.0228f,-0.5625f,0.0144f,0.0229f,-0.9996f,0.0679f,0f,0f,0f,1f],start_interpolation: 0,interpolation_duration: 1}
data modify entity @s data merge value {"cameras":{},"locators":{"locator":{"px":-0.21699723896249268,"py":-0.712599234997219,"pz":1.597277767323369,"ry":346.2392981270932,"rx":-4.788559355974599}}}