# This file was generated by Animated Java via MC-Build. It is not recommended to edit this file directly.
$data merge entity $(bone_right_leg) {transformation: [-0.9802f,0.0501f,-0.1918f,-0.125f,0.0851f,0.9802f,-0.1789f,-1.0625f,0.179f,-0.1917f,-0.965f,0f,0f,0f,0f,1f],start_interpolation: 0,interpolation_duration: 1}
$data merge entity $(bone_left_leg) {transformation: [-0.9716f,0.0564f,-0.2299f,0.125f,-0.0876f,0.8166f,0.5705f,-1.0625f,0.2199f,0.5745f,-0.7884f,0f,0f,0f,0f,1f],start_interpolation: 0,interpolation_duration: 1}
$data merge entity $(bone_chestplate) {transformation: [-0.9987f,0.0112f,-0.0493f,-0.0008f,-0.0119f,0.8961f,0.4436f,-0.8624f,0.0491f,0.4436f,-0.8949f,-0.0201f,0f,0f,0f,1f],start_interpolation: 0,interpolation_duration: 1}
$data merge entity $(bone_weapon) {transformation: [-2.2865f,0.1152f,-0.4506f,-0.3659f,0.1444f,2.3247f,-0.1384f,-0.7332f,0.4421f,-0.1635f,-2.2852f,0.5963f,0f,0f,0f,1f],start_interpolation: 0,interpolation_duration: 1}
$data merge entity $(bone_right_forearm) {transformation: [-0.9799f,-0.1061f,-0.1688f,-0.3941f,0.0619f,0.643f,-0.7634f,-0.5624f,0.1895f,-0.7585f,-0.6235f,0.3948f,0f,0f,0f,1f],start_interpolation: 0,interpolation_duration: 1}
$data merge entity $(bone_right_arm) {transformation: [-0.9785f,-0.1154f,-0.1707f,-0.315f,0.063f,0.6216f,-0.7808f,-0.3372f,0.1962f,-0.7748f,-0.6009f,0.0798f,0f,0f,0f,1f],start_interpolation: 0,interpolation_duration: 1}
$data merge entity $(bone_shield) {transformation: [-0.9306f,-0.3631f,-0.0465f,0.7278f,-0.3514f,0.8505f,0.3914f,-0.6158f,-0.1026f,0.3805f,-0.9191f,-0.3001f,0f,0f,0f,1f],start_interpolation: 0,interpolation_duration: 1}
$data merge entity $(bone_left_forearm) {transformation: [-0.9306f,-0.3631f,-0.0465f,0.4852f,-0.3514f,0.8505f,0.3914f,-0.5222f,-0.1026f,0.3805f,-0.9191f,-0.248f,0f,0f,0f,1f],start_interpolation: 0,interpolation_duration: 1}
$data merge entity $(bone_left_arm) {transformation: [-0.8834f,-0.1748f,-0.4348f,0.3092f,-0.4334f,0.6577f,0.6161f,-0.3298f,0.1783f,0.7328f,-0.6567f,0.0491f,0f,0f,0f,1f],start_interpolation: 0,interpolation_duration: 1}
$data merge entity $(bone_bone) {transformation: [-0.9896f,-0.0184f,-0.1425f,0.0282f,-0.0538f,0.967f,0.2489f,-0.0668f,0.1332f,0.254f,-0.958f,0.4027f,0f,0f,0f,1f],start_interpolation: 0,interpolation_duration: 1}
$data merge entity $(bone_head) {transformation: [-0.9896f,0.0253f,-0.1414f,-0.0029f,-0.0538f,0.8474f,0.5282f,-0.3335f,0.1332f,0.5303f,-0.8373f,0.0644f,0f,0f,0f,1f],start_interpolation: 0,interpolation_duration: 1}
$data merge entity $(bone_torso) {transformation: [-0.9987f,0.0024f,-0.0505f,0f,-0.0119f,0.9596f,0.2813f,-0.5625f,0.0491f,0.2815f,-0.9583f,0.0679f,0f,0f,0f,1f],start_interpolation: 0,interpolation_duration: 1}
data modify entity @s data merge value {"cameras":{},"locators":{"locator":{"px":-0.03767991336502707,"py":-0.5863921756114512,"pz":2.245741630064379,"ry":348.84537789644395,"rx":-3.401604872628394}}}