# This file was generated by Animated Java via MC-Build. It is not recommended to edit this file directly.
$data merge entity $(bone_right_leg) {transformation: [-0.9887f,0.0473f,-0.1419f,-0.125f,0.0672f,0.988f,-0.1389f,-1.0625f,0.1336f,-0.1469f,-0.9801f,0f,0f,0f,0f,1f],start_interpolation: 0,interpolation_duration: 1}
$data merge entity $(bone_left_leg) {transformation: [-0.9823f,0.0203f,-0.1864f,0.125f,-0.0678f,0.8886f,0.4537f,-1.0625f,0.1749f,0.4583f,-0.8714f,0f,0f,0f,0f,1f],start_interpolation: 0,interpolation_duration: 1}
$data merge entity $(bone_chestplate) {transformation: [-0.9988f,0.0104f,-0.0488f,-0.0006f,-0.0096f,0.9199f,0.3921f,-0.8669f,0.049f,0.3921f,-0.9186f,-0.0029f,0f,0f,0f,1f],start_interpolation: 0,interpolation_duration: 1}
$data merge entity $(bone_weapon) {transformation: [-2.2615f,0.2941f,-0.4937f,-0.4257f,0.3339f,2.304f,-0.1569f,-0.8216f,0.4677f,-0.2227f,-2.2751f,0.4898f,0f,0f,0f,1f],start_interpolation: 0,interpolation_duration: 1}
$data merge entity $(bone_right_forearm) {transformation: [-0.9692f,-0.0226f,-0.2452f,-0.4317f,0.1431f,0.7589f,-0.6353f,-0.62f,0.2004f,-0.6508f,-0.7323f,0.3169f,0f,0f,0f,1f],start_interpolation: 0,interpolation_duration: 1}
$data merge entity $(bone_right_arm) {transformation: [-0.9765f,-0.0147f,-0.2148f,-0.3151f,0.1191f,0.7943f,-0.5957f,-0.3371f,0.1794f,-0.6073f,-0.7739f,0.0667f,0f,0f,0f,1f],start_interpolation: 0,interpolation_duration: 1}
$data merge entity $(bone_shield) {transformation: [-0.9412f,-0.3374f,-0.0191f,0.7332f,-0.3296f,0.9041f,0.272f,-0.6785f,-0.0745f,0.2623f,-0.9621f,-0.2537f,0f,0f,0f,1f],start_interpolation: 0,interpolation_duration: 1}
$data merge entity $(bone_left_forearm) {transformation: [-0.9412f,-0.3374f,-0.0191f,0.4935f,-0.3296f,0.9041f,0.272f,-0.5707f,-0.0745f,0.2623f,-0.9621f,-0.2185f,0f,0f,0f,1f],start_interpolation: 0,interpolation_duration: 1}
$data merge entity $(bone_left_arm) {transformation: [-0.9101f,-0.1883f,-0.3691f,0.3091f,-0.3722f,0.7632f,0.5283f,-0.3311f,0.1822f,0.6182f,-0.7646f,0.0361f,0f,0f,0f,1f],start_interpolation: 0,interpolation_duration: 1}
$data merge entity $(bone_bone) {transformation: [-0.9932f,-0.0184f,-0.1149f,0.0208f,-0.0371f,0.986f,0.1627f,-0.0382f,0.1104f,0.1658f,-0.98f,0.3652f,0f,0f,0f,1f],start_interpolation: 0,interpolation_duration: 1}
$data merge entity $(bone_head) {transformation: [-0.9932f,0.0171f,-0.1151f,-0.003f,-0.0371f,0.8914f,0.4517f,-0.3341f,0.1104f,0.4528f,-0.8847f,0.0514f,0f,0f,0f,1f],start_interpolation: 0,interpolation_duration: 1}
$data merge entity $(bone_torso) {transformation: [-0.9988f,0.0018f,-0.0499f,0f,-0.0096f,0.974f,0.2264f,-0.5625f,0.049f,0.2266f,-0.9728f,0.0679f,0f,0f,0f,1f],start_interpolation: 0,interpolation_duration: 1}
data modify entity @s data merge value {"cameras":{},"locators":{"locator":{"px":-0.06275274033379852,"py":-0.6618952163259915,"pz":2.130684834216659,"ry":347.7575424061858,"rx":-3.854741972306044}}}