# This file was generated by Animated Java via MC-Build. It is not recommended to edit this file directly.
$data merge entity $(bone_right_leg) {transformation: [-0.9996f,0.0115f,-0.0243f,-0.125f,0.0122f,0.9996f,-0.0264f,-1.0625f,0.024f,-0.0267f,-0.9994f,0f,0f,0f,0f,1f],start_interpolation: 0,interpolation_duration: 1}
$data merge entity $(bone_left_leg) {transformation: [-0.9994f,-0.0096f,-0.0325f,0.125f,-0.0123f,0.9962f,0.0863f,-1.0625f,0.0315f,0.0866f,-0.9957f,0f,0f,0f,0f,1f],start_interpolation: 0,interpolation_duration: 1}
$data merge entity $(bone_chestplate) {transformation: [-0.9968f,0.0183f,-0.0782f,-0.0014f,-0.0017f,0.9686f,0.2486f,-0.8741f,0.0803f,0.2479f,-0.9654f,0.044f,0f,0f,0f,1f],start_interpolation: 0,interpolation_duration: 1}
$data merge entity $(bone_weapon) {transformation: [-2.1828f,0.4611f,-0.6836f,-0.569f,0.5343f,2.2643f,-0.1788f,-0.9284f,0.6281f,-0.3238f,-2.2238f,0.1215f,0f,0f,0f,1f],start_interpolation: 0,interpolation_duration: 1}
$data merge entity $(bone_right_forearm) {transformation: [-0.9355f,0.1634f,-0.3134f,-0.5256f,0.229f,0.9556f,-0.1853f,-0.6746f,0.2692f,-0.2451f,-0.9314f,0.0563f,0f,0f,0f,1f],start_interpolation: 0,interpolation_duration: 1}
$data merge entity $(bone_right_arm) {transformation: [-0.9641f,0.2376f,-0.1189f,-0.316f,0.2354f,0.9714f,0.0326f,-0.3397f,0.1232f,0.0035f,-0.9924f,0.0423f,0f,0f,0f,1f],start_interpolation: 0,interpolation_duration: 1}
$data merge entity $(bone_shield) {transformation: [-0.9825f,-0.1773f,-0.0573f,0.6922f,-0.1763f,0.9841f,-0.0226f,-0.8294f,0.0604f,-0.0121f,-0.9981f,-0.1313f,0f,0f,0f,1f],start_interpolation: 0,interpolation_duration: 1}
$data merge entity $(bone_left_forearm) {transformation: [-0.9825f,-0.1773f,-0.0573f,0.4747f,-0.1763f,0.9841f,-0.0226f,-0.6779f,0.0604f,-0.0121f,-0.9981f,-0.1222f,0f,0f,0f,1f],start_interpolation: 0,interpolation_duration: 1}
$data merge entity $(bone_left_arm) {transformation: [-0.9613f,-0.1267f,-0.2448f,0.307f,-0.1776f,0.9638f,0.1986f,-0.3387f,0.2108f,0.2344f,-0.949f,-0.0079f,0f,0f,0f,1f],start_interpolation: 0,interpolation_duration: 1}
$data merge entity $(bone_bone) {transformation: [-0.9984f,-0.0065f,-0.056f,0.008f,-0.0022f,0.997f,-0.0777f,0.0234f,0.0563f,-0.0774f,-0.9954f,0.2515f,0f,0f,0f,1f],start_interpolation: 0,interpolation_duration: 1}
$data merge entity $(bone_head) {transformation: [-0.9984f,0.0106f,-0.0554f,-0.0045f,-0.0022f,0.9742f,0.2257f,-0.3392f,0.0563f,0.2255f,-0.9726f,0.0172f,0f,0f,0f,1f],start_interpolation: 0,interpolation_duration: 1}
$data merge entity $(bone_torso) {transformation: [-0.9968f,0.0045f,-0.0802f,0f,-0.0017f,0.9971f,0.0766f,-0.5625f,0.0803f,0.0765f,-0.9938f,0.0679f,0f,0f,0f,1f],start_interpolation: 0,interpolation_duration: 1}
data modify entity @s data merge value {"cameras":{},"locators":{"locator":{"px":-0.06530254773781152,"py":-0.7536049128243404,"pz":1.7232118133252625,"ry":342.9115126030772,"rx":-4.394669052497191}}}