# This file was generated by Animated Java via MC-Build. It is not recommended to edit this file directly.
$data merge entity $(bone_right_leg) {transformation: [-0.9666f,-0.0043f,0.2561f,-0.125f,0.0337f,0.989f,0.1439f,-1.0625f,-0.2539f,0.1477f,-0.9559f,0f,0f,0f,0f,1f],start_interpolation: 0,interpolation_duration: 1}
$data merge entity $(bone_left_leg) {transformation: [-0.9829f,0.0061f,-0.1839f,0.125f,0.04f,0.9827f,-0.1809f,-1.0625f,0.1796f,-0.1852f,-0.9662f,0f,0f,0f,0f,1f],start_interpolation: 0,interpolation_duration: 1}
$data merge entity $(bone_chestplate) {transformation: [-0.9494f,-0.0492f,0.3102f,-0.0017f,-0.0164f,0.9941f,0.1075f,-0.8743f,-0.3136f,0.097f,-0.9446f,0.0893f,0f,0f,0f,1f],start_interpolation: 0,interpolation_duration: 1}
$data merge entity $(bone_weapon) {transformation: [-1.7111f,1.584f,0.087f,-0.6926f,1.5792f,1.7129f,-0.128f,-0.714f,-0.1508f,-0.035f,-2.3282f,-0.3743f,0f,0f,0f,1f],start_interpolation: 0,interpolation_duration: 1}
$data merge entity $(bone_right_forearm) {transformation: [-0.7333f,0.6789f,0.0373f,-0.5123f,0.6768f,0.7341f,-0.0549f,-0.519f,-0.0646f,-0.015f,-0.9978f,-0.3783f,0f,0f,0f,1f],start_interpolation: 0,interpolation_duration: 1}
$data merge entity $(bone_right_arm) {transformation: [-0.7673f,0.3792f,0.5172f,-0.2742f,0.6195f,0.6466f,0.445f,-0.3539f,-0.1657f,0.6619f,-0.7311f,-0.1094f,0f,0f,0f,1f],start_interpolation: 0,interpolation_duration: 1}
$data merge entity $(bone_shield) {transformation: [-0.5593f,0.269f,0.7841f,0.5913f,-0.6459f,0.4515f,-0.6156f,-0.5983f,-0.5196f,-0.8508f,-0.0788f,0.4989f,0f,0f,0f,1f],start_interpolation: 0,interpolation_duration: 1}
$data merge entity $(bone_left_forearm) {transformation: [-0.5593f,0.269f,0.7841f,0.5368f,-0.6459f,0.4515f,-0.6156f,-0.6348f,-0.5196f,-0.8508f,-0.0788f,0.2419f,0f,0f,0f,1f],start_interpolation: 0,interpolation_duration: 1}
$data merge entity $(bone_left_arm) {transformation: [-0.8239f,-0.3058f,0.4772f,0.3192f,-0.4005f,0.9099f,-0.1085f,-0.3437f,-0.401f,-0.2805f,-0.8721f,0.0866f,0f,0f,0f,1f],start_interpolation: 0,interpolation_duration: 1}
$data merge entity $(bone_bone) {transformation: [-0.9842f,0.0424f,0.172f,-0.008f,-0.0069f,0.961f,-0.2763f,0.0536f,-0.177f,-0.2731f,-0.9455f,0.1427f,0f,0f,0f,1f],start_interpolation: 0,interpolation_duration: 1}
$data merge entity $(bone_head) {transformation: [-0.9842f,-0.0113f,0.1768f,0.0225f,-0.0069f,0.9997f,0.0254f,-0.3488f,-0.177f,0.0238f,-0.9839f,-0.0114f,0f,0f,0f,1f],start_interpolation: 0,interpolation_duration: 1}
$data merge entity $(bone_torso) {transformation: [-0.9494f,0.0054f,0.314f,0f,-0.0164f,0.9976f,-0.0667f,-0.5625f,-0.3136f,-0.0685f,-0.9471f,0.0679f,0f,0f,0f,1f],start_interpolation: 0,interpolation_duration: 1}
data modify entity @s data merge value {"cameras":{},"locators":{"locator":{"px":-0.7237613632475597,"py":-0.5869711193007848,"pz":1.3087501963231674,"ry":2.1407663826763894,"rx":-3.145654476941716}}}