# This file was generated by Animated Java via MC-Build. It is not recommended to edit this file directly.
$data merge entity $(bone_right_leg) {transformation: [-0.9411f,-0.0272f,0.3369f,-0.125f,0.0402f,0.9806f,0.1917f,-1.0625f,-0.3356f,0.194f,-0.9218f,0f,0f,0f,0f,1f],start_interpolation: 0,interpolation_duration: 1}
$data merge entity $(bone_left_leg) {transformation: [-0.9724f,-0.006f,-0.2333f,0.125f,0.0548f,0.9658f,-0.2533f,-1.0625f,0.2269f,-0.2591f,-0.9388f,0f,0f,0f,0f,1f],start_interpolation: 0,interpolation_duration: 1}
$data merge entity $(bone_chestplate) {transformation: [-0.9031f,-0.0472f,0.4269f,-0.0086f,-0.0201f,0.9975f,0.0677f,-0.8732f,-0.429f,0.0526f,-0.9018f,0.1006f,0f,0f,0f,1f],start_interpolation: 0,interpolation_duration: 1}
$data merge entity $(bone_weapon) {transformation: [-1.4139f,1.8183f,0.3731f,-0.6312f,1.8418f,1.4326f,-0.0022f,-0.6163f,-0.2308f,0.2932f,-2.3033f,-0.5239f,0f,0f,0f,1f],start_interpolation: 0,interpolation_duration: 1}
$data merge entity $(bone_right_forearm) {transformation: [-0.606f,0.7793f,0.1599f,-0.4242f,0.7893f,0.614f,-0.0009f,-0.4532f,-0.0989f,0.1257f,-0.9871f,-0.4905f,0f,0f,0f,1f],start_interpolation: 0,interpolation_duration: 1}
$data merge entity $(bone_right_arm) {transformation: [-0.6577f,0.2531f,0.7095f,-0.2471f,0.719f,0.492f,0.491f,-0.3585f,-0.2248f,0.833f,-0.5055f,-0.15f,0f,0f,0f,1f],start_interpolation: 0,interpolation_duration: 1}
$data merge entity $(bone_shield) {transformation: [-0.3401f,0.6111f,0.7148f,0.4501f,-0.7643f,0.2632f,-0.5887f,-0.5178f,-0.5479f,-0.7465f,0.3776f,0.5886f,0f,0f,0f,1f],start_interpolation: 0,interpolation_duration: 1}
$data merge entity $(bone_left_forearm) {transformation: [-0.3401f,0.6111f,0.7148f,0.501f,-0.7643f,0.2632f,-0.5887f,-0.6118f,-0.5479f,-0.7465f,0.3776f,0.3459f,0f,0f,0f,1f],start_interpolation: 0,interpolation_duration: 1}
$data merge entity $(bone_left_arm) {transformation: [-0.6961f,-0.2576f,0.6702f,0.3173f,-0.4733f,0.8665f,-0.1584f,-0.346f,-0.5399f,-0.4275f,-0.7251f,0.1181f,0f,0f,0f,1f],start_interpolation: 0,interpolation_duration: 1}
$data merge entity $(bone_bone) {transformation: [-0.9687f,0.0831f,0.2337f,0.0024f,0.0013f,0.944f,-0.3301f,0.0583f,-0.2481f,-0.3194f,-0.9146f,0.1141f,0f,0f,0f,1f],start_interpolation: 0,interpolation_duration: 1}
$data merge entity $(bone_head) {transformation: [-0.9687f,0.009f,0.2479f,0.0351f,0.0013f,0.9995f,-0.0309f,-0.3523f,-0.2481f,-0.0296f,-0.9683f,-0.0159f,0f,0f,0f,1f],start_interpolation: 0,interpolation_duration: 1}
$data merge entity $(bone_torso) {transformation: [-0.9031f,0.0276f,0.4286f,0f,-0.0201f,0.9941f,-0.1065f,-0.5625f,-0.429f,-0.1048f,-0.8972f,0.0679f,0f,0f,0f,1f],start_interpolation: 0,interpolation_duration: 1}
data modify entity @s data merge value {"cameras":{},"locators":{"locator":{"px":-0.8644936616067027,"py":-0.5859199317792531,"pz":1.1478010593309755,"ry":9.201481297422248,"rx":-0.05280739509561357}}}