# This file was generated by Animated Java via MC-Build. It is not recommended to edit this file directly.
$data merge entity $(bone_saber) {transformation: [-1.3499f,-0.2328f,0.1197f,-0.4125f,0.1077f,0.0792f,1.3685f,-1.1741f,-0.2385f,1.3528f,-0.0595f,0.0378f,0f,0f,0f,1f],start_interpolation: 0,interpolation_duration: 1}
$data merge entity $(bone_right_forearm) {transformation: [-0.9817f,0.0871f,0.1693f,-0.399f,0.0783f,0.9953f,-0.0576f,-0.8628f,-0.1735f,-0.0433f,-0.9839f,0.0122f,0f,0f,0f,1f],start_interpolation: 0,interpolation_duration: 1}
$data merge entity $(bone_right_arm) {transformation: [-0.9962f,0.0871f,-0.0038f,-0.25f,0.0872f,0.9953f,-0.0431f,-0.5937f,0f,-0.0433f,-0.9991f,0f,0f,0f,0f,1f],start_interpolation: 0,interpolation_duration: 1}
$data merge entity $(bone_short_sword) {transformation: [-1.1517f,0.1561f,-0.1016f,0.423f,-0.1074f,-0.0366f,1.1611f,-1.1214f,0.1521f,1.1556f,0.0505f,-0.0131f,0f,0f,0f,1f],start_interpolation: 0,interpolation_duration: 1}
$data merge entity $(bone_left_forearm) {transformation: [-0.9872f,-0.0871f,-0.1338f,0.399f,-0.092f,0.9953f,0.0314f,-0.8628f,0.1304f,0.0433f,-0.9905f,-0.0122f,0f,0f,0f,1f],start_interpolation: 0,interpolation_duration: 1}
$data merge entity $(bone_left_arm) {transformation: [-0.9962f,-0.0871f,-0.0038f,0.25f,-0.0872f,0.9953f,0.0431f,-0.5937f,0f,0.0433f,-0.9991f,0f,0f,0f,0f,1f],start_interpolation: 0,interpolation_duration: 1}
$data merge entity $(bone_right_dress) {transformation: [-0.9763f,-0.2162f,-0.0107f,-0.1936f,-0.2164f,0.9751f,0.0484f,-1.1099f,0f,0.0495f,-0.9988f,-0.0078f,0f,0f,0f,1f],start_interpolation: 0,interpolation_duration: 1}
$data merge entity $(bone_left_dress) {transformation: [-0.9763f,0.2151f,-0.0239f,0.1311f,0.2164f,0.9703f,-0.1078f,-1.1099f,0f,-0.1104f,-0.9939f,-0.0078f,0f,0f,0f,1f],start_interpolation: 0,interpolation_duration: 1}
$data merge entity $(bone_lower_right_leg) {transformation: [-0.999f,0.0431f,0.0064f,-0.1413f,0.0436f,0.9882f,0.147f,-1.5912f,0f,0.1471f,-0.9891f,-0.0405f,0f,0f,0f,1f],start_interpolation: 0,interpolation_duration: 1}
$data merge entity $(bone_right_leg) {transformation: [-0.999f,0.0434f,0.0047f,-0.125f,0.0436f,0.9932f,0.1079f,-1.2187f,0f,0.108f,-0.9942f,0f,0f,0f,0f,1f],start_interpolation: 0,interpolation_duration: 1}
$data merge entity $(bone_lower_left_leg) {transformation: [-0.999f,-0.0434f,0.0046f,0.1411f,-0.0436f,0.9936f,-0.1044f,-1.5881f,0f,-0.1045f,-0.9945f,0.0631f,0f,0f,0f,1f],start_interpolation: 0,interpolation_duration: 1}
$data merge entity $(bone_left_leg) {transformation: [-0.999f,-0.043f,0.0073f,0.125f,-0.0436f,0.9848f,-0.168f,-1.2187f,0f,-0.1681f,-0.9858f,0f,0f,0f,0f,1f],start_interpolation: 0,interpolation_duration: 1}
$data merge entity $(bone_pony_tail) {transformation: [-0.9998f,0.0216f,0f,0f,0.0216f,0.996f,0.0872f,-0.4484f,0.0019f,0.0871f,-0.9962f,-0.2308f,0f,0f,0f,1f],start_interpolation: 0,interpolation_duration: 1}
data modify entity @s data merge value {"cameras":{},"locators":{"locator":{"posx":-0.8712599784621613,"posy":-1.0122326872200755,"posz":2.6170063805332484,"roty":63.57535827371744,"rotx":84.42014539059855},"locator2":{"posx":-0.8117012030737163,"posy":-0.45599710670320126,"posz":2.5311738037265097,"roty":63.57535827371744,"rotx":84.42014539059855},"locator3":{"posx":-0.7470049719996933,"posy":0.03443552374147796,"posz":2.386552807049231,"roty":63.57535827371744,"rotx":84.42014539059855},"locator4":{"posx":-0.6611495656139412,"posy":0.5176699601595807,"posz":2.1189461392436324,"roty":63.57535827371744,"rotx":84.42014539059855},"locator5":{"posx":-0.9096595785388775,"posy":-1.575666461763526,"posz":2.5798532862116668,"roty":63.57535827371744,"rotx":84.42014539059855},"saber_hitbox":{"posx":-0.5279534620821439,"posy":-1.1250288567259243,"posz":0.7134391895518462,"roty":63.57535827371744,"rotx":84.42014539059855},"locator6":{"posx":0.7327173482692677,"posy":-1.1838729785425781,"posz":2.287395160688229,"roty":243.57535827371774,"rotx":84.42014539059855},"locator7":{"posx":0.6753776278794956,"posy":-0.6220782317481497,"posz":2.2498276356192726,"roty":243.57535827371774,"rotx":84.42014539059855},"locator8":{"posx":0.6151195068028185,"posy":-0.12052726874836184,"posz":2.147648428545161,"roty":243.57535827371774,"rotx":84.42014539059855},"locator9":{"posx":0.5381403204117582,"posy":0.3849438327799579,"posz":1.9216546888479797,"roty":243.57535827371774,"rotx":84.42014539059855},"locator10":{"posx":0.7733360033446567,"posy":-1.7417475868084744,"posz":2.2011481531341164,"roty":243.57535827371774,"rotx":84.42014539059855},"short_sword_hitbox":{"posx":0.49026190121071084,"posy":-1.1270309698788619,"posz":0.49208443765371546,"roty":243.57535827371774,"rotx":84.42014539059855}}}