# This file was generated by Animated Java via MC-Build. It is not recommended to edit this file directly.
$data merge entity $(bone_saber) {transformation: [-1.3493f,-0.2359f,0.1198f,-0.4125f,0.1141f,0.0432f,1.3696f,-1.1749f,-0.2387f,1.3539f,-0.0228f,0.0219f,0f,0f,0f,1f],start_interpolation: 0,interpolation_duration: 1}
$data merge entity $(bone_right_forearm) {transformation: [-0.9813f,0.0871f,0.1716f,-0.399f,0.083f,0.9961f,-0.0314f,-0.863f,-0.1736f,-0.0166f,-0.9847f,0.0047f,0f,0f,0f,1f],start_interpolation: 0,interpolation_duration: 1}
$data merge entity $(bone_right_arm) {transformation: [-0.9962f,0.0871f,-0.0014f,-0.25f,0.0872f,0.9961f,-0.0165f,-0.5937f,0f,-0.0166f,-0.9999f,0f,0f,0f,0f,1f],start_interpolation: 0,interpolation_duration: 1}
$data merge entity $(bone_short_sword) {transformation: [-1.1521f,0.1534f,-0.1017f,0.423f,-0.1033f,-0.0058f,1.1621f,-1.1216f,0.1523f,1.1565f,0.0193f,0.0014f,0f,0f,0f,1f],start_interpolation: 0,interpolation_duration: 1}
$data merge entity $(bone_left_forearm) {transformation: [-0.9875f,-0.0871f,-0.1315f,0.399f,-0.0886f,0.9961f,0.005f,-0.863f,0.1305f,0.0166f,-0.9913f,-0.0047f,0f,0f,0f,1f],start_interpolation: 0,interpolation_duration: 1}
$data merge entity $(bone_left_arm) {transformation: [-0.9962f,-0.0871f,-0.0014f,0.25f,-0.0872f,0.9961f,0.0165f,-0.5937f,0f,0.0166f,-0.9999f,0f,0f,0f,0f,1f],start_interpolation: 0,interpolation_duration: 1}
$data merge entity $(bone_right_dress) {transformation: [-0.9763f,-0.2164f,-0.0047f,-0.1936f,-0.2164f,0.9761f,0.0211f,-1.1099f,0f,0.0216f,-0.9998f,-0.0078f,0f,0f,0f,1f],start_interpolation: 0,interpolation_duration: 1}
$data merge entity $(bone_left_dress) {transformation: [-0.9763f,0.2159f,-0.0149f,0.1311f,0.2164f,0.974f,-0.0673f,-1.1099f,0f,-0.0689f,-0.9976f,-0.0078f,0f,0f,0f,1f],start_interpolation: 0,interpolation_duration: 1}
$data merge entity $(bone_lower_right_leg) {transformation: [-0.999f,0.0435f,0.0035f,-0.1413f,0.0436f,0.9958f,0.0803f,-1.5931f,0f,0.0804f,-0.9968f,-0.0155f,0f,0f,0f,1f],start_interpolation: 0,interpolation_duration: 1}
$data merge entity $(bone_right_leg) {transformation: [-0.999f,0.0436f,0.0018f,-0.125f,0.0436f,0.9982f,0.0414f,-1.2187f,0f,0.0414f,-0.9991f,0f,0f,0f,0f,1f],start_interpolation: 0,interpolation_duration: 1}
$data merge entity $(bone_lower_left_leg) {transformation: [-0.999f,-0.0435f,0.0032f,0.1412f,-0.0436f,0.9964f,-0.0732f,-1.5906f,0f,-0.0733f,-0.9973f,0.0461f,0f,0f,0f,1f],start_interpolation: 0,interpolation_duration: 1}
$data merge entity $(bone_left_leg) {transformation: [-0.999f,-0.0433f,0.0054f,0.125f,-0.0436f,0.9915f,-0.1228f,-1.2187f,0f,-0.1229f,-0.9924f,0f,0f,0f,0f,1f],start_interpolation: 0,interpolation_duration: 1}
$data merge entity $(bone_pony_tail) {transformation: [-1f,0.0083f,0f,0f,0.0083f,0.9962f,0.0872f,-0.4484f,0.0007f,0.0872f,-0.9962f,-0.2308f,0f,0f,0f,1f],start_interpolation: 0,interpolation_duration: 1}