# This file was generated by Animated Java via MC-Build. It is not recommended to edit this file directly.
$data merge entity $(bone_saber) {transformation: [-1.3497f,-0.2337f,0.1198f,-0.4125f,0.1096f,0.0688f,1.3689f,0.7944f,-0.2386f,1.3533f,-0.0489f,0.0332f,0f,0f,0f,1f],start_interpolation: 0,interpolation_duration: 1}
$data merge entity $(bone_right_forearm) {transformation: [-0.9816f,0.0871f,0.1699f,-0.399f,0.0797f,0.9956f,-0.05f,1.1059f,-0.1735f,-0.0355f,-0.9842f,0.01f,0f,0f,0f,1f],start_interpolation: 0,interpolation_duration: 1}
$data merge entity $(bone_right_arm) {transformation: [-0.9962f,0.0871f,-0.0031f,-0.25f,0.0872f,0.9956f,-0.0354f,1.375f,0f,-0.0355f,-0.9994f,0f,0f,0f,0f,1f],start_interpolation: 0,interpolation_duration: 1}
$data merge entity $(bone_short_sword) {transformation: [-1.1518f,0.1553f,-0.1016f,0.423f,-0.1062f,-0.0277f,1.1615f,0.8472f,0.1522f,1.156f,0.0415f,-0.0089f,0f,0f,0f,1f],start_interpolation: 0,interpolation_duration: 1}
$data merge entity $(bone_left_forearm) {transformation: [-0.9873f,-0.0871f,-0.1331f,0.399f,-0.091f,0.9956f,0.0237f,1.1059f,0.1304f,0.0355f,-0.9908f,-0.01f,0f,0f,0f,1f],start_interpolation: 0,interpolation_duration: 1}
$data merge entity $(bone_left_arm) {transformation: [-0.9962f,-0.0871f,-0.0031f,0.25f,-0.0872f,0.9956f,0.0354f,1.375f,0f,0.0355f,-0.9994f,0f,0f,0f,0f,1f],start_interpolation: 0,interpolation_duration: 1}
$data merge entity $(bone_right_dress) {transformation: [-0.9763f,-0.2162f,-0.0091f,-0.1936f,-0.2164f,0.9754f,0.041f,0.8588f,0f,0.042f,-0.9991f,-0.0078f,0f,0f,0f,1f],start_interpolation: 0,interpolation_duration: 1}
$data merge entity $(bone_left_dress) {transformation: [-0.9763f,0.2154f,-0.0213f,0.1311f,0.2164f,0.9716f,-0.0961f,0.8588f,0f,-0.0984f,-0.9951f,-0.0078f,0f,0f,0f,1f],start_interpolation: 0,interpolation_duration: 1}
$data merge entity $(bone_lower_right_leg) {transformation: [-0.999f,0.0433f,0.0056f,-0.1413f,0.0436f,0.9909f,0.1272f,0.3768f,0f,0.1273f,-0.9919f,-0.0333f,0f,0f,0f,1f],start_interpolation: 0,interpolation_duration: 1}
$data merge entity $(bone_right_leg) {transformation: [-0.999f,0.0434f,0.0039f,-0.125f,0.0436f,0.9951f,0.0887f,0.75f,0f,0.0888f,-0.9961f,0f,0f,0f,0f,1f],start_interpolation: 0,interpolation_duration: 1}
$data merge entity $(bone_lower_left_leg) {transformation: [-0.999f,-0.0434f,0.0042f,0.1412f,-0.0436f,0.9944f,-0.0967f,0.38f,0f,-0.0968f,-0.9953f,0.0585f,0f,0f,0f,1f],start_interpolation: 0,interpolation_duration: 1}
$data merge entity $(bone_left_leg) {transformation: [-0.999f,-0.0431f,0.0068f,0.125f,-0.0436f,0.9868f,-0.156f,0.75f,0f,-0.1561f,-0.9877f,0f,0f,0f,0f,1f],start_interpolation: 0,interpolation_duration: 1}
$data merge entity $(bone_pony_tail) {transformation: [-0.9998f,0.0178f,0f,0f,0.0177f,0.996f,0.0872f,1.5203f,0.0015f,0.0871f,-0.9962f,-0.2308f,0f,0f,0f,1f],start_interpolation: 0,interpolation_duration: 1}