# This file was generated by Animated Java via MC-Build. It is not recommended to edit this file directly.
$data merge entity $(bone_saber) {transformation: [-1.3506f,-0.2283f,0.1194f,-0.4123f,0.0988f,0.1299f,1.3653f,-1.1723f,-0.238f,1.3497f,-0.1112f,0.0601f,0f,0f,0f,1f],start_interpolation: 0,interpolation_duration: 1}
$data merge entity $(bone_right_forearm) {transformation: [-0.9823f,0.0869f,0.166f,-0.399f,0.0718f,0.9929f,-0.0945f,-0.8621f,-0.1731f,-0.0809f,-0.9816f,0.0228f,0f,0f,0f,1f],start_interpolation: 0,interpolation_duration: 1}
$data merge entity $(bone_right_arm) {transformation: [-0.9962f,0.0869f,-0.0071f,-0.25f,0.0872f,0.9929f,-0.0806f,-0.5937f,0f,-0.0809f,-0.9967f,0f,0f,0f,0f,1f],start_interpolation: 0,interpolation_duration: 1}
$data merge entity $(bone_short_sword) {transformation: [-1.1512f,0.1599f,-0.1013f,0.4229f,-0.1131f,-0.0799f,1.1584f,-1.1205f,0.1518f,1.1529f,0.0944f,-0.0335f,0f,0f,0f,1f],start_interpolation: 0,interpolation_duration: 1}
$data merge entity $(bone_left_forearm) {transformation: [-0.9868f,-0.0869f,-0.137f,0.399f,-0.0969f,0.9929f,0.0685f,-0.8621f,0.1301f,0.0809f,-0.9882f,-0.0228f,0f,0f,0f,1f],start_interpolation: 0,interpolation_duration: 1}
$data merge entity $(bone_left_arm) {transformation: [-0.9962f,-0.0869f,-0.0071f,0.25f,-0.0872f,0.9929f,0.0806f,-0.5937f,0f,0.0809f,-0.9967f,0f,0f,0f,0f,1f],start_interpolation: 0,interpolation_duration: 1}
$data merge entity $(bone_right_dress) {transformation: [-0.9763f,-0.2157f,-0.0178f,-0.1936f,-0.2164f,0.973f,0.0803f,-1.1099f,0f,0.0823f,-0.9966f,-0.0078f,0f,0f,0f,1f],start_interpolation: 0,interpolation_duration: 1}
$data merge entity $(bone_left_dress) {transformation: [-0.9763f,0.2134f,-0.0362f,0.1311f,0.2164f,0.9626f,-0.1632f,-1.1099f,0f,-0.1671f,-0.9859f,-0.0078f,0f,0f,0f,1f],start_interpolation: 0,interpolation_duration: 1}
$data merge entity $(bone_lower_right_leg) {transformation: [-0.999f,0.0423f,0.0107f,-0.141f,0.0436f,0.9686f,0.2447f,-1.5857f,0f,0.245f,-0.9695f,-0.0754f,0f,0f,0f,1f],start_interpolation: 0,interpolation_duration: 1}
$data merge entity $(bone_right_leg) {transformation: [-0.999f,0.0427f,0.0088f,-0.125f,0.0436f,0.9786f,0.2009f,-1.2187f,0f,0.2011f,-0.9796f,0f,0f,0f,0f,1f],start_interpolation: 0,interpolation_duration: 1}
$data merge entity $(bone_lower_left_leg) {transformation: [-0.999f,-0.0432f,0.0057f,0.141f,-0.0436f,0.9905f,-0.1304f,-1.5846f,0f,-0.1305f,-0.9914f,0.0808f,0f,0f,0f,1f],start_interpolation: 0,interpolation_duration: 1}
$data merge entity $(bone_left_leg) {transformation: [-0.999f,-0.0426f,0.0094f,0.125f,-0.0436f,0.9756f,-0.2152f,-1.2187f,0f,-0.2154f,-0.9765f,0f,0f,0f,0f,1f],start_interpolation: 0,interpolation_duration: 1}
$data merge entity $(bone_pony_tail) {transformation: [-0.9992f,0.0405f,0f,0f,0.0403f,0.9954f,0.0872f,-0.4484f,0.0035f,0.0871f,-0.9962f,-0.2308f,0f,0f,0f,1f],start_interpolation: 0,interpolation_duration: 1}
data modify entity @s data merge value {"cameras":{},"locators":{"locator":{"posx":-0.8626341630169225,"posy":-0.9136391655270273,"posz":2.6329003817418632,"roty":47.039852690942524,"rotx":83.18275011964954},"locator2":{"posx":-0.8033919765438974,"posy":-0.3610222128718785,"posz":2.5260483018368256,"roty":47.039852690942524,"rotx":83.18275011964954},"locator3":{"posx":-0.7392014176839579,"posy":0.1236305577177721,"posz":2.3629033843155494,"roty":47.039852690942524,"rotx":83.18275011964954},"locator4":{"posx":-0.6542553512329679,"posy":0.5964711911205562,"posz":2.0770609431040357,"roty":47.039852690942524,"rotx":83.18275011964954},"locator5":{"posx":-0.9011208418988967,"posy":-1.4780682553690427,"posz":2.617054937956662,"roty":47.039852690942524,"rotx":83.18275011964954},"saber_hitbox":{"posx":-0.5255755991186201,"posy":-1.097849758684048,"posz":0.7337931250297647,"roty":47.039852690942524,"rotx":83.18275011964954},"locator6":{"posx":0.7401922383618685,"posy":-1.2693113632583979,"posz":2.2620270120372665,"roty":227.03985269094287,"rotx":83.1827501196496},"locator7":{"posx":0.6827640789082515,"posy":-0.7065057533386154,"posz":2.2457681084890098,"roty":227.03985269094287,"rotx":83.1827501196496},"locator8":{"posx":0.6222015740871282,"posy":-0.20147566821969698,"posz":2.1626910591036976,"roty":227.03985269094287,"rotx":83.1827501196496},"locator9":{"posx":0.5445116157137703,"posy":0.31211959424162217,"posz":1.9560895665020361,"roty":227.03985269094287,"rotx":83.1827501196496},"locator10":{"posx":0.7804929442632509,"posy":-1.8235517958357794,"posz":2.1547614723691737,"roty":227.03985269094287,"rotx":83.1827501196496},"short_sword_hitbox":{"posx":0.49184416185446606,"posy":-1.1451162917935842,"posz":0.4709225854001922,"roty":227.03985269094287,"rotx":83.1827501196496}}}