# This file was generated by Animated Java via MC-Build. It is not recommended to edit this file directly.
$data merge entity $(bone_saber) {transformation: [-1.3504f,-0.2295f,0.1195f,-0.4124f,0.1011f,0.1166f,1.3663f,0.7959f,-0.2382f,1.3507f,-0.0977f,0.0542f,0f,0f,0f,1f],start_interpolation: 0,interpolation_duration: 1}
$data merge entity $(bone_right_forearm) {transformation: [-0.9821f,0.0869f,0.1669f,-0.399f,0.0735f,0.9937f,-0.0848f,1.1064f,-0.1732f,-0.071f,-0.9823f,0.02f,0f,0f,0f,1f],start_interpolation: 0,interpolation_duration: 1}
$data merge entity $(bone_right_arm) {transformation: [-0.9962f,0.0869f,-0.0062f,-0.25f,0.0872f,0.9937f,-0.0708f,1.375f,0f,-0.071f,-0.9975f,0f,0f,0f,0f,1f],start_interpolation: 0,interpolation_duration: 1}
$data merge entity $(bone_short_sword) {transformation: [-1.1513f,0.1589f,-0.1014f,0.423f,-0.1116f,-0.0686f,1.1593f,0.8479f,0.1519f,1.1538f,0.0829f,-0.0281f,0f,0f,0f,1f],start_interpolation: 0,interpolation_duration: 1}
$data merge entity $(bone_left_forearm) {transformation: [-0.9869f,-0.0869f,-0.1362f,0.399f,-0.0956f,0.9937f,0.0588f,1.1064f,0.1302f,0.071f,-0.9889f,-0.02f,0f,0f,0f,1f],start_interpolation: 0,interpolation_duration: 1}
$data merge entity $(bone_left_arm) {transformation: [-0.9962f,-0.0869f,-0.0062f,0.25f,-0.0872f,0.9937f,0.0708f,1.375f,0f,0.071f,-0.9975f,0f,0f,0f,0f,1f],start_interpolation: 0,interpolation_duration: 1}
$data merge entity $(bone_right_dress) {transformation: [-0.9763f,-0.2158f,-0.0161f,-0.1936f,-0.2164f,0.9736f,0.0725f,0.8588f,0f,0.0743f,-0.9972f,-0.0078f,0f,0f,0f,1f],start_interpolation: 0,interpolation_duration: 1}
$data merge entity $(bone_left_dress) {transformation: [-0.9763f,0.2139f,-0.0331f,0.1311f,0.2164f,0.9648f,-0.1493f,0.8588f,0f,-0.1529f,-0.9882f,-0.0078f,0f,0f,0f,1f],start_interpolation: 0,interpolation_duration: 1}
$data merge entity $(bone_lower_right_leg) {transformation: [-0.999f,0.0426f,0.0096f,-0.1411f,0.0436f,0.9747f,0.2194f,0.3813f,0f,0.2196f,-0.9756f,-0.0663f,0f,0f,0f,1f],start_interpolation: 0,interpolation_duration: 1}
$data merge entity $(bone_right_leg) {transformation: [-0.999f,0.0429f,0.0077f,-0.125f,0.0436f,0.9833f,0.1767f,0.75f,0f,0.1768f,-0.9842f,0f,0f,0f,0f,1f],start_interpolation: 0,interpolation_duration: 1}
$data merge entity $(bone_lower_left_leg) {transformation: [-0.999f,-0.0433f,0.0055f,0.141f,-0.0436f,0.9911f,-0.1256f,0.3833f,0f,-0.1257f,-0.9921f,0.077f,0f,0f,0f,1f],start_interpolation: 0,interpolation_duration: 1}
$data merge entity $(bone_left_leg) {transformation: [-0.999f,-0.0427f,0.009f,0.125f,-0.0436f,0.9778f,-0.2052f,0.75f,0f,-0.2054f,-0.9787f,0f,0f,0f,0f,1f],start_interpolation: 0,interpolation_duration: 1}
$data merge entity $(bone_pony_tail) {transformation: [-0.9994f,0.0355f,0f,0f,0.0354f,0.9956f,0.0872f,1.5203f,0.0031f,0.0871f,-0.9962f,-0.2308f,0f,0f,0f,1f],start_interpolation: 0,interpolation_duration: 1}