# This file was generated by Animated Java via MC-Build. It is not recommended to edit this file directly.
$data merge entity $(bone_saber) {transformation: [-1.3503f,-0.2302f,0.1196f,-0.4124f,0.1026f,0.1083f,1.3669f,-1.1732f,-0.2383f,1.3513f,-0.0892f,0.0506f,0f,0f,0f,1f],start_interpolation: 0,interpolation_duration: 1}
$data merge entity $(bone_right_forearm) {transformation: [-0.982f,0.087f,0.1674f,-0.399f,0.0746f,0.9941f,-0.0788f,-0.8624f,-0.1733f,-0.0649f,-0.9827f,0.0182f,0f,0f,0f,1f],start_interpolation: 0,interpolation_duration: 1}
$data merge entity $(bone_right_arm) {transformation: [-0.9962f,0.087f,-0.0057f,-0.25f,0.0872f,0.9941f,-0.0646f,-0.5937f,0f,-0.0649f,-0.9979f,0f,0f,0f,0f,1f],start_interpolation: 0,interpolation_duration: 1}
$data merge entity $(bone_short_sword) {transformation: [-1.1514f,0.1582f,-0.1015f,0.423f,-0.1107f,-0.0615f,1.1598f,-1.121f,0.152f,1.1542f,0.0757f,-0.0248f,0f,0f,0f,1f],start_interpolation: 0,interpolation_duration: 1}
$data merge entity $(bone_left_forearm) {transformation: [-0.9869f,-0.087f,-0.1356f,0.399f,-0.0948f,0.9941f,0.0527f,-0.8624f,0.1303f,0.0649f,-0.9894f,-0.0182f,0f,0f,0f,1f],start_interpolation: 0,interpolation_duration: 1}
$data merge entity $(bone_left_arm) {transformation: [-0.9962f,-0.087f,-0.0057f,0.25f,-0.0872f,0.9941f,0.0646f,-0.5937f,0f,0.0649f,-0.9979f,0f,0f,0f,0f,1f],start_interpolation: 0,interpolation_duration: 1}
$data merge entity $(bone_right_dress) {transformation: [-0.9763f,-0.2159f,-0.0149f,-0.1936f,-0.2164f,0.974f,0.0674f,-1.1099f,0f,0.0691f,-0.9976f,-0.0078f,0f,0f,0f,1f],start_interpolation: 0,interpolation_duration: 1}
$data merge entity $(bone_left_dress) {transformation: [-0.9763f,0.2148f,-0.0265f,0.1311f,0.2164f,0.969f,-0.1193f,-1.1099f,0f,-0.1222f,-0.9925f,-0.0078f,0f,0f,0f,1f],start_interpolation: 0,interpolation_duration: 1}
$data merge entity $(bone_lower_right_leg) {transformation: [-0.999f,0.0429f,0.0079f,-0.1411f,0.0436f,0.9823f,0.1821f,-1.5885f,0f,0.1822f,-0.9833f,-0.0606f,0f,0f,0f,1f],start_interpolation: 0,interpolation_duration: 1}
$data merge entity $(bone_right_leg) {transformation: [-0.999f,0.043f,0.007f,-0.125f,0.0436f,0.9859f,0.1615f,-1.2187f,0f,0.1616f,-0.9869f,0f,0f,0f,0f,1f],start_interpolation: 0,interpolation_duration: 1}
$data merge entity $(bone_lower_left_leg) {transformation: [-0.999f,-0.0434f,0.0044f,0.1412f,-0.0436f,0.994f,-0.1003f,-1.5888f,0f,-0.1004f,-0.995f,0.0583f,0f,0f,0f,1f],start_interpolation: 0,interpolation_duration: 1}
$data merge entity $(bone_left_leg) {transformation: [-0.999f,-0.0431f,0.0068f,0.125f,-0.0436f,0.9869f,-0.1553f,-1.2187f,0f,-0.1554f,-0.9879f,0f,0f,0f,0f,1f],start_interpolation: 0,interpolation_duration: 1}
$data merge entity $(bone_pony_tail) {transformation: [-0.9995f,0.0325f,0f,0f,0.0323f,0.9957f,0.0872f,-0.4484f,0.0028f,0.0871f,-0.9962f,-0.2308f,0f,0f,0f,1f],start_interpolation: 0,interpolation_duration: 1}
data modify entity @s data merge value {"cameras":{},"locators":{"locator":{"posx":-0.8663144692048,"posy":-0.9557052577446452,"posz":2.626586945549925,"roty":53.2772942759988,"rotx":83.77077502333194},"locator2":{"posx":-0.806928996936511,"posy":-0.4014505409553857,"posz":2.528670784471531,"roty":53.2772942759988,"rotx":83.77077502333194},"locator3":{"posx":-0.7425156201117022,"posy":0.085749050626716,"posz":2.373388863926161,"roty":53.2772942759988,"rotx":83.77077502333194},"locator4":{"posx":-0.6571749206315006,"posy":0.5631003601937852,"posz":2.0952653441245563,"roty":53.2772942759988,"rotx":83.77077502333194},"locator5":{"posx":-0.9047726188176962,"posy":-1.519808256548937,"posz":2.6016615073720843,"roty":53.2772942759988,"rotx":83.77077502333194},"saber_hitbox":{"posx":-0.5265965587631346,"posy":-1.109519380819858,"posz":0.7252496931160619,"roty":53.2772942759988,"rotx":83.77077502333194},"locator6":{"posx":0.7370187115655016,"posy":-1.2330377859917079,"posz":2.273227153306705,"roty":233.27729427599905,"rotx":83.77077502333194},"locator7":{"posx":0.6796196603544713,"posy":-0.6705648848071346,"posz":2.247887769867425,"roty":233.27729427599905,"rotx":83.77077502333194},"locator8":{"posx":0.6191791256441805,"posy":-0.16692892443440543,"posz":2.156658601377446,"roty":233.27729427599905,"rotx":83.77077502333194},"locator9":{"posx":0.5417841103930147,"posy":0.3432951227139187,"posz":1.941759943108353,"roty":233.27729427599905,"rotx":83.77077502333194},"locator10":{"posx":0.7774632822356566,"posy":-1.7889226004006857,"posz":2.174897046966872,"roty":233.27729427599905,"rotx":83.77077502333194},"short_sword_hitbox":{"posx":0.49117874372281245,"posy":-1.1375105277455773,"posz":0.4800195515095564,"roty":233.27729427599905,"rotx":83.77077502333194}}}