# This file was generated by Animated Java via MC-Build. It is not recommended to edit this file directly.
$data merge entity $(bone_saber) {transformation: [-1.3507f,-0.2281f,0.1194f,-0.4123f,0.0983f,0.1324f,1.3651f,-1.1722f,-0.2379f,1.3495f,-0.1138f,0.0612f,0f,0f,0f,1f],start_interpolation: 0,interpolation_duration: 1}
$data merge entity $(bone_right_forearm) {transformation: [-0.9823f,0.0869f,0.1659f,-0.399f,0.0715f,0.9928f,-0.0963f,-0.8621f,-0.1731f,-0.0827f,-0.9814f,0.0233f,0f,0f,0f,1f],start_interpolation: 0,interpolation_duration: 1}
$data merge entity $(bone_right_arm) {transformation: [-0.9962f,0.0869f,-0.0072f,-0.25f,0.0872f,0.9928f,-0.0824f,-0.5937f,0f,-0.0827f,-0.9966f,0f,0f,0f,0f,1f],start_interpolation: 0,interpolation_duration: 1}
$data merge entity $(bone_short_sword) {transformation: [-1.1512f,0.16f,-0.1013f,0.4229f,-0.1134f,-0.0821f,1.1582f,-1.1205f,0.1518f,1.1527f,0.0965f,-0.0344f,0f,0f,0f,1f],start_interpolation: 0,interpolation_duration: 1}
$data merge entity $(bone_left_forearm) {transformation: [-0.9867f,-0.0869f,-0.1372f,0.399f,-0.0972f,0.9928f,0.0703f,-0.8621f,0.1301f,0.0827f,-0.988f,-0.0233f,0f,0f,0f,1f],start_interpolation: 0,interpolation_duration: 1}
$data merge entity $(bone_left_arm) {transformation: [-0.9962f,-0.0869f,-0.0072f,0.25f,-0.0872f,0.9928f,0.0824f,-0.5937f,0f,0.0827f,-0.9966f,0f,0f,0f,0f,1f],start_interpolation: 0,interpolation_duration: 1}
$data merge entity $(bone_right_dress) {transformation: [-0.9763f,-0.2157f,-0.0181f,-0.1936f,-0.2164f,0.9729f,0.0817f,-1.1099f,0f,0.0837f,-0.9965f,-0.0078f,0f,0f,0f,1f],start_interpolation: 0,interpolation_duration: 1}
$data merge entity $(bone_left_dress) {transformation: [-0.9763f,0.2133f,-0.0367f,0.1311f,0.2164f,0.9622f,-0.1655f,-1.1099f,0f,-0.1696f,-0.9855f,-0.0078f,0f,0f,0f,1f],start_interpolation: 0,interpolation_duration: 1}
$data merge entity $(bone_lower_right_leg) {transformation: [-0.999f,0.0422f,0.0109f,-0.141f,0.0436f,0.9674f,0.2493f,-1.5854f,0f,0.2495f,-0.9684f,-0.0771f,0f,0f,0f,1f],start_interpolation: 0,interpolation_duration: 1}
$data merge entity $(bone_right_leg) {transformation: [-0.999f,0.0427f,0.009f,-0.125f,0.0436f,0.9777f,0.2054f,-1.2187f,0f,0.2056f,-0.9786f,0f,0f,0f,0f,1f],start_interpolation: 0,interpolation_duration: 1}
$data merge entity $(bone_lower_left_leg) {transformation: [-0.999f,-0.0432f,0.0057f,0.141f,-0.0436f,0.9904f,-0.131f,-1.5845f,0f,-0.1311f,-0.9914f,0.0813f,0f,0f,0f,1f],start_interpolation: 0,interpolation_duration: 1}
$data merge entity $(bone_left_leg) {transformation: [-0.999f,-0.0426f,0.0095f,0.125f,-0.0436f,0.9753f,-0.2166f,-1.2187f,0f,-0.2168f,-0.9762f,0f,0f,0f,0f,1f],start_interpolation: 0,interpolation_duration: 1}
$data merge entity $(bone_pony_tail) {transformation: [-0.9991f,0.0414f,0f,0f,0.0412f,0.9953f,0.0872f,-0.4484f,0.0036f,0.0871f,-0.9962f,-0.2308f,0f,0f,0f,1f],start_interpolation: 0,interpolation_duration: 1}