# This file was generated by Animated Java via MC-Build. It is not recommended to edit this file directly.
$data merge entity $(bone_saber) {transformation: [-1.3499f,-0.2328f,0.1197f,-0.4125f,0.1077f,0.0792f,1.3685f,-1.1741f,-0.2385f,1.3528f,-0.0595f,0.0378f,0f,0f,0f,1f],start_interpolation: 0,interpolation_duration: 1}
$data merge entity $(bone_right_forearm) {transformation: [-0.9817f,0.0871f,0.1693f,-0.399f,0.0783f,0.9953f,-0.0576f,-0.8628f,-0.1735f,-0.0433f,-0.9839f,0.0122f,0f,0f,0f,1f],start_interpolation: 0,interpolation_duration: 1}
$data merge entity $(bone_right_arm) {transformation: [-0.9962f,0.0871f,-0.0038f,-0.25f,0.0872f,0.9953f,-0.0431f,-0.5937f,0f,-0.0433f,-0.9991f,0f,0f,0f,0f,1f],start_interpolation: 0,interpolation_duration: 1}
$data merge entity $(bone_short_sword) {transformation: [-1.1517f,0.1561f,-0.1016f,0.423f,-0.1074f,-0.0366f,1.1611f,-1.1214f,0.1521f,1.1556f,0.0505f,-0.0131f,0f,0f,0f,1f],start_interpolation: 0,interpolation_duration: 1}
$data merge entity $(bone_left_forearm) {transformation: [-0.9872f,-0.0871f,-0.1338f,0.399f,-0.092f,0.9953f,0.0314f,-0.8628f,0.1304f,0.0433f,-0.9905f,-0.0122f,0f,0f,0f,1f],start_interpolation: 0,interpolation_duration: 1}
$data merge entity $(bone_left_arm) {transformation: [-0.9962f,-0.0871f,-0.0038f,0.25f,-0.0872f,0.9953f,0.0431f,-0.5937f,0f,0.0433f,-0.9991f,0f,0f,0f,0f,1f],start_interpolation: 0,interpolation_duration: 1}
$data merge entity $(bone_right_dress) {transformation: [-0.9763f,-0.2162f,-0.0107f,-0.1936f,-0.2164f,0.9751f,0.0484f,-1.1099f,0f,0.0495f,-0.9988f,-0.0078f,0f,0f,0f,1f],start_interpolation: 0,interpolation_duration: 1}
$data merge entity $(bone_left_dress) {transformation: [-0.9763f,0.2158f,-0.0169f,0.1311f,0.2164f,0.9733f,-0.0763f,-1.1099f,0f,-0.0781f,-0.9969f,-0.0078f,0f,0f,0f,1f],start_interpolation: 0,interpolation_duration: 1}
$data merge entity $(bone_lower_right_leg) {transformation: [-0.999f,0.0433f,0.005f,-0.1413f,0.0436f,0.9924f,0.1148f,-1.5912f,0f,0.1149f,-0.9934f,-0.0405f,0f,0f,0f,1f],start_interpolation: 0,interpolation_duration: 1}
$data merge entity $(bone_right_leg) {transformation: [-0.999f,0.0434f,0.0047f,-0.125f,0.0436f,0.9932f,0.1079f,-1.2187f,0f,0.108f,-0.9942f,0f,0f,0f,0f,1f],start_interpolation: 0,interpolation_duration: 1}
$data merge entity $(bone_lower_left_leg) {transformation: [-0.999f,-0.0435f,0.0031f,0.1413f,-0.0436f,0.9964f,-0.0721f,-1.5914f,0f,-0.0722f,-0.9974f,0.0389f,0f,0f,0f,1f],start_interpolation: 0,interpolation_duration: 1}
$data merge entity $(bone_left_leg) {transformation: [-0.999f,-0.0434f,0.0045f,0.125f,-0.0436f,0.9936f,-0.1037f,-1.2187f,0f,-0.1038f,-0.9946f,0f,0f,0f,0f,1f],start_interpolation: 0,interpolation_duration: 1}
$data merge entity $(bone_pony_tail) {transformation: [-0.9998f,0.0216f,0f,0f,0.0216f,0.996f,0.0872f,-0.4484f,0.0019f,0.0871f,-0.9962f,-0.2308f,0f,0f,0f,1f],start_interpolation: 0,interpolation_duration: 1}