# This file was generated by Animated Java via MC-Build. It is not recommended to edit this file directly.
$data merge entity $(bone_saber) {transformation: [-1.3508f,-0.2276f,0.1194f,-0.4123f,0.0973f,0.1384f,1.3646f,-1.1719f,-0.2379f,1.349f,-0.1198f,0.0638f,0f,0f,0f,1f],start_interpolation: 0,interpolation_duration: 1}
$data merge entity $(bone_right_forearm) {transformation: [-0.9824f,0.0868f,0.1655f,-0.3989f,0.0708f,0.9924f,-0.1006f,-0.862f,-0.173f,-0.0872f,-0.9811f,0.0245f,0f,0f,0f,1f],start_interpolation: 0,interpolation_duration: 1}
$data merge entity $(bone_right_arm) {transformation: [-0.9962f,0.0868f,-0.0076f,-0.25f,0.0872f,0.9924f,-0.0868f,-0.5937f,0f,-0.0872f,-0.9962f,0f,0f,0f,0f,1f],start_interpolation: 0,interpolation_duration: 1}
$data merge entity $(bone_short_sword) {transformation: [-1.1511f,0.1605f,-0.1013f,0.4229f,-0.114f,-0.0872f,1.1578f,-1.1203f,0.1517f,1.1523f,0.1017f,-0.0368f,0f,0f,0f,1f],start_interpolation: 0,interpolation_duration: 1}
$data merge entity $(bone_left_forearm) {transformation: [-0.9867f,-0.0868f,-0.1376f,0.3989f,-0.0977f,0.9924f,0.0747f,-0.862f,0.13f,0.0872f,-0.9877f,-0.0245f,0f,0f,0f,1f],start_interpolation: 0,interpolation_duration: 1}
$data merge entity $(bone_left_arm) {transformation: [-0.9962f,-0.0868f,-0.0076f,0.25f,-0.0872f,0.9924f,0.0868f,-0.5937f,0f,0.0872f,-0.9962f,0f,0f,0f,0f,1f],start_interpolation: 0,interpolation_duration: 1}
$data merge entity $(bone_right_dress) {transformation: [-0.9763f,-0.2156f,-0.0189f,-0.1936f,-0.2164f,0.9726f,0.0851f,-1.1099f,0f,0.0872f,-0.9962f,-0.0078f,0f,0f,0f,1f],start_interpolation: 0,interpolation_duration: 1}
$data merge entity $(bone_left_dress) {transformation: [-0.9763f,0.2132f,-0.0376f,0.1311f,0.2164f,0.9615f,-0.1695f,-1.1099f,0f,-0.1736f,-0.9848f,-0.0078f,0f,0f,0f,1f],start_interpolation: 0,interpolation_duration: 1}
$data merge entity $(bone_lower_right_leg) {transformation: [-0.999f,0.0421f,0.0113f,-0.141f,0.0436f,0.965f,0.2586f,-1.5845f,0f,0.2588f,-0.9659f,-0.0812f,0f,0f,0f,1f],start_interpolation: 0,interpolation_duration: 1}
$data merge entity $(bone_right_leg) {transformation: [-0.999f,0.0426f,0.0094f,-0.125f,0.0436f,0.9754f,0.2162f,-1.2187f,0f,0.2164f,-0.9763f,0f,0f,0f,0f,1f],start_interpolation: 0,interpolation_duration: 1}
$data merge entity $(bone_lower_left_leg) {transformation: [-0.999f,-0.0432f,0.0057f,0.141f,-0.0436f,0.9905f,-0.1304f,-1.5845f,0f,-0.1305f,-0.9914f,0.0812f,0f,0f,0f,1f],start_interpolation: 0,interpolation_duration: 1}
$data merge entity $(bone_left_leg) {transformation: [-0.999f,-0.0426f,0.0094f,0.125f,-0.0436f,0.9754f,-0.2162f,-1.2187f,0f,-0.2164f,-0.9763f,0f,0f,0f,0f,1f],start_interpolation: 0,interpolation_duration: 1}
$data merge entity $(bone_pony_tail) {transformation: [-0.999f,0.0436f,0f,0f,0.0435f,0.9952f,0.0872f,-0.4484f,0.0038f,0.0871f,-0.9962f,-0.2308f,0f,0f,0f,1f],start_interpolation: 0,interpolation_duration: 1}