# This file was generated by Animated Java via MC-Build. It is not recommended to edit this file directly.
$data merge entity $(bone_saber) {transformation: [-1.3494f,-0.2355f,0.1198f,-0.4125f,0.1132f,0.0481f,1.3695f,-1.1748f,-0.2387f,1.3538f,-0.0278f,0.0241f,0f,0f,0f,1f],start_interpolation: 0,interpolation_duration: 1}
$data merge entity $(bone_right_forearm) {transformation: [-0.9814f,0.0871f,0.1712f,-0.399f,0.0823f,0.996f,-0.035f,-0.863f,-0.1736f,-0.0202f,-0.9846f,0.0057f,0f,0f,0f,1f],start_interpolation: 0,interpolation_duration: 1}
$data merge entity $(bone_right_arm) {transformation: [-0.9962f,0.0871f,-0.0018f,-0.25f,0.0872f,0.996f,-0.0202f,-0.5937f,0f,-0.0202f,-0.9998f,0f,0f,0f,0f,1f],start_interpolation: 0,interpolation_duration: 1}
$data merge entity $(bone_short_sword) {transformation: [-1.152f,0.1537f,-0.1017f,0.423f,-0.1039f,-0.0101f,1.162f,-1.1216f,0.1522f,1.1564f,0.0236f,-0.0006f,0f,0f,0f,1f],start_interpolation: 0,interpolation_duration: 1}
$data merge entity $(bone_left_forearm) {transformation: [-0.9874f,-0.0871f,-0.1318f,0.399f,-0.089f,0.996f,0.0086f,-0.863f,0.1305f,0.0202f,-0.9912f,-0.0057f,0f,0f,0f,1f],start_interpolation: 0,interpolation_duration: 1}
$data merge entity $(bone_left_arm) {transformation: [-0.9962f,-0.0871f,-0.0018f,0.25f,-0.0872f,0.996f,0.0202f,-0.5937f,0f,0.0202f,-0.9998f,0f,0f,0f,0f,1f],start_interpolation: 0,interpolation_duration: 1}
$data merge entity $(bone_right_dress) {transformation: [-0.9763f,-0.2164f,-0.0056f,-0.1936f,-0.2164f,0.976f,0.0252f,-1.1099f,0f,0.0258f,-0.9997f,-0.0078f,0f,0f,0f,1f],start_interpolation: 0,interpolation_duration: 1}
$data merge entity $(bone_left_dress) {transformation: [-0.9763f,0.2163f,-0.0074f,0.1311f,0.2164f,0.9757f,-0.0334f,-1.1099f,0f,-0.0342f,-0.9994f,-0.0078f,0f,0f,0f,1f],start_interpolation: 0,interpolation_duration: 1}
$data merge entity $(bone_lower_right_leg) {transformation: [-0.999f,0.0436f,0.0021f,-0.1413f,0.0436f,0.9979f,0.0488f,-1.5929f,0f,0.0488f,-0.9988f,-0.019f,0f,0f,0f,1f],start_interpolation: 0,interpolation_duration: 1}
$data merge entity $(bone_right_leg) {transformation: [-0.999f,0.0436f,0.0022f,-0.125f,0.0436f,0.9978f,0.0505f,-1.2187f,0f,0.0506f,-0.9987f,0f,0f,0f,0f,1f],start_interpolation: 0,interpolation_duration: 1}
$data merge entity $(bone_lower_left_leg) {transformation: [-0.999f,-0.0436f,0.0017f,0.1413f,-0.0436f,0.9983f,-0.038f,-1.5929f,0f,-0.038f,-0.9993f,0.0184f,0f,0f,0f,1f],start_interpolation: 0,interpolation_duration: 1}
$data merge entity $(bone_left_leg) {transformation: [-0.999f,-0.0436f,0.0021f,0.125f,-0.0436f,0.9978f,-0.0492f,-1.2187f,0f,-0.0492f,-0.9988f,0f,0f,0f,0f,1f],start_interpolation: 0,interpolation_duration: 1}
$data merge entity $(bone_pony_tail) {transformation: [-0.9999f,0.0101f,0f,0f,0.0101f,0.9961f,0.0872f,-0.4484f,0.0009f,0.0872f,-0.9962f,-0.2308f,0f,0f,0f,1f],start_interpolation: 0,interpolation_duration: 1}
data modify entity @s data merge value {"cameras":{},"locators":{"saber_hitbox":{"posx":-0.5186699545951943,"posy":-1.143442217858482,"posz":0.6389618014587758,"roty":76.92070025708743,"rotx":84.86753642051983},"short_sword_hitbox":{"posx":0.48102497240925507,"posy":-1.1150536468477177,"posz":0.44272171035248903,"roty":256.9207002570877,"rotx":84.8675364205199}}}