# This file was generated by Animated Java via MC-Build. It is not recommended to edit this file directly.
$data merge entity $(bone_saber) {transformation: [-1.3482f,-0.2421f,0.1198f,-0.4126f,0.1265f,-0.0271f,1.3689f,0.7935f,-0.2386f,1.3533f,0.0489f,-0.009f,0f,0f,0f,1f],start_interpolation: 0,interpolation_duration: 1}
$data merge entity $(bone_right_forearm) {transformation: [-0.9805f,0.0871f,0.176f,-0.399f,0.092f,0.9956f,0.0197f,1.1059f,-0.1735f,0.0355f,-0.9842f,-0.01f,0f,0f,0f,1f],start_interpolation: 0,interpolation_duration: 1}
$data merge entity $(bone_right_arm) {transformation: [-0.9962f,0.0871f,0.0031f,-0.25f,0.0872f,0.9956f,0.0354f,1.375f,0f,0.0355f,-0.9994f,0f,0f,0f,0f,1f],start_interpolation: 0,interpolation_duration: 1}
$data merge entity $(bone_short_sword) {transformation: [-1.1528f,0.1481f,-0.1016f,0.423f,-0.0954f,0.0542f,1.1615f,0.848f,0.1522f,1.156f,-0.0415f,0.0295f,0f,0f,0f,1f],start_interpolation: 0,interpolation_duration: 1}
$data merge entity $(bone_left_forearm) {transformation: [-0.9881f,-0.0871f,-0.127f,0.399f,-0.0818f,0.9956f,-0.0465f,1.1059f,0.1304f,-0.0355f,-0.9908f,0.01f,0f,0f,0f,1f],start_interpolation: 0,interpolation_duration: 1}
$data merge entity $(bone_left_arm) {transformation: [-0.9962f,-0.0871f,0.0031f,0.25f,-0.0872f,0.9956f,-0.0354f,1.375f,0f,-0.0355f,-0.9994f,0f,0f,0f,0f,1f],start_interpolation: 0,interpolation_duration: 1}
$data merge entity $(bone_right_dress) {transformation: [-0.9763f,-0.216f,0.014f,-0.1936f,-0.2164f,0.9743f,-0.0631f,0.8588f,0f,-0.0646f,-0.9979f,-0.0078f,0f,0f,0f,1f],start_interpolation: 0,interpolation_duration: 1}
$data merge entity $(bone_left_dress) {transformation: [-0.9763f,0.2162f,0.0094f,0.1311f,0.2164f,0.9754f,0.0426f,0.8588f,0f,0.0436f,-0.999f,-0.0078f,0f,0f,0f,1f],start_interpolation: 0,interpolation_duration: 1}
$data merge entity $(bone_lower_right_leg) {transformation: [-0.999f,0.0436f,-0.0022f,-0.1413f,0.0436f,0.9978f,-0.05f,0.3768f,0f,-0.0501f,-0.9987f,0.0333f,0f,0f,0f,1f],start_interpolation: 0,interpolation_duration: 1}
$data merge entity $(bone_right_leg) {transformation: [-0.999f,0.0434f,-0.0039f,-0.125f,0.0436f,0.9951f,-0.0887f,0.75f,0f,-0.0888f,-0.9961f,0f,0f,0f,0f,1f],start_interpolation: 0,interpolation_duration: 1}
$data merge entity $(bone_lower_left_leg) {transformation: [-0.999f,-0.0434f,-0.0043f,0.1413f,-0.0436f,0.9942f,0.0983f,0.3769f,0f,0.0984f,-0.9951f,-0.0345f,0f,0f,0f,1f],start_interpolation: 0,interpolation_duration: 1}
$data merge entity $(bone_left_leg) {transformation: [-0.999f,-0.0434f,-0.004f,0.125f,-0.0436f,0.9948f,0.0919f,0.75f,0f,0.092f,-0.9958f,0f,0f,0f,0f,1f],start_interpolation: 0,interpolation_duration: 1}
$data merge entity $(bone_pony_tail) {transformation: [-0.9998f,-0.0178f,0f,0f,-0.0177f,0.996f,0.0872f,1.5203f,-0.0015f,0.0871f,-0.9962f,-0.2308f,0f,0f,0f,1f],start_interpolation: 0,interpolation_duration: 1}