# This file was generated by Animated Java via MC-Build. It is not recommended to edit this file directly.
$data merge entity $(bone_saber) {transformation: [-1.3504f,-0.2295f,0.1195f,-0.4124f,0.1011f,0.1166f,1.3663f,0.7959f,-0.2382f,1.3507f,-0.0977f,0.0542f,0f,0f,0f,1f],start_interpolation: 0,interpolation_duration: 1}
$data merge entity $(bone_right_forearm) {transformation: [-0.9821f,0.0869f,0.1669f,-0.399f,0.0735f,0.9937f,-0.0848f,1.1064f,-0.1732f,-0.071f,-0.9823f,0.02f,0f,0f,0f,1f],start_interpolation: 0,interpolation_duration: 1}
$data merge entity $(bone_right_arm) {transformation: [-0.9962f,0.0869f,-0.0062f,-0.25f,0.0872f,0.9937f,-0.0708f,1.375f,0f,-0.071f,-0.9975f,0f,0f,0f,0f,1f],start_interpolation: 0,interpolation_duration: 1}
$data merge entity $(bone_short_sword) {transformation: [-1.1513f,0.1589f,-0.1014f,0.423f,-0.1116f,-0.0686f,1.1593f,0.8479f,0.1519f,1.1538f,0.0829f,-0.0281f,0f,0f,0f,1f],start_interpolation: 0,interpolation_duration: 1}
$data merge entity $(bone_left_forearm) {transformation: [-0.9869f,-0.0869f,-0.1362f,0.399f,-0.0956f,0.9937f,0.0588f,1.1064f,0.1302f,0.071f,-0.9889f,-0.02f,0f,0f,0f,1f],start_interpolation: 0,interpolation_duration: 1}
$data merge entity $(bone_left_arm) {transformation: [-0.9962f,-0.0869f,-0.0062f,0.25f,-0.0872f,0.9937f,0.0708f,1.375f,0f,0.071f,-0.9975f,0f,0f,0f,0f,1f],start_interpolation: 0,interpolation_duration: 1}
$data merge entity $(bone_right_dress) {transformation: [-0.9763f,-0.2158f,-0.0161f,-0.1936f,-0.2164f,0.9736f,0.0725f,0.8588f,0f,0.0743f,-0.9972f,-0.0078f,0f,0f,0f,1f],start_interpolation: 0,interpolation_duration: 1}
$data merge entity $(bone_left_dress) {transformation: [-0.9763f,0.2144f,-0.0293f,0.1311f,0.2164f,0.9673f,-0.1321f,0.8588f,0f,-0.1353f,-0.9908f,-0.0078f,0f,0f,0f,1f],start_interpolation: 0,interpolation_duration: 1}
$data merge entity $(bone_lower_right_leg) {transformation: [-0.999f,0.0427f,0.0088f,-0.1411f,0.0436f,0.9784f,0.202f,0.3813f,0f,0.2022f,-0.9793f,-0.0663f,0f,0f,0f,1f],start_interpolation: 0,interpolation_duration: 1}
$data merge entity $(bone_right_leg) {transformation: [-0.999f,0.0429f,0.0077f,-0.125f,0.0436f,0.9833f,0.1767f,0.75f,0f,0.1768f,-0.9842f,0f,0f,0f,0f,1f],start_interpolation: 0,interpolation_duration: 1}
$data merge entity $(bone_lower_left_leg) {transformation: [-0.999f,-0.0434f,0.0047f,0.1411f,-0.0436f,0.9932f,-0.108f,0.3808f,0f,-0.1081f,-0.9941f,0.0639f,0f,0f,0f,1f],start_interpolation: 0,interpolation_duration: 1}
$data merge entity $(bone_left_leg) {transformation: [-0.999f,-0.043f,0.0074f,0.125f,-0.0436f,0.9844f,-0.1703f,0.75f,0f,-0.1705f,-0.9854f,0f,0f,0f,0f,1f],start_interpolation: 0,interpolation_duration: 1}
$data merge entity $(bone_pony_tail) {transformation: [-0.9994f,0.0355f,0f,0f,0.0354f,0.9956f,0.0872f,1.5203f,0.0031f,0.0871f,-0.9962f,-0.2308f,0f,0f,0f,1f],start_interpolation: 0,interpolation_duration: 1}