# This file was generated by Animated Java via MC-Build. It is not recommended to edit this file directly.
$data merge entity $(bone_saber) {transformation: [-1.3478f,-0.2443f,0.1197f,-0.4125f,0.131f,-0.0527f,1.3677f,-1.175f,-0.2384f,1.3521f,0.075f,-0.0202f,0f,0f,0f,1f],start_interpolation: 0,interpolation_duration: 1}
$data merge entity $(bone_right_forearm) {transformation: [-0.9802f,0.087f,0.1777f,-0.399f,0.0953f,0.9947f,0.0383f,-0.8626f,-0.1734f,0.0545f,-0.9833f,-0.0153f,0f,0f,0f,1f],start_interpolation: 0,interpolation_duration: 1}
$data merge entity $(bone_right_arm) {transformation: [-0.9962f,0.087f,0.0048f,-0.25f,0.0872f,0.9947f,0.0543f,-0.5937f,0f,0.0545f,-0.9985f,0f,0f,0f,0f,1f],start_interpolation: 0,interpolation_duration: 1}
$data merge entity $(bone_short_sword) {transformation: [-1.153f,0.1462f,-0.1015f,0.4229f,-0.0925f,0.0761f,1.1605f,-1.1201f,0.1521f,1.155f,-0.0636f,0.0398f,0f,0f,0f,1f],start_interpolation: 0,interpolation_duration: 1}
$data merge entity $(bone_left_forearm) {transformation: [-0.9883f,-0.087f,-0.1253f,0.399f,-0.0793f,0.9947f,-0.0652f,-0.8626f,0.1303f,-0.0545f,-0.99f,0.0153f,0f,0f,0f,1f],start_interpolation: 0,interpolation_duration: 1}
$data merge entity $(bone_left_arm) {transformation: [-0.9962f,-0.087f,0.0048f,0.25f,-0.0872f,0.9947f,-0.0543f,-0.5937f,0f,-0.0545f,-0.9985f,0f,0f,0f,0f,1f],start_interpolation: 0,interpolation_duration: 1}
$data merge entity $(bone_right_dress) {transformation: [-0.9763f,-0.2153f,0.0224f,-0.1936f,-0.2164f,0.9711f,-0.101f,-1.1099f,0f,-0.1034f,-0.9946f,-0.0078f,0f,0f,0f,1f],start_interpolation: 0,interpolation_duration: 1}
$data merge entity $(bone_left_dress) {transformation: [-0.9763f,0.216f,0.0136f,0.1311f,0.2164f,0.9744f,0.0612f,-1.1099f,0f,0.0627f,-0.998f,-0.0078f,0f,0f,0f,1f],start_interpolation: 0,interpolation_duration: 1}
$data merge entity $(bone_lower_right_leg) {transformation: [-0.999f,0.0435f,-0.003f,-0.1412f,0.0436f,0.9967f,-0.0681f,-1.5899f,0f,-0.0681f,-0.9977f,0.051f,0f,0f,0f,1f],start_interpolation: 0,interpolation_duration: 1}
$data merge entity $(bone_right_leg) {transformation: [-0.999f,0.0432f,-0.0059f,-0.125f,0.0436f,0.9898f,-0.1358f,-1.2187f,0f,-0.1359f,-0.9907f,0f,0f,0f,0f,1f],start_interpolation: 0,interpolation_duration: 1}
$data merge entity $(bone_lower_left_leg) {transformation: [-0.999f,-0.0431f,-0.0069f,0.1412f,-0.0436f,0.9866f,0.1574f,-1.5896f,0f,0.1575f,-0.9875f,-0.053f,0f,0f,0f,1f],start_interpolation: 0,interpolation_duration: 1}
$data merge entity $(bone_left_leg) {transformation: [-0.999f,-0.0432f,-0.0062f,0.125f,-0.0436f,0.989f,0.1412f,-1.2187f,0f,0.1413f,-0.99f,0f,0f,0f,0f,1f],start_interpolation: 0,interpolation_duration: 1}
$data merge entity $(bone_pony_tail) {transformation: [-0.9996f,-0.0273f,0f,0f,-0.0272f,0.9958f,0.0872f,-0.4484f,-0.0024f,0.0871f,-0.9962f,-0.2308f,0f,0f,0f,1f],start_interpolation: 0,interpolation_duration: 1}