# This file was generated by Animated Java via MC-Build. It is not recommended to edit this file directly.
$data merge entity $(bone_saber) {transformation: [-1.3481f,-0.243f,0.1197f,-0.4126f,0.1283f,-0.0376f,1.3685f,-1.1752f,-0.2385f,1.3528f,0.0595f,-0.0136f,0f,0f,0f,1f],start_interpolation: 0,interpolation_duration: 1}
$data merge entity $(bone_right_forearm) {transformation: [-0.9804f,0.0871f,0.1767f,-0.399f,0.0933f,0.9953f,0.0273f,-0.8628f,-0.1735f,0.0433f,-0.9839f,-0.0122f,0f,0f,0f,1f],start_interpolation: 0,interpolation_duration: 1}
$data merge entity $(bone_right_arm) {transformation: [-0.9962f,0.0871f,0.0038f,-0.25f,0.0872f,0.9953f,0.0431f,-0.5937f,0f,0.0433f,-0.9991f,0f,0f,0f,0f,1f],start_interpolation: 0,interpolation_duration: 1}
$data merge entity $(bone_short_sword) {transformation: [-1.1529f,0.1473f,-0.1016f,0.4229f,-0.0942f,0.0631f,1.1611f,-1.1205f,0.1521f,1.1556f,-0.0505f,0.0337f,0f,0f,0f,1f],start_interpolation: 0,interpolation_duration: 1}
$data merge entity $(bone_left_forearm) {transformation: [-0.9882f,-0.0871f,-0.1263f,0.399f,-0.0808f,0.9953f,-0.0541f,-0.8628f,0.1304f,-0.0433f,-0.9905f,0.0122f,0f,0f,0f,1f],start_interpolation: 0,interpolation_duration: 1}
$data merge entity $(bone_left_arm) {transformation: [-0.9962f,-0.0871f,0.0038f,0.25f,-0.0872f,0.9953f,-0.0431f,-0.5937f,0f,-0.0433f,-0.9991f,0f,0f,0f,0f,1f],start_interpolation: 0,interpolation_duration: 1}
$data merge entity $(bone_right_dress) {transformation: [-0.9763f,-0.2157f,0.0174f,-0.1936f,-0.2164f,0.9732f,-0.0783f,-1.1099f,0f,-0.0802f,-0.9968f,-0.0078f,0f,0f,0f,1f],start_interpolation: 0,interpolation_duration: 1}
$data merge entity $(bone_left_dress) {transformation: [-0.9763f,0.2164f,0.0042f,0.1311f,0.2164f,0.9761f,0.0187f,-1.1099f,0f,0.0192f,-0.9998f,-0.0078f,0f,0f,0f,1f],start_interpolation: 0,interpolation_duration: 1}
$data merge entity $(bone_lower_right_leg) {transformation: [-0.999f,0.0436f,-0.0011f,-0.1413f,0.0436f,0.9987f,-0.0255f,-1.5912f,0f,-0.0255f,-0.9997f,0.0405f,0f,0f,0f,1f],start_interpolation: 0,interpolation_duration: 1}
$data merge entity $(bone_right_leg) {transformation: [-0.999f,0.0434f,-0.0047f,-0.125f,0.0436f,0.9932f,-0.1079f,-1.2187f,0f,-0.108f,-0.9942f,0f,0f,0f,0f,1f],start_interpolation: 0,interpolation_duration: 1}
$data merge entity $(bone_lower_left_leg) {transformation: [-0.999f,-0.0434f,-0.0039f,0.1413f,-0.0436f,0.995f,0.0899f,-1.593f,0f,0.0899f,-0.9959f,-0.0178f,0f,0f,0f,1f],start_interpolation: 0,interpolation_duration: 1}
$data merge entity $(bone_left_leg) {transformation: [-0.999f,-0.0436f,-0.0021f,0.125f,-0.0436f,0.9979f,0.0474f,-1.2187f,0f,0.0475f,-0.9989f,0f,0f,0f,0f,1f],start_interpolation: 0,interpolation_duration: 1}
$data merge entity $(bone_pony_tail) {transformation: [-0.9998f,-0.0216f,0f,0f,-0.0216f,0.996f,0.0872f,-0.4484f,-0.0019f,0.0871f,-0.9962f,-0.2308f,0f,0f,0f,1f],start_interpolation: 0,interpolation_duration: 1}