# This file was generated by Animated Java via MC-Build. It is not recommended to edit this file directly.
$data merge entity $(bone_right_leg) {transformation: [-0.9763f,0.2132f,0.0376f,-0.125f,0.2132f,0.9167f,0.338f,-0.9323f,0.0376f,0.338f,-0.9404f,-0.0597f,0f,0f,0f,1f],start_interpolation: 0,interpolation_duration: 1}
$data merge entity $(bone_left_leg) {transformation: [-0.9763f,-0.2132f,-0.0376f,0.125f,-0.2132f,0.9167f,0.338f,-0.9323f,-0.0376f,0.338f,-0.9404f,-0.0597f,0f,0f,0f,1f],start_interpolation: 0,interpolation_duration: 1}
$data merge entity $(bone_waist) {transformation: [-1f,0f,0f,0f,0f,0.9848f,0.1736f,-0.5937f,0f,0.1736f,-0.9848f,0f,0f,0f,0f,1f],start_interpolation: 0,interpolation_duration: 1}
$data merge entity $(bone_chestplate) {transformation: [-1f,0f,0f,0f,0f,1f,0f,-0.7453f,0f,0f,-1f,0.1221f,0f,0f,0f,1f],start_interpolation: 0,interpolation_duration: 1}
$data merge entity $(bone_weapon) {transformation: [-1.4061f,1.7312f,0.6859f,-0.8507f,1.8477f,1.4038f,0.2444f,-0.609f,-0.2313f,0.6905f,-2.2168f,-0.0478f,0f,0f,0f,1f],start_interpolation: 0,interpolation_duration: 1}
$data merge entity $(bone_right_forearm) {transformation: [-0.6445f,0.7562f,-0.1131f,-0.6498f,0.7616f,0.6479f,-0.0079f,-0.4369f,0.0673f,-0.0912f,-0.9935f,-0.072f,0f,0f,0f,1f],start_interpolation: 0,interpolation_duration: 1}
$data merge entity $(bone_right_arm) {transformation: [-0.6363f,0.6874f,0.3501f,-0.3125f,0.537f,0.7205f,-0.4388f,-0.2339f,-0.5539f,-0.0912f,-0.8276f,-0.037f,0f,0f,0f,1f],start_interpolation: 0,interpolation_duration: 1}
$data merge entity $(bone_shield) {transformation: [-0.6648f,-0.6997f,0.2617f,0.9072f,-0.7199f,0.6936f,0.0259f,-0.4224f,-0.1997f,-0.1712f,-0.9648f,0.0958f,0f,0f,0f,1f],start_interpolation: 0,interpolation_duration: 1}
$data merge entity $(bone_left_forearm) {transformation: [-0.6648f,-0.6997f,0.2617f,0.6513f,-0.7199f,0.6936f,0.0259f,-0.4274f,-0.1997f,-0.1712f,-0.9648f,0.0263f,0f,0f,0f,1f],start_interpolation: 0,interpolation_duration: 1}
$data merge entity $(bone_left_arm) {transformation: [-0.7236f,-0.6623f,0.194f,0.3125f,-0.6723f,0.7401f,0.0191f,-0.2339f,-0.1563f,-0.1166f,-0.9808f,-0.037f,0f,0f,0f,1f],start_interpolation: 0,interpolation_duration: 1}
$data merge entity $(bone_bone) {transformation: [-1f,0f,0f,0f,0f,0.8434f,-0.5373f,0.1965f,0f,-0.5373f,-0.8434f,-0.0003f,0f,0f,0f,1f],start_interpolation: 0,interpolation_duration: 1}
$data merge entity $(bone_head) {transformation: [-1f,0f,0f,0f,0f,0.9659f,-0.2588f,-0.2339f,0f,-0.2588f,-0.9659f,-0.037f,0f,0f,0f,1f],start_interpolation: 0,interpolation_duration: 1}
$data merge entity $(bone_torso) {transformation: [-1f,0f,0f,0f,0f,0.9848f,-0.1736f,-0.4375f,0f,-0.1736f,-0.9848f,0.0679f,0f,0f,0f,1f],start_interpolation: 0,interpolation_duration: 1}
data modify entity @s data merge value {"cameras":{},"locators":{"locator":{"px":-1.3119864392193437,"py":-0.757609076348796,"pz":1.5693258407549513,"ry":17.193532188088113,"rx":6.012935355643551}}}