# This file was generated by Animated Java via MC-Build. It is not recommended to edit this file directly.
$data merge entity $(bone_right_leg) {transformation: [-0.9907f,0.1349f,0.0148f,-0.125f,0.1349f,0.9672f,0.2151f,-0.9825f,0.0148f,0.2151f,-0.9765f,-0.0374f,0f,0f,0f,1f],start_interpolation: 0,interpolation_duration: 1}
$data merge entity $(bone_left_leg) {transformation: [-0.9907f,-0.1349f,-0.0148f,0.125f,-0.1349f,0.9672f,0.2151f,-0.9825f,-0.0148f,0.2151f,-0.9765f,-0.0374f,0f,0f,0f,1f],start_interpolation: 0,interpolation_duration: 1}
$data merge entity $(bone_waist) {transformation: [-1f,0f,0f,0f,0f,0.9941f,0.1087f,-0.6407f,0f,0.1087f,-0.9941f,0f,0f,0f,0f,1f],start_interpolation: 0,interpolation_duration: 1}
$data merge entity $(bone_chestplate) {transformation: [-0.9995f,0.0027f,-0.0327f,0.0009f,0f,0.9966f,0.0819f,-0.7957f,0.0328f,0.0819f,-0.9961f,0.0967f,0f,0f,0f,1f],start_interpolation: 0,interpolation_duration: 1}
$data merge entity $(bone_weapon) {transformation: [-1.8392f,1.4358f,0.0059f,-0.7655f,1.4286f,1.829f,0.2414f,-0.7436f,0.1439f,0.1939f,-2.3208f,0.0033f,0f,0f,0f,1f],start_interpolation: 0,interpolation_duration: 1}
$data merge entity $(bone_right_forearm) {transformation: [-0.7937f,0.5642f,-0.2272f,-0.6156f,0.5849f,0.8105f,-0.0305f,-0.5283f,0.1669f,-0.1572f,-0.9734f,-0.0384f,0f,0f,0f,1f],start_interpolation: 0,interpolation_duration: 1}
$data merge entity $(bone_right_arm) {transformation: [-0.8109f,0.5307f,0.2464f,-0.3152f,0.499f,0.8472f,-0.1825f,-0.273f,-0.3056f,-0.0251f,-0.9518f,-0.0096f,0f,0f,0f,1f],start_interpolation: 0,interpolation_duration: 1}
$data merge entity $(bone_shield) {transformation: [-0.8425f,-0.5074f,0.1807f,0.853f,-0.5229f,0.851f,-0.0486f,-0.6022f,-0.1291f,-0.1354f,-0.9823f,0.0345f,0f,0f,0f,1f],start_interpolation: 0,interpolation_duration: 1}
$data merge entity $(bone_left_forearm) {transformation: [-0.8425f,-0.5074f,0.1807f,0.5999f,-0.5229f,0.851f,-0.0486f,-0.5407f,-0.1291f,-0.1354f,-0.9823f,-0.0151f,0f,0f,0f,1f],start_interpolation: 0,interpolation_duration: 1}
$data merge entity $(bone_left_arm) {transformation: [-0.8738f,-0.4833f,0.054f,0.3095f,-0.4839f,0.8751f,0.0026f,-0.273f,-0.0485f,-0.0238f,-0.9985f,-0.0301f,0f,0f,0f,1f],start_interpolation: 0,interpolation_duration: 1}
$data merge entity $(bone_bone) {transformation: [-0.9999f,-0.0075f,-0.0136f,-0.0019f,-0.0016f,0.9219f,-0.3875f,0.1451f,0.0154f,-0.3874f,-0.9218f,0.0888f,0f,0f,0f,1f],start_interpolation: 0,interpolation_duration: 1}
$data merge entity $(bone_head) {transformation: [-0.9999f,-0.003f,-0.0152f,-0.0029f,-0.0016f,0.9957f,-0.0924f,-0.273f,0.0154f,-0.0923f,-0.9956f,-0.0199f,0f,0f,0f,1f],start_interpolation: 0,interpolation_duration: 1}
$data merge entity $(bone_torso) {transformation: [-0.9995f,-0.003f,-0.0327f,0f,0f,0.9957f,-0.0924f,-0.4845f,0.0328f,-0.0923f,-0.9952f,0.0679f,0f,0f,0f,1f],start_interpolation: 0,interpolation_duration: 1}
data modify entity @s data merge value {"cameras":{},"locators":{"locator":{"px":-0.7408852992050863,"py":-0.8814114473756285,"pz":1.6856577786635951,"ry":0.1456220854609569,"rx":5.93810009882229}}}