# This file was generated by Animated Java via MC-Build. It is not recommended to edit this file directly.
$data merge entity $(bone_chest) {transformation: [-0.9087f,0.0301f,0.4163f,0.0015f,0f,0.9974f,-0.0722f,-0.7188f,-0.4174f,-0.0656f,-0.9063f,-0.0064f,0f,0f,0f,1f],start_interpolation: 0,interpolation_duration: 1}
$data merge entity $(bone_cape) {transformation: [-0.9087f,-0.0245f,0.4167f,0.237f,0f,0.9983f,0.0586f,-0.5962f,-0.4174f,0.0533f,-0.9072f,0.005f,0f,0f,0f,1f],start_interpolation: 0,interpolation_duration: 1}
$data merge entity $(bone_saber) {transformation: [-1.1939f,0.6231f,0.2774f,-0.5038f,-0.0602f,0.4608f,-1.2941f,-0.1622f,-0.6794f,-1.1358f,-0.3728f,0.118f,0f,0f,0f,1f],start_interpolation: 0,interpolation_duration: 1}
$data merge entity $(bone_right_forearm) {transformation: [-0.8683f,0.2017f,-0.4532f,-0.4587f,-0.0438f,-0.9412f,-0.3351f,-0.4598f,-0.4941f,-0.2711f,0.826f,0.0335f,0f,0f,0f,1f],start_interpolation: 0,interpolation_duration: 1}
$data merge entity $(bone_right_arm) {transformation: [-0.8589f,0.4522f,-0.2404f,-0.2242f,-0.0067f,-0.4794f,-0.8776f,-0.5938f,-0.5121f,-0.7521f,0.4148f,-0.114f,0f,0f,0f,1f],start_interpolation: 0,interpolation_duration: 1}
$data merge entity $(bone_short_sword) {transformation: [-0.8587f,-0.6636f,0.4282f,0.131f,-0.6562f,0.9515f,0.1585f,-0.5863f,-0.4394f,-0.1242f,-1.0736f,0.6383f,0f,0f,0f,1f],start_interpolation: 0,interpolation_duration: 1}
$data merge entity $(bone_left_forearm) {transformation: [-0.736f,0.367f,0.5688f,0.2322f,-0.5625f,0.1359f,-0.8156f,-0.5595f,-0.3766f,-0.9202f,0.1065f,0.4006f,0f,0f,0f,1f],start_interpolation: 0,interpolation_duration: 1}
$data merge entity $(bone_left_arm) {transformation: [-0.5299f,0.2284f,0.8167f,0.2302f,-0.7866f,0.2277f,-0.574f,-0.5938f,-0.3171f,-0.9466f,0.0591f,0.0947f,0f,0f,0f,1f],start_interpolation: 0,interpolation_duration: 1}
$data merge entity $(bone_torso) {transformation: [-0.9087f,0.0119f,0.4173f,0f,0f,0.9996f,-0.0286f,-0.9531f,-0.4174f,-0.026f,-0.9083f,-0.0031f,0f,0f,0f,1f],start_interpolation: 0,interpolation_duration: 1}
$data merge entity $(bone_right_dress) {transformation: [-0.9627f,-0.232f,0.1394f,-0.1896f,-0.2164f,0.9691f,0.1183f,-1.1099f,-0.1626f,0.0837f,-0.9831f,-0.0399f,0f,0f,0f,1f],start_interpolation: 0,interpolation_duration: 1}
$data merge entity $(bone_left_dress) {transformation: [-0.9627f,0.2134f,0.1665f,0.1305f,0.2164f,0.9763f,0f,-1.1099f,-0.1626f,0.036f,-0.986f,0.0141f,0f,0f,0f,1f],start_interpolation: 0,interpolation_duration: 1}
$data merge entity $(bone_lower_right_leg) {transformation: [-0.987f,0.0088f,0.1607f,-0.1266f,0.0464f,0.9716f,0.2319f,-1.5831f,-0.1541f,0.2363f,-0.9594f,-0.1094f,0f,0f,0f,1f],start_interpolation: 0,interpolation_duration: 1}
$data merge entity $(bone_right_leg) {transformation: [-0.987f,0.0088f,0.1607f,-0.1233f,0.0464f,0.9716f,0.2319f,-1.2187f,-0.1541f,0.2363f,-0.9594f,-0.0208f,0f,0f,0f,1f],start_interpolation: 0,interpolation_duration: 1}
$data merge entity $(bone_lower_left_leg) {transformation: [-0.9851f,-0.043f,0.1665f,0.1394f,-0.0436f,0.999f,0f,-1.5934f,-0.1663f,-0.0073f,-0.986f,0.0235f,0f,0f,0f,1f],start_interpolation: 0,interpolation_duration: 1}
$data merge entity $(bone_left_leg) {transformation: [-0.9851f,-0.043f,0.1665f,0.1233f,-0.0436f,0.999f,0f,-1.2187f,-0.1663f,-0.0073f,-0.986f,0.0208f,0f,0f,0f,1f],start_interpolation: 0,interpolation_duration: 1}
$data merge entity $(bone_waist) {transformation: [-0.986f,0f,0.1665f,0f,0f,1f,0f,-0.875f,-0.1665f,0f,-0.986f,0f,0f,0f,0f,1f],start_interpolation: 0,interpolation_duration: 1}
$data merge entity $(bone_pony_tail) {transformation: [-0.9965f,0.0059f,0.0836f,0.0198f,-0.0013f,0.9963f,-0.0856f,-0.4889f,-0.0838f,-0.0855f,-0.9928f,-0.2354f,0f,0f,0f,1f],start_interpolation: 0,interpolation_duration: 1}
$data merge entity $(bone_head) {transformation: [-0.9965f,0.0059f,0.0836f,0f,-0.0013f,0.9963f,-0.0856f,-0.5f,-0.0838f,-0.0855f,-0.9928f,0f,0f,0f,0f,1f],start_interpolation: 0,interpolation_duration: 1}
data modify entity @s data merge value {"cameras":{},"locators":{"locator":{"posx":0.6739920196644894,"posy":0.7076671395713601,"posz":-2.060361508054314,"roty":36.653895861770934,"rotx":-70.24825457330687},"locator2":{"posx":0.7591505433734799,"posy":0.15731785099895834,"posz":-2.161238593695983,"roty":36.653895861770934,"rotx":-70.24825457330687},"locator3":{"posx":0.8033759861732609,"posy":-0.3551521507001588,"posz":-2.193543509230154,"roty":36.653895861770934,"rotx":-70.24825457330687},"locator4":{"posx":0.7909535880782635,"posy":-0.9095092937418445,"posz":-2.122593935699164,"roty":36.653895861770934,"rotx":-70.24825457330687},"locator5":{"posx":0.5321856550607208,"posy":1.2161292868011935,"posz":-1.8562299333474839,"roty":36.653895861770934,"rotx":-70.24825457330687},"saber_hitbox":{"posx":-0.19048251701715063,"posy":0.0591005667077181,"posz":-0.4521962284210379,"roty":36.653895861770934,"rotx":-70.24825457330687},"locator6":{"posx":-1.185970889359968,"posy":1.3089126843315033,"posz":0.38152559753276477,"roty":21.74408813963717,"rotx":7.807784146400998},"locator7":{"posx":-0.94396862865908,"posy":1.334355727236273,"posz":-0.12945391025928488,"roty":21.74408813963717,"rotx":7.807784146400998},"locator8":{"posx":-0.6893561046305989,"posy":1.3003354548104658,"posz":-0.5762649258709414,"roty":21.74408813963717,"rotx":7.807784146400998},"locator9":{"posx":-0.3636446544722735,"posy":1.1643698233705742,"posz":-1.0097685571163002,"roty":21.74408813963717,"rotx":7.807784146400998},"locator10":{"posx":-1.3568742239310114,"posy":1.1815242824126497,"posz":0.905812489691112,"roty":21.74408813963717,"rotx":7.807784146400998},"short_sword_hitbox":{"posx":-0.15503646047722097,"posy":-0.16929502137271674,"posz":0.57448267084408,"roty":21.74408813963717,"rotx":7.807784146400998}}}