# This file was generated by Animated Java via MC-Build. It is not recommended to edit this file directly.
$data merge entity $(bone_chest) {transformation: [-0.8835f,0.0261f,0.4677f,-0.0001f,0f,0.9984f,-0.0557f,-0.7187f,-0.4685f,-0.0492f,-0.8821f,-0.0029f,0f,0f,0f,1f],start_interpolation: 0,interpolation_duration: 1}
$data merge entity $(bone_cape) {transformation: [-0.8835f,-0.0352f,0.4671f,0.2334f,0f,0.9972f,0.0751f,-0.5948f,-0.4685f,0.0664f,-0.881f,0.0237f,0f,0f,0f,1f],start_interpolation: 0,interpolation_duration: 1}
$data merge entity $(bone_saber) {transformation: [-1.1387f,0.7693f,-0.0459f,-0.4082f,-0.1105f,-0.244f,-1.3487f,-0.0803f,-0.7627f,-1.1132f,0.2639f,-0.1123f,0f,0f,0f,1f],start_interpolation: 0,interpolation_duration: 1}
$data merge entity $(bone_right_forearm) {transformation: [-0.8282f,-0.0334f,-0.5595f,-0.4369f,-0.0803f,-0.9808f,0.1775f,-0.386f,-0.5547f,0.1919f,0.8096f,-0.0533f,0f,0f,0f,1f],start_interpolation: 0,interpolation_duration: 1}
$data merge entity $(bone_right_arm) {transformation: [-0.8252f,0.4035f,-0.3952f,-0.2203f,-0.0756f,-0.7723f,-0.6307f,-0.5937f,-0.5597f,-0.4906f,0.6678f,-0.1213f,0f,0f,0f,1f],start_interpolation: 0,interpolation_duration: 1}
$data merge entity $(bone_short_sword) {transformation: [-0.6684f,-0.6412f,0.7094f,-0.0234f,-0.7892f,0.8586f,0.0325f,-0.5167f,-0.54f,-0.4613f,-0.9256f,0.6015f,0f,0f,0f,1f],start_interpolation: 0,interpolation_duration: 1}
$data merge entity $(bone_left_forearm) {transformation: [-0.5729f,0.6081f,0.5496f,0.1401f,-0.6765f,0.0278f,-0.7359f,-0.5172f,-0.4628f,-0.7934f,0.3954f,0.3997f,0f,0f,0f,1f],start_interpolation: 0,interpolation_duration: 1}
$data merge entity $(bone_left_arm) {transformation: [-0.3536f,0.4463f,0.8221f,0.2214f,-0.8861f,0.1216f,-0.4472f,-0.5937f,-0.2996f,-0.8866f,0.3525f,0.1129f,0f,0f,0f,1f],start_interpolation: 0,interpolation_duration: 1}
$data merge entity $(bone_torso) {transformation: [-0.8835f,0.0057f,0.4684f,0f,0f,0.9999f,-0.0121f,-0.9531f,-0.4685f,-0.0107f,-0.8834f,-0.0031f,0f,0f,0f,1f],start_interpolation: 0,interpolation_duration: 1}
$data merge entity $(bone_right_dress) {transformation: [-0.9602f,-0.2352f,0.1506f,-0.189f,-0.2164f,0.9675f,0.1311f,-1.1099f,-0.1765f,0.0933f,-0.9799f,-0.0427f,0f,0f,0f,1f],start_interpolation: 0,interpolation_duration: 1}
$data merge entity $(bone_left_dress) {transformation: [-0.9602f,0.2129f,0.1808f,0.1303f,0.2164f,0.9763f,0f,-1.1099f,-0.1765f,0.0391f,-0.9835f,0.016f,0f,0f,0f,1f],start_interpolation: 0,interpolation_duration: 1}
$data merge entity $(bone_lower_right_leg) {transformation: [-0.9835f,-0.0036f,0.1811f,-0.1216f,0.0448f,0.964f,0.2623f,-1.5802f,-0.1755f,0.2661f,-0.9479f,-0.1224f,0f,0f,0f,1f],start_interpolation: 0,interpolation_duration: 1}
$data merge entity $(bone_right_leg) {transformation: [-0.9835f,-0.0036f,0.1811f,-0.1229f,0.0448f,0.964f,0.2623f,-1.2187f,-0.1755f,0.2661f,-0.9479f,-0.0226f,0f,0f,0f,1f],start_interpolation: 0,interpolation_duration: 1}
$data merge entity $(bone_lower_left_leg) {transformation: [-0.9826f,-0.0429f,0.1808f,0.139f,-0.0436f,0.999f,0f,-1.5934f,-0.1806f,-0.0079f,-0.9835f,0.0256f,0f,0f,0f,1f],start_interpolation: 0,interpolation_duration: 1}
$data merge entity $(bone_left_leg) {transformation: [-0.9826f,-0.0429f,0.1808f,0.1229f,-0.0436f,0.999f,0f,-1.2187f,-0.1806f,-0.0079f,-0.9835f,0.0226f,0f,0f,0f,1f],start_interpolation: 0,interpolation_duration: 1}
$data merge entity $(bone_waist) {transformation: [-0.9835f,0f,0.1808f,0f,0f,1f,0f,-0.875f,-0.1808f,0f,-0.9835f,0f,0f,0f,0f,1f],start_interpolation: 0,interpolation_duration: 1}
$data merge entity $(bone_pony_tail) {transformation: [-0.9959f,0.0083f,0.0905f,0.0215f,-0.0005f,0.9953f,-0.0968f,-0.4916f,-0.0909f,-0.0965f,-0.9912f,-0.2353f,0f,0f,0f,1f],start_interpolation: 0,interpolation_duration: 1}
$data merge entity $(bone_head) {transformation: [-0.9959f,0.0083f,0.0905f,0f,-0.0005f,0.9953f,-0.0968f,-0.5f,-0.0909f,-0.0965f,-0.9912f,0f,0f,0f,0f,1f],start_interpolation: 0,interpolation_duration: 1}
data modify entity @s data merge value {"cameras":{},"locators":{"body_hitbox":{"posx":-0.06267907189807369,"posy":-0.8677746316905459,"posz":0.11508484357623991,"roty":27.934129008746368,"rotx":-3.1928753644314853},"flame":{"posx":1.0469008777114739,"posy":-0.5566388093736983,"posz":-2.2440946517913964,"roty":189.87117326693962,"rotx":-78.7675295035546},"flame1":{"posx":0.9931504712880637,"posy":-1.0972730820564325,"posz":-2.085545047534151,"roty":189.87117326693962,"rotx":-78.7675295035546},"flame2":{"posx":0.9065206355393021,"posy":-1.5655135512304506,"posz":-1.8883874086107804,"roty":189.87117326693962,"rotx":-78.7675295035546},"flame3":{"posx":0.7499577457202264,"posy":-2.0115720286253267,"posz":-1.5900253864369371,"roty":189.87117326693962,"rotx":-78.7675295035546},"flame4":{"posx":1.0307182300645699,"posy":0.006177455088177908,"posz":-2.30143987279817,"roty":189.87117326693962,"rotx":-78.7675295035546},"saber_hitbox":{"posx":-0.05908765315818798,"posy":-0.20047181172613596,"posz":-0.6161577426955653,"roty":189.87117326693962,"rotx":-78.7675295035546},"flame5":{"posx":-1.2932405761672794,"posy":1.1924604899808835,"posz":-0.32490867962902026,"roty":37.46846138070714,"rotx":1.5948565999032682},"flame6":{"posx":-0.916842081537089,"posy":1.1621191141828984,"posz":-0.7464725231388871,"roty":37.46846138070714,"rotx":1.5948565999032682},"flame7":{"posx":-0.5441007041335929,"posy":1.0840414223716537,"posz":-1.0937371766997883,"roty":37.46846138070714,"rotx":1.5948565999032682},"flame8":{"posx":-0.10266243881210876,"posy":0.9139700865769466,"posz":-1.3915760570545244,"roty":37.46846138070714,"rotx":1.5948565999032682},"flame9":{"posx":-1.6009421828794823,"posy":1.130808221795406,"posz":0.14608093708701175,"roty":37.46846138070714,"rotx":1.5948565999032682},"short_sword_hitbox":{"posx":-0.26278725739746056,"posy":-0.18744416977106126,"posz":0.4164779184634552,"roty":37.46846138070714,"rotx":1.5948565999032682}}}
execute on vehicle unless entity @s[tag=aj.transforms_only] at @s run function animated_java:mage_hunter/animations/double_slash/zzz/frames/13_root_commands