# This file was generated by Animated Java via MC-Build. It is not recommended to edit this file directly.
$data merge entity $(bone_chest) {transformation: [-0.9716f,0.063f,-0.2282f,0.0178f,0f,0.964f,0.2661f,1.2377f,0.2367f,0.2585f,-0.9366f,0.0699f,0f,0f,0f,1f],start_interpolation: 0,interpolation_duration: 1}
$data merge entity $(bone_cape) {transformation: [-0.9716f,0.0922f,-0.218f,0.2204f,0f,0.921f,0.3896f,1.3826f,0.2367f,0.3785f,-0.8948f,-0.0225f,0f,0f,0f,1f],start_interpolation: 0,interpolation_duration: 1}
$data merge entity $(bone_saber) {transformation: [-0.9628f,-0.4496f,-0.8726f,0.0935f,-0.9416f,0.7687f,0.6428f,0.9856f,0.2776f,1.0477f,-0.8461f,0.5235f,0f,0f,0f,1f],start_interpolation: 0,interpolation_duration: 1}
$data merge entity $(bone_right_forearm) {transformation: [-0.7002f,-0.6346f,0.327f,-0.1124f,-0.6848f,0.4675f,-0.559f,1.1155f,0.2019f,-0.6154f,-0.7619f,0.3272f,0f,0f,0f,1f],start_interpolation: 0,interpolation_duration: 1}
$data merge entity $(bone_right_arm) {transformation: [-0.6993f,-0.6793f,0.2226f,-0.216f,-0.6867f,0.552f,-0.473f,1.3566f,0.1984f,-0.4836f,-0.8525f,0.1664f,0f,0f,0f,1f],start_interpolation: 0,interpolation_duration: 1}
$data merge entity $(bone_short_sword) {transformation: [-0.8504f,-0.0114f,-0.7986f,0.7332f,-0.797f,0.0866f,0.8476f,1.0584f,0.051f,1.1634f,-0.0709f,0.0461f,0f,0f,0f,1f],start_interpolation: 0,interpolation_duration: 1}
$data merge entity $(bone_left_forearm) {transformation: [-0.7289f,-0.6845f,0.0097f,0.5557f,-0.6832f,0.7265f,-0.0742f,1.2461f,0.0437f,-0.0608f,-0.9972f,0.0199f,0f,0f,0f,1f],start_interpolation: 0,interpolation_duration: 1}
$data merge entity $(bone_left_arm) {transformation: [-0.7154f,-0.6986f,-0.0153f,0.2698f,-0.6854f,0.6973f,0.2099f,1.3566f,-0.1359f,0.1606f,-0.9776f,0.0481f,0f,0f,0f,1f],start_interpolation: 0,interpolation_duration: 1}
$data merge entity $(bone_torso) {transformation: [-0.9716f,0.0729f,-0.2252f,0f,0f,0.9514f,0.3078f,1.0156f,0.2367f,0.2991f,-0.9244f,-0.0031f,0f,0f,0f,1f],start_interpolation: 0,interpolation_duration: 1}
$data merge entity $(bone_right_dress) {transformation: [-0.9561f,-0.2328f,-0.1781f,-0.1911f,-0.2164f,0.9705f,-0.1066f,0.8588f,0.1976f,-0.0634f,-0.9782f,0.0315f,0f,0f,0f,1f],start_interpolation: 0,interpolation_duration: 1}
$data merge entity $(bone_left_dress) {transformation: [-0.9561f,0.2313f,-0.18f,0.1268f,0.2164f,0.9713f,0.0987f,0.8588f,0.1976f,0.0554f,-0.9787f,-0.0342f,0f,0f,0f,1f],start_interpolation: 0,interpolation_duration: 1}
$data merge entity $(bone_lower_right_leg) {transformation: [-0.9976f,0.0049f,-0.0691f,-0.1243f,0.0131f,0.9929f,-0.1186f,0.3777f,0.068f,-0.1193f,-0.9905f,0.07f,0f,0f,0f,1f],start_interpolation: 0,interpolation_duration: 1}
$data merge entity $(bone_right_leg) {transformation: [-0.9976f,0.0049f,-0.0691f,-0.1224f,0.0131f,0.9929f,-0.1186f,0.75f,0.068f,-0.1193f,-0.9905f,0.0253f,0f,0f,0f,1f],start_interpolation: 0,interpolation_duration: 1}
$data merge entity $(bone_lower_left_leg) {transformation: [-0.9784f,0.0001f,-0.2069f,0.1224f,-0.0436f,0.9774f,0.2069f,0.3835f,0.2022f,0.2115f,-0.9562f,-0.1046f,0f,0f,0f,1f],start_interpolation: 0,interpolation_duration: 1}
$data merge entity $(bone_left_leg) {transformation: [-0.9784f,0.0001f,-0.2069f,0.1224f,-0.0436f,0.9774f,0.2069f,0.75f,0.2022f,0.2115f,-0.9562f,-0.0253f,0f,0f,0f,1f],start_interpolation: 0,interpolation_duration: 1}
$data merge entity $(bone_waist) {transformation: [-0.9793f,0f,-0.2024f,0f,0f,1f,0f,1.0938f,0.2024f,0f,-0.9793f,0f,0f,0f,0f,1f],start_interpolation: 0,interpolation_duration: 1}
$data merge entity $(bone_pony_tail) {transformation: [-0.9944f,0.0494f,-0.0932f,0.0295f,0.0139f,0.937f,0.3489f,1.5798f,0.1045f,0.3457f,-0.9325f,-0.1081f,0f,0f,0f,1f],start_interpolation: 0,interpolation_duration: 1}
$data merge entity $(bone_head) {transformation: [-0.9944f,0.0494f,-0.0932f,0.0498f,0.0139f,0.937f,0.3489f,1.4688f,0.1045f,0.3457f,-0.9325f,0.0996f,0f,0f,0f,1f],start_interpolation: 0,interpolation_duration: 1}