# This file was generated by Animated Java via MC-Build. It is not recommended to edit this file directly.
$data merge entity $(bone_chest) {transformation: [-0.887f,0.0201f,0.4613f,-0.0014f,0f,0.999f,-0.0436f,-0.7187f,-0.4617f,-0.0387f,-0.8862f,-0.0004f,0f,0f,0f,1f],start_interpolation: 0,interpolation_duration: 1}
$data merge entity $(bone_cape) {transformation: [-0.887f,-0.0402f,0.46f,0.2316f,0f,0.9962f,0.0872f,-0.5937f,-0.4617f,0.0773f,-0.8836f,0.0258f,0f,0f,0f,1f],start_interpolation: 0,interpolation_duration: 1}
$data merge entity $(bone_saber) {transformation: [-1.1432f,0.7629f,-0.0434f,-0.4128f,-0.146f,-0.2946f,-1.3351f,-0.0826f,-0.75f,-1.1054f,0.3259f,-0.1268f,0f,0f,0f,1f],start_interpolation: 0,interpolation_duration: 1}
$data merge entity $(bone_right_forearm) {transformation: [-0.8314f,-0.0315f,-0.5548f,-0.441f,-0.1062f,-0.971f,0.2143f,-0.3853f,-0.5455f,0.237f,0.8039f,-0.0536f,0f,0f,0f,1f],start_interpolation: 0,interpolation_duration: 1}
$data merge entity $(bone_right_arm) {transformation: [-0.8314f,0.4047f,-0.3808f,-0.2232f,-0.1062f,-0.7883f,-0.6061f,-0.5937f,-0.5455f,-0.4635f,0.6983f,-0.1158f,0f,0f,0f,1f],start_interpolation: 0,interpolation_duration: 1}
$data merge entity $(bone_short_sword) {transformation: [-0.6405f,-0.6571f,0.7205f,-0.0314f,-0.8113f,0.8373f,0.0425f,-0.5199f,-0.541f,-0.4777f,-0.9166f,0.6005f,0f,0f,0f,1f],start_interpolation: 0,interpolation_duration: 1}
$data merge entity $(bone_left_forearm) {transformation: [-0.549f,0.6175f,0.5632f,0.1348f,-0.6954f,0.0364f,-0.7177f,-0.518f,-0.4637f,-0.7857f,0.4095f,0.4009f,0f,0f,0f,1f],start_interpolation: 0,interpolation_duration: 1}
$data merge entity $(bone_left_arm) {transformation: [-0.3232f,0.4477f,0.8337f,0.2203f,-0.8989f,0.13f,-0.4184f,-0.5937f,-0.2957f,-0.8847f,0.3604f,0.1151f,0f,0f,0f,1f],start_interpolation: 0,interpolation_duration: 1}
$data merge entity $(bone_torso) {transformation: [-0.887f,0f,0.4617f,0f,0f,1f,0f,-0.9531f,-0.4617f,0f,-0.887f,-0.0031f,0f,0f,0f,1f],start_interpolation: 0,interpolation_duration: 1}
$data merge entity $(bone_right_dress) {transformation: [-0.9615f,-0.234f,0.1443f,-0.1893f,-0.2164f,0.9679f,0.1274f,-1.1099f,-0.1695f,0.0913f,-0.9813f,-0.0413f,0f,0f,0f,1f],start_interpolation: 0,interpolation_duration: 1}
$data merge entity $(bone_left_dress) {transformation: [-0.9615f,0.2132f,0.1736f,0.1304f,0.2164f,0.9763f,0f,-1.1099f,-0.1695f,0.0376f,-0.9848f,0.0151f,0f,0f,0f,1f],start_interpolation: 0,interpolation_duration: 1}
$data merge entity $(bone_lower_right_leg) {transformation: [-0.9839f,-0.0035f,0.1788f,-0.1218f,0.0436f,0.965f,0.2586f,-1.5806f,-0.1735f,0.2622f,-0.9493f,-0.12f,0f,0f,0f,1f],start_interpolation: 0,interpolation_duration: 1}
$data merge entity $(bone_right_leg) {transformation: [-0.9839f,-0.0035f,0.1788f,-0.1231f,0.0436f,0.965f,0.2586f,-1.2187f,-0.1735f,0.2622f,-0.9493f,-0.0217f,0f,0f,0f,1f],start_interpolation: 0,interpolation_duration: 1}
$data merge entity $(bone_lower_left_leg) {transformation: [-0.9839f,-0.043f,0.1736f,0.1392f,-0.0436f,0.999f,0f,-1.5934f,-0.1735f,-0.0076f,-0.9848f,0.0245f,0f,0f,0f,1f],start_interpolation: 0,interpolation_duration: 1}
$data merge entity $(bone_left_leg) {transformation: [-0.9839f,-0.043f,0.1736f,0.1231f,-0.0436f,0.999f,0f,-1.2187f,-0.1735f,-0.0076f,-0.9848f,0.0217f,0f,0f,0f,1f],start_interpolation: 0,interpolation_duration: 1}
$data merge entity $(bone_waist) {transformation: [-0.9848f,0f,0.1736f,0f,0f,1f,0f,-0.875f,-0.1736f,0f,-0.9848f,0f,0f,0f,0f,1f],start_interpolation: 0,interpolation_duration: 1}
$data merge entity $(bone_pony_tail) {transformation: [-0.9962f,0.0076f,0.0868f,0.0206f,0f,0.9962f,-0.0872f,-0.4893f,-0.0872f,-0.0868f,-0.9924f,-0.2353f,0f,0f,0f,1f],start_interpolation: 0,interpolation_duration: 1}
$data merge entity $(bone_head) {transformation: [-0.9962f,0.0076f,0.0868f,0f,0f,0.9962f,-0.0872f,-0.5f,-0.0872f,-0.0868f,-0.9924f,0f,0f,0f,0f,1f],start_interpolation: 0,interpolation_duration: 1}
execute on vehicle unless entity @s[tag=aj.transforms_only] positioned ^-0.062253667 ^-0.8693988612 ^0.1164631816 rotated ~27.5 ~-2.5 run function animated_java:mage_hunter/animations/double_slash/zzz/frames/14_locator_commands
execute on vehicle unless entity @s[tag=aj.transforms_only] positioned ^1.030048178 ^-0.6559588668 ^-2.2430174997 rotated ~187.5774270045 ~-76.1644772759 run function animated_java:mage_hunter/animations/double_slash/zzz/frames/14_locator_commands
execute on vehicle unless entity @s[tag=aj.transforms_only] positioned ^0.9776352524 ^-1.1887462396 ^-2.0594337296 rotated ~187.5774270045 ~-76.1644772759 run function animated_java:mage_hunter/animations/double_slash/zzz/frames/14_locator_commands
execute on vehicle unless entity @s[tag=aj.transforms_only] positioned ^0.892518033 ^-1.6474546068 ^-1.8404207329 rotated ~187.5774270045 ~-76.1644772759 run function animated_java:mage_hunter/animations/double_slash/zzz/frames/14_locator_commands
execute on vehicle unless entity @s[tag=aj.transforms_only] positioned ^0.7380504995 ^-2.0793782387 ^-1.520918374 rotated ~187.5774270045 ~-76.1644772759 run function animated_java:mage_hunter/animations/double_slash/zzz/frames/14_locator_commands
execute on vehicle unless entity @s[tag=aj.transforms_only] positioned ^1.0131107895 ^-0.0963867586 ^-2.3261119078 rotated ~187.5774270045 ~-76.1644772759 run function animated_java:mage_hunter/animations/double_slash/zzz/frames/14_locator_commands
execute on vehicle unless entity @s[tag=aj.transforms_only] positioned ^-0.066566468 ^-0.2257442895 ^-0.6266648537 rotated ~187.5774270045 ~-76.1644772759 run function animated_java:mage_hunter/animations/double_slash/zzz/frames/14_locator_commands
execute on vehicle unless entity @s[tag=aj.transforms_only] positioned ^-1.3328046058 ^1.147000979 ^-0.358432194 rotated ~38.1667538968 ~2.0859275087 run function animated_java:mage_hunter/animations/double_slash/zzz/frames/14_locator_commands
execute on vehicle unless entity @s[tag=aj.transforms_only] positioned ^-0.9502338805 ^1.122618395 ^-0.7747945719 rotated ~38.1667538968 ~2.0859275087 run function animated_java:mage_hunter/animations/double_slash/zzz/frames/14_locator_commands
execute on vehicle unless entity @s[tag=aj.transforms_only] positioned ^-0.5710566907 ^1.0511043135 ^-1.1164601904 rotated ~38.1667538968 ~2.0859275087 run function animated_java:mage_hunter/animations/double_slash/zzz/frames/14_locator_commands
execute on vehicle unless entity @s[tag=aj.transforms_only] positioned ^-0.1214737195 ^0.8898770199 ^-1.4069441175 rotated ~38.1667538968 ~2.0859275087 run function animated_java:mage_hunter/animations/double_slash/zzz/frames/14_locator_commands
execute on vehicle unless entity @s[tag=aj.transforms_only] positioned ^-1.6449695497 ^1.081670351 ^0.1091118754 rotated ~38.1667538968 ~2.0859275087 run function animated_java:mage_hunter/animations/double_slash/zzz/frames/14_locator_commands
execute on vehicle unless entity @s[tag=aj.transforms_only] positioned ^-0.2767178865 ^-0.1986972024 ^0.4092931774 rotated ~38.1667538968 ~2.0859275087 run function animated_java:mage_hunter/animations/double_slash/zzz/frames/14_locator_commands
data modify entity @s data merge value {"cameras":{},"locators":{"body_hitbox":{"posx":-0.062253666966732214,"posy":-0.8693988612014982,"posz":0.11646318158150783,"roty":27.50000000000003,"rotx":-2.4999999999999996},"flame":{"posx":1.0300481779592254,"posy":-0.6559588667730951,"posz":-2.243017499743244,"roty":187.57742700446857,"rotx":-76.16447727590995},"flame1":{"posx":0.9776352523987614,"posy":-1.18874623955136,"posz":-2.0594337296484246,"roty":187.57742700446857,"rotx":-76.16447727590995},"flame2":{"posx":0.8925180329748402,"posy":-1.6474546068111722,"posz":-1.8404207328574191,"roty":187.57742700446857,"rotx":-76.16447727590995},"flame3":{"posx":0.7380504994846032,"posy":-2.0793782386934234,"posz":-1.5209183739943146,"roty":187.57742700446857,"rotx":-76.16447727590995},"flame4":{"posx":1.0131107894533735,"posy":-0.09638675861726936,"posz":-2.3261119077659647,"roty":187.57742700446857,"rotx":-76.16447727590995},"saber_hitbox":{"posx":-0.06656646801023652,"posy":-0.225744289474416,"posz":-0.6266648537064992,"roty":187.57742700446857,"rotx":-76.16447727590995},"flame5":{"posx":-1.3328046057706595,"posy":1.147000979047493,"posz":-0.3584321939885453,"roty":38.16675389681612,"rotx":2.0859275087066833},"flame6":{"posx":-0.9502338805058052,"posy":1.1226183949537873,"posz":-0.774794571927807,"roty":38.16675389681612,"rotx":2.0859275087066833},"flame7":{"posx":-0.571056690666311,"posy":1.0511043134846167,"posz":-1.1164601904161837,"roty":38.16675389681612,"rotx":2.0859275087066833},"flame8":{"posx":-0.12147371953949468,"posy":0.8898770199208679,"posz":-1.40694411748082,"roty":38.16675389681612,"rotx":2.0859275087066833},"flame9":{"posx":-1.644969549748192,"posy":1.0816703510466206,"posz":0.1091118753744566,"roty":38.16675389681612,"rotx":2.0859275087066833},"short_sword_hitbox":{"posx":-0.2767178864608268,"posy":-0.19869720237117955,"posz":0.409293177367561,"roty":38.16675389681612,"rotx":2.0859275087066833}}}
execute on vehicle unless entity @s[tag=aj.transforms_only] at @s run function animated_java:mage_hunter/animations/double_slash/zzz/frames/14_root_commands