# This file was generated by Animated Java via MC-Build. It is not recommended to edit this file directly.
$data merge entity $(bone_chest) {transformation: [-0.887f,0.0201f,0.4613f,-0.0014f,0f,0.999f,-0.0436f,-0.7187f,-0.4617f,-0.0387f,-0.8862f,-0.0004f,0f,0f,0f,1f],start_interpolation: 0,interpolation_duration: 1}
$data merge entity $(bone_cape) {transformation: [-0.887f,-0.0402f,0.46f,0.2316f,0f,0.9962f,0.0872f,-0.5937f,-0.4617f,0.0773f,-0.8836f,0.0258f,0f,0f,0f,1f],start_interpolation: 0,interpolation_duration: 1}
$data merge entity $(bone_saber) {transformation: [-1.1432f,0.7629f,-0.0434f,-0.4128f,-0.146f,-0.2946f,-1.3351f,-0.0826f,-0.75f,-1.1054f,0.3259f,-0.1268f,0f,0f,0f,1f],start_interpolation: 0,interpolation_duration: 1}
$data merge entity $(bone_right_forearm) {transformation: [-0.8314f,-0.0315f,-0.5548f,-0.441f,-0.1062f,-0.971f,0.2143f,-0.3853f,-0.5455f,0.237f,0.8039f,-0.0536f,0f,0f,0f,1f],start_interpolation: 0,interpolation_duration: 1}
$data merge entity $(bone_right_arm) {transformation: [-0.8314f,0.4047f,-0.3808f,-0.2232f,-0.1062f,-0.7883f,-0.6061f,-0.5937f,-0.5455f,-0.4635f,0.6983f,-0.1158f,0f,0f,0f,1f],start_interpolation: 0,interpolation_duration: 1}
$data merge entity $(bone_short_sword) {transformation: [-0.6405f,-0.6571f,0.7205f,-0.0314f,-0.8113f,0.8373f,0.0425f,-0.5199f,-0.541f,-0.4777f,-0.9166f,0.6005f,0f,0f,0f,1f],start_interpolation: 0,interpolation_duration: 1}
$data merge entity $(bone_left_forearm) {transformation: [-0.549f,0.6175f,0.5632f,0.1348f,-0.6954f,0.0364f,-0.7177f,-0.518f,-0.4637f,-0.7857f,0.4095f,0.4009f,0f,0f,0f,1f],start_interpolation: 0,interpolation_duration: 1}
$data merge entity $(bone_left_arm) {transformation: [-0.3232f,0.4477f,0.8337f,0.2203f,-0.8989f,0.13f,-0.4184f,-0.5937f,-0.2957f,-0.8847f,0.3604f,0.1151f,0f,0f,0f,1f],start_interpolation: 0,interpolation_duration: 1}
$data merge entity $(bone_torso) {transformation: [-0.887f,0f,0.4617f,0f,0f,1f,0f,-0.9531f,-0.4617f,0f,-0.887f,-0.0031f,0f,0f,0f,1f],start_interpolation: 0,interpolation_duration: 1}
$data merge entity $(bone_right_dress) {transformation: [-0.9615f,-0.234f,0.1443f,-0.1893f,-0.2164f,0.9679f,0.1274f,-1.1099f,-0.1695f,0.0913f,-0.9813f,-0.0413f,0f,0f,0f,1f],start_interpolation: 0,interpolation_duration: 1}
$data merge entity $(bone_left_dress) {transformation: [-0.9615f,0.2132f,0.1736f,0.1304f,0.2164f,0.9763f,0f,-1.1099f,-0.1695f,0.0376f,-0.9848f,0.0151f,0f,0f,0f,1f],start_interpolation: 0,interpolation_duration: 1}
$data merge entity $(bone_lower_right_leg) {transformation: [-0.9839f,-0.0035f,0.1788f,-0.1218f,0.0436f,0.965f,0.2586f,-1.5806f,-0.1735f,0.2622f,-0.9493f,-0.12f,0f,0f,0f,1f],start_interpolation: 0,interpolation_duration: 1}
$data merge entity $(bone_right_leg) {transformation: [-0.9839f,-0.0035f,0.1788f,-0.1231f,0.0436f,0.965f,0.2586f,-1.2187f,-0.1735f,0.2622f,-0.9493f,-0.0217f,0f,0f,0f,1f],start_interpolation: 0,interpolation_duration: 1}
$data merge entity $(bone_lower_left_leg) {transformation: [-0.9839f,-0.043f,0.1736f,0.1392f,-0.0436f,0.999f,0f,-1.5934f,-0.1735f,-0.0076f,-0.9848f,0.0245f,0f,0f,0f,1f],start_interpolation: 0,interpolation_duration: 1}
$data merge entity $(bone_left_leg) {transformation: [-0.9839f,-0.043f,0.1736f,0.1231f,-0.0436f,0.999f,0f,-1.2187f,-0.1735f,-0.0076f,-0.9848f,0.0217f,0f,0f,0f,1f],start_interpolation: 0,interpolation_duration: 1}
$data merge entity $(bone_waist) {transformation: [-0.9848f,0f,0.1736f,0f,0f,1f,0f,-0.875f,-0.1736f,0f,-0.9848f,0f,0f,0f,0f,1f],start_interpolation: 0,interpolation_duration: 1}
$data merge entity $(bone_pony_tail) {transformation: [-0.9962f,0.0076f,0.0868f,0.0206f,0f,0.9962f,-0.0872f,-0.4893f,-0.0872f,-0.0868f,-0.9924f,-0.2353f,0f,0f,0f,1f],start_interpolation: 0,interpolation_duration: 1}
$data merge entity $(bone_head) {transformation: [-0.9962f,0.0076f,0.0868f,0f,0f,0.9962f,-0.0872f,-0.5f,-0.0872f,-0.0868f,-0.9924f,0f,0f,0f,0f,1f],start_interpolation: 0,interpolation_duration: 1}
execute on vehicle unless entity @s[tag=aj.transforms_only] positioned ^-0.031891311 ^-0.2391366572 ^-0.6769095347 rotated ~187.5774270045 ~-76.1644772759 run function animated_java:mage_hunter/animations/double_slash/zzz/frames/14_locator_commands
execute on vehicle unless entity @s[tag=aj.transforms_only] positioned ^-0.3119207771 ^-0.1538405963 ^0.3837023317 rotated ~38.1667538968 ~2.0859275087 run function animated_java:mage_hunter/animations/double_slash/zzz/frames/14_locator_commands
data modify entity @s data merge value {"cameras":{},"locators":{"locator":{"posx":1.0300481779592254,"posy":-0.6559588667730951,"posz":-2.243017499743244,"roty":187.57742700446857,"rotx":-76.16447727590995},"locator2":{"posx":0.9776352523987614,"posy":-1.18874623955136,"posz":-2.0594337296484246,"roty":187.57742700446857,"rotx":-76.16447727590995},"locator3":{"posx":0.8925180329748402,"posy":-1.6474546068111722,"posz":-1.8404207328574191,"roty":187.57742700446857,"rotx":-76.16447727590995},"locator4":{"posx":0.7380504994846032,"posy":-2.0793782386934234,"posz":-1.5209183739943146,"roty":187.57742700446857,"rotx":-76.16447727590995},"locator5":{"posx":1.0131107894533735,"posy":-0.09638675861726936,"posz":-2.3261119077659647,"roty":187.57742700446857,"rotx":-76.16447727590995},"saber_hitbox":{"posx":-0.03189131097707859,"posy":-0.23913665716319657,"posz":-0.6769095347425486,"roty":187.57742700446857,"rotx":-76.16447727590995},"locator6":{"posx":-1.3328046057706595,"posy":1.147000979047493,"posz":-0.3584321939885453,"roty":38.16675389681612,"rotx":2.0859275087066833},"locator7":{"posx":-0.9502338805058052,"posy":1.1226183949537873,"posz":-0.774794571927807,"roty":38.16675389681612,"rotx":2.0859275087066833},"locator8":{"posx":-0.571056690666311,"posy":1.0511043134846167,"posz":-1.1164601904161837,"roty":38.16675389681612,"rotx":2.0859275087066833},"locator9":{"posx":-0.12147371953949468,"posy":0.8898770199208679,"posz":-1.40694411748082,"roty":38.16675389681612,"rotx":2.0859275087066833},"locator10":{"posx":-1.644969549748192,"posy":1.0816703510466206,"posz":0.1091118753744566,"roty":38.16675389681612,"rotx":2.0859275087066833},"short_sword_hitbox":{"posx":-0.31192077710448785,"posy":-0.15384059632389047,"posz":0.3837023316556908,"roty":38.16675389681612,"rotx":2.0859275087066833}}}
execute on vehicle unless entity @s[tag=aj.transforms_only] at @s run function animated_java:mage_hunter/animations/double_slash/zzz/frames/14_root_commands