# This file was generated by Animated Java via MC-Build. It is not recommended to edit this file directly.
$data merge entity $(bone_chest) {transformation: [-0.9468f,-0.0116f,0.3216f,-0.007f,0f,0.9993f,0.0361f,-0.7197f,-0.3218f,0.0342f,-0.9462f,0.0175f,0f,0f,0f,1f],start_interpolation: 0,interpolation_duration: 1}
$data merge entity $(bone_cape) {transformation: [-0.9468f,-0.0535f,0.3173f,0.224f,0f,0.9861f,0.1663f,-0.5884f,-0.3218f,0.1574f,-0.9336f,0.0177f,0f,0f,0f,1f],start_interpolation: 0,interpolation_duration: 1}
$data merge entity $(bone_saber) {transformation: [-1.2335f,0.4181f,0.4408f,-0.5665f,-0.3594f,0.3023f,-1.2923f,-0.1778f,-0.4899f,-1.2745f,-0.162f,0.138f,0f,0f,0f,1f],start_interpolation: 0,interpolation_duration: 1}
$data merge entity $(bone_right_forearm) {transformation: [-0.8971f,0.3206f,-0.3041f,-0.4833f,-0.2614f,-0.9399f,-0.2199f,-0.4773f,-0.3563f,-0.1178f,0.9269f,0.1045f,0f,0f,0f,1f],start_interpolation: 0,interpolation_duration: 1}
$data merge entity $(bone_right_arm) {transformation: [-0.8971f,0.4418f,0.0062f,-0.2469f,-0.2712f,-0.5395f,-0.7971f,-0.5951f,-0.3489f,-0.7168f,0.6038f,-0.0535f,0f,0f,0f,1f],start_interpolation: 0,interpolation_duration: 1}
$data merge entity $(bone_short_sword) {transformation: [-0.7111f,-0.8529f,0.3579f,0.1562f,-0.8268f,0.7885f,0.2362f,-0.6133f,-0.4145f,-0.1096f,-1.085f,0.6539f,0f,0f,0f,1f],start_interpolation: 0,interpolation_duration: 1}
$data merge entity $(bone_left_forearm) {transformation: [-0.6095f,0.3067f,0.731f,0.2434f,-0.7087f,0.2024f,-0.6759f,-0.5678f,-0.3553f,-0.93f,0.094f,0.4135f,0f,0f,0f,1f],start_interpolation: 0,interpolation_duration: 1}
$data merge entity $(bone_left_arm) {transformation: [-0.3475f,0.0944f,0.9329f,0.2265f,-0.8849f,0.2961f,-0.3596f,-0.5951f,-0.3102f,-0.9505f,-0.0194f,0.1074f,0f,0f,0f,1f],start_interpolation: 0,interpolation_duration: 1}
$data merge entity $(bone_torso) {transformation: [-0.9468f,-0.0256f,0.3207f,0f,0f,0.9968f,0.0797f,-0.9531f,-0.3218f,0.0754f,-0.9438f,-0.0031f,0f,0f,0f,1f],start_interpolation: 0,interpolation_duration: 1}
$data merge entity $(bone_right_dress) {transformation: [-0.9724f,-0.2219f,0.0721f,-0.1921f,-0.2164f,0.9733f,0.0761f,-1.1099f,-0.0871f,0.0584f,-0.9945f,-0.025f,0f,0f,0f,1f],start_interpolation: 0,interpolation_duration: 1}
$data merge entity $(bone_left_dress) {transformation: [-0.9724f,0.2132f,0.0947f,0.1312f,0.2164f,0.976f,0.025f,-1.1099f,-0.0871f,0.0448f,-0.9952f,0.0039f,0f,0f,0f,1f],start_interpolation: 0,interpolation_duration: 1}
$data merge entity $(bone_lower_right_leg) {transformation: [-0.9917f,0.0128f,0.128f,-0.1293f,0.0359f,0.9831f,0.1797f,-1.5874f,-0.1235f,0.1828f,-0.9754f,-0.0797f,0f,0f,0f,1f],start_interpolation: 0,interpolation_duration: 1}
$data merge entity $(bone_right_leg) {transformation: [-0.9917f,0.0128f,0.128f,-0.1245f,0.0359f,0.9831f,0.1797f,-1.2187f,-0.1235f,0.1828f,-0.9754f,-0.0111f,0f,0f,0f,1f],start_interpolation: 0,interpolation_duration: 1}
$data merge entity $(bone_lower_left_leg) {transformation: [-0.9951f,-0.0481f,0.0868f,0.1425f,-0.0436f,0.9976f,0.0531f,-1.5929f,-0.0891f,0.0491f,-0.9948f,-0.0072f,0f,0f,0f,1f],start_interpolation: 0,interpolation_duration: 1}
$data merge entity $(bone_left_leg) {transformation: [-0.9951f,-0.0481f,0.0868f,0.1245f,-0.0436f,0.9976f,0.0531f,-1.2187f,-0.0891f,0.0491f,-0.9948f,0.0111f,0f,0f,0f,1f],start_interpolation: 0,interpolation_duration: 1}
$data merge entity $(bone_waist) {transformation: [-0.996f,0f,0.0892f,0f,0f,1f,0f,-0.875f,-0.0892f,0f,-0.996f,0f,0f,0f,0f,1f],start_interpolation: 0,interpolation_duration: 1}
$data merge entity $(bone_pony_tail) {transformation: [-0.999f,0.0029f,0.044f,0.0231f,0.0035f,0.9999f,0.0141f,-0.4655f,-0.0439f,0.0142f,-0.9989f,-0.2083f,0f,0f,0f,1f],start_interpolation: 0,interpolation_duration: 1}
$data merge entity $(bone_head) {transformation: [-0.999f,0.0029f,0.044f,0.0127f,0.0035f,0.9999f,0.0141f,-0.5f,-0.0439f,0.0142f,-0.9989f,0.0254f,0f,0f,0f,1f],start_interpolation: 0,interpolation_duration: 1}
execute on vehicle unless entity @s[tag=aj.transforms_only] positioned ^-0.3544881849 ^-0.0356434472 ^-0.5001022098 rotated ~69.8272900587 ~-70.0276206889 run function animated_java:mage_hunter/animations/double_slash/zzz/frames/15_locator_commands
execute on vehicle unless entity @s[tag=aj.transforms_only] positioned ^-1.5381076094 ^0.9581608554 ^0.4259660376 rotated ~18.2534615846 ~11.6802027412 run function animated_java:mage_hunter/animations/double_slash/zzz/frames/15_locator_commands
execute on vehicle unless entity @s[tag=aj.transforms_only] positioned ^-1.3198804633 ^1.0297973522 ^-0.0912936893 rotated ~18.2534615846 ~11.6802027412 run function animated_java:mage_hunter/animations/double_slash/zzz/frames/15_locator_commands
execute on vehicle unless entity @s[tag=aj.transforms_only] positioned ^-1.0751357059 ^1.0465397616 ^-0.5445537641 rotated ~18.2534615846 ~11.6802027412 run function animated_java:mage_hunter/animations/double_slash/zzz/frames/15_locator_commands
execute on vehicle unless entity @s[tag=aj.transforms_only] positioned ^-0.7390138191 ^0.9788001128 ^-0.9860664109 rotated ~18.2534615846 ~11.6802027412 run function animated_java:mage_hunter/animations/double_slash/zzz/frames/15_locator_commands
execute on vehicle unless entity @s[tag=aj.transforms_only] positioned ^-1.664957626 ^0.8020423004 ^0.9549731926 rotated ~18.2534615846 ~11.6802027412 run function animated_java:mage_hunter/animations/double_slash/zzz/frames/15_locator_commands
execute on vehicle unless entity @s[tag=aj.transforms_only] positioned ^-0.2131392324 ^-0.2668289875 ^0.596303746 rotated ~18.2534615846 ~11.6802027412 run function animated_java:mage_hunter/animations/double_slash/zzz/frames/15_locator_commands
data modify entity @s data merge value {"cameras":{},"locators":{"locator":{"posx":0.22059215064496807,"posy":0.38631093640475506,"posz":-2.3015981149648765,"roty":69.82729005865873,"rotx":-70.02762068890225},"locator2":{"posx":0.38193465993578446,"posy":-0.1561020178572124,"posz":-2.309921680579918,"roty":69.82729005865873,"rotx":-70.02762068890225},"locator3":{"posx":0.5042356261114609,"posy":-0.6535170576859992,"posz":-2.252950180471332,"roty":69.82729005865873,"rotx":-70.02762068890225},"locator4":{"posx":0.5885303165380489,"posy":-1.1784184423874546,"posz":-2.0801122751832244,"roty":69.82729005865873,"rotx":-70.02762068890225},"locator5":{"posx":0.021243365605063014,"posy":0.9012375457940538,"posz":-2.1774081441703137,"roty":69.82729005865873,"rotx":-70.02762068890225},"saber_hitbox":{"posx":-0.3544881849040814,"posy":-0.03564344716067544,"posz":-0.5001022097572876,"roty":69.82729005865873,"rotx":-70.02762068890225},"locator6":{"posx":-1.5381076093773522,"posy":0.9581608553590514,"posz":0.4259660375869048,"roty":18.25346158464305,"rotx":11.680202741249525},"locator7":{"posx":-1.319880463270601,"posy":1.0297973522315078,"posz":-0.09129368926020343,"roty":18.25346158464305,"rotx":11.680202741249525},"locator8":{"posx":-1.0751357059270612,"posy":1.0465397616032792,"posz":-0.5445537641413691,"roty":18.25346158464305,"rotx":11.680202741249525},"locator9":{"posx":-0.7390138191359528,"posy":0.9788001128483107,"posz":-0.9860664108532597,"roty":18.25346158464305,"rotx":11.680202741249525},"locator10":{"posx":-1.6649576260365353,"posy":0.8020423003598546,"posz":0.9549731926032882,"roty":18.25346158464305,"rotx":11.680202741249525},"short_sword_hitbox":{"posx":-0.21313923238760513,"posy":-0.2668289874786874,"posz":0.5963037460413929,"roty":18.25346158464305,"rotx":11.680202741249525}}}
execute on vehicle unless entity @s[tag=aj.transforms_only] at @s run function animated_java:mage_hunter/animations/double_slash/zzz/frames/15_root_commands