# This file was generated by Animated Java via MC-Build. It is not recommended to edit this file directly.
$data merge entity $(bone_chest) {transformation: [-0.8787f,0.1827f,-0.4411f,0.0486f,0f,0.9239f,0.3827f,1.2267f,0.4774f,0.3362f,-0.8118f,0.0864f,0f,0f,0f,1f],start_interpolation: 0,interpolation_duration: 1}
$data merge entity $(bone_cape) {transformation: [-0.8787f,0.2387f,-0.4135f,0.2296f,0f,0.866f,0.5f,1.3757f,0.4774f,0.4393f,-0.7609f,-0.0388f,0f,0f,0f,1f],start_interpolation: 0,interpolation_duration: 1}
$data merge entity $(bone_saber) {transformation: [-0.6246f,0.7731f,-0.9502f,0.2377f,-1.1822f,-0.1011f,0.6949f,0.9436f,0.3208f,1.1326f,0.7106f,0.0091f,0f,0f,0f,1f],start_interpolation: 0,interpolation_duration: 1}
$data merge entity $(bone_right_forearm) {transformation: [-0.4543f,-0.691f,-0.5622f,0.0096f,-0.8598f,0.5054f,0.0736f,1.0886f,0.2333f,0.5168f,-0.8237f,0.1662f,0f,0f,0f,1f],start_interpolation: 0,interpolation_duration: 1}
$data merge entity $(bone_right_arm) {transformation: [-0.4519f,-0.7532f,-0.478f,-0.1458f,-0.8589f,0.5121f,0.005f,1.34f,0.241f,0.4128f,-0.8784f,0.2522f,0f,0f,0f,1f],start_interpolation: 0,interpolation_duration: 1}
$data merge entity $(bone_short_sword) {transformation: [-0.8666f,0.6235f,-0.4705f,0.5876f,-0.7654f,-0.5374f,0.6975f,1.123f,0.156f,0.8267f,0.8083f,-0.3991f,0f,0f,0f,1f],start_interpolation: 0,interpolation_duration: 1}
$data merge entity $(bone_left_forearm) {transformation: [-0.7428f,-0.4033f,-0.5345f,0.4774f,-0.656f,0.5978f,0.4607f,1.2829f,0.1337f,0.6928f,-0.7086f,-0.2267f,0f,0f,0f,1f],start_interpolation: 0,interpolation_duration: 1}
$data merge entity $(bone_left_arm) {transformation: [-0.8006f,-0.2979f,-0.5199f,0.2935f,-0.5972f,0.4683f,0.6512f,1.34f,0.0495f,0.8318f,-0.5528f,0.0135f,0f,0f,0f,1f],start_interpolation: 0,interpolation_duration: 1}
$data merge entity $(bone_torso) {transformation: [-0.8787f,0.2018f,-0.4327f,0f,0f,0.9063f,0.4226f,1.0156f,0.4774f,0.3713f,-0.7963f,-0.0031f,0f,0f,0f,1f],start_interpolation: 0,interpolation_duration: 1}
$data merge entity $(bone_right_dress) {transformation: [-0.9201f,-0.2655f,-0.288f,-0.185f,-0.2164f,0.9574f,-0.1912f,0.8588f,0.3265f,-0.1136f,-0.9383f,0.0574f,0f,0f,0f,1f],start_interpolation: 0,interpolation_duration: 1}
$data merge entity $(bone_left_dress) {transformation: [-0.9201f,0.2527f,-0.2993f,0.1209f,0.2164f,0.9648f,0.1493f,0.8588f,0.3265f,0.0726f,-0.9424f,-0.0512f,0f,0f,0f,1f],start_interpolation: 0,interpolation_duration: 1}
$data merge entity $(bone_lower_right_leg) {transformation: [-0.9875f,-0.0376f,-0.1528f,-0.1037f,0.0026f,0.967f,-0.2549f,0.3874f,0.1574f,-0.2521f,-0.9548f,0.1363f,0f,0f,0f,1f],start_interpolation: 0,interpolation_duration: 1}
$data merge entity $(bone_right_leg) {transformation: [-0.9875f,-0.0376f,-0.1528f,-0.1178f,0.0026f,0.967f,-0.2549f,0.75f,0.1574f,-0.2521f,-0.9548f,0.0418f,0f,0f,0f,1f],start_interpolation: 0,interpolation_duration: 1}
$data merge entity $(bone_lower_left_leg) {transformation: [-0.9415f,0.0533f,-0.3327f,0.0978f,-0.0436f,0.9598f,0.2772f,0.3901f,0.3341f,0.2755f,-0.9014f,-0.1451f,0f,0f,0f,1f],start_interpolation: 0,interpolation_duration: 1}
$data merge entity $(bone_left_leg) {transformation: [-0.9415f,0.0533f,-0.3327f,0.1178f,-0.0436f,0.9598f,0.2772f,0.75f,0.3341f,0.2755f,-0.9014f,-0.0418f,0f,0f,0f,1f],start_interpolation: 0,interpolation_duration: 1}
$data merge entity $(bone_waist) {transformation: [-0.9424f,0f,-0.3344f,0f,0f,1f,0f,1.0938f,0.3344f,0f,-0.9424f,0f,0f,0f,0f,1f],start_interpolation: 0,interpolation_duration: 1}
$data merge entity $(bone_pony_tail) {transformation: [-0.9839f,0.107f,-0.1429f,0.0381f,0.0191f,0.8591f,0.5114f,1.6155f,0.1775f,0.5005f,-0.8474f,-0.0441f,0f,0f,0f,1f],start_interpolation: 0,interpolation_duration: 1}
$data merge entity $(bone_head) {transformation: [-0.9839f,0.107f,-0.1429f,0.0683f,0.0191f,0.8591f,0.5114f,1.4688f,0.1775f,0.5005f,-0.8474f,0.1389f,0f,0f,0f,1f],start_interpolation: 0,interpolation_duration: 1}