# This file was generated by Animated Java via MC-Build. It is not recommended to edit this file directly.
$data merge entity $(bone_chest) {transformation: [-0.9987f,-0.0079f,0.0512f,-0.0025f,0f,0.9884f,0.1521f,-0.7239f,-0.0518f,0.1519f,-0.987f,0.0456f,0f,0f,0f,1f],start_interpolation: 0,interpolation_duration: 1}
$data merge entity $(bone_cape) {transformation: [-0.9987f,-0.0145f,0.0497f,0.219f,0f,0.96f,0.2798f,-0.5848f,-0.0518f,0.2795f,-0.9588f,-0.0014f,0f,0f,0f,1f],start_interpolation: 0,interpolation_duration: 1}
$data merge entity $(bone_saber) {transformation: [-1.2031f,-0.6042f,0.2794f,-0.4112f,-0.6643f,1.1276f,-0.4218f,-0.579f,-0.0438f,-0.504f,-1.2785f,0.62f,0f,0f,0f,1f],start_interpolation: 0,interpolation_duration: 1}
$data merge entity $(bone_right_forearm) {transformation: [-0.875f,0.2032f,0.4394f,-0.3573f,-0.4831f,-0.3067f,-0.8201f,-0.6901f,-0.0318f,-0.9298f,0.3666f,0.3328f,0f,0f,0f,1f],start_interpolation: 0,interpolation_duration: 1}
$data merge entity $(bone_right_arm) {transformation: [-0.8697f,-0.0174f,0.4933f,-0.2535f,-0.4926f,0.0971f,-0.8648f,-0.6013f,-0.0329f,-0.9951f,-0.093f,0.057f,0f,0f,0f,1f],start_interpolation: 0,interpolation_duration: 1}
$data merge entity $(bone_short_sword) {transformation: [-0.816f,-0.7154f,-0.4284f,0.5504f,-0.8194f,0.5767f,0.5976f,-0.7888f,-0.1547f,0.7188f,-0.9058f,0.5022f,0f,0f,0f,1f],start_interpolation: 0,interpolation_duration: 1}
$data merge entity $(bone_left_forearm) {transformation: [-0.6994f,-0.3672f,0.6132f,0.4615f,-0.7023f,0.5123f,-0.4943f,-0.661f,-0.1326f,-0.7764f,-0.6162f,0.2942f,0f,0f,0f,1f],start_interpolation: 0,interpolation_duration: 1}
$data merge entity $(bone_left_arm) {transformation: [-0.5235f,-0.5341f,0.6639f,0.2459f,-0.8032f,0.5692f,-0.1754f,-0.6013f,-0.2842f,-0.6251f,-0.727f,0.0829f,0f,0f,0f,1f],start_interpolation: 0,interpolation_duration: 1}
$data merge entity $(bone_torso) {transformation: [-0.9987f,-0.0101f,0.0508f,0f,0f,0.9808f,0.1951f,-0.9531f,-0.0518f,0.1948f,-0.9795f,-0.0031f,0f,0f,0f,1f],start_interpolation: 0,interpolation_duration: 1}
$data merge entity $(bone_right_dress) {transformation: [-0.9748f,-0.2168f,-0.0516f,-0.1937f,-0.2164f,0.9762f,-0.0133f,-1.1099f,0.0532f,-0.0018f,-0.9986f,0.0028f,0f,0f,0f,1f],start_interpolation: 0,interpolation_duration: 1}
$data merge entity $(bone_left_dress) {transformation: [-0.9748f,0.2191f,-0.0409f,0.1305f,0.2164f,0.9744f,0.0612f,-1.1099f,0.0532f,0.0508f,-0.9973f,-0.0149f,0f,0f,0f,1f],start_interpolation: 0,interpolation_duration: 1}
$data merge entity $(bone_lower_right_leg) {transformation: [-0.9992f,0.0234f,0.0315f,-0.1336f,0.0245f,0.9991f,0.0344f,-1.5934f,-0.0306f,0.0352f,-0.9989f,-0.0064f,0f,0f,0f,1f],start_interpolation: 0,interpolation_duration: 1}
$data merge entity $(bone_right_leg) {transformation: [-0.9992f,0.0234f,0.0315f,-0.1248f,0.0245f,0.9991f,0.0344f,-1.2187f,-0.0306f,0.0352f,-0.9989f,0.0068f,0f,0f,0f,1f],start_interpolation: 0,interpolation_duration: 1}
$data merge entity $(bone_lower_left_leg) {transformation: [-0.9976f,-0.0361f,-0.0597f,0.1383f,-0.0436f,0.9905f,0.1304f,-1.5902f,0.0545f,0.1327f,-0.9897f,-0.0566f,0f,0f,0f,1f],start_interpolation: 0,interpolation_duration: 1}
$data merge entity $(bone_left_leg) {transformation: [-0.9976f,-0.0361f,-0.0597f,0.1248f,-0.0436f,0.9905f,0.1304f,-1.2187f,0.0545f,0.1327f,-0.9897f,-0.0068f,0f,0f,0f,1f],start_interpolation: 0,interpolation_duration: 1}
$data merge entity $(bone_waist) {transformation: [-0.9985f,0f,-0.0545f,0f,0f,1f,0f,-0.875f,0.0545f,0f,-0.9985f,0f,0f,0f,0f,1f],start_interpolation: 0,interpolation_duration: 1}
$data merge entity $(bone_pony_tail) {transformation: [-0.9995f,0.0138f,-0.027f,0.0254f,0.0087f,0.9834f,0.1811f,-0.4268f,0.029f,0.1808f,-0.9831f,-0.1623f,0f,0f,0f,1f],start_interpolation: 0,interpolation_duration: 1}
$data merge entity $(bone_head) {transformation: [-0.9995f,0.0138f,-0.027f,0.0313f,0.0087f,0.9834f,0.1811f,-0.5f,0.029f,0.1808f,-0.9831f,0.0625f,0f,0f,0f,1f],start_interpolation: 0,interpolation_duration: 1}
execute on vehicle unless entity @s[tag=aj.transforms_only] positioned ^-0.0076943798 ^-0.8973100164 ^0.1452407733 rotated ~2.96875 ~8.75 run function animated_java:mage_hunter/animations/double_slash/zzz/frames/16_locator_commands
execute on vehicle unless entity @s[tag=aj.transforms_only] positioned ^-1.5763068539 ^1.5629179249 ^-0.3514776178 rotated ~12.3273417684 ~-17.8633551236 run function animated_java:mage_hunter/animations/double_slash/zzz/frames/16_locator_commands
execute on vehicle unless entity @s[tag=aj.transforms_only] positioned ^-1.4345400465 ^1.3391173431 ^-0.8516055733 rotated ~12.3273417684 ~-17.8633551236 run function animated_java:mage_hunter/animations/double_slash/zzz/frames/16_locator_commands
execute on vehicle unless entity @s[tag=aj.transforms_only] positioned ^-1.2780089994 ^1.0832336422 ^-1.2707076646 rotated ~12.3273417684 ~-17.8633551236 run function animated_java:mage_hunter/animations/double_slash/zzz/frames/16_locator_commands
execute on vehicle unless entity @s[tag=aj.transforms_only] positioned ^-1.0665489593 ^0.7248402103 ^-1.6439887911 rotated ~12.3273417684 ~-17.8633551236 run function animated_java:mage_hunter/animations/double_slash/zzz/frames/16_locator_commands
execute on vehicle unless entity @s[tag=aj.transforms_only] positioned ^-1.6631446682 ^1.6842087759 ^0.1944713024 rotated ~12.3273417684 ~-17.8633551236 run function animated_java:mage_hunter/animations/double_slash/zzz/frames/16_locator_commands
execute on vehicle unless entity @s[tag=aj.transforms_only] positioned ^-0.6837712457 ^-0.0696894543 ^0.3821554472 rotated ~12.3273417684 ~-17.8633551236 run function animated_java:mage_hunter/animations/double_slash/zzz/frames/16_locator_commands
execute on vehicle unless entity @s[tag=aj.transforms_only] positioned ^-0.8772528585 ^0.3643964101 ^1.9248162258 rotated ~334.6883136647 ~30.8142502391 run function animated_java:mage_hunter/animations/double_slash/zzz/frames/16_locator_commands
execute on vehicle unless entity @s[tag=aj.transforms_only] positioned ^-1.045471113 ^0.6216460755 ^1.4495923539 rotated ~334.6883136647 ~30.8142502391 run function animated_java:mage_hunter/animations/double_slash/zzz/frames/16_locator_commands
execute on vehicle unless entity @s[tag=aj.transforms_only] positioned ^-1.1524156268 ^0.815985104 ^0.9843824948 rotated ~334.6883136647 ~30.8142502391 run function animated_java:mage_hunter/animations/double_slash/zzz/frames/16_locator_commands
execute on vehicle unless entity @s[tag=aj.transforms_only] positioned ^-1.1827110584 ^0.9485349188 ^0.4421530844 rotated ~334.6883136647 ~30.8142502391 run function animated_java:mage_hunter/animations/double_slash/zzz/frames/16_locator_commands
execute on vehicle unless entity @s[tag=aj.transforms_only] positioned ^-0.6323855218 ^0.045357531 ^2.3230205465 rotated ~334.6883136647 ~30.8142502391 run function animated_java:mage_hunter/animations/double_slash/zzz/frames/16_locator_commands
execute on vehicle unless entity @s[tag=aj.transforms_only] positioned ^0.2724833754 ^-0.5624417939 ^0.7695229574 rotated ~334.6883136647 ~30.8142502391 run function animated_java:mage_hunter/animations/double_slash/zzz/frames/16_locator_commands
data modify entity @s data merge value {"cameras":{},"locators":{"body_hitbox":{"posx":-0.0076943797773766625,"posy":-0.8973100164461205,"posz":0.1452407732551687,"roty":2.9687499999999716,"rotx":8.750000000000014},"flame":{"posx":-1.5763068538678653,"posy":1.5629179249406255,"posz":-0.35147761779629805,"roty":12.327341768424873,"rotx":-17.863355123632108},"flame1":{"posx":-1.4345400465112998,"posy":1.3391173431494447,"posz":-0.8516055733455307,"roty":12.327341768424873,"rotx":-17.863355123632108},"flame2":{"posx":-1.2780089994156378,"posy":1.0832336421798003,"posz":-1.2707076645753563,"roty":12.327341768424873,"rotx":-17.863355123632108},"flame3":{"posx":-1.066548959318288,"posy":0.7248402103306856,"posz":-1.6439887911400959,"roty":12.327341768424873,"rotx":-17.863355123632108},"flame4":{"posx":-1.663144668222743,"posy":1.684208775852336,"posz":0.1944713024180209,"roty":12.327341768424873,"rotx":-17.863355123632108},"saber_hitbox":{"posx":-0.6837712456899918,"posy":-0.06968945427737405,"posz":0.3821554472181452,"roty":12.327341768424873,"rotx":-17.863355123632108},"flame5":{"posx":-0.877252858539999,"posy":0.36439641006841095,"posz":1.9248162258090395,"roty":334.68831366470664,"rotx":30.814250239080046},"flame6":{"posx":-1.0454711130105376,"posy":0.6216460755374633,"posz":1.4495923538508375,"roty":334.68831366470664,"rotx":30.814250239080046},"flame7":{"posx":-1.1524156268400554,"posy":0.8159851039556347,"posz":0.9843824947600726,"roty":334.68831366470664,"rotx":30.814250239080046},"flame8":{"posx":-1.1827110584098433,"posy":0.9485349187760306,"posz":0.44215308443905443,"roty":334.68831366470664,"rotx":30.814250239080046},"flame9":{"posx":-0.6323855218097301,"posy":0.04535753100158291,"posz":2.3230205465369886,"roty":334.68831366470664,"rotx":30.814250239080046},"short_sword_hitbox":{"posx":0.27248337535595246,"posy":-0.5624417938982209,"posz":0.7695229573552399,"roty":334.68831366470664,"rotx":30.814250239080046}}}
execute on vehicle unless entity @s[tag=aj.transforms_only] at @s run function animated_java:mage_hunter/animations/double_slash/zzz/frames/16_root_commands