# This file was generated by Animated Java via MC-Build. It is not recommended to edit this file directly.
$data merge entity $(bone_chest) {transformation: [-0.8895f,0.1308f,-0.4378f,0.0365f,-0.0004f,0.9579f,0.287f,-0.7328f,0.4569f,0.2555f,-0.852f,0.068f,0f,0f,0f,1f],start_interpolation: 0,interpolation_duration: 1}
$data merge entity $(bone_cape) {transformation: [-0.8895f,0.1868f,-0.4169f,0.2133f,-0.0004f,0.9123f,0.4096f,-0.5869f,0.4569f,0.3645f,-0.8114f,-0.0662f,0f,0f,0f,1f],start_interpolation: 0,interpolation_duration: 1}
$data merge entity $(bone_saber) {transformation: [-0.8467f,0.3555f,-1.0234f,0.2107f,-0.8979f,0.4967f,0.9153f,-1.0781f,0.6063f,1.2319f,-0.0737f,0.3043f,0f,0f,0f,1f],start_interpolation: 0,interpolation_duration: 1}
$data merge entity $(bone_right_forearm) {transformation: [-0.6158f,-0.7443f,-0.2585f,-0.0338f,-0.653f,0.6657f,-0.3612f,-0.8839f,0.441f,-0.0536f,-0.8959f,0.2859f,0f,0f,0f,1f],start_interpolation: 0,interpolation_duration: 1}
$data merge entity $(bone_right_arm) {transformation: [-0.6182f,-0.7492f,-0.2377f,-0.1672f,-0.6676f,0.6601f,-0.3444f,-0.6148f,0.415f,-0.0542f,-0.9082f,0.2188f,0f,0f,0f,1f],start_interpolation: 0,interpolation_duration: 1}
$data merge entity $(bone_short_sword) {transformation: [-0.9688f,0.3528f,-0.546f,0.6255f,-0.572f,0.0027f,1.0168f,-1.0156f,0.3088f,1.112f,0.1708f,-0.1574f,0f,0f,0f,1f],start_interpolation: 0,interpolation_duration: 1}
$data merge entity $(bone_left_forearm) {transformation: [-0.8304f,-0.468f,-0.3024f,0.5009f,-0.4903f,0.8715f,-0.0023f,-0.7894f,0.2646f,0.1464f,-0.9532f,-0.1293f,0f,0f,0f,1f],start_interpolation: 0,interpolation_duration: 1}
$data merge entity $(bone_left_arm) {transformation: [-0.8594f,-0.412f,-0.3029f,0.2776f,-0.4878f,0.8382f,0.244f,-0.6146f,0.1533f,0.3574f,-0.9213f,-0.0096f,0f,0f,0f,1f],start_interpolation: 0,interpolation_duration: 1}
$data merge entity $(bone_torso) {transformation: [-0.8895f,0.1498f,-0.4316f,0f,-0.0004f,0.9445f,0.3286f,-0.9531f,0.4569f,0.2924f,-0.8401f,-0.0031f,0f,0f,0f,1f],start_interpolation: 0,interpolation_duration: 1}
$data merge entity $(bone_right_dress) {transformation: [-0.9299f,-0.2559f,-0.2642f,-0.1868f,-0.2164f,0.9615f,-0.1695f,-1.1099f,0.2974f,-0.1005f,-0.9494f,0.0515f,0f,0f,0f,1f],start_interpolation: 0,interpolation_duration: 1}
$data merge entity $(bone_left_dress) {transformation: [-0.9299f,0.2582f,-0.262f,0.1225f,0.2164f,0.96f,0.1778f,-1.1099f,0.2974f,0.1086f,-0.9486f,-0.0474f,0f,0f,0f,1f],start_interpolation: 0,interpolation_duration: 1}
$data merge entity $(bone_lower_right_leg) {transformation: [-0.9903f,-0.0264f,-0.1363f,-0.1092f,0.0054f,0.9736f,-0.228f,-1.5839f,0.1388f,-0.2265f,-0.9641f,0.123f,0f,0f,0f,1f],start_interpolation: 0,interpolation_duration: 1}
$data merge entity $(bone_right_leg) {transformation: [-0.9903f,-0.0264f,-0.1363f,-0.1191f,0.0054f,0.9736f,-0.228f,-1.2187f,0.1388f,-0.2265f,-0.9641f,0.0381f,0f,0f,0f,1f],start_interpolation: 0,interpolation_duration: 1}
$data merge entity $(bone_lower_left_leg) {transformation: [-0.9516f,0.0405f,-0.3048f,0.1039f,-0.0436f,0.9635f,0.2643f,-1.58f,0.3044f,0.2648f,-0.915f,-0.1374f,0f,0f,0f,1f],start_interpolation: 0,interpolation_duration: 1}
$data merge entity $(bone_left_leg) {transformation: [-0.9516f,0.0405f,-0.3048f,0.1191f,-0.0436f,0.9635f,0.2643f,-1.2187f,0.3044f,0.2648f,-0.915f,-0.0381f,0f,0f,0f,1f],start_interpolation: 0,interpolation_duration: 1}
$data merge entity $(bone_waist) {transformation: [-0.9525f,0f,-0.3046f,0f,0f,1f,0f,-0.875f,0.3046f,0f,-0.9525f,0f,0f,0f,0f,1f],start_interpolation: 0,interpolation_duration: 1}
$data merge entity $(bone_pony_tail) {transformation: [-0.9897f,0.0687f,-0.1256f,0.0318f,0.0147f,0.9216f,0.388f,-0.3794f,0.1424f,0.3821f,-0.9131f,-0.0956f,0f,0f,0f,1f],start_interpolation: 0,interpolation_duration: 1}
$data merge entity $(bone_head) {transformation: [-0.9897f,0.0687f,-0.1256f,0.0591f,0.0147f,0.9216f,0.388f,-0.4992f,0.1424f,0.3821f,-0.9131f,0.1065f,0f,0f,0f,1f],start_interpolation: 0,interpolation_duration: 1}
execute on vehicle unless entity @s[tag=aj.transforms_only] at @s run function animated_java:mage_hunter/animations/double_slash/zzz/frames/19_root_commands