# This file was generated by Animated Java via MC-Build. It is not recommended to edit this file directly.
$data merge entity $(bone_chest) {transformation: [-0.8972f,0.169f,-0.408f,0.045f,0f,0.9239f,0.3827f,-0.742f,0.4416f,0.3434f,-0.8289f,0.0883f,0f,0f,0f,1f],start_interpolation: 0,interpolation_duration: 1}
$data merge entity $(bone_cape) {transformation: [-0.8972f,0.2208f,-0.3824f,0.2308f,0f,0.866f,0.5f,-0.5931f,0.4416f,0.4486f,-0.777f,-0.0295f,0f,0f,0f,1f],start_interpolation: 0,interpolation_duration: 1}
$data merge entity $(bone_saber) {transformation: [-0.6249f,0.6595f,-1.0321f,0.2564f,-1.1979f,-0.0879f,0.6692f,-1.0152f,0.255f,1.2033f,0.6145f,0.0362f,0f,0f,0f,1f],start_interpolation: 0,interpolation_duration: 1}
$data merge entity $(bone_right_forearm) {transformation: [-0.4545f,-0.7506f,-0.4797f,0.0104f,-0.8712f,0.4867f,0.0639f,-0.8763f,0.1855f,0.4469f,-0.8751f,0.1702f,0f,0f,0f,1f],start_interpolation: 0,interpolation_duration: 1}
$data merge entity $(bone_right_arm) {transformation: [-0.4509f,-0.7921f,-0.4116f,-0.156f,-0.8696f,0.4937f,0.0026f,-0.6287f,0.2011f,0.3591f,-0.9114f,0.2461f,0f,0f,0f,1f],start_interpolation: 0,interpolation_duration: 1}
$data merge entity $(bone_short_sword) {transformation: [-0.8277f,0.6139f,-0.547f,0.6188f,-0.8171f,-0.5275f,0.6444f,-0.8162f,0.0918f,0.8402f,0.8042f,-0.3776f,0f,0f,0f,1f],start_interpolation: 0,interpolation_duration: 1}
$data merge entity $(bone_left_forearm) {transformation: [-0.7094f,-0.4688f,-0.5262f,0.4916f,-0.7004f,0.5523f,0.4521f,-0.6681f,0.0787f,0.6893f,-0.7202f,-0.2062f,0f,0f,0f,1f],start_interpolation: 0,interpolation_duration: 1}
$data merge entity $(bone_left_arm) {transformation: [-0.7714f,-0.3647f,-0.5215f,0.2926f,-0.6362f,0.4228f,0.6453f,-0.6287f,-0.0148f,0.8296f,-0.5582f,0.0253f,0f,0f,0f,1f],start_interpolation: 0,interpolation_duration: 1}
$data merge entity $(bone_torso) {transformation: [-0.8972f,0.1866f,-0.4002f,0f,0f,0.9063f,0.4226f,-0.9531f,0.4416f,0.3792f,-0.8132f,-0.0031f,0f,0f,0f,1f],start_interpolation: 0,interpolation_duration: 1}
$data merge entity $(bone_right_dress) {transformation: [-0.9257f,-0.2604f,-0.2742f,-0.186f,-0.2164f,0.9595f,-0.1804f,-1.1099f,0.3101f,-0.1076f,-0.9446f,0.0541f,0f,0f,0f,1f],start_interpolation: 0,interpolation_duration: 1}
$data merge entity $(bone_left_dress) {transformation: [-0.9257f,0.255f,-0.2792f,0.1218f,0.2164f,0.9628f,0.1618f,-1.1099f,0.3101f,0.0893f,-0.9465f,-0.049f,0f,0f,0f,1f],start_interpolation: 0,interpolation_duration: 1}
$data merge entity $(bone_lower_right_leg) {transformation: [-0.9893f,-0.0309f,-0.1428f,-0.107f,0.004f,0.9713f,-0.2377f,-1.583f,0.146f,-0.2358f,-0.9608f,0.1281f,0f,0f,0f,1f],start_interpolation: 0,interpolation_duration: 1}
$data merge entity $(bone_right_leg) {transformation: [-0.9893f,-0.0309f,-0.1428f,-0.1185f,0.004f,0.9713f,-0.2377f,-1.2187f,0.146f,-0.2358f,-0.9608f,0.0397f,0f,0f,0f,1f],start_interpolation: 0,interpolation_duration: 1}
$data merge entity $(bone_lower_left_leg) {transformation: [-0.9473f,0.0453f,-0.3171f,0.1015f,-0.0436f,0.9625f,0.2679f,-1.5797f,0.3173f,0.2676f,-0.9098f,-0.1401f,0f,0f,0f,1f],start_interpolation: 0,interpolation_duration: 1}
$data merge entity $(bone_left_leg) {transformation: [-0.9473f,0.0453f,-0.3171f,0.1185f,-0.0436f,0.9625f,0.2679f,-1.2187f,0.3173f,0.2676f,-0.9098f,-0.0397f,0f,0f,0f,1f],start_interpolation: 0,interpolation_duration: 1}
$data merge entity $(bone_waist) {transformation: [-0.9482f,0f,-0.3176f,0f,0f,1f,0f,-0.875f,0.3176f,0f,-0.9482f,0f,0f,0f,0f,1f],start_interpolation: 0,interpolation_duration: 1}
$data merge entity $(bone_pony_tail) {transformation: [-0.9848f,0.1043f,-0.139f,0.0378f,0.0191f,0.86f,0.5099f,-0.3536f,0.1727f,0.4995f,-0.8489f,-0.0445f,0f,0f,0f,1f],start_interpolation: 0,interpolation_duration: 1}
$data merge entity $(bone_head) {transformation: [-0.9848f,0.1043f,-0.139f,0.0671f,0.0191f,0.86f,0.5099f,-0.5f,0.1727f,0.4995f,-0.8489f,0.1389f,0f,0f,0f,1f],start_interpolation: 0,interpolation_duration: 1}
data modify entity @s data merge value {"cameras":{},"locators":{"body_hitbox":{"posx":0.069578992257178,"posy":-0.9342214004817496,"posz":0.13825511283278719,"roty":333.7962962962963,"rotx":22.50000000000001},"flame":{"posx":1.5010387283694535,"posy":-1.1919229999064969,"posz":2.340244785884943,"roty":239.22801840952084,"rotx":29.123058441743026},"flame1":{"posx":1.048855692201815,"posy":-0.914166900384444,"posz":2.536954091665101,"roty":239.22801840952084,"rotx":29.123058441743026},"flame2":{"posx":0.6136057257090785,"posy":-0.6628340681709861,"posz":2.6510342131571183,"roty":239.22801840952084,"rotx":29.123058441743026},"flame3":{"posx":0.11839867739763765,"posy":-0.4035118972085885,"posz":2.655723664086514,"roty":239.22801840952084,"rotx":29.123058441743026},"flame4":{"posx":1.8932646827183883,"posy":-1.46168976067961,"posz":2.034144809542165,"roty":239.22801840952084,"rotx":29.123058441743026},"saber_hitbox":{"posx":0.5488266422165242,"posy":-1.0504805307046656,"posz":0.5870961009425127,"roty":239.22801840952084,"rotx":29.123058441743026},"flame5":{"posx":1.8357931770526505,"posy":-1.8603453298125059,"posz":1.3018877827624133,"roty":214.22069684840358,"rotx":33.52631708645371},"flame6":{"posx":1.5391932180799164,"posy":-1.5214065624484197,"posz":1.6446143156061463,"roty":214.22069684840358,"rotx":33.52631708645371},"flame7":{"posx":1.2390057017890443,"posy":-1.188728994815269,"posz":1.8992475637431636,"roty":214.22069684840358,"rotx":33.52631708645371},"flame8":{"posx":0.8730405905309768,"posy":-0.7995338332249855,"posz":2.06385820597684,"roty":214.22069684840358,"rotx":33.52631708645371},"flame9":{"posx":2.066615541058189,"posy":-2.1427665032194594,"posz":0.8691386440153394,"roty":214.22069684840358,"rotx":33.52631708645371},"short_sword_hitbox":{"posx":0.8491292525447187,"posy":-1.0125814204555135,"posz":-0.048451305787701404,"roty":214.22069684840358,"rotx":33.52631708645371}}}
execute on vehicle unless entity @s[tag=aj.transforms_only] at @s run function animated_java:mage_hunter/animations/double_slash/zzz/frames/20_root_commands