# This file was generated by Animated Java via MC-Build. It is not recommended to edit this file directly.
$data merge entity $(bone_chest) {transformation: [-0.902f,0.1404f,-0.4083f,0.0383f,-0.0001f,0.9456f,0.3253f,-0.7362f,0.4317f,0.2934f,-0.8529f,0.0769f,0f,0f,0f,1f],start_interpolation: 0,interpolation_duration: 1}
$data merge entity $(bone_cape) {transformation: [-0.902f,0.1925f,-0.3865f,0.2215f,-0.0001f,0.8951f,0.4459f,-0.5889f,0.4317f,0.4022f,-0.8074f,-0.047f,0f,0f,0f,1f],start_interpolation: 0,interpolation_duration: 1}
$data merge entity $(bone_saber) {transformation: [-0.7809f,0.4121f,-1.0541f,0.2309f,-1.0386f,0.2478f,0.8663f,-1.0729f,0.4495f,1.2882f,0.1705f,0.2043f,0f,0f,0f,1f],start_interpolation: 0,interpolation_duration: 1}
$data merge entity $(bone_right_forearm) {transformation: [-0.5679f,-0.7666f,-0.2997f,-0.0201f,-0.7554f,0.63f,-0.1802f,-0.8898f,0.3269f,0.124f,-0.9369f,0.2391f,0f,0f,0f,1f],start_interpolation: 0,interpolation_duration: 1}
$data merge entity $(bone_right_arm) {transformation: [-0.5689f,-0.7768f,-0.2702f,-0.1675f,-0.7585f,0.6225f,-0.1929f,-0.6199f,0.318f,0.0952f,-0.9433f,0.2261f,0f,0f,0f,1f],start_interpolation: 0,interpolation_duration: 1}
$data merge entity $(bone_short_sword) {transformation: [-0.9132f,0.4294f,-0.5855f,0.642f,-0.6945f,-0.2421f,0.9056f,-0.9489f,0.2118f,1.0574f,0.4451f,-0.2485f,0f,0f,0f,1f],start_interpolation: 0,interpolation_duration: 1}
$data merge entity $(bone_left_forearm) {transformation: [-0.7827f,-0.5019f,-0.3681f,0.508f,-0.5953f,0.7763f,0.2075f,-0.7452f,0.1816f,0.3815f,-0.9064f,-0.159f,0f,0f,0f,1f],start_interpolation: 0,interpolation_duration: 1}
$data merge entity $(bone_left_arm) {transformation: [-0.8229f,-0.4322f,-0.369f,0.2836f,-0.5644f,0.6968f,0.4426f,-0.6198f,0.0658f,0.5725f,-0.8173f,0.0103f,0f,0f,0f,1f],start_interpolation: 0,interpolation_duration: 1}
$data merge entity $(bone_torso) {transformation: [-0.902f,0.158f,-0.4018f,0f,-0.0001f,0.9305f,0.3662f,-0.9531f,0.4317f,0.3303f,-0.8393f,-0.0031f,0f,0f,0f,1f],start_interpolation: 0,interpolation_duration: 1}
$data merge entity $(bone_right_dress) {transformation: [-0.9309f,-0.2556f,-0.261f,-0.1869f,-0.2164f,0.9615f,-0.1695f,-1.1099f,0.2943f,-0.1013f,-0.9503f,0.0509f,0f,0f,0f,1f],start_interpolation: 0,interpolation_duration: 1}
$data merge entity $(bone_left_dress) {transformation: [-0.9309f,0.2562f,-0.2604f,0.1226f,0.2164f,0.9611f,0.1718f,-1.1099f,0.2943f,0.1036f,-0.9501f,-0.047f,0f,0f,0f,1f],start_interpolation: 0,interpolation_duration: 1}
$data merge entity $(bone_lower_right_leg) {transformation: [-0.9908f,-0.0248f,-0.1332f,-0.1099f,0.0054f,0.9751f,-0.2218f,-1.5844f,0.1354f,-0.2205f,-0.9659f,0.1204f,0f,0f,0f,1f],start_interpolation: 0,interpolation_duration: 1}
$data merge entity $(bone_right_leg) {transformation: [-0.9908f,-0.0248f,-0.1332f,-0.1192f,0.0054f,0.9751f,-0.2218f,-1.2187f,0.1354f,-0.2205f,-0.9659f,0.0377f,0f,0f,0f,1f],start_interpolation: 0,interpolation_duration: 1}
$data merge entity $(bone_lower_left_leg) {transformation: [-0.9526f,0.0381f,-0.3019f,0.1049f,-0.0436f,0.9647f,0.2596f,-1.5805f,0.3011f,0.2604f,-0.9173f,-0.1353f,0f,0f,0f,1f],start_interpolation: 0,interpolation_duration: 1}
$data merge entity $(bone_left_leg) {transformation: [-0.9526f,0.0381f,-0.3019f,0.1192f,-0.0436f,0.9647f,0.2596f,-1.2187f,0.3011f,0.2604f,-0.9173f,-0.0377f,0f,0f,0f,1f],start_interpolation: 0,interpolation_duration: 1}
$data merge entity $(bone_waist) {transformation: [-0.9535f,0f,-0.3014f,0f,0f,1f,0f,-0.875f,0.3014f,0f,-0.9535f,0f,0f,0f,0f,1f],start_interpolation: 0,interpolation_duration: 1}
$data merge entity $(bone_pony_tail) {transformation: [-0.9884f,0.0807f,-0.1288f,0.0336f,0.0165f,0.8995f,0.4367f,-0.3694f,0.1511f,0.4295f,-0.8904f,-0.0759f,0f,0f,0f,1f],start_interpolation: 0,interpolation_duration: 1}
$data merge entity $(bone_head) {transformation: [-0.9884f,0.0807f,-0.1288f,0.0613f,0.0165f,0.8995f,0.4367f,-0.4999f,0.1511f,0.4295f,-0.8904f,0.1193f,0f,0f,0f,1f],start_interpolation: 0,interpolation_duration: 1}
data modify entity @s data merge value {"cameras":{},"locators":{"locator":{"posx":1.001290232557019,"posy":-0.6057497884600845,"posz":2.6694915908729873,"roty":260.8092195547279,"rotx":39.05331070221618},"locator2":{"posx":0.5513530616323188,"posy":-0.26261239576532946,"posz":2.6807064004978853,"roty":260.8092195547279,"rotx":39.05331070221618},"locator3":{"posx":0.13059783300652258,"posy":0.02988538219902348,"posz":2.625614772549801,"roty":260.8092195547279,"rotx":39.05331070221618},"locator4":{"posx":-0.3276173336661865,"posy":0.2998593321876035,"posz":2.453414518895327,"roty":260.8092195547279,"rotx":39.05331070221618},"locator5":{"posx":1.413767465434806,"posy":-0.9714110091306125,"posz":2.541168155541699,"roty":260.8092195547279,"rotx":39.05331070221618},"saber_hitbox":{"posx":0.42953491461746474,"posy":-0.9430665376812377,"posz":0.84919940066623,"roty":260.8092195547279,"rotx":39.05331070221618},"locator6":{"posx":1.4914787621835321,"posy":-1.4226219157589421,"posz":1.8600261036972732,"roty":232.75745029257817,"rotx":50.919898801071874},"locator7":{"posx":1.1861817045262513,"posy":-0.9730040704646505,"posz":2.0179817929861534,"roty":232.75745029257817,"rotx":50.919898801071874},"locator8":{"posx":0.8892464954729851,"posy":-0.5589342509466997,"posz":2.095445760021574,"roty":232.75745029257817,"rotx":50.919898801071874},"locator9":{"posx":0.5463032023754889,"posy":-0.11892730876730406,"posz":2.0596157648585427,"roty":232.75745029257817,"rotx":50.919898801071874},"locator10":{"posx":1.7507677357965834,"posy":-1.8463026383917889,"posz":1.588776452209941,"roty":232.75745029257817,"rotx":50.919898801071874},"short_sword_hitbox":{"posx":0.8243615435421994,"posy":-1.0465336371679925,"posz":0.21726365181972074,"roty":232.75745029257817,"rotx":50.919898801071874}}}
execute on vehicle unless entity @s[tag=aj.transforms_only] at @s run function animated_java:mage_hunter/animations/double_slash/zzz/frames/22_root_commands