# This file was generated by Animated Java via MC-Build. It is not recommended to edit this file directly.
$data merge entity $(bone_chest) {transformation: [-0.8064f,0.033f,-0.5905f,0.0156f,-0.002f,0.9983f,0.0585f,1.2485f,0.5914f,0.0484f,-0.8049f,0.0189f,0f,0f,0f,1f],start_interpolation: 0,interpolation_duration: 1}
$data merge entity $(bone_cape) {transformation: [-0.8064f,0.1098f,-0.5811f,0.1497f,-0.002f,0.9821f,0.1883f,1.3818f,0.5914f,0.153f,-0.7917f,-0.1677f,0f,0f,0f,1f],start_interpolation: 0,interpolation_duration: 1}
$data merge entity $(bone_saber) {transformation: [-0.8945f,0.1683f,-1.0306f,0.1936f,0.2902f,1.3436f,-0.0324f,1.3567f,1.0032f,-0.2386f,-0.9096f,0.6495f,0f,0f,0f,1f],start_interpolation: 0,interpolation_duration: 1}
$data merge entity $(bone_right_forearm) {transformation: [-0.6505f,-0.7496f,-0.1224f,-0.0517f,0.211f,-0.0236f,-0.9772f,1.3433f,0.7296f,-0.6615f,0.1735f,0.4561f,0f,0f,0f,1f],start_interpolation: 0,interpolation_duration: 1}
$data merge entity $(bone_right_arm) {transformation: [-0.6549f,-0.7423f,-0.1414f,-0.1786f,0.0643f,0.1317f,-0.9892f,1.3723f,0.753f,-0.6569f,-0.0385f,0.1772f,0f,0f,0f,1f],start_interpolation: 0,interpolation_duration: 1}
$data merge entity $(bone_short_sword) {transformation: [-1.0258f,0.1737f,-0.5279f,0.572f,0.1475f,1.1536f,0.093f,1.2666f,0.5358f,0.015f,-1.0363f,0.2946f,0f,0f,0f,1f],start_interpolation: 0,interpolation_duration: 1}
$data merge entity $(bone_left_forearm) {transformation: [-0.8793f,-0.4525f,-0.1489f,0.453f,0.1264f,0.0797f,-0.9888f,1.2769f,0.4592f,-0.8882f,-0.0129f,0.0639f,0f,0f,0f,1f],start_interpolation: 0,interpolation_duration: 1}
$data merge entity $(bone_left_arm) {transformation: [-0.8838f,-0.4194f,-0.2073f,0.2245f,0.0758f,0.3089f,-0.9481f,1.3733f,0.4616f,-0.8536f,-0.2413f,-0.1185f,0f,0f,0f,1f],start_interpolation: 0,interpolation_duration: 1}
$data merge entity $(bone_torso) {transformation: [-0.8064f,0.0587f,-0.5885f,0f,-0.002f,0.9948f,0.102f,1.0156f,0.5914f,0.0834f,-0.802f,-0.0031f,0f,0f,0f,1f],start_interpolation: 0,interpolation_duration: 1}
$data merge entity $(bone_right_dress) {transformation: [-0.9243f,-0.2577f,-0.2816f,-0.1858f,-0.2164f,0.9615f,-0.1695f,0.8588f,0.3144f,-0.0957f,-0.9444f,0.0549f,0f,0f,0f,1f],start_interpolation: 0,interpolation_duration: 1}
$data merge entity $(bone_left_dress) {transformation: [-0.9243f,0.2671f,-0.2727f,0.1216f,0.2164f,0.9552f,0.2021f,0.8588f,0.3144f,0.1278f,-0.9406f,-0.0496f,0f,0f,0f,1f],start_interpolation: 0,interpolation_duration: 1}
$data merge entity $(bone_lower_right_leg) {transformation: [-0.9876f,-0.0358f,-0.1529f,-0.1049f,0.0054f,0.9653f,-0.2611f,0.388f,0.1569f,-0.2586f,-0.9531f,0.1373f,0f,0f,0f,1f],start_interpolation: 0,interpolation_duration: 1}
$data merge entity $(bone_right_leg) {transformation: [-0.9876f,-0.0358f,-0.1529f,-0.1183f,0.0054f,0.9653f,-0.2611f,0.75f,0.1569f,-0.2586f,-0.9531f,0.0403f,0f,0f,0f,1f],start_interpolation: 0,interpolation_duration: 1}
$data merge entity $(bone_lower_left_leg) {transformation: [-0.9458f,0.0538f,-0.3202f,0.0982f,-0.0436f,0.9562f,0.2894f,0.3914f,0.3218f,0.2877f,-0.902f,-0.1482f,0f,0f,0f,1f],start_interpolation: 0,interpolation_duration: 1}
$data merge entity $(bone_left_leg) {transformation: [-0.9458f,0.0538f,-0.3202f,0.1183f,-0.0436f,0.9562f,0.2894f,0.75f,0.3218f,0.2877f,-0.902f,-0.0403f,0f,0f,0f,1f],start_interpolation: 0,interpolation_duration: 1}
$data merge entity $(bone_waist) {transformation: [-0.9467f,0f,-0.3221f,0f,0f,1f,0f,1.0938f,0.3221f,0f,-0.9467f,0f,0f,0f,0f,1f],start_interpolation: 0,interpolation_duration: 1}
$data merge entity $(bone_pony_tail) {transformation: [-0.9958f,0.0123f,-0.0902f,0.0255f,0.0042f,0.996f,0.0898f,1.5255f,0.0909f,0.089f,-0.9919f,-0.1974f,0f,0f,0f,1f],start_interpolation: 0,interpolation_duration: 1}
$data merge entity $(bone_head) {transformation: [-0.9958f,0.0123f,-0.0902f,0.0462f,0.0042f,0.996f,0.0898f,1.4734f,0.0909f,0.089f,-0.9919f,0.0323f,0f,0f,0f,1f],start_interpolation: 0,interpolation_duration: 1}