# This file was generated by Animated Java via MC-Build. It is not recommended to edit this file directly.
$data merge entity $(bone_chest) {transformation: [-0.8847f,0.127f,-0.4485f,0.0357f,-0.0005f,0.9619f,0.2734f,-0.7317f,0.4661f,0.2422f,-0.8509f,0.0649f,0f,0f,0f,1f],start_interpolation: 0,interpolation_duration: 1}
$data merge entity $(bone_cape) {transformation: [-0.8847f,0.1845f,-0.4281f,0.2102f,-0.0005f,0.918f,0.3967f,-0.5863f,0.4661f,0.3512f,-0.812f,-0.073f,0f,0f,0f,1f],start_interpolation: 0,interpolation_duration: 1}
$data merge entity $(bone_saber) {transformation: [-0.8645f,0.3396f,-1.0139f,0.2046f,-0.8427f,0.5862f,0.9148f,-1.0728f,0.6582f,1.1965f,-0.1604f,0.3398f,0f,0f,0f,1f],start_interpolation: 0,interpolation_duration: 1}
$data merge entity $(bone_right_forearm) {transformation: [-0.6287f,-0.7374f,-0.247f,-0.0377f,-0.6128f,0.6653f,-0.4263f,-0.8788f,0.4787f,-0.1167f,-0.8702f,0.3026f,0f,0f,0f,1f],start_interpolation: 0,interpolation_duration: 1}
$data merge entity $(bone_right_arm) {transformation: [-0.6316f,-0.7408f,-0.2287f,-0.1672f,-0.633f,0.663f,-0.3998f,-0.6132f,0.4478f,-0.1077f,-0.8876f,0.2163f,0f,0f,0f,1f],start_interpolation: 0,interpolation_duration: 1}
$data merge entity $(bone_short_sword) {transformation: [-0.9838f,0.3319f,-0.532f,0.6187f,-0.5276f,0.0965f,1.0361f,-1.0306f,0.3388f,1.1143f,0.0687f,-0.122f,0f,0f,0f,1f],start_interpolation: 0,interpolation_duration: 1}
$data merge entity $(bone_left_forearm) {transformation: [-0.8433f,-0.456f,-0.2845f,0.4974f,-0.4523f,0.888f,-0.0827f,-0.801f,0.2904f,0.0589f,-0.9551f,-0.1167f,0f,0f,0f,1f],start_interpolation: 0,interpolation_duration: 1}
$data merge entity $(bone_left_arm) {transformation: [-0.8693f,-0.4037f,-0.2853f,0.2752f,-0.4593f,0.8729f,0.1644f,-0.6129f,0.1827f,0.274f,-0.9442f,-0.0168f,0f,0f,0f,1f],start_interpolation: 0,interpolation_duration: 1}
$data merge entity $(bone_torso) {transformation: [-0.8847f,0.1464f,-0.4425f,0f,-0.0005f,0.949f,0.3151f,-0.9531f,0.4661f,0.279f,-0.8396f,-0.0031f,0f,0f,0f,1f],start_interpolation: 0,interpolation_duration: 1}
$data merge entity $(bone_right_dress) {transformation: [-0.9295f,-0.2561f,-0.2655f,-0.1867f,-0.2164f,0.9615f,-0.1695f,-1.1099f,0.2987f,-0.1001f,-0.9491f,0.0518f,0f,0f,0f,1f],start_interpolation: 0,interpolation_duration: 1}
$data merge entity $(bone_left_dress) {transformation: [-0.9295f,0.2589f,-0.2628f,0.1224f,0.2164f,0.9596f,0.1799f,-1.1099f,0.2987f,0.1103f,-0.9479f,-0.0475f,0f,0f,0f,1f],start_interpolation: 0,interpolation_duration: 1}
$data merge entity $(bone_lower_right_leg) {transformation: [-0.9901f,-0.0271f,-0.1376f,-0.1088f,0.0054f,0.9731f,-0.2305f,-1.5836f,0.1401f,-0.229f,-0.9633f,0.1241f,0f,0f,0f,1f],start_interpolation: 0,interpolation_duration: 1}
$data merge entity $(bone_right_leg) {transformation: [-0.9901f,-0.0271f,-0.1376f,-0.119f,0.0054f,0.9731f,-0.2305f,-1.2187f,0.1401f,-0.229f,-0.9633f,0.0382f,0f,0f,0f,1f],start_interpolation: 0,interpolation_duration: 1}
$data merge entity $(bone_lower_left_leg) {transformation: [-0.9511f,0.0415f,-0.306f,0.1034f,-0.0436f,0.9629f,0.2662f,-1.5799f,0.3057f,0.2665f,-0.9141f,-0.1382f,0f,0f,0f,1f],start_interpolation: 0,interpolation_duration: 1}
$data merge entity $(bone_left_leg) {transformation: [-0.9511f,0.0415f,-0.306f,0.119f,-0.0436f,0.9629f,0.2662f,-1.2187f,0.3057f,0.2665f,-0.9141f,-0.0382f,0f,0f,0f,1f],start_interpolation: 0,interpolation_duration: 1}
$data merge entity $(bone_waist) {transformation: [-0.952f,0f,-0.306f,0f,0f,1f,0f,-0.875f,0.306f,0f,-0.952f,0f,0f,0f,0f,1f],start_interpolation: 0,interpolation_duration: 1}
$data merge entity $(bone_pony_tail) {transformation: [-0.9901f,0.0646f,-0.1244f,0.0313f,0.014f,0.9287f,0.3705f,-0.383f,0.1395f,0.3651f,-0.9204f,-0.1023f,0f,0f,0f,1f],start_interpolation: 0,interpolation_duration: 1}
$data merge entity $(bone_head) {transformation: [-0.9901f,0.0646f,-0.1244f,0.0584f,0.014f,0.9287f,0.3705f,-0.4989f,0.1395f,0.3651f,-0.9204f,0.102f,0f,0f,0f,1f],start_interpolation: 0,interpolation_duration: 1}
data modify entity @s data merge value {"cameras":{},"locators":{"body_hitbox":{"posx":0.07192433325347944,"posy":-0.9161532217854589,"posz":0.1334286394409892,"roty":332.2076656385029,"rotx":15.86942693555044},"saber_hitbox":{"posx":0.35183262050300335,"posy":-0.8001295891744375,"posz":0.8822759840103171,"roty":278.99135527705886,"rotx":41.7074559669197},"short_sword_hitbox":{"posx":0.7411247027224693,"posy":-0.9844089681311362,"posz":0.3055950412934535,"roty":262.6376076294139,"rotx":62.62843084689291}}}
execute on vehicle unless entity @s[tag=aj.transforms_only] at @s run function animated_java:mage_hunter/animations/double_slash/zzz/frames/24_root_commands