# This file was generated by Animated Java via MC-Build. It is not recommended to edit this file directly.
$data merge entity $(bone_chest) {transformation: [-0.859f,0.1038f,-0.5013f,0.031f,-0.0012f,0.9788f,0.2046f,-0.7268f,0.5119f,0.1764f,-0.8407f,0.0494f,0f,0f,0f,1f],start_interpolation: 0,interpolation_duration: 1}
$data merge entity $(bone_cape) {transformation: [-0.859f,0.1683f,-0.4835f,0.1927f,-0.0012f,0.9437f,0.3307f,-0.5846f,0.5119f,0.2846f,-0.8105f,-0.1062f,0f,0f,0f,1f],start_interpolation: 0,interpolation_duration: 1}
$data merge entity $(bone_saber) {transformation: [-0.919f,0.282f,-0.9831f,0.1839f,-0.5238f,1.0054f,0.7781f,-0.9929f,0.8784f,0.8946f,-0.5645f,0.5054f,0f,0f,0f,1f],start_interpolation: 0,interpolation_duration: 1}
$data merge entity $(bone_right_forearm) {transformation: [-0.6684f,-0.715f,-0.2051f,-0.0517f,-0.381f,0.5659f,-0.7312f,-0.8292f,0.6389f,-0.4106f,-0.6506f,0.381f,0f,0f,0f,1f],start_interpolation: 0,interpolation_duration: 1}
$data merge entity $(bone_right_arm) {transformation: [-0.6731f,-0.713f,-0.1965f,-0.1681f,-0.4388f,0.5988f,-0.67f,-0.606f,0.5954f,-0.3647f,-0.7159f,0.204f,0f,0f,0f,1f],start_interpolation: 0,interpolation_duration: 1}
$data merge entity $(bone_short_sword) {transformation: [-1.0306f,0.2638f,-0.4789f,0.5865f,-0.3021f,0.577f,0.9679f,-1.0345f,0.4557f,0.9791f,-0.4414f,0.0639f,0f,0f,0f,1f],start_interpolation: 0,interpolation_duration: 1}
$data merge entity $(bone_left_forearm) {transformation: [-0.8834f,-0.4105f,-0.2261f,0.4776f,-0.259f,0.8297f,-0.4946f,-0.8243f,0.3906f,-0.3783f,-0.8392f,-0.043f,0f,0f,0f,1f],start_interpolation: 0,interpolation_duration: 1}
$data merge entity $(bone_left_arm) {transformation: [-0.8994f,-0.3688f,-0.2347f,0.2614f,-0.3041f,0.9135f,-0.2701f,-0.6054f,0.314f,-0.1715f,-0.9338f,-0.052f,0f,0f,0f,1f],start_interpolation: 0,interpolation_duration: 1}
$data merge entity $(bone_torso) {transformation: [-0.859f,0.1255f,-0.4963f,0f,-0.0012f,0.969f,0.2471f,-0.9531f,0.5119f,0.2129f,-0.8322f,-0.0031f,0f,0f,0f,1f],start_interpolation: 0,interpolation_duration: 1}
$data merge entity $(bone_right_dress) {transformation: [-0.9274f,-0.2568f,-0.2722f,-0.1863f,-0.2164f,0.9615f,-0.1695f,-1.1099f,0.3052f,-0.0983f,-0.9472f,0.0531f,0f,0f,0f,1f],start_interpolation: 0,interpolation_duration: 1}
$data merge entity $(bone_left_dress) {transformation: [-0.9274f,0.2624f,-0.2667f,0.1221f,0.2164f,0.9577f,0.1898f,-1.1099f,0.3052f,0.1183f,-0.9449f,-0.0484f,0f,0f,0f,1f],start_interpolation: 0,interpolation_duration: 1}
$data merge entity $(bone_lower_right_leg) {transformation: [-0.9891f,-0.0306f,-0.1439f,-0.1073f,0.0054f,0.97f,-0.2431f,-1.5825f,0.1471f,-0.2413f,-0.9592f,0.1296f,0f,0f,0f,1f],start_interpolation: 0,interpolation_duration: 1}
$data merge entity $(bone_right_leg) {transformation: [-0.9891f,-0.0306f,-0.1439f,-0.1187f,0.0054f,0.97f,-0.2431f,-1.2187f,0.1471f,-0.2413f,-0.9592f,0.0391f,0f,0f,0f,1f],start_interpolation: 0,interpolation_duration: 1}
$data merge entity $(bone_lower_left_leg) {transformation: [-0.949f,0.0465f,-0.3119f,0.1013f,-0.0436f,0.9602f,0.2758f,-1.5788f,0.3123f,0.2753f,-0.9092f,-0.1423f,0f,0f,0f,1f],start_interpolation: 0,interpolation_duration: 1}
$data merge entity $(bone_left_leg) {transformation: [-0.949f,0.0465f,-0.3119f,0.1187f,-0.0436f,0.9602f,0.2758f,-1.2187f,0.3123f,0.2753f,-0.9092f,-0.0391f,0f,0f,0f,1f],start_interpolation: 0,interpolation_duration: 1}
$data merge entity $(bone_waist) {transformation: [-0.9499f,0f,-0.3126f,0f,0f,1f,0f,-0.875f,0.3126f,0f,-0.9499f,0f,0f,0f,0f,1f],start_interpolation: 0,interpolation_duration: 1}
$data merge entity $(bone_pony_tail) {transformation: [-0.9921f,0.0455f,-0.1169f,0.029f,0.0108f,0.9595f,0.2815f,-0.4015f,0.125f,0.278f,-0.9524f,-0.1352f,0f,0f,0f,1f],start_interpolation: 0,interpolation_duration: 1}
$data merge entity $(bone_head) {transformation: [-0.9921f,0.0455f,-0.1169f,0.0549f,0.0108f,0.9595f,0.2815f,-0.4974f,0.125f,0.278f,-0.9524f,0.0793f,0f,0f,0f,1f],start_interpolation: 0,interpolation_duration: 1}
data modify entity @s data merge value {"cameras":{},"locators":{"body_hitbox":{"posx":0.07742412391258414,"posy":-0.9053173116653411,"posz":0.12690133777564994,"roty":329.19282846670444,"rotx":11.808863657994245},"saber_hitbox":{"posx":0.3051796232563123,"posy":-0.5307924164334792,"posz":0.9078290210456299,"roty":299.86419774867284,"rotx":34.463326052440465},"short_sword_hitbox":{"posx":0.6832801332122576,"posy":-0.8047432860884143,"posz":0.435160861580247,"roty":312.6647859820349,"rotx":56.06450801295042}}}