# This file was generated by Animated Java via MC-Build. It is not recommended to edit this file directly.
$data merge entity $(bone_chest) {transformation: [-0.794f,-0.0099f,-0.6078f,0.0058f,-0.0016f,0.9999f,-0.0142f,-0.7189f,0.6079f,-0.0103f,-0.7939f,0.0051f,0f,0f,0f,1f],start_interpolation: 0,interpolation_duration: 1}
$data merge entity $(bone_cape) {transformation: [-0.794f,0.0695f,-0.6039f,0.1303f,-0.0016f,0.9932f,0.1165f,-0.5912f,0.6079f,0.0935f,-0.7885f,-0.1918f,0f,0f,0f,1f],start_interpolation: 0,interpolation_duration: 1}
$data merge entity $(bone_saber) {transformation: [-0.8382f,0.1028f,-1.0851f,0.2099f,0.7163f,1.0837f,-0.4506f,-0.4067f,0.8216f,-0.84f,-0.7142f,0.5652f,0f,0f,0f,1f],start_interpolation: 0,interpolation_duration: 1}
$data merge entity $(bone_right_forearm) {transformation: [-0.6096f,-0.7892f,-0.0748f,-0.0467f,0.521f,-0.3277f,-0.7882f,-0.5084f,0.5975f,-0.5194f,0.6109f,0.4182f,0f,0f,0f,1f],start_interpolation: 0,interpolation_duration: 1}
$data merge entity $(bone_right_arm) {transformation: [-0.6108f,-0.7831f,-0.1172f,-0.1906f,0.3623f,-0.1448f,-0.9207f,-0.5944f,0.7041f,-0.6048f,0.3722f,0.1601f,0f,0f,0f,1f],start_interpolation: 0,interpolation_duration: 1}
$data merge entity $(bone_short_sword) {transformation: [-0.9916f,0.0987f,-0.6067f,0.5883f,0.3794f,1.0043f,-0.4567f,-0.4693f,0.4837f,-0.5854f,-0.8857f,0.2323f,0f,0f,0f,1f],start_interpolation: 0,interpolation_duration: 1}
$data merge entity $(bone_left_forearm) {transformation: [-0.8499f,-0.5201f,-0.0846f,0.4525f,0.3252f,-0.3914f,-0.8608f,-0.5799f,0.4146f,-0.7592f,0.5018f,0.0405f,0f,0f,0f,1f],start_interpolation: 0,interpolation_duration: 1}
$data merge entity $(bone_left_arm) {transformation: [-0.8506f,-0.497f,-0.1716f,0.2064f,0.2943f,-0.1796f,-0.9387f,-0.5936f,0.4357f,-0.849f,0.299f,-0.1439f,0f,0f,0f,1f],start_interpolation: 0,interpolation_duration: 1}
$data merge entity $(bone_torso) {transformation: [-0.794f,0.0166f,-0.6077f,0f,-0.0016f,0.9996f,0.0295f,-0.9531f,0.6079f,0.0244f,-0.7936f,-0.0031f,0f,0f,0f,1f],start_interpolation: 0,interpolation_duration: 1}
$data merge entity $(bone_right_dress) {transformation: [-0.9255f,-0.2573f,-0.2779f,-0.186f,-0.2164f,0.9615f,-0.1695f,-1.1099f,0.3108f,-0.0967f,-0.9455f,0.0542f,0f,0f,0f,1f],start_interpolation: 0,interpolation_duration: 1}
$data merge entity $(bone_left_dress) {transformation: [-0.9255f,0.2648f,-0.2708f,0.1218f,0.2164f,0.9565f,0.1956f,-1.1099f,0.3108f,0.1224f,-0.9426f,-0.0491f,0f,0f,0f,1f],start_interpolation: 0,interpolation_duration: 1}
$data merge entity $(bone_lower_right_leg) {transformation: [-0.9882f,-0.0337f,-0.1494f,-0.1059f,0.0054f,0.9672f,-0.2541f,-1.5814f,0.1531f,-0.2519f,-0.9556f,0.1342f,0f,0f,0f,1f],start_interpolation: 0,interpolation_duration: 1}
$data merge entity $(bone_right_leg) {transformation: [-0.9882f,-0.0337f,-0.1494f,-0.1185f,0.0054f,0.9672f,-0.2541f,-1.2187f,0.1531f,-0.2519f,-0.9556f,0.0398f,0f,0f,0f,1f],start_interpolation: 0,interpolation_duration: 1}
$data merge entity $(bone_lower_left_leg) {transformation: [-0.9471f,0.0509f,-0.317f,0.0994f,-0.0436f,0.9578f,0.2841f,-1.5779f,0.3181f,0.2829f,-0.9049f,-0.1459f,0f,0f,0f,1f],start_interpolation: 0,interpolation_duration: 1}
$data merge entity $(bone_left_leg) {transformation: [-0.9471f,0.0509f,-0.317f,0.1185f,-0.0436f,0.9578f,0.2841f,-1.2187f,0.3181f,0.2829f,-0.9049f,-0.0398f,0f,0f,0f,1f],start_interpolation: 0,interpolation_duration: 1}
$data merge entity $(bone_waist) {transformation: [-0.948f,0f,-0.3184f,0f,0f,1f,0f,-0.875f,0.3184f,0f,-0.948f,0f,0f,0f,0f,1f],start_interpolation: 0,interpolation_duration: 1}
$data merge entity $(bone_pony_tail) {transformation: [-0.9978f,0.0006f,-0.067f,0.0236f,0.001f,1f,-0.0058f,-0.4663f,0.067f,-0.0059f,-0.9977f,-0.2248f,0f,0f,0f,1f],start_interpolation: 0,interpolation_duration: 1}
$data merge entity $(bone_head) {transformation: [-0.9978f,0.0006f,-0.067f,0.0393f,0.001f,1f,-0.0058f,-0.4962f,0.067f,-0.0059f,-0.9977f,0.0092f,0f,0f,0f,1f],start_interpolation: 0,interpolation_duration: 1}