# This file was generated by Animated Java via MC-Build. It is not recommended to edit this file directly.
$data merge entity $(bone_chest) {transformation: [-0.8446f,0.0881f,-0.5282f,0.0277f,-0.0015f,0.986f,0.1669f,-0.7246f,0.5354f,0.1417f,-0.8326f,0.0411f,0f,0f,0f,1f],start_interpolation: 0,interpolation_duration: 1}
$data merge entity $(bone_cape) {transformation: [-0.8446f,0.1563f,-0.5121f,0.1821f,-0.0015f,0.9558f,0.2941f,-0.5844f,0.5354f,0.2492f,-0.807f,-0.1234f,0f,0f,0f,1f],start_interpolation: 0,interpolation_duration: 1}
$data merge entity $(bone_saber) {transformation: [-0.9276f,0.2578f,-0.9817f,0.1802f,-0.3254f,1.1842f,0.6184f,-0.9154f,0.9614f,0.6495f,-0.7378f,0.5767f,0f,0f,0f,1f],start_interpolation: 0,interpolation_duration: 1}
$data merge entity $(bone_right_forearm) {transformation: [-0.6746f,-0.714f,-0.1875f,-0.055f,-0.2366f,0.4498f,-0.8612f,-0.7869f,0.6992f,-0.5366f,-0.4724f,0.4156f,0f,0f,0f,1f],start_interpolation: 0,interpolation_duration: 1}
$data merge entity $(bone_right_arm) {transformation: [-0.6802f,-0.7096f,-0.1839f,-0.1696f,-0.3194f,0.5127f,-0.7969f,-0.6028f,0.6598f,-0.4833f,-0.5754f,0.1972f,0f,0f,0f,1f],start_interpolation: 0,interpolation_duration: 1}
$data merge entity $(bone_short_sword) {transformation: [-1.0399f,0.2426f,-0.4699f,0.5746f,-0.1813f,0.8104f,0.8195f,-0.9864f,0.4968f,0.8035f,-0.6847f,0.1568f,0f,0f,0f,1f],start_interpolation: 0,interpolation_duration: 1}
$data merge entity $(bone_left_forearm) {transformation: [-0.8914f,-0.4028f,-0.2079f,0.4679f,-0.1554f,0.7024f,-0.6946f,-0.8114f,0.4258f,-0.5869f,-0.6887f,-0.0027f,0f,0f,0f,1f],start_interpolation: 0,interpolation_duration: 1}
$data merge entity $(bone_left_arm) {transformation: [-0.904f,-0.3633f,-0.2253f,0.2527f,-0.2118f,0.8385f,-0.5021f,-0.602f,0.3714f,-0.4062f,-0.8349f,-0.0705f,0f,0f,0f,1f],start_interpolation: 0,interpolation_duration: 1}
$data merge entity $(bone_torso) {transformation: [-0.8446f,0.1111f,-0.5238f,0f,-0.0015f,0.9778f,0.2097f,-0.9531f,0.5354f,0.1779f,-0.8256f,-0.0031f,0f,0f,0f,1f],start_interpolation: 0,interpolation_duration: 1}
$data merge entity $(bone_right_dress) {transformation: [-0.9263f,-0.2571f,-0.2755f,-0.1861f,-0.2164f,0.9615f,-0.1695f,-1.1099f,0.3085f,-0.0974f,-0.9462f,0.0537f,0f,0f,0f,1f],start_interpolation: 0,interpolation_duration: 1}
$data merge entity $(bone_left_dress) {transformation: [-0.9263f,0.2642f,-0.2687f,0.1219f,0.2164f,0.9567f,0.1944f,-1.1099f,0.3085f,0.1219f,-0.9434f,-0.0488f,0f,0f,0f,1f],start_interpolation: 0,interpolation_duration: 1}
$data merge entity $(bone_lower_right_leg) {transformation: [-0.9886f,-0.0324f,-0.1471f,-0.1065f,0.0054f,0.9684f,-0.2495f,-1.5819f,0.1505f,-0.2474f,-0.9571f,0.1323f,0f,0f,0f,1f],start_interpolation: 0,interpolation_duration: 1}
$data merge entity $(bone_right_leg) {transformation: [-0.9886f,-0.0324f,-0.1471f,-0.1186f,0.0054f,0.9684f,-0.2495f,-1.2187f,0.1505f,-0.2474f,-0.9571f,0.0395f,0f,0f,0f,1f],start_interpolation: 0,interpolation_duration: 1}
$data merge entity $(bone_lower_left_leg) {transformation: [-0.9479f,0.049f,-0.3149f,0.1002f,-0.0436f,0.9588f,0.2806f,-1.5783f,0.3157f,0.2797f,-0.9067f,-0.1444f,0f,0f,0f,1f],start_interpolation: 0,interpolation_duration: 1}
$data merge entity $(bone_left_leg) {transformation: [-0.9479f,0.049f,-0.3149f,0.1186f,-0.0436f,0.9588f,0.2806f,-1.2187f,0.3157f,0.2797f,-0.9067f,-0.0395f,0f,0f,0f,1f],start_interpolation: 0,interpolation_duration: 1}
$data merge entity $(bone_waist) {transformation: [-0.9488f,0f,-0.316f,0f,0f,1f,0f,-0.875f,0.316f,0f,-0.9488f,0f,0f,0f,0f,1f],start_interpolation: 0,interpolation_duration: 1}
$data merge entity $(bone_pony_tail) {transformation: [-0.9931f,0.0359f,-0.1115f,0.0279f,0.0091f,0.9726f,0.2321f,-0.4119f,0.1168f,0.2295f,-0.9663f,-0.1522f,0f,0f,0f,1f],start_interpolation: 0,interpolation_duration: 1}
$data merge entity $(bone_head) {transformation: [-0.9931f,0.0359f,-0.1115f,0.0529f,0.0091f,0.9726f,0.2321f,-0.4967f,0.1168f,0.2295f,-0.9663f,0.0671f,0f,0f,0f,1f],start_interpolation: 0,interpolation_duration: 1}
data modify entity @s data merge value {"cameras":{},"locators":{"locator":{"posx":0.654911336412173,"posy":1.345625054764493,"posz":1.8223468823702202,"roty":306.92797480972763,"rotx":26.72904433628057},"locator2":{"posx":0.2415837012010799,"posy":1.54479535659766,"posz":1.490980081319646,"roty":306.92797480972763,"rotx":26.72904433628057},"locator3":{"posx":-0.13883954252219297,"posy":1.6620285802248365,"posz":1.163627783461446,"roty":306.92797480972763,"rotx":26.72904433628057},"locator4":{"posx":-0.5427004086096078,"posy":1.6716091234478618,"posz":0.7772282311394033,"roty":306.92797480972763,"rotx":26.72904433628057},"locator5":{"posx":1.044801349259124,"posy":1.0388020725271754,"posz":2.094666428956952,"roty":306.92797480972763,"rotx":26.72904433628057},"saber_hitbox":{"posx":0.30216885283997597,"posy":-0.3192938443651241,"posz":0.8961891257059773,"roty":306.92797480972763,"rotx":26.72904433628057},"locator6":{"posx":1.0532059079846012,"posy":0.6337990104668054,"posz":1.7498613889728154,"roty":325.53668312986315,"rotx":44.62045496467327},"locator7":{"posx":0.8136473563345825,"posy":0.9854897373773521,"posz":1.3767155288370274,"roty":325.53668312986315,"rotx":44.62045496467327},"locator8":{"posx":0.5862667162980746,"posy":1.249866687350004,"posz":0.9972054856764466,"roty":325.53668312986315,"rotx":44.62045496467327},"locator9":{"posx":0.3328946068358826,"posy":1.4274169842165545,"posz":0.5316107410440796,"roty":325.53668312986315,"rotx":44.62045496467327},"locator10":{"posx":1.2667729902089357,"posy":0.19528163045015767,"posz":2.0369225476368173,"roty":325.53668312986315,"rotx":44.62045496467327},"short_sword_hitbox":{"posx":0.6763296013121807,"posy":-0.6251874595716636,"posz":0.5016332176319217,"roty":325.53668312986315,"rotx":44.62045496467327}}}