# This file was generated by Animated Java via MC-Build. It is not recommended to edit this file directly.
$data merge entity $(bone_chest) {transformation: [-0.8301f,0.0702f,-0.5531f,0.0238f,-0.0017f,0.9917f,0.1285f,-0.7228f,0.5576f,0.1076f,-0.8231f,0.033f,0f,0f,0f,1f],start_interpolation: 0,interpolation_duration: 1}
$data merge entity $(bone_cape) {transformation: [-0.8301f,0.1418f,-0.5392f,0.1708f,-0.0017f,0.9665f,0.2568f,-0.5848f,0.5576f,0.2142f,-0.802f,-0.14f,0f,0f,0f,1f],start_interpolation: 0,interpolation_duration: 1}
$data merge entity $(bone_saber) {transformation: [-0.9241f,0.2315f,-0.9915f,0.1815f,-0.1125f,1.3076f,0.4102f,-0.8178f,1.0119f,0.3568f,-0.8598f,0.6275f,0f,0f,0f,1f],start_interpolation: 0,interpolation_duration: 1}
$data merge entity $(bone_right_forearm) {transformation: [-0.6721f,-0.7211f,-0.1684f,-0.0557f,-0.0818f,0.2983f,-0.951f,-0.7351f,0.7359f,-0.6253f,-0.2595f,0.4413f,0f,0f,0f,1f],start_interpolation: 0,interpolation_duration: 1}
$data merge entity $(bone_right_arm) {transformation: [-0.6781f,-0.7148f,-0.171f,-0.1719f,-0.1903f,0.3955f,-0.8986f,-0.6001f,0.71f,-0.5767f,-0.4041f,0.1904f,0f,0f,0f,1f],start_interpolation: 0,interpolation_duration: 1}
$data merge entity $(bone_short_sword) {transformation: [-1.0408f,0.2232f,-0.4776f,0.5685f,-0.0623f,0.9974f,0.602f,-0.9061f,0.5235f,0.5626f,-0.8778f,0.2322f,0f,0f,0f,1f],start_interpolation: 0,interpolation_duration: 1}
$data merge entity $(bone_left_forearm) {transformation: [-0.8921f,-0.4094f,-0.1913f,0.4603f,-0.0534f,0.516f,-0.8549f,-0.7811f,0.4487f,-0.7524f,-0.4822f,0.0319f,0f,0f,0f,1f],start_interpolation: 0,interpolation_duration: 1}
$data merge entity $(bone_left_arm) {transformation: [-0.9018f,-0.3713f,-0.2211f,0.2431f,-0.1136f,0.6973f,-0.7077f,-0.5992f,0.417f,-0.6131f,-0.671f,-0.0884f,0f,0f,0f,1f],start_interpolation: 0,interpolation_duration: 1}
$data merge entity $(bone_torso) {transformation: [-0.8301f,0.0943f,-0.5495f,0f,-0.0017f,0.9852f,0.1716f,-0.9531f,0.5576f,0.1434f,-0.8177f,-0.0031f,0f,0f,0f,1f],start_interpolation: 0,interpolation_duration: 1}
$data merge entity $(bone_right_dress) {transformation: [-0.9253f,-0.2574f,-0.2784f,-0.186f,-0.2164f,0.9615f,-0.1695f,-1.1099f,0.3113f,-0.0966f,-0.9454f,0.0543f,0f,0f,0f,1f],start_interpolation: 0,interpolation_duration: 1}
$data merge entity $(bone_left_dress) {transformation: [-0.9253f,0.2656f,-0.2705f,0.1217f,0.2164f,0.9559f,0.1983f,-1.1099f,0.3113f,0.1249f,-0.9421f,-0.0492f,0f,0f,0f,1f],start_interpolation: 0,interpolation_duration: 1}
$data merge entity $(bone_lower_right_leg) {transformation: [-0.9881f,-0.034f,-0.1498f,-0.1057f,0.0054f,0.9669f,-0.255f,-1.5814f,0.1536f,-0.2527f,-0.9553f,0.1346f,0f,0f,0f,1f],start_interpolation: 0,interpolation_duration: 1}
$data merge entity $(bone_right_leg) {transformation: [-0.9881f,-0.034f,-0.1498f,-0.1185f,0.0054f,0.9669f,-0.255f,-1.2187f,0.1536f,-0.2527f,-0.9553f,0.0399f,0f,0f,0f,1f],start_interpolation: 0,interpolation_duration: 1}
$data merge entity $(bone_lower_left_leg) {transformation: [-0.9469f,0.0513f,-0.3174f,0.0993f,-0.0436f,0.9576f,0.2848f,-1.5778f,0.3186f,0.2835f,-0.9045f,-0.1462f,0f,0f,0f,1f],start_interpolation: 0,interpolation_duration: 1}
$data merge entity $(bone_left_leg) {transformation: [-0.9469f,0.0513f,-0.3174f,0.1185f,-0.0436f,0.9576f,0.2848f,-1.2187f,0.3186f,0.2835f,-0.9045f,-0.0399f,0f,0f,0f,1f],start_interpolation: 0,interpolation_duration: 1}
$data merge entity $(bone_waist) {transformation: [-0.9478f,0f,-0.3189f,0f,0f,1f,0f,-0.875f,0.3189f,0f,-0.9478f,0f,0f,0f,0f,1f],start_interpolation: 0,interpolation_duration: 1}
$data merge entity $(bone_pony_tail) {transformation: [-0.9941f,0.0269f,-0.1051f,0.027f,0.0073f,0.9833f,0.1818f,-0.4228f,0.1082f,0.18f,-0.9777f,-0.1688f,0f,0f,0f,1f],start_interpolation: 0,interpolation_duration: 1}
$data merge entity $(bone_head) {transformation: [-0.9941f,0.0269f,-0.1051f,0.0508f,0.0073f,0.9833f,0.1818f,-0.4961f,0.1082f,0.18f,-0.9777f,0.0547f,0f,0f,0f,1f],start_interpolation: 0,interpolation_duration: 1}
data modify entity @s data merge value {"cameras":{},"locators":{"body_hitbox":{"posx":0.08198105176627397,"posy":-0.8937807500111796,"posz":0.11912182281123865,"roty":326.10035852180783,"rotx":7.382594305290961},"flame":{"posx":0.6060331464057914,"posy":1.6796979840503234,"posz":1.3140510067096658,"roty":310.93225100380744,"rotx":17.35509035808273},"flame1":{"posx":0.18989698131325938,"posy":1.7880526133843877,"posz":0.9460802654761291,"roty":310.93225100380744,"rotx":17.35509035808273},"flame2":{"posx":-0.1916935186271484,"posy":1.8183289053334613,"posz":0.6009758805415937,"roty":310.93225100380744,"rotx":17.35509035808273},"flame3":{"posx":-0.594329054312239,"posy":1.7297351158563639,"posz":0.223436788698553,"roty":310.93225100380744,"rotx":17.35509035808273},"flame4":{"posx":1.0011242757536407,"posy":1.4524732732900891,"posz":1.6495870410346969,"roty":310.93225100380744,"rotx":17.35509035808273},"saber_hitbox":{"posx":0.27981372173920316,"posy":-0.22094480829139274,"posz":0.7835964813121679,"roty":310.93225100380744,"rotx":17.35509035808273},"flame5":{"posx":1.0085580901955595,"posy":1.08438202928139,"posz":1.344088854493398,"roty":331.45191060621346,"rotx":31.065920845399578},"flame6":{"posx":0.7663382882812947,"posy":1.3212138517050978,"posz":0.8907095922326725,"roty":331.45191060621346,"rotx":31.065920845399578},"flame7":{"posx":0.5377446452801713,"posy":1.4723625368834958,"posz":0.45421901805229425,"roty":331.45191060621346,"rotx":31.065920845399578},"flame8":{"posx":0.2852341279398498,"posy":1.516647939505079,"posz":-0.042547770035604726,"roty":331.45191060621346,"rotx":31.065920845399578},"flame9":{"posx":1.2268610177706263,"posy":0.7406869243008661,"posz":1.7371919028466025,"roty":331.45191060621346,"rotx":31.065920845399578},"short_sword_hitbox":{"posx":0.6498049751075878,"posy":-0.5185672090708452,"posz":0.4399456458805885,"roty":331.45191060621346,"rotx":31.065920845399578}}}