# This file was generated by Animated Java via MC-Build. It is not recommended to edit this file directly.
$data merge entity $(bone_chest) {transformation: [-0.92f,0.0078f,-0.3919f,0.0071f,0.0063f,1f,0.0052f,1.2496f,0.3919f,0.0023f,-0.92f,0.0097f,0f,0f,0f,1f],start_interpolation: 0,interpolation_duration: 1}
$data merge entity $(bone_cape) {transformation: [-0.92f,0.0589f,-0.3875f,0.1784f,0.0063f,0.9907f,0.1357f,1.3772f,0.3919f,0.1224f,-0.9118f,-0.1483f,0f,0f,0f,1f],start_interpolation: 0,interpolation_duration: 1}
$data merge entity $(bone_saber) {transformation: [-0.6723f,0.8335f,-0.8625f,0.066f,1.1215f,0.7874f,-0.1133f,1.4621f,0.4252f,-0.7589f,-1.0648f,0.6349f,0f,0f,0f,1f],start_interpolation: 0,interpolation_duration: 1}
$data merge entity $(bone_right_forearm) {transformation: [-0.489f,-0.6273f,-0.6061f,-0.1433f,0.8156f,-0.0824f,-0.5727f,1.4437f,0.3093f,-0.7744f,0.5519f,0.4033f,0f,0f,0f,1f],start_interpolation: 0,interpolation_duration: 1}
$data merge entity $(bone_right_arm) {transformation: [-0.604f,-0.5407f,-0.5855f,-0.2198f,0.6685f,0.0564f,-0.7416f,1.376f,0.434f,-0.8393f,0.3274f,0.113f,0f,0f,0f,1f],start_interpolation: 0,interpolation_duration: 1}
$data merge entity $(bone_short_sword) {transformation: [-0.9134f,0.5337f,-0.492f,0.5543f,0.7007f,0.8546f,-0.3738f,1.4502f,0.1894f,-0.5881f,-0.9896f,0.3656f,0f,0f,0f,1f],start_interpolation: 0,interpolation_duration: 1}
$data merge entity $(bone_left_forearm) {transformation: [-0.7829f,-0.4217f,-0.4575f,0.4401f,0.6006f,-0.3204f,-0.7325f,1.3594f,0.1623f,-0.8482f,0.5041f,0.1507f,0f,0f,0f,1f],start_interpolation: 0,interpolation_duration: 1}
$data merge entity $(bone_left_arm) {transformation: [-0.8279f,-0.3429f,-0.4439f,0.2402f,0.5227f,-0.1846f,-0.8323f,1.3728f,0.2035f,-0.9211f,0.332f,-0.083f,0f,0f,0f,1f],start_interpolation: 0,interpolation_duration: 1}
$data merge entity $(bone_torso) {transformation: [-0.92f,0.0249f,-0.3911f,0f,0.0063f,0.9988f,0.0488f,1.0156f,0.3919f,0.0424f,-0.919f,-0.0031f,0f,0f,0f,1f],start_interpolation: 0,interpolation_duration: 1}
$data merge entity $(bone_right_dress) {transformation: [-0.9475f,-0.2303f,-0.2218f,-0.1898f,-0.2164f,0.9726f,-0.0851f,0.8588f,0.2353f,-0.0326f,-0.9714f,0.0391f,0f,0f,0f,1f],start_interpolation: 0,interpolation_duration: 1}
$data merge entity $(bone_left_dress) {transformation: [-0.9475f,0.23f,-0.2221f,0.1253f,0.2164f,0.9727f,0.0838f,0.8588f,0.2353f,0.0313f,-0.9714f,-0.0392f,0f,0f,0f,1f],start_interpolation: 0,interpolation_duration: 1}
$data merge entity $(bone_lower_right_leg) {transformation: [-0.9973f,-0.0024f,-0.0731f,-0.1204f,0.0054f,0.9943f,-0.1069f,0.3772f,0.073f,-0.107f,-0.9916f,0.0703f,0f,0f,0f,1f],start_interpolation: 0,interpolation_duration: 1}
$data merge entity $(bone_right_leg) {transformation: [-0.9973f,-0.0024f,-0.0731f,-0.1213f,0.0054f,0.9943f,-0.1069f,0.75f,0.073f,-0.107f,-0.9916f,0.0301f,0f,0f,0f,1f],start_interpolation: 0,interpolation_duration: 1}
$data merge entity $(bone_lower_left_leg) {transformation: [-0.9696f,-0.0002f,-0.2447f,0.1214f,-0.0436f,0.9841f,0.1721f,0.381f,0.2408f,0.1776f,-0.9542f,-0.0967f,0f,0f,0f,1f],start_interpolation: 0,interpolation_duration: 1}
$data merge entity $(bone_left_leg) {transformation: [-0.9696f,-0.0002f,-0.2447f,0.1213f,-0.0436f,0.9841f,0.1721f,0.75f,0.2408f,0.1776f,-0.9542f,-0.0301f,0f,0f,0f,1f],start_interpolation: 0,interpolation_duration: 1}
$data merge entity $(bone_waist) {transformation: [-0.9705f,0f,-0.241f,0f,0f,1f,0f,1.0938f,0.241f,0f,-0.9705f,0f,0f,0f,0f,1f],start_interpolation: 0,interpolation_duration: 1}
$data merge entity $(bone_pony_tail) {transformation: [-1f,0.0034f,-0.008f,0.0146f,0.0032f,0.9997f,0.026f,1.4934f,0.008f,0.0259f,-0.9996f,-0.2169f,0f,0f,0f,1f],start_interpolation: 0,interpolation_duration: 1}
$data merge entity $(bone_head) {transformation: [-1f,0.0034f,-0.008f,0.0164f,0.0032f,0.9997f,0.026f,1.4561f,0.008f,0.0259f,-0.9996f,0.0166f,0f,0f,0f,1f],start_interpolation: 0,interpolation_duration: 1}