# This file was generated by Animated Java via MC-Build. It is not recommended to edit this file directly.
$data merge entity $(bone_chest) {transformation: [-0.9884f,0.0085f,0.1519f,0f,0f,0.9984f,-0.056f,-0.7187f,-0.1521f,-0.0553f,-0.9868f,-0.0029f,0f,0f,0f,1f],start_interpolation: 0,interpolation_duration: 1}
$data merge entity $(bone_cape) {transformation: [-0.9884f,-0.0114f,0.1517f,0.2292f,0f,0.9972f,0.0748f,-0.5948f,-0.1521f,0.074f,-0.9856f,-0.0545f,0f,0f,0f,1f],start_interpolation: 0,interpolation_duration: 1}
$data merge entity $(bone_saber) {transformation: [-1.3172f,-0.2464f,0.3079f,-0.4743f,-0.0344f,1.1413f,0.7661f,-0.9621f,-0.3928f,0.7263f,-1.0995f,0.3731f,0f,0f,0f,1f],start_interpolation: 0,interpolation_duration: 1}
$data merge entity $(bone_right_forearm) {transformation: [-0.958f,0.2239f,0.1792f,-0.4176f,-0.025f,0.5572f,-0.83f,-0.7965f,-0.2857f,-0.7996f,-0.5282f,0.114f,0f,0f,0f,1f],start_interpolation: 0,interpolation_duration: 1}
$data merge entity $(bone_right_arm) {transformation: [-0.9796f,0.1717f,0.104f,-0.2469f,0.0609f,0.7479f,-0.661f,-0.5937f,-0.1913f,-0.6412f,-0.7431f,-0.0425f,0f,0f,0f,1f],start_interpolation: 0,interpolation_duration: 1}
$data merge entity $(bone_short_sword) {transformation: [-1.1265f,-0.1704f,-0.2512f,0.4849f,-0.3033f,0.5913f,0.9589f,-0.9939f,-0.0127f,0.9912f,-0.6152f,0.335f,0f,0f,0f,1f],start_interpolation: 0,interpolation_duration: 1}
$data merge entity $(bone_left_forearm) {transformation: [-0.9656f,-0.2153f,0.146f,0.4306f,-0.26f,0.8219f,-0.5068f,-0.7858f,-0.0109f,-0.5273f,-0.8496f,0.1893f,0f,0f,0f,1f],start_interpolation: 0,interpolation_duration: 1}
$data merge entity $(bone_left_arm) {transformation: [-0.9175f,-0.2438f,0.3143f,0.2473f,-0.3607f,0.8432f,-0.3986f,-0.5937f,-0.1678f,-0.4791f,-0.8616f,0.0336f,0f,0f,0f,1f],start_interpolation: 0,interpolation_duration: 1}
$data merge entity $(bone_torso) {transformation: [-0.9884f,0.0019f,0.1521f,0f,0f,0.9999f,-0.0124f,-0.9531f,-0.1521f,-0.0122f,-0.9883f,-0.0031f,0f,0f,0f,1f],start_interpolation: 0,interpolation_duration: 1}
$data merge entity $(bone_right_dress) {transformation: [-0.9745f,-0.2185f,0.0507f,-0.1928f,-0.2164f,0.9754f,0.0424f,-1.1099f,-0.0587f,0.0303f,-0.9978f,-0.0194f,0f,0f,0f,1f],start_interpolation: 0,interpolation_duration: 1}
$data merge entity $(bone_left_dress) {transformation: [-0.9745f,0.216f,0.0601f,0.1313f,0.2164f,0.9763f,0f,-1.1099f,-0.0587f,0.013f,-0.9982f,0.0001f,0f,0f,0f,1f],start_interpolation: 0,interpolation_duration: 1}
$data merge entity $(bone_lower_right_leg) {transformation: [-0.9975f,0.0401f,0.0583f,-0.1398f,0.0448f,0.9956f,0.0828f,-1.5921f,-0.0547f,0.0852f,-0.9949f,-0.0395f,0f,0f,0f,1f],start_interpolation: 0,interpolation_duration: 1}
$data merge entity $(bone_right_leg) {transformation: [-0.9975f,0.0401f,0.0583f,-0.1248f,0.0448f,0.9956f,0.0828f,-1.2187f,-0.0547f,0.0852f,-0.9949f,-0.0075f,0f,0f,0f,1f],start_interpolation: 0,interpolation_duration: 1}
$data merge entity $(bone_lower_left_leg) {transformation: [-0.9972f,-0.0435f,0.0601f,0.1411f,-0.0436f,0.999f,0f,-1.5934f,-0.0601f,-0.0026f,-0.9982f,0.0085f,0f,0f,0f,1f],start_interpolation: 0,interpolation_duration: 1}
$data merge entity $(bone_left_leg) {transformation: [-0.9972f,-0.0435f,0.0601f,0.1248f,-0.0436f,0.999f,0f,-1.2187f,-0.0601f,-0.0026f,-0.9982f,0.0075f,0f,0f,0f,1f],start_interpolation: 0,interpolation_duration: 1}
$data merge entity $(bone_waist) {transformation: [-0.9982f,0f,0.0601f,0f,0f,1f,0f,-0.875f,-0.0601f,0f,-0.9982f,0f,0f,0f,0f,1f],start_interpolation: 0,interpolation_duration: 1}
$data merge entity $(bone_pony_tail) {transformation: [-0.9995f,-0.0013f,0.0302f,0.007f,-0.0006f,0.9997f,0.0246f,-0.463f,-0.0302f,0.0246f,-0.9992f,-0.2334f,0f,0f,0f,1f],start_interpolation: 0,interpolation_duration: 1}
$data merge entity $(bone_head) {transformation: [-0.9995f,-0.0013f,0.0302f,0f,-0.0006f,0.9997f,0.0246f,-0.5f,-0.0302f,0.0246f,-0.9992f,0f,0f,0f,0f,1f],start_interpolation: 0,interpolation_duration: 1}