# This file was generated by Animated Java via MC-Build. It is not recommended to edit this file directly.
$data merge entity $(bone_chest) {transformation: [-0.9954f,0.0049f,0.096f,-0.0001f,0f,0.9987f,-0.0507f,-0.7187f,-0.0961f,-0.0505f,-0.9941f,-0.0017f,0f,0f,0f,1f],start_interpolation: 0,interpolation_duration: 1}
$data merge entity $(bone_cape) {transformation: [-0.9954f,-0.0077f,0.0958f,0.2258f,0f,0.9968f,0.0801f,-0.5943f,-0.0961f,0.0797f,-0.9922f,-0.0655f,0f,0f,0f,1f],start_interpolation: 0,interpolation_duration: 1}
$data merge entity $(bone_saber) {transformation: [-1.3317f,-0.2742f,0.2047f,-0.4382f,0.005f,0.8069f,1.1134f,-1.0837f,-0.3421f,1.0791f,-0.7805f,0.269f,0f,0f,0f,1f],start_interpolation: 0,interpolation_duration: 1}
$data merge entity $(bone_right_forearm) {transformation: [-0.9685f,0.1488f,0.1994f,-0.405f,0.0036f,0.8097f,-0.5868f,-0.8365f,-0.2488f,-0.5676f,-0.7848f,0.0804f,0f,0f,0f,1f],start_interpolation: 0,interpolation_duration: 1}
$data merge entity $(bone_right_arm) {transformation: [-0.9903f,0.1148f,0.078f,-0.2489f,0.0687f,0.8936f,-0.4437f,-0.5937f,-0.1206f,-0.434f,-0.8928f,-0.0266f,0f,0f,0f,1f],start_interpolation: 0,interpolation_duration: 1}
$data merge entity $(bone_short_sword) {transformation: [-1.1411f,-0.0307f,-0.2408f,0.4839f,-0.2366f,0.3996f,1.0702f,-1.0557f,0.0543f,1.0957f,-0.3971f,0.2193f,0f,0f,0f,1f],start_interpolation: 0,interpolation_duration: 1}
$data merge entity $(bone_left_forearm) {transformation: [-0.9781f,-0.2064f,0.0264f,0.4306f,-0.2028f,0.9174f,-0.3426f,-0.8212f,0.0465f,-0.3404f,-0.9391f,0.1212f,0f,0f,0f,1f],start_interpolation: 0,interpolation_duration: 1}
$data merge entity $(bone_left_arm) {transformation: [-0.958f,-0.2207f,0.1831f,0.2488f,-0.2646f,0.9263f,-0.2682f,-0.5937f,-0.1105f,-0.3054f,-0.9458f,0.0215f,0f,0f,0f,1f],start_interpolation: 0,interpolation_duration: 1}
$data merge entity $(bone_torso) {transformation: [-0.9954f,0.0007f,0.0961f,0f,0f,1f,-0.0071f,-0.9531f,-0.0961f,-0.0071f,-0.9953f,-0.0031f,0f,0f,0f,1f],start_interpolation: 0,interpolation_duration: 1}
$data merge entity $(bone_right_dress) {transformation: [-0.9756f,-0.2172f,0.0317f,-0.1931f,-0.2164f,0.9759f,0.0266f,-1.1099f,-0.0368f,0.0191f,-0.9991f,-0.0151f,0f,0f,0f,1f],start_interpolation: 0,interpolation_duration: 1}
$data merge entity $(bone_left_dress) {transformation: [-0.9756f,0.2163f,0.0377f,0.1313f,0.2164f,0.9763f,0f,-1.1099f,-0.0368f,0.0081f,-0.9993f,-0.0029f,0f,0f,0f,1f],start_interpolation: 0,interpolation_duration: 1}
$data merge entity $(bone_lower_right_leg) {transformation: [-0.9984f,0.0424f,0.0368f,-0.1408f,0.0443f,0.9976f,0.0523f,-1.5929f,-0.0345f,0.0538f,-0.998f,-0.0249f,0f,0f,0f,1f],start_interpolation: 0,interpolation_duration: 1}
$data merge entity $(bone_right_leg) {transformation: [-0.9984f,0.0424f,0.0368f,-0.1249f,0.0443f,0.9976f,0.0523f,-1.2187f,-0.0345f,0.0538f,-0.998f,-0.0047f,0f,0f,0f,1f],start_interpolation: 0,interpolation_duration: 1}
$data merge entity $(bone_lower_left_leg) {transformation: [-0.9983f,-0.0436f,0.0377f,0.1413f,-0.0436f,0.999f,0f,-1.5934f,-0.0376f,-0.0016f,-0.9993f,0.0053f,0f,0f,0f,1f],start_interpolation: 0,interpolation_duration: 1}
$data merge entity $(bone_left_leg) {transformation: [-0.9983f,-0.0436f,0.0377f,0.1249f,-0.0436f,0.999f,0f,-1.2187f,-0.0376f,-0.0016f,-0.9993f,0.0047f,0f,0f,0f,1f],start_interpolation: 0,interpolation_duration: 1}
$data merge entity $(bone_waist) {transformation: [-0.9993f,0f,0.0377f,0f,0f,1f,0f,-0.875f,-0.0377f,0f,-0.9993f,0f,0f,0f,0f,1f],start_interpolation: 0,interpolation_duration: 1}
$data merge entity $(bone_pony_tail) {transformation: [-0.9998f,-0.0012f,0.0189f,0.0044f,-0.0003f,0.9988f,0.0481f,-0.4575f,-0.0189f,0.0481f,-0.9987f,-0.2326f,0f,0f,0f,1f],start_interpolation: 0,interpolation_duration: 1}
$data merge entity $(bone_head) {transformation: [-0.9998f,-0.0012f,0.0189f,0f,-0.0003f,0.9988f,0.0481f,-0.5f,-0.0189f,0.0481f,-0.9987f,0f,0f,0f,0f,1f],start_interpolation: 0,interpolation_duration: 1}
data modify entity @s data merge value {"cameras":{},"locators":{"body_hitbox":{"posx":-0.012904629999343572,"posy":-0.8684458887784277,"posz":0.13047828285707314,"roty":5.517037172011641,"rotx":-2.9058855685131193},"flame":{"posx":-0.9753773261489338,"posy":0.46427465633890486,"posz":2.3194271847616683,"roty":14.69309480567685,"rotx":54.068725583837114},"flame1":{"posx":-0.8791896986886726,"posy":0.883067763143959,"posz":1.951089331675488,"roty":14.69309480567685,"rotx":54.068725583837114},"flame2":{"posx":-0.7798397024579058,"posy":1.2145780683777714,"posz":1.5691790074202627,"roty":14.69309480567685,"rotx":54.068725583837114},"flame3":{"posx":-0.6555599169481766,"posy":1.4727379521443593,"posz":1.089170664443521,"roty":14.69309480567685,"rotx":54.068725583837114},"flame4":{"posx":-1.0466351643302327,"posy":-0.02786887193337395,"posz":2.5896670191263316,"roty":14.69309480567685,"rotx":54.068725583837114},"saber_hitbox":{"posx":-0.5613672508415343,"posy":-0.7093883606074584,"posz":0.7537468467547934,"roty":14.69309480567685,"rotx":54.068725583837114},"flame5":{"posx":0.4205398696736061,"posy":-0.25073879224279416,"posz":2.396472860625588,"roty":328.77150968899707,"rotx":66.54190865807051},"flame6":{"posx":0.3060957636054008,"posy":0.243861982777841,"posz":2.1463026786789055,"roty":328.77150968899707,"rotx":66.54190865807051},"flame7":{"posx":0.20619788908985315,"posy":0.6597188505178417,"posz":1.858711857857462,"roty":328.77150968899707,"rotx":66.54190865807051},"flame8":{"posx":0.10959441015544835,"posy":1.032756840156827,"posz":1.4537298506721128,"roty":328.77150968899707,"rotx":66.54190865807051},"flame9":{"posx":0.5382783713229543,"posy":-0.788158445364445,"posz":2.529251856208364,"roty":328.77150968899707,"rotx":66.54190865807051},"short_sword_hitbox":{"posx":0.4699558033907486,"posy":-0.8930219637580258,"posz":0.6356050651669967,"roty":328.77150968899707,"rotx":66.54190865807051}}}