# This file was generated by Animated Java via MC-Build. It is not recommended to edit this file directly.
$data merge entity $(bone_chest) {transformation: [-0.9967f,0.0256f,-0.0766f,0.007f,0.0167f,0.9933f,0.1145f,-0.7222f,0.079f,0.1128f,-0.9905f,0.0365f,0f,0f,0f,1f],start_interpolation: 0,interpolation_duration: 1}
$data merge entity $(bone_cape) {transformation: [-0.9967f,0.0354f,-0.0726f,0.2223f,0.0167f,0.9698f,0.2431f,-0.5891f,0.079f,0.2411f,-0.9673f,-0.0444f,0f,0f,0f,1f],start_interpolation: 0,interpolation_duration: 1}
$data merge entity $(bone_saber) {transformation: [-0.6757f,1.1878f,0.1522f,-0.3825f,1.1138f,0.5592f,0.5807f,-0.7874f,0.4398f,0.4087f,-1.237f,0.6306f,0f,0f,0f,1f],start_interpolation: 0,interpolation_duration: 1}
$data merge entity $(bone_right_forearm) {transformation: [-0.4914f,0.1107f,-0.8639f,-0.3639f,0.8101f,0.4224f,-0.4067f,-0.6468f,0.3198f,-0.8996f,-0.2972f,0.3519f,0f,0f,0f,1f],start_interpolation: 0,interpolation_duration: 1}
$data merge entity $(bone_right_arm) {transformation: [-0.6629f,0.1511f,-0.7333f,-0.2386f,0.6934f,0.4936f,-0.525f,-0.5946f,0.2826f,-0.8565f,-0.4319f,0.0757f,0f,0f,0f,1f],start_interpolation: 0,interpolation_duration: 1}
$data merge entity $(bone_short_sword) {transformation: [-0.8596f,0.7777f,0.1317f,0.2934f,0.7802f,0.8096f,0.3115f,-0.8283f,0.1163f,0.3176f,-1.1166f,0.5423f,0f,0f,0f,1f],start_interpolation: 0,interpolation_duration: 1}
$data merge entity $(bone_left_forearm) {transformation: [-0.7368f,0.1128f,-0.6666f,0.3158f,0.6687f,0.267f,-0.6939f,-0.7663f,0.0997f,-0.9571f,-0.2722f,0.291f,0f,0f,0f,1f],start_interpolation: 0,interpolation_duration: 1}
$data merge entity $(bone_left_arm) {transformation: [-0.8479f,0.1778f,-0.4995f,0.2598f,0.5291f,0.3454f,-0.7751f,-0.603f,0.0347f,-0.9214f,-0.3869f,0.0362f,0f,0f,0f,1f],start_interpolation: 0,interpolation_duration: 1}
$data merge entity $(bone_torso) {transformation: [-0.9967f,0.0289f,-0.0754f,0f,0.0167f,0.9873f,0.1577f,-0.9531f,0.079f,0.1559f,-0.9846f,-0.0031f,0f,0f,0f,1f],start_interpolation: 0,interpolation_duration: 1}
$data merge entity $(bone_right_dress) {transformation: [-0.9649f,-0.2139f,-0.1521f,-0.1925f,-0.2164f,0.9763f,0f,-1.1099f,0.1485f,0.0329f,-0.9884f,0.0217f,0f,0f,0f,1f],start_interpolation: 0,interpolation_duration: 1}
$data merge entity $(bone_left_dress) {transformation: [-0.9649f,0.2071f,-0.1613f,0.1284f,0.2164f,0.9754f,-0.0426f,-1.1099f,0.1485f,-0.076f,-0.986f,-0.0277f,0f,0f,0f,1f],start_interpolation: 0,interpolation_duration: 1}
$data merge entity $(bone_lower_right_leg) {transformation: [-0.9998f,0.0043f,0.0179f,-0.1252f,0.0054f,0.9981f,0.0612f,-1.593f,-0.0176f,0.0613f,-0.998f,-0.004f,0f,0f,0f,1f],start_interpolation: 0,interpolation_duration: 1}
$data merge entity $(bone_right_leg) {transformation: [-0.9998f,0.0043f,0.0179f,-0.1235f,0.0054f,0.9981f,0.0612f,-1.2187f,-0.0176f,0.0613f,-0.998f,0.019f,0f,0f,0f,1f],start_interpolation: 0,interpolation_duration: 1}
$data merge entity $(bone_lower_left_leg) {transformation: [-0.9874f,-0.0364f,-0.1539f,0.1372f,-0.0436f,0.9981f,0.0436f,-1.593f,0.152f,0.0497f,-0.9871f,-0.0377f,0f,0f,0f,1f],start_interpolation: 0,interpolation_duration: 1}
$data merge entity $(bone_left_leg) {transformation: [-0.9874f,-0.0364f,-0.1539f,0.1235f,-0.0436f,0.9981f,0.0436f,-1.2187f,0.152f,0.0497f,-0.9871f,-0.019f,0f,0f,0f,1f],start_interpolation: 0,interpolation_duration: 1}
$data merge entity $(bone_waist) {transformation: [-0.9884f,0f,-0.1521f,0f,0f,1f,0f,-0.875f,0.1521f,0f,-0.9884f,0f,0f,0f,0f,1f],start_interpolation: 0,interpolation_duration: 1}
$data merge entity $(bone_pony_tail) {transformation: [-0.9995f,0.0038f,0.0328f,0.0058f,0.0097f,0.983f,0.1834f,-0.4576f,-0.0315f,0.1836f,-0.9825f,-0.1698f,0f,0f,0f,1f],start_interpolation: 0,interpolation_duration: 1}
$data merge entity $(bone_head) {transformation: [-0.9995f,0.0038f,0.0328f,-0.002f,0.0097f,0.983f,0.1834f,-0.5312f,-0.0315f,0.1836f,-0.9825f,0.0547f,0f,0f,0f,1f],start_interpolation: 0,interpolation_duration: 1}
execute on vehicle unless entity @s[tag=aj.transforms_only] at @s run function animated_java:mage_hunter/animations/double_slash/zzz/frames/30_root_commands