# This file was generated by Animated Java via MC-Build. It is not recommended to edit this file directly.
$data merge entity $(bone_chest) {transformation: [-0.9686f,-0.032f,0.2466f,-0.0108f,0.0259f,0.9734f,0.2279f,1.2404f,-0.2473f,0.2271f,-0.9419f,0.0626f,0f,0f,0f,1f],start_interpolation: 0,interpolation_duration: 1}
$data merge entity $(bone_cape) {transformation: [-0.9686f,-0.0639f,0.2403f,0.2164f,0.0259f,0.9353f,0.3529f,1.3778f,-0.2473f,0.3481f,-0.9042f,0.0716f,0f,0f,0f,1f],start_interpolation: 0,interpolation_duration: 1}
$data merge entity $(bone_saber) {transformation: [-0.8773f,0.4795f,0.9439f,-0.7315f,0.9809f,-0.0933f,0.959f,1.0155f,0.3985f,1.2853f,-0.2825f,0.1781f,0f,0f,0f,1f],start_interpolation: 0,interpolation_duration: 1}
$data merge entity $(bone_right_forearm) {transformation: [-0.638f,0.6865f,-0.3488f,-0.5305f,0.7134f,0.6975f,0.0679f,1.245f,0.2899f,-0.2055f,-0.9348f,0.1095f,0f,0f,0f,1f],start_interpolation: 0,interpolation_duration: 1}
$data merge entity $(bone_right_arm) {transformation: [-0.727f,0.6449f,-0.2356f,-0.2583f,0.6749f,0.7344f,-0.0724f,1.3671f,0.1263f,-0.2116f,-0.9692f,0.0342f,0f,0f,0f,1f],start_interpolation: 0,interpolation_duration: 1}
$data merge entity $(bone_short_sword) {transformation: [-0.9439f,0.3625f,0.582f,0.0657f,0.6732f,0.3022f,0.9036f,0.8733f,0.1301f,1.0669f,-0.4537f,0.3854f,0f,0f,0f,1f],start_interpolation: 0,interpolation_duration: 1}
$data merge entity $(bone_left_forearm) {transformation: [-0.8091f,0.4989f,-0.3107f,0.1919f,0.5771f,0.7745f,-0.259f,1.0716f,0.1115f,-0.3889f,-0.9145f,0.275f,0f,0f,0f,1f],start_interpolation: 0,interpolation_duration: 1}
$data merge entity $(bone_left_arm) {transformation: [-0.862f,0.5044f,-0.05f,0.226f,0.484f,0.7897f,-0.377f,1.3542f,-0.1507f,-0.3492f,-0.9249f,0.1579f,0f,0f,0f,1f],start_interpolation: 0,interpolation_duration: 1}
$data merge entity $(bone_torso) {transformation: [-0.9686f,-0.0427f,0.245f,0f,0.0259f,0.9625f,0.2701f,1.0156f,-0.2473f,0.2679f,-0.9311f,-0.0031f,0f,0f,0f,1f],start_interpolation: 0,interpolation_duration: 1}
$data merge entity $(bone_right_dress) {transformation: [-0.9744f,-0.2098f,-0.0806f,-0.1937f,-0.2164f,0.9726f,0.0851f,0.8588f,0.0605f,0.1004f,-0.9931f,0.0042f,0f,0f,0f,1f],start_interpolation: 0,interpolation_duration: 1}
$data merge entity $(bone_left_dress) {transformation: [-0.9744f,0.2021f,-0.0983f,0.1303f,0.2164f,0.9617f,-0.1682f,0.8588f,0.0605f,-0.1852f,-0.9808f,-0.0159f,0f,0f,0f,1f],start_interpolation: 0,interpolation_duration: 1}
$data merge entity $(bone_lower_right_leg) {transformation: [-0.9941f,-0.0194f,0.1065f,-0.1175f,0.0054f,0.9737f,0.2276f,0.3849f,-0.1081f,0.2269f,-0.9679f,-0.0773f,0f,0f,0f,1f],start_interpolation: 0,interpolation_duration: 1}
$data merge entity $(bone_right_leg) {transformation: [-0.9941f,-0.0194f,0.1065f,-0.1248f,0.0054f,0.9737f,0.2276f,0.75f,-0.1081f,0.2269f,-0.9679f,0.0078f,0f,0f,0f,1f],start_interpolation: 0,interpolation_duration: 1}
$data merge entity $(bone_lower_left_leg) {transformation: [-0.9971f,-0.0487f,-0.058f,0.143f,-0.0436f,0.9954f,-0.0857f,0.3767f,0.0619f,-0.0829f,-0.9946f,0.0234f,0f,0f,0f,1f],start_interpolation: 0,interpolation_duration: 1}
$data merge entity $(bone_left_leg) {transformation: [-0.9971f,-0.0487f,-0.058f,0.1248f,-0.0436f,0.9954f,-0.0857f,0.75f,0.0619f,-0.0829f,-0.9946f,-0.0078f,0f,0f,0f,1f],start_interpolation: 0,interpolation_duration: 1}
$data merge entity $(bone_waist) {transformation: [-0.9981f,0f,-0.062f,0f,0f,1f,0f,1.0938f,0.062f,0f,-0.9981f,0f,0f,0f,0f,1f],start_interpolation: 0,interpolation_duration: 1}
$data merge entity $(bone_pony_tail) {transformation: [-0.9976f,-0.008f,0.0691f,-0.0033f,0.0168f,0.9363f,0.3508f,1.5304f,-0.0675f,0.3511f,-0.9339f,-0.1112f,0f,0f,0f,1f],start_interpolation: 0,interpolation_duration: 1}
$data merge entity $(bone_head) {transformation: [-0.9976f,-0.008f,0.0691f,-0.0193f,0.0168f,0.9363f,0.3508f,1.4189f,-0.0675f,0.3511f,-0.9339f,0.0967f,0f,0f,0f,1f],start_interpolation: 0,interpolation_duration: 1}