# This file was generated by Animated Java via MC-Build. It is not recommended to edit this file directly.
$data merge entity $(bone_chest) {transformation: [-0.7974f,0.0126f,-0.6033f,0.011f,-0.0019f,0.9997f,0.0234f,-0.7195f,0.6034f,0.0199f,-0.7972f,0.0122f,0f,0f,0f,1f],start_interpolation: 0,interpolation_duration: 1}
$data merge entity $(bone_cape) {transformation: [-0.7974f,0.0912f,-0.5965f,0.1395f,-0.0019f,0.9881f,0.1537f,-0.5887f,0.6034f,0.1238f,-0.7878f,-0.1801f,0f,0f,0f,1f],start_interpolation: 0,interpolation_duration: 1}
$data merge entity $(bone_saber) {transformation: [-0.8711f,0.1311f,-1.0557f,0.2017f,0.4938f,1.2585f,-0.2511f,-0.5077f,0.9423f,-0.5382f,-0.8444f,0.6225f,0f,0f,0f,1f],start_interpolation: 0,interpolation_duration: 1}
$data merge entity $(bone_right_forearm) {transformation: [-0.6335f,-0.7678f,-0.0954f,-0.0488f,0.3591f,-0.1826f,-0.9153f,-0.5679f,0.6853f,-0.6141f,0.3914f,0.4452f,0f,0f,0f,1f],start_interpolation: 0,interpolation_duration: 1}
$data merge entity $(bone_right_arm) {transformation: [-0.6359f,-0.7616f,-0.125f,-0.1835f,0.2018f,-0.0077f,-0.9794f,-0.5953f,0.7449f,-0.6481f,0.1586f,0.1698f,0f,0f,0f,1f],start_interpolation: 0,interpolation_duration: 1}
$data merge entity $(bone_short_sword) {transformation: [-1.0118f,0.138f,-0.5641f,0.5786f,0.2541f,1.1242f,-0.1807f,-0.5875f,0.5222f,-0.2796f,-1.0051f,0.2811f,0f,0f,0f,1f],start_interpolation: 0,interpolation_duration: 1}
$data merge entity $(bone_left_forearm) {transformation: [-0.8673f,-0.4835f,-0.1183f,0.4519f,0.2178f,-0.1549f,-0.9636f,-0.6377f,0.4476f,-0.8615f,0.2397f,0.06f,0f,0f,0f,1f],start_interpolation: 0,interpolation_duration: 1}
$data merge entity $(bone_left_arm) {transformation: [-0.8696f,-0.455f,-0.1918f,0.2152f,0.1767f,0.0759f,-0.9813f,-0.5943f,0.4611f,-0.8872f,0.0144f,-0.1319f,0f,0f,0f,1f],start_interpolation: 0,interpolation_duration: 1}
$data merge entity $(bone_torso) {transformation: [-0.7974f,0.0389f,-0.6021f,0f,-0.0019f,0.9977f,0.067f,-0.9531f,0.6034f,0.0546f,-0.7956f,-0.0031f,0f,0f,0f,1f],start_interpolation: 0,interpolation_duration: 1}
$data merge entity $(bone_right_dress) {transformation: [-0.9243f,-0.2577f,-0.2814f,-0.1858f,-0.2164f,0.9615f,-0.1695f,-1.1099f,0.3142f,-0.0958f,-0.9445f,0.0549f,0f,0f,0f,1f],start_interpolation: 0,interpolation_duration: 1}
$data merge entity $(bone_left_dress) {transformation: [-0.9243f,0.2669f,-0.2727f,0.1216f,0.2164f,0.9553f,0.2012f,-1.1099f,0.3142f,0.127f,-0.9408f,-0.0496f,0f,0f,0f,1f],start_interpolation: 0,interpolation_duration: 1}
$data merge entity $(bone_lower_right_leg) {transformation: [-0.9876f,-0.0357f,-0.1527f,-0.105f,0.0054f,0.9654f,-0.2606f,-1.5808f,0.1567f,-0.2583f,-0.9533f,0.1371f,0f,0f,0f,1f],start_interpolation: 0,interpolation_duration: 1}
$data merge entity $(bone_right_leg) {transformation: [-0.9876f,-0.0357f,-0.1527f,-0.1183f,0.0054f,0.9654f,-0.2606f,-1.2187f,0.1567f,-0.2583f,-0.9533f,0.0402f,0f,0f,0f,1f],start_interpolation: 0,interpolation_duration: 1}
$data merge entity $(bone_lower_left_leg) {transformation: [-0.9459f,0.0536f,-0.32f,0.0982f,-0.0436f,0.9563f,0.2891f,-1.5774f,0.3216f,0.2874f,-0.9022f,-0.148f,0f,0f,0f,1f],start_interpolation: 0,interpolation_duration: 1}
$data merge entity $(bone_left_leg) {transformation: [-0.9459f,0.0536f,-0.32f,0.1183f,-0.0436f,0.9563f,0.2891f,-1.2187f,0.3216f,0.2874f,-0.9022f,-0.0402f,0f,0f,0f,1f],start_interpolation: 0,interpolation_duration: 1}
$data merge entity $(bone_waist) {transformation: [-0.9468f,0f,-0.3219f,0f,0f,1f,0f,-0.875f,0.3219f,0f,-0.9468f,0f,0f,0f,0f,1f],start_interpolation: 0,interpolation_duration: 1}
$data merge entity $(bone_pony_tail) {transformation: [-0.9967f,0.0062f,-0.0805f,0.0247f,0.0026f,0.999f,0.0436f,-0.454f,0.0807f,0.0432f,-0.9958f,-0.2109f,0f,0f,0f,1f],start_interpolation: 0,interpolation_duration: 1}
$data merge entity $(bone_head) {transformation: [-0.9967f,0.0062f,-0.0805f,0.0434f,0.0026f,0.999f,0.0436f,-0.4954f,0.0807f,0.0432f,-0.9958f,0.0211f,0f,0f,0f,1f],start_interpolation: 0,interpolation_duration: 1}
data modify entity @s data merge value {"cameras":{},"locators":{"body_hitbox":{"posx":0.08443721791821765,"posy":-0.878624747201059,"posz":0.10870964179764597,"roty":322.88456129331774,"rotx":1.343559347673861},"saber_hitbox":{"posx":0.25390208236402323,"posy":0.0622279819155821,"posz":0.3720910259877595,"roty":308.6528439592296,"rotx":-10.522584127492513},"short_sword_hitbox":{"posx":0.6264830629677083,"posy":-0.15829866656034097,"posz":0.16503012071105141,"roty":330.6955901542207,"rotx":-8.911496346285395}}}