# This file was generated by Animated Java via MC-Build. It is not recommended to edit this file directly.
$data merge entity $(bone_chest) {transformation: [-0.7939f,-0.0037f,-0.6081f,0.0073f,-0.0018f,1f,-0.0037f,-0.7191f,0.6081f,-0.0019f,-0.7939f,0.007f,0f,0f,0f,1f],start_interpolation: 0,interpolation_duration: 1}
$data merge entity $(bone_cape) {transformation: [-0.7939f,0.0757f,-0.6034f,0.1325f,-0.0018f,0.9919f,0.1268f,-0.5904f,0.6081f,0.1017f,-0.7873f,-0.1888f,0f,0f,0f,1f],start_interpolation: 0,interpolation_duration: 1}
$data merge entity $(bone_saber) {transformation: [-0.8486f,0.1074f,-1.0766f,0.2077f,0.6532f,1.1415f,-0.4011f,-0.4329f,0.8625f,-0.759f,-0.7555f,0.5838f,0f,0f,0f,1f],start_interpolation: 0,interpolation_duration: 1}
$data merge entity $(bone_right_forearm) {transformation: [-0.6172f,-0.783f,-0.0781f,-0.047f,0.4751f,-0.2917f,-0.8302f,-0.5244f,0.6272f,-0.5494f,0.552f,0.4274f,0f,0f,0f,1f],start_interpolation: 0,interpolation_duration: 1}
$data merge entity $(bone_right_arm) {transformation: [-0.6183f,-0.7772f,-0.1169f,-0.1884f,0.3156f,-0.1093f,-0.9426f,-0.5946f,0.7198f,-0.6197f,0.3128f,0.1631f,0f,0f,0f,1f],start_interpolation: 0,interpolation_duration: 1}
$data merge entity $(bone_short_sword) {transformation: [-0.9979f,0.1085f,-0.5946f,0.5853f,0.3424f,1.0473f,-0.3836f,-0.5008f,0.498f,-0.5026f,-0.9276f,0.2492f,0f,0f,0f,1f],start_interpolation: 0,interpolation_duration: 1}
$data merge entity $(bone_left_forearm) {transformation: [-0.8553f,-0.5096f,-0.093f,0.4521f,0.2935f,-0.3288f,-0.8976f,-0.5955f,0.4269f,-0.7951f,0.4308f,0.0473f,0f,0f,0f,1f],start_interpolation: 0,interpolation_duration: 1}
$data merge entity $(bone_left_arm) {transformation: [-0.8563f,-0.4852f,-0.1768f,0.2086f,0.26f,-0.1093f,-0.9594f,-0.5937f,0.4462f,-0.8675f,0.2197f,-0.1409f,0f,0f,0f,1f],start_interpolation: 0,interpolation_duration: 1}
$data merge entity $(bone_torso) {transformation: [-0.7939f,0.0229f,-0.6077f,0f,-0.0018f,0.9992f,0.0399f,-0.9531f,0.6081f,0.0327f,-0.7932f,-0.0031f,0f,0f,0f,1f],start_interpolation: 0,interpolation_duration: 1}
$data merge entity $(bone_right_dress) {transformation: [-0.925f,-0.2575f,-0.2794f,-0.1859f,-0.2164f,0.9615f,-0.1695f,-1.1099f,0.3123f,-0.0963f,-0.9451f,0.0545f,0f,0f,0f,1f],start_interpolation: 0,interpolation_duration: 1}
$data merge entity $(bone_left_dress) {transformation: [-0.925f,0.2657f,-0.2717f,0.1217f,0.2164f,0.956f,0.198f,-1.1099f,0.3123f,0.1243f,-0.9418f,-0.0493f,0f,0f,0f,1f],start_interpolation: 0,interpolation_duration: 1}
$data merge entity $(bone_lower_right_leg) {transformation: [-0.988f,-0.0346f,-0.1508f,-0.1055f,0.0054f,0.9664f,-0.257f,-1.5812f,0.1547f,-0.2547f,-0.9546f,0.1355f,0f,0f,0f,1f],start_interpolation: 0,interpolation_duration: 1}
$data merge entity $(bone_right_leg) {transformation: [-0.988f,-0.0346f,-0.1508f,-0.1184f,0.0054f,0.9664f,-0.257f,-1.2187f,0.1547f,-0.2547f,-0.9546f,0.04f,0f,0f,0f,1f],start_interpolation: 0,interpolation_duration: 1}
$data merge entity $(bone_lower_left_leg) {transformation: [-0.9465f,0.0521f,-0.3183f,0.0989f,-0.0436f,0.9571f,0.2863f,-1.5777f,0.3196f,0.2849f,-0.9037f,-0.1468f,0f,0f,0f,1f],start_interpolation: 0,interpolation_duration: 1}
$data merge entity $(bone_left_leg) {transformation: [-0.9465f,0.0521f,-0.3183f,0.1184f,-0.0436f,0.9571f,0.2863f,-1.2187f,0.3196f,0.2849f,-0.9037f,-0.04f,0f,0f,0f,1f],start_interpolation: 0,interpolation_duration: 1}
$data merge entity $(bone_waist) {transformation: [-0.9474f,0f,-0.3199f,0f,0f,1f,0f,-0.875f,0.3199f,0f,-0.9474f,0f,0f,0f,0f,1f],start_interpolation: 0,interpolation_duration: 1}
$data merge entity $(bone_pony_tail) {transformation: [-0.9975f,0.002f,-0.0713f,0.0239f,0.0015f,1f,0.0078f,-0.4628f,0.0713f,0.0077f,-0.9974f,-0.221f,0f,0f,0f,1f],start_interpolation: 0,interpolation_duration: 1}
$data merge entity $(bone_head) {transformation: [-0.9975f,0.002f,-0.0713f,0.0406f,0.0015f,1f,0.0078f,-0.4959f,0.0713f,0.0077f,-0.9974f,0.0125f,0f,0f,0f,1f],start_interpolation: 0,interpolation_duration: 1}
data modify entity @s data merge value {"cameras":{},"locators":{"body_hitbox":{"posx":0.0838394911377839,"posy":-0.8748421754595251,"posz":0.10655479600001606,"roty":322.5488156425026,"rotx":-0.21447805078464446},"flame":{"posx":0.39553424759231876,"posy":1.7507350984612193,"posz":-0.8603655157413513,"roty":305.0596271642567,"rotx":-16.958772432358085},"flame1":{"posx":-0.0497602912013109,"posy":1.5347758934147757,"posz":-1.1349322571290816,"roty":305.0596271642567,"rotx":-16.958772432358085},"flame2":{"posx":-0.4509995301052845,"posy":1.285159679262256,"posz":-1.3406597924662917,"roty":305.0596271642567,"rotx":-16.958772432358085},"flame3":{"posx":-0.8619981369666033,"posy":0.9317690077095097,"posz":-1.477390105190112,"roty":305.0596271642567,"rotx":-16.958772432358085},"flame4":{"posx":0.831069418428603,"posy":1.8629198461074363,"posz":-0.516801551740231,"roty":305.0596271642567,"rotx":-16.958772432358085},"saber_hitbox":{"posx":0.2490273824867189,"posy":0.08292073910654585,"posz":0.2337894741171636,"roty":305.0596271642567,"rotx":-16.958772432358085},"flame5":{"posx":0.7960159205043893,"posy":1.5801516752159883,"posz":-0.7593838989016614,"roty":327.34128866413613,"rotx":-19.19344699613837},"flame6":{"posx":0.5035310583310153,"posy":1.339121864062816,"posz":-1.1797048899726388,"roty":327.34128866413613,"rotx":-19.19344699613837},"flame7":{"posx":0.2370848796663012,"posy":1.062536388539102,"posz":-1.5234081174877325,"roty":327.34128866413613,"rotx":-19.19344699613837},"flame8":{"posx":-0.04098864111749978,"posy":0.6737447549177789,"posz":-1.8132635688164318,"roty":327.34128866413613,"rotx":-19.19344699613837},"flame9":{"posx":1.0768734405586766,"posy":1.7089753282715514,"posz":-0.2852151316442898,"roty":327.34128866413613,"rotx":-19.19344699613837},"short_sword_hitbox":{"posx":0.6216057887180872,"posy":-0.10294069624814955,"posz":0.04833274389425632,"roty":327.34128866413613,"rotx":-19.19344699613837}}}