# This file was generated by Animated Java via MC-Build. It is not recommended to edit this file directly.
$data merge entity $(bone_chest) {transformation: [-0.804f,-0.0236f,-0.5941f,0.0024f,-0.0008f,0.9993f,-0.0385f,-0.7188f,0.5946f,-0.0305f,-0.8034f,0.0005f,0f,0f,0f,1f],start_interpolation: 0,interpolation_duration: 1}
$data merge entity $(bone_cape) {transformation: [-0.804f,0.0542f,-0.5921f,0.1284f,-0.0008f,0.9957f,0.0922f,-0.5932f,0.5946f,0.0746f,-0.8005f,-0.1969f,0f,0f,0f,1f],start_interpolation: 0,interpolation_duration: 1}
$data merge entity $(bone_saber) {transformation: [-0.8014f,0.1341f,-1.1092f,0.2129f,0.8876f,0.9055f,-0.5318f,-0.3561f,0.6786f,-1.026f,-0.6144f,0.5147f,0f,0f,0f,1f],start_interpolation: 0,interpolation_duration: 1}
$data merge entity $(bone_right_forearm) {transformation: [-0.5829f,-0.8067f,-0.0975f,-0.0489f,0.6455f,-0.3868f,-0.6586f,-0.473f,0.4936f,-0.4468f,0.7462f,0.3901f,0f,0f,0f,1f],start_interpolation: 0,interpolation_duration: 1}
$data merge entity $(bone_right_arm) {transformation: [-0.5904f,-0.7935f,-0.1477f,-0.1983f,0.494f,-0.2105f,-0.8436f,-0.594f,0.6383f,-0.571f,0.5162f,0.1497f,0f,0f,0f,1f],start_interpolation: 0,interpolation_duration: 1}
$data merge entity $(bone_short_sword) {transformation: [-0.9717f,0.0973f,-0.6384f,0.5981f,0.4888f,0.8644f,-0.6123f,-0.4023f,0.4219f,-0.7774f,-0.7607f,0.1857f,0f,0f,0f,1f],start_interpolation: 0,interpolation_duration: 1}
$data merge entity $(bone_left_forearm) {transformation: [-0.8329f,-0.5472f,-0.0834f,0.4552f,0.419f,-0.5248f,-0.7409f,-0.5462f,0.3616f,-0.652f,0.6664f,0.0234f,0f,0f,0f,1f],start_interpolation: 0,interpolation_duration: 1}
$data merge entity $(bone_left_arm) {transformation: [-0.8345f,-0.5233f,-0.1726f,0.2037f,0.3913f,-0.3422f,-0.8543f,-0.5936f,0.388f,-0.7804f,0.4903f,-0.1476f,0f,0f,0f,1f],start_interpolation: 0,interpolation_duration: 1}
$data merge entity $(bone_torso) {transformation: [-0.804f,0.0024f,-0.5946f,0f,-0.0008f,1f,0.0051f,-0.9531f,0.5946f,0.0046f,-0.804f,-0.0031f,0f,0f,0f,1f],start_interpolation: 0,interpolation_duration: 1}
$data merge entity $(bone_right_dress) {transformation: [-0.9283f,-0.2564f,-0.2692f,-0.1865f,-0.2164f,0.9615f,-0.1695f,-1.1099f,0.3023f,-0.0991f,-0.948f,0.0525f,0f,0f,0f,1f],start_interpolation: 0,interpolation_duration: 1}
$data merge entity $(bone_left_dress) {transformation: [-0.9283f,0.2601f,-0.2657f,0.1222f,0.2164f,0.9591f,0.1825f,-1.1099f,0.3023f,0.1119f,-0.9466f,-0.048f,0f,0f,0f,1f],start_interpolation: 0,interpolation_duration: 1}
$data merge entity $(bone_lower_right_leg) {transformation: [-0.9896f,-0.029f,-0.1411f,-0.108f,0.0054f,0.9714f,-0.2375f,-1.583f,0.144f,-0.2358f,-0.9611f,0.1271f,0f,0f,0f,1f],start_interpolation: 0,interpolation_duration: 1}
$data merge entity $(bone_right_leg) {transformation: [-0.9896f,-0.029f,-0.1411f,-0.1189f,0.0054f,0.9714f,-0.2375f,-1.2187f,0.144f,-0.2358f,-0.9611f,0.0387f,0f,0f,0f,1f],start_interpolation: 0,interpolation_duration: 1}
$data merge entity $(bone_lower_left_leg) {transformation: [-0.9499f,0.0442f,-0.3093f,0.1023f,-0.0436f,0.9614f,0.2715f,-1.5793f,0.3094f,0.2714f,-0.9114f,-0.1405f,0f,0f,0f,1f],start_interpolation: 0,interpolation_duration: 1}
$data merge entity $(bone_left_leg) {transformation: [-0.9499f,0.0442f,-0.3093f,0.1189f,-0.0436f,0.9614f,0.2715f,-1.2187f,0.3094f,0.2714f,-0.9114f,-0.0387f,0f,0f,0f,1f],start_interpolation: 0,interpolation_duration: 1}
$data merge entity $(bone_waist) {transformation: [-0.9508f,0f,-0.3097f,0f,0f,1f,0f,-0.875f,0.3097f,0f,-0.9508f,0f,0f,0f,0f,1f],start_interpolation: 0,interpolation_duration: 1}
$data merge entity $(bone_pony_tail) {transformation: [-0.9986f,-0.0019f,-0.0526f,0.0221f,0.0001f,0.9993f,-0.0375f,-0.4756f,0.0526f,-0.0374f,-0.9979f,-0.2335f,0f,0f,0f,1f],start_interpolation: 0,interpolation_duration: 1}
$data merge entity $(bone_head) {transformation: [-0.9986f,-0.0019f,-0.0526f,0.0345f,0.0001f,0.9993f,-0.0375f,-0.4981f,0.0526f,-0.0374f,-0.9979f,0.0015f,0f,0f,0f,1f],start_interpolation: 0,interpolation_duration: 1}
data modify entity @s data merge value {"cameras":{},"locators":{"body_hitbox":{"posx":0.0803635113835402,"posy":-0.8700862311908509,"posz":0.1056554553017258,"roty":323.5168399991954,"rotx":-2.2083560773628856},"flame":{"posx":0.45206384908485886,"posy":1.3788172164765349,"posz":-1.4402772880306887,"roty":298.98081790798136,"rotx":-22.754184555624636},"flame1":{"posx":-0.007800081415492599,"posy":1.1200934193360577,"posz":-1.64497135784704,"roty":298.98081790798136,"rotx":-22.754184555624636},"flame2":{"posx":-0.423340397414885,"posy":0.8443822706071538,"posz":-1.7751043984082804,"roty":298.98081790798136,"rotx":-22.754184555624636},"flame3":{"posx":-0.851070993412621,"posy":0.4863491295909854,"posz":-1.8119664002735902,"roty":298.98081790798136,"rotx":-22.754184555624636},"flame4":{"posx":0.8997374995868663,"posy":1.5552190213297483,"posz":-1.1423121795184077,"roty":298.98081790798136,"rotx":-22.754184555624636},"saber_hitbox":{"posx":0.26612653820720433,"posy":0.051579281106618635,"posz":0.04434755345741914,"roty":298.98081790798136,"rotx":-22.754184555624636},"flame5":{"posx":0.786095039275554,"posy":1.3127196974987132,"posz":-1.3684599978513314,"roty":319.9978765913412,"rotx":-31.65596943643021},"flame6":{"posx":0.4730957215564523,"posy":0.9712009138038855,"posz":-1.693588968401454,"roty":319.9978765913412,"rotx":-31.65596943643021},"flame7":{"posx":0.18908109221094593,"posy":0.6161743877240557,"posz":-1.9363169150771975,"roty":319.9978765913412,"rotx":-31.65596943643021},"flame8":{"posx":-0.10536096160590902,"posy":0.16853016861225617,"posz":-2.0957488128890835,"roty":319.9978765913412,"rotx":-31.65596943643021},"flame9":{"posx":1.0886669325233074,"posy":1.5616207881615711,"posz":-0.9600349784373514,"roty":319.9978765913412,"rotx":-31.65596943643021},"short_sword_hitbox":{"posx":0.6296836722053254,"posy":-0.07654569798083133,"posz":-0.1190192648934662,"roty":319.9978765913412,"rotx":-31.65596943643021}}}
execute on vehicle unless entity @s[tag=aj.transforms_only] at @s run function animated_java:mage_hunter/animations/double_slash/zzz/frames/34_root_commands