# This file was generated by Animated Java via MC-Build. It is not recommended to edit this file directly.
$data merge entity $(bone_chest) {transformation: [-0.8192f,-0.025f,-0.573f,0.0018f,0f,0.999f,-0.0436f,-0.7187f,0.5736f,-0.0357f,-0.8184f,-0.0006f,0f,0f,0f,1f],start_interpolation: 0,interpolation_duration: 1}
$data merge entity $(bone_cape) {transformation: [-0.8192f,0.05f,-0.5714f,0.1326f,0f,0.9962f,0.0872f,-0.5937f,0.5736f,0.0714f,-0.816f,-0.1952f,0f,0f,0f,1f],start_interpolation: 0,interpolation_duration: 1}
$data merge entity $(bone_saber) {transformation: [-0.7763f,0.2067f,-1.1159f,0.209f,0.9656f,0.8307f,-0.5178f,-0.3538f,0.5964f,-1.076f,-0.6142f,0.5055f,0f,0f,0f,1f],start_interpolation: 0,interpolation_duration: 1}
$data merge entity $(bone_right_forearm) {transformation: [-0.5646f,-0.8116f,-0.1503f,-0.0546f,0.7022f,-0.3766f,-0.6042f,-0.4661f,0.4337f,-0.4467f,0.7825f,0.3804f,0f,0f,0f,1f],start_interpolation: 0,interpolation_duration: 1}
$data merge entity $(bone_right_arm) {transformation: [-0.5837f,-0.787f,-0.1996f,-0.203f,0.5548f,-0.2071f,-0.8058f,-0.5937f,0.5928f,-0.5811f,0.5576f,0.1428f,0f,0f,0f,1f],start_interpolation: 0,interpolation_duration: 1}
$data merge entity $(bone_short_sword) {transformation: [-0.9608f,0.1346f,-0.6479f,0.6031f,0.5454f,0.8079f,-0.6411f,-0.391f,0.3747f,-0.8309f,-0.7283f,0.1805f,0f,0f,0f,1f],start_interpolation: 0,interpolation_duration: 1}
$data merge entity $(bone_left_forearm) {transformation: [-0.8236f,-0.5554f,-0.1153f,0.4577f,0.4675f,-0.5495f,-0.6925f,-0.5408f,0.3212f,-0.6242f,0.7122f,0.0259f,0f,0f,0f,1f],start_interpolation: 0,interpolation_duration: 1}
$data merge entity $(bone_left_arm) {transformation: [-0.8278f,-0.525f,-0.1976f,0.2066f,0.4368f,-0.3823f,-0.8143f,-0.5937f,0.352f,-0.7604f,0.5458f,-0.144f,0f,0f,0f,1f],start_interpolation: 0,interpolation_duration: 1}
$data merge entity $(bone_torso) {transformation: [-0.8192f,0f,-0.5736f,0f,0f,1f,0f,-0.9531f,0.5736f,0f,-0.8192f,-0.0031f,0f,0f,0f,1f],start_interpolation: 0,interpolation_duration: 1}
$data merge entity $(bone_right_dress) {transformation: [-0.9311f,-0.2555f,-0.2603f,-0.187f,-0.2164f,0.9615f,-0.1695f,-1.1099f,0.2936f,-0.1015f,-0.9505f,0.0508f,0f,0f,0f,1f],start_interpolation: 0,interpolation_duration: 1}
$data merge entity $(bone_left_dress) {transformation: [-0.9311f,0.2555f,-0.2603f,0.1227f,0.2164f,0.9615f,0.1695f,-1.1099f,0.2936f,0.1015f,-0.9505f,-0.0469f,0f,0f,0f,1f],start_interpolation: 0,interpolation_duration: 1}
$data merge entity $(bone_lower_right_leg) {transformation: [-0.9909f,-0.0245f,-0.1325f,-0.11f,0.0054f,0.9754f,-0.2205f,-1.5845f,0.1347f,-0.2192f,-0.9663f,0.1198f,0f,0f,0f,1f],start_interpolation: 0,interpolation_duration: 1}
$data merge entity $(bone_right_leg) {transformation: [-0.9909f,-0.0245f,-0.1325f,-0.1192f,0.0054f,0.9754f,-0.2205f,-1.2187f,0.1347f,-0.2192f,-0.9663f,0.0376f,0f,0f,0f,1f],start_interpolation: 0,interpolation_duration: 1}
$data merge entity $(bone_lower_left_leg) {transformation: [-0.9528f,0.0376f,-0.3012f,0.1051f,-0.0436f,0.965f,0.2586f,-1.5806f,0.3004f,0.2595f,-0.9178f,-0.1349f,0f,0f,0f,1f],start_interpolation: 0,interpolation_duration: 1}
$data merge entity $(bone_left_leg) {transformation: [-0.9528f,0.0376f,-0.3012f,0.1192f,-0.0436f,0.965f,0.2586f,-1.2187f,0.3004f,0.2595f,-0.9178f,-0.0376f,0f,0f,0f,1f],start_interpolation: 0,interpolation_duration: 1}
$data merge entity $(bone_waist) {transformation: [-0.9537f,0f,-0.3007f,0f,0f,1f,0f,-0.875f,0.3007f,0f,-0.9537f,0f,0f,0f,0f,1f],start_interpolation: 0,interpolation_duration: 1}
$data merge entity $(bone_pony_tail) {transformation: [-0.999f,-0.0019f,-0.0436f,0.021f,0f,0.999f,-0.0436f,-0.479f,0.0436f,-0.0436f,-0.9981f,-0.2353f,0f,0f,0f,1f],start_interpolation: 0,interpolation_duration: 1}
$data merge entity $(bone_head) {transformation: [-0.999f,-0.0019f,-0.0436f,0.0313f,0f,0.999f,-0.0436f,-0.5f,0.0436f,-0.0436f,-0.9981f,0f,0f,0f,0f,1f],start_interpolation: 0,interpolation_duration: 1}
execute on vehicle unless entity @s[tag=aj.transforms_only] positioned ^0.3045148086 ^0.0577570747 ^-0.0364484255 rotated ~298.8261885229 ~-22.1229922762 run function animated_java:mage_hunter/animations/double_slash/zzz/frames/35_locator_commands
execute on vehicle unless entity @s[tag=aj.transforms_only] positioned ^0.6560489655 ^-0.0438782439 ^-0.1888755705 rotated ~318.3417264378 ~-33.3308236051 run function animated_java:mage_hunter/animations/double_slash/zzz/frames/35_locator_commands
data modify entity @s data merge value {"cameras":{},"locators":{"locator":{"posx":0.5869379592207631,"posy":1.239323011018645,"posz":-1.5458488007582156,"roty":298.8261885228533,"rotx":-22.1229922762301},"locator2":{"posx":0.12102540729245329,"posy":0.9897266612565871,"posz":-1.7481843046647385,"roty":298.8261885228533,"rotx":-22.1229922762301},"locator3":{"posx":-0.30355795213933856,"posy":0.7259064869612792,"posz":-1.8736948083224294,"roty":298.8261885228533,"rotx":-22.1229922762301},"locator4":{"posx":-0.7469312754630604,"posy":0.38656415855370985,"posz":-1.9013874123135266,"roty":298.8261885228533,"rotx":-22.1229922762301},"locator5":{"posx":1.034060547257143,"posy":1.413397206668441,"posz":-1.2456953971850986,"roty":298.8261885228533,"rotx":-22.1229922762301},"saber_hitbox":{"posx":0.30451480863064706,"posy":0.057757074707391276,"posz":-0.03644842551489924,"roty":298.8261885228533,"rotx":-22.1229922762301},"locator6":{"posx":0.8650959604718709,"posy":1.2112403840552517,"posz":-1.4796632500013684,"roty":318.3417264377972,"rotx":-33.33082360511477},"locator7":{"posx":0.5455011512708724,"posy":0.8588822172486392,"posz":-1.7862825256779975,"roty":318.3417264377972,"rotx":-33.33082360511477},"locator8":{"posx":0.2534074130171897,"posy":0.4975861215439831,"posz":-2.0093775262978255,"roty":318.3417264377972,"rotx":-33.33082360511477},"locator9":{"posx":-0.05310335937152444,"posy":0.049730120461525806,"posz":-2.1434526869507367,"roty":318.3417264377972,"rotx":-33.33082360511477},"locator10":{"posx":1.170273735537838,"posy":1.4770386454840632,"posz":-1.0840241343578225,"roty":318.3417264377972,"rotx":-33.33082360511477},"short_sword_hitbox":{"posx":0.6560489655139162,"posy":-0.04387824392286377,"posz":-0.18887557048107642,"roty":318.3417264377972,"rotx":-33.33082360511477}}}
execute on vehicle unless entity @s[tag=aj.transforms_only] at @s run function animated_java:mage_hunter/animations/double_slash/zzz/frames/35_root_commands