# This file was generated by Animated Java via MC-Build. It is not recommended to edit this file directly.
$data merge entity $(bone_chest) {transformation: [-0.918f,-0.0769f,0.3889f,-0.0232f,0.0264f,0.967f,0.2534f,1.2385f,-0.3956f,0.2429f,-0.8857f,0.0655f,0f,0f,0f,1f],start_interpolation: 0,interpolation_duration: 1}
$data merge entity $(bone_cape) {transformation: [-0.918f,-0.127f,0.3756f,0.1984f,0.0264f,0.9257f,0.3774f,1.3771f,-0.3956f,0.3564f,-0.8464f,0.1135f,0f,0f,0f,1f],start_interpolation: 0,interpolation_duration: 1}
$data merge entity $(bone_saber) {transformation: [-1.0795f,-0.2248f,0.8214f,-0.7002f,0.842f,-0.4804f,0.9751f,0.993f,0.1276f,1.2686f,0.5148f,-0.1987f,0f,0f,0f,1f],start_interpolation: 0,interpolation_duration: 1}
$data merge entity $(bone_right_forearm) {transformation: [-0.7851f,0.5974f,0.1635f,-0.5244f,0.6124f,0.7092f,0.3494f,1.2273f,0.0928f,0.3744f,-0.9226f,-0.0892f,0f,0f,0f,1f],start_interpolation: 0,interpolation_duration: 1}
$data merge entity $(bone_right_arm) {transformation: [-0.7909f,0.573f,0.2147f,-0.2644f,0.6109f,0.7595f,0.2234f,1.3645f,-0.0351f,0.3079f,-0.9508f,0.0018f,0f,0f,0f,1f],start_interpolation: 0,interpolation_duration: 1}
$data merge entity $(bone_short_sword) {transformation: [-1.0852f,-0.0226f,0.4277f,0.1083f,0.4269f,-0.1481f,1.0756f,0.8031f,0.0335f,1.157f,0.146f,0.1782f,0f,0f,0f,1f],start_interpolation: 0,interpolation_duration: 1}
$data merge entity $(bone_left_forearm) {transformation: [-0.9302f,0.3666f,0.0194f,0.2036f,0.3659f,0.9219f,0.1269f,1.0437f,0.0287f,0.1252f,-0.9917f,0.2004f,0f,0f,0f,1f],start_interpolation: 0,interpolation_duration: 1}
$data merge entity $(bone_left_arm) {transformation: [-0.8807f,0.3594f,0.3084f,0.1946f,0.3798f,0.925f,0.0067f,1.3513f,-0.2829f,0.123f,-0.9512f,0.1996f,0f,0f,0f,1f],start_interpolation: 0,interpolation_duration: 1}
$data merge entity $(bone_torso) {transformation: [-0.918f,-0.0938f,0.3852f,0f,0.0264f,0.955f,0.2953f,1.0156f,-0.3956f,0.2813f,-0.8743f,-0.0031f,0f,0f,0f,1f],start_interpolation: 0,interpolation_duration: 1}
$data merge entity $(bone_right_dress) {transformation: [-0.9763f,-0.214f,-0.0323f,-0.1936f,-0.2164f,0.9654f,0.1455f,0.8588f,0f,0.149f,-0.9888f,-0.0078f,0f,0f,0f,1f],start_interpolation: 0,interpolation_duration: 1}
$data merge entity $(bone_left_dress) {transformation: [-0.9763f,0.211f,-0.0482f,0.1311f,0.2164f,0.9518f,-0.2172f,0.8588f,0f,-0.2225f,-0.9749f,-0.0078f,0f,0f,0f,1f],start_interpolation: 0,interpolation_duration: 1}
$data merge entity $(bone_lower_right_leg) {transformation: [-0.9893f,-0.032f,0.1423f,-0.113f,0.0108f,0.9568f,0.2905f,0.3912f,-0.1455f,0.289f,-0.9462f,-0.1084f,0f,0f,0f,1f],start_interpolation: 0,interpolation_duration: 1}
$data merge entity $(bone_right_leg) {transformation: [-0.9893f,-0.032f,0.1423f,-0.125f,0.0108f,0.9568f,0.2905f,0.75f,-0.1455f,0.289f,-0.9462f,0f,0f,0f,0f,1f],start_interpolation: 0,interpolation_duration: 1}
$data merge entity $(bone_lower_left_leg) {transformation: [-0.999f,-0.0431f,0.0065f,0.1412f,-0.0436f,0.9879f,-0.1489f,0.3795f,0f,-0.149f,-0.9888f,0.0559f,0f,0f,0f,1f],start_interpolation: 0,interpolation_duration: 1}
$data merge entity $(bone_left_leg) {transformation: [-0.999f,-0.0431f,0.0065f,0.125f,-0.0436f,0.9879f,-0.1489f,0.75f,0f,-0.149f,-0.9888f,0f,0f,0f,0f,1f],start_interpolation: 0,interpolation_duration: 1}
$data merge entity $(bone_pony_tail) {transformation: [-0.9967f,-0.0156f,0.0799f,-0.0085f,0.0185f,0.9128f,0.4081f,1.5393f,-0.0793f,0.4082f,-0.9095f,-0.0933f,0f,0f,0f,1f],start_interpolation: 0,interpolation_duration: 1}
$data merge entity $(bone_head) {transformation: [-0.9967f,-0.0156f,0.0799f,-0.0268f,0.0185f,0.9128f,0.4081f,1.4152f,-0.0793f,0.4082f,-0.9095f,0.1071f,0f,0f,0f,1f],start_interpolation: 0,interpolation_duration: 1}