# This file was generated by Animated Java via MC-Build. It is not recommended to edit this file directly.
$data merge entity $(bone_chest) {transformation: [-0.9686f,-0.032f,0.2466f,-0.0108f,0.0259f,0.9734f,0.2279f,-0.7284f,-0.2473f,0.2271f,-0.9419f,0.0626f,0f,0f,0f,1f],start_interpolation: 0,interpolation_duration: 1}
$data merge entity $(bone_cape) {transformation: [-0.9686f,-0.0639f,0.2403f,0.2164f,0.0259f,0.9353f,0.3529f,-0.5909f,-0.2473f,0.3481f,-0.9042f,0.0716f,0f,0f,0f,1f],start_interpolation: 0,interpolation_duration: 1}
$data merge entity $(bone_saber) {transformation: [-0.8773f,0.4795f,0.9439f,-0.7315f,0.9809f,-0.0933f,0.959f,-0.9533f,0.3985f,1.2853f,-0.2825f,0.1781f,0f,0f,0f,1f],start_interpolation: 0,interpolation_duration: 1}
$data merge entity $(bone_right_forearm) {transformation: [-0.638f,0.6865f,-0.3488f,-0.5305f,0.7134f,0.6975f,0.0679f,-0.7238f,0.2899f,-0.2055f,-0.9348f,0.1095f,0f,0f,0f,1f],start_interpolation: 0,interpolation_duration: 1}
$data merge entity $(bone_right_arm) {transformation: [-0.727f,0.6449f,-0.2356f,-0.2583f,0.6749f,0.7344f,-0.0724f,-0.6016f,0.1263f,-0.2116f,-0.9692f,0.0342f,0f,0f,0f,1f],start_interpolation: 0,interpolation_duration: 1}
$data merge entity $(bone_short_sword) {transformation: [-0.9439f,0.3625f,0.582f,0.0657f,0.6732f,0.3022f,0.9036f,-1.0955f,0.1301f,1.0669f,-0.4537f,0.3854f,0f,0f,0f,1f],start_interpolation: 0,interpolation_duration: 1}
$data merge entity $(bone_left_forearm) {transformation: [-0.8091f,0.4989f,-0.3107f,0.1919f,0.5771f,0.7745f,-0.259f,-0.8971f,0.1115f,-0.3889f,-0.9145f,0.275f,0f,0f,0f,1f],start_interpolation: 0,interpolation_duration: 1}
$data merge entity $(bone_left_arm) {transformation: [-0.862f,0.5044f,-0.05f,0.226f,0.484f,0.7897f,-0.377f,-0.6145f,-0.1507f,-0.3492f,-0.9249f,0.1579f,0f,0f,0f,1f],start_interpolation: 0,interpolation_duration: 1}
$data merge entity $(bone_torso) {transformation: [-0.9686f,-0.0427f,0.245f,0f,0.0259f,0.9625f,0.2701f,-0.9531f,-0.2473f,0.2679f,-0.9311f,-0.0031f,0f,0f,0f,1f],start_interpolation: 0,interpolation_duration: 1}
$data merge entity $(bone_right_dress) {transformation: [-0.9744f,-0.2098f,-0.0806f,-0.1937f,-0.2164f,0.9726f,0.0851f,-1.1099f,0.0605f,0.1004f,-0.9931f,0.0042f,0f,0f,0f,1f],start_interpolation: 0,interpolation_duration: 1}
$data merge entity $(bone_left_dress) {transformation: [-0.9744f,0.2021f,-0.0983f,0.1303f,0.2164f,0.9617f,-0.1682f,-1.1099f,0.0605f,-0.1852f,-0.9808f,-0.0159f,0f,0f,0f,1f],start_interpolation: 0,interpolation_duration: 1}
$data merge entity $(bone_lower_right_leg) {transformation: [-0.9941f,-0.0194f,0.1065f,-0.1175f,0.0054f,0.9737f,0.2276f,-1.5839f,-0.1081f,0.2269f,-0.9679f,-0.0773f,0f,0f,0f,1f],start_interpolation: 0,interpolation_duration: 1}
$data merge entity $(bone_right_leg) {transformation: [-0.9941f,-0.0194f,0.1065f,-0.1248f,0.0054f,0.9737f,0.2276f,-1.2187f,-0.1081f,0.2269f,-0.9679f,0.0078f,0f,0f,0f,1f],start_interpolation: 0,interpolation_duration: 1}
$data merge entity $(bone_lower_left_leg) {transformation: [-0.9971f,-0.0487f,-0.058f,0.143f,-0.0436f,0.9954f,-0.0857f,-1.592f,0.0619f,-0.0829f,-0.9946f,0.0234f,0f,0f,0f,1f],start_interpolation: 0,interpolation_duration: 1}
$data merge entity $(bone_left_leg) {transformation: [-0.9971f,-0.0487f,-0.058f,0.1248f,-0.0436f,0.9954f,-0.0857f,-1.2187f,0.0619f,-0.0829f,-0.9946f,-0.0078f,0f,0f,0f,1f],start_interpolation: 0,interpolation_duration: 1}
$data merge entity $(bone_waist) {transformation: [-0.9981f,0f,-0.062f,0f,0f,1f,0f,-0.875f,0.062f,0f,-0.9981f,0f,0f,0f,0f,1f],start_interpolation: 0,interpolation_duration: 1}
$data merge entity $(bone_pony_tail) {transformation: [-0.9976f,-0.008f,0.0691f,-0.0033f,0.0168f,0.9363f,0.3508f,-0.4383f,-0.0675f,0.3511f,-0.9339f,-0.1112f,0f,0f,0f,1f],start_interpolation: 0,interpolation_duration: 1}
$data merge entity $(bone_head) {transformation: [-0.9976f,-0.008f,0.0691f,-0.0193f,0.0168f,0.9363f,0.3508f,-0.5498f,-0.0675f,0.3511f,-0.9339f,0.0967f,0f,0f,0f,1f],start_interpolation: 0,interpolation_duration: 1}
execute on vehicle unless entity @s[tag=aj.transforms_only] positioned ^0.1804392167 ^-1.1136486894 ^2.6340435404 rotated ~73.3366253291 ~44.2259949808 run function animated_java:mage_hunter/animations/double_slash/zzz/frames/38_locator_commands
execute on vehicle unless entity @s[tag=aj.transforms_only] positioned ^0.5447991972 ^-0.717067914 ^2.460037813 rotated ~73.3366253291 ~44.2259949808 run function animated_java:mage_hunter/animations/double_slash/zzz/frames/38_locator_commands
execute on vehicle unless entity @s[tag=aj.transforms_only] positioned ^0.8444556798 ^-0.3598377956 ^2.24045267 rotated ~73.3366253291 ~44.2259949808 run function animated_java:mage_hunter/animations/double_slash/zzz/frames/38_locator_commands
execute on vehicle unless entity @s[tag=aj.transforms_only] positioned ^1.100517862 ^0.005877295 ^1.9040234333 rotated ~73.3366253291 ~44.2259949808 run function animated_java:mage_hunter/animations/double_slash/zzz/frames/38_locator_commands
execute on vehicle unless entity @s[tag=aj.transforms_only] positioned ^-0.2275150641 ^-1.5017444925 ^2.6912051741 rotated ~73.3366253291 ~44.2259949808 run function animated_java:mage_hunter/animations/double_slash/zzz/frames/38_locator_commands
execute on vehicle unless entity @s[tag=aj.transforms_only] positioned ^-0.4853031743 ^-0.9932780559 ^0.818431145 rotated ~73.3366253291 ~44.2259949808 run function animated_java:mage_hunter/animations/double_slash/zzz/frames/38_locator_commands
execute on vehicle unless entity @s[tag=aj.transforms_only] positioned ^0.792446734 ^-0.4860219236 ^2.5049325929 rotated ~52.0639809553 ~50.7637620518 run function animated_java:mage_hunter/animations/double_slash/zzz/frames/38_locator_commands
execute on vehicle unless entity @s[tag=aj.transforms_only] positioned ^1.0536373027 ^-0.0665275756 ^2.2290404421 rotated ~52.0639809553 ~50.7637620518 run function animated_java:mage_hunter/animations/double_slash/zzz/frames/38_locator_commands
execute on vehicle unless entity @s[tag=aj.transforms_only] positioned ^1.2642268407 ^0.2883707496 ^1.9202942271 rotated ~52.0639809553 ~50.7637620518 run function animated_java:mage_hunter/animations/double_slash/zzz/frames/38_locator_commands
execute on vehicle unless entity @s[tag=aj.transforms_only] positioned ^1.4359726371 ^0.6108951033 ^1.4972322664 rotated ~52.0639809553 ~50.7637620518 run function animated_java:mage_hunter/animations/double_slash/zzz/frames/38_locator_commands
execute on vehicle unless entity @s[tag=aj.transforms_only] positioned ^0.4924124239 ^-0.937890243 ^2.666508998 rotated ~52.0639809553 ~50.7637620518 run function animated_java:mage_hunter/animations/double_slash/zzz/frames/38_locator_commands
execute on vehicle unless entity @s[tag=aj.transforms_only] positioned ^0.2292124824 ^-0.955444509 ^0.8473542798 rotated ~52.0639809553 ~50.7637620518 run function animated_java:mage_hunter/animations/double_slash/zzz/frames/38_locator_commands
data modify entity @s data merge value {"cameras":{},"locators":{"locator":{"posx":0.18043921671096974,"posy":-1.1136486893898554,"posz":2.6340435403579234,"roty":73.33662532912459,"rotx":44.2259949807895},"locator2":{"posx":0.5447991972440169,"posy":-0.7170679139713556,"posz":2.4600378129969567,"roty":73.33662532912459,"rotx":44.2259949807895},"locator3":{"posx":0.8444556797652376,"posy":-0.35983779563566365,"posz":2.240452669972943,"roty":73.33662532912459,"rotx":44.2259949807895},"locator4":{"posx":1.1005178619717808,"posy":0.00587729503467449,"posz":1.9040234332832493,"roty":73.33662532912459,"rotx":44.2259949807895},"locator5":{"posx":-0.22751506413675515,"posy":-1.5017444924737093,"posz":2.6912051740532106,"roty":73.33662532912459,"rotx":44.2259949807895},"saber_hitbox":{"posx":-0.4853031742806955,"posy":-0.9932780558980597,"posz":0.8184311450338319,"roty":73.33662532912459,"rotx":44.2259949807895},"locator6":{"posx":0.7924467340324797,"posy":-0.48602192360324015,"posz":2.5049325929173034,"roty":52.06398095526407,"rotx":50.76376205177684},"locator7":{"posx":1.0536373026879384,"posy":-0.06652757562968814,"posz":2.2290404421342798,"roty":52.06398095526407,"rotx":50.76376205177684},"locator8":{"posx":1.2642268406620563,"posy":0.2883707495634984,"posz":1.9202942271438463,"roty":52.06398095526407,"rotx":50.76376205177684},"locator9":{"posx":1.435972637140853,"posy":0.6108951033467378,"posz":1.4972322664234716,"roty":52.06398095526407,"rotx":50.76376205177684},"locator10":{"posx":0.4924124238817,"posy":-0.9378902429867391,"posz":2.6665089979703867,"roty":52.06398095526407,"rotx":50.76376205177684},"short_sword_hitbox":{"posx":0.22921248235032182,"posy":-0.9554445090474742,"posz":0.8473542798331551,"roty":52.06398095526407,"rotx":50.76376205177684}}}
execute on vehicle unless entity @s[tag=aj.transforms_only] at @s run function animated_java:mage_hunter/animations/double_slash/zzz/frames/38_root_commands