# This file was generated by Animated Java via MC-Build. It is not recommended to edit this file directly.
$data merge entity $(bone_chest) {transformation: [-0.9898f,0.0078f,0.1422f,-0.0001f,0f,0.9985f,-0.0551f,-0.7187f,-0.1424f,-0.0545f,-0.9883f,-0.0027f,0f,0f,0f,1f],start_interpolation: 0,interpolation_duration: 1}
$data merge entity $(bone_cape) {transformation: [-0.9898f,-0.0108f,0.142f,0.2287f,0f,0.9971f,0.0757f,-0.5947f,-0.1424f,0.075f,-0.987f,-0.0565f,0f,0f,0f,1f],start_interpolation: 0,interpolation_duration: 1}
$data merge entity $(bone_saber) {transformation: [-1.3199f,-0.2554f,0.2886f,-0.4674f,-0.0287f,1.092f,0.835f,-0.9862f,-0.3843f,0.7955f,-1.0536f,0.3581f,0f,0f,0f,1f],start_interpolation: 0,interpolation_duration: 1}
$data merge entity $(bone_right_forearm) {transformation: [-0.9599f,0.2099f,0.1857f,-0.4151f,-0.0209f,0.6073f,-0.7942f,-0.8046f,-0.2795f,-0.7663f,-0.5786f,0.109f,0f,0f,0f,1f],start_interpolation: 0,interpolation_duration: 1}
$data merge entity $(bone_right_arm) {transformation: [-0.9819f,0.1602f,0.1013f,-0.2473f,0.0623f,0.7773f,-0.626f,-0.5937f,-0.1791f,-0.6083f,-0.7732f,-0.0397f,0f,0f,0f,1f],start_interpolation: 0,interpolation_duration: 1}
$data merge entity $(bone_short_sword) {transformation: [-1.1295f,-0.1452f,-0.2533f,0.4866f,-0.2919f,0.5601f,0.9809f,-1.0057f,-0.0005f,1.0131f,-0.5786f,0.3155f,0f,0f,0f,1f],start_interpolation: 0,interpolation_duration: 1}
$data merge entity $(bone_left_forearm) {transformation: [-0.9682f,-0.2171f,0.1244f,0.4316f,-0.2502f,0.8408f,-0.4801f,-0.7925f,-0.0004f,-0.496f,-0.8683f,0.1777f,0f,0f,0f,1f],start_interpolation: 0,interpolation_duration: 1}
$data merge entity $(bone_left_arm) {transformation: [-0.9255f,-0.2428f,0.2908f,0.2476f,-0.3442f,0.8596f,-0.3776f,-0.5937f,-0.1583f,-0.4495f,-0.8791f,0.0315f,0f,0f,0f,1f],start_interpolation: 0,interpolation_duration: 1}
$data merge entity $(bone_torso) {transformation: [-0.9898f,0.0016f,0.1424f,0f,0f,0.9999f,-0.0114f,-0.9531f,-0.1424f,-0.0113f,-0.9897f,-0.0031f,0f,0f,0f,1f],start_interpolation: 0,interpolation_duration: 1}
$data merge entity $(bone_right_dress) {transformation: [-0.9748f,-0.2182f,0.0474f,-0.1928f,-0.2164f,0.9755f,0.0396f,-1.1099f,-0.0549f,0.0284f,-0.9981f,-0.0187f,0f,0f,0f,1f],start_interpolation: 0,interpolation_duration: 1}
$data merge entity $(bone_left_dress) {transformation: [-0.9748f,0.2161f,0.0562f,0.1313f,0.2164f,0.9763f,0f,-1.1099f,-0.0549f,0.0122f,-0.9984f,-0.0004f,0f,0f,0f,1f],start_interpolation: 0,interpolation_duration: 1}
$data merge entity $(bone_lower_right_leg) {transformation: [-0.9977f,0.0406f,0.0545f,-0.14f,0.0447f,0.996f,0.0775f,-1.5922f,-0.0512f,0.0798f,-0.9955f,-0.0369f,0f,0f,0f,1f],start_interpolation: 0,interpolation_duration: 1}
$data merge entity $(bone_right_leg) {transformation: [-0.9977f,0.0406f,0.0545f,-0.1248f,0.0447f,0.996f,0.0775f,-1.2187f,-0.0512f,0.0798f,-0.9955f,-0.007f,0f,0f,0f,1f],start_interpolation: 0,interpolation_duration: 1}
$data merge entity $(bone_lower_left_leg) {transformation: [-0.9975f,-0.0436f,0.0562f,0.1411f,-0.0436f,0.999f,0f,-1.5934f,-0.0561f,-0.0025f,-0.9984f,0.0079f,0f,0f,0f,1f],start_interpolation: 0,interpolation_duration: 1}
$data merge entity $(bone_left_leg) {transformation: [-0.9975f,-0.0436f,0.0562f,0.1248f,-0.0436f,0.999f,0f,-1.2187f,-0.0561f,-0.0025f,-0.9984f,0.007f,0f,0f,0f,1f],start_interpolation: 0,interpolation_duration: 1}
$data merge entity $(bone_waist) {transformation: [-0.9984f,0f,0.0562f,0f,0f,1f,0f,-0.875f,-0.0562f,0f,-0.9984f,0f,0f,0f,0f,1f],start_interpolation: 0,interpolation_duration: 1}
$data merge entity $(bone_pony_tail) {transformation: [-0.9996f,-0.0013f,0.0282f,0.0066f,-0.0005f,0.9996f,0.0287f,-0.462f,-0.0282f,0.0287f,-0.9992f,-0.2333f,0f,0f,0f,1f],start_interpolation: 0,interpolation_duration: 1}
$data merge entity $(bone_head) {transformation: [-0.9996f,-0.0013f,0.0282f,0f,-0.0005f,0.9996f,0.0287f,-0.5f,-0.0282f,0.0287f,-0.9992f,0f,0f,0f,0f,1f],start_interpolation: 0,interpolation_duration: 1}
data modify entity @s data merge value {"cameras":{},"locators":{"locator":{"posx":-0.9678396449787333,"posy":1.1037812785394854,"posz":1.864914229113395,"roty":15.319756745699323,"rotx":37.39301466625503},"locator2":{"posx":-0.8381588960513966,"posy":1.3957372864921287,"posz":1.397734292923921,"roty":15.319756745699323,"rotx":37.39301466625503},"locator3":{"posx":-0.7099901360613268,"posy":1.6000999383323302,"posz":0.9422854203866754,"roty":15.319756745699323,"rotx":37.39301466625503},"locator4":{"posx":-0.55860680637287,"posy":1.7051857507606667,"posz":0.41451647518554646,"roty":15.319756745699323,"rotx":37.39301466625503},"locator5":{"posx":-1.0743058242076828,"posy":0.7125484311749767,"posz":2.259774092638986,"roty":15.319756745699323,"rotx":37.39301466625503},"saber_hitbox":{"posx":-0.5930150530512192,"posy":-0.4346837634544698,"posz":0.7483201979302125,"roty":15.319756745699323,"rotx":37.39301466625503},"locator6":{"posx":0.19538107076059125,"posy":0.11783387145068702,"posz":2.3266647929367053,"roty":336.3590610408951,"rotx":57.22177506436872},"locator7":{"posx":0.08104077523911651,"posy":0.5607629271973757,"posz":1.9934191652153372,"roty":336.3590610408951,"rotx":57.22177506436872},"locator8":{"posx":-0.011953020281135762,"posy":0.9211382779825303,"posz":1.6368988144059982,"roty":336.3590610408951,"rotx":57.22177506436872},"locator9":{"posx":-0.08939117490348247,"posy":1.2215027709862607,"posz":1.1718348364940363,"roty":336.3590610408951,"rotx":57.22177506436872},"locator10":{"posx":0.3252770071799715,"posy":-0.38510604207742594,"posz":2.5513667935554505,"roty":336.3590610408951,"rotx":57.22177506436872},"short_sword_hitbox":{"posx":0.42093786378022113,"posy":-0.7523235663799612,"posz":0.7527821999486826,"roty":336.3590610408951,"rotx":57.22177506436872}}}