# This file was generated by Animated Java via MC-Build. It is not recommended to edit this file directly.
$data merge entity $(bone_chest) {transformation: [-0.918f,-0.0769f,0.3889f,-0.0232f,0.0264f,0.967f,0.2534f,-0.7302f,-0.3956f,0.2429f,-0.8857f,0.0655f,0f,0f,0f,1f],start_interpolation: 0,interpolation_duration: 1}
$data merge entity $(bone_cape) {transformation: [-0.918f,-0.127f,0.3756f,0.1984f,0.0264f,0.9257f,0.3774f,-0.5917f,-0.3956f,0.3564f,-0.8464f,0.1135f,0f,0f,0f,1f],start_interpolation: 0,interpolation_duration: 1}
$data merge entity $(bone_saber) {transformation: [-1.0795f,-0.2248f,0.8214f,-0.7002f,0.842f,-0.4804f,0.9751f,-0.9758f,0.1276f,1.2686f,0.5148f,-0.1987f,0f,0f,0f,1f],start_interpolation: 0,interpolation_duration: 1}
$data merge entity $(bone_right_forearm) {transformation: [-0.7851f,0.5974f,0.1635f,-0.5244f,0.6124f,0.7092f,0.3494f,-0.7415f,0.0928f,0.3744f,-0.9226f,-0.0892f,0f,0f,0f,1f],start_interpolation: 0,interpolation_duration: 1}
$data merge entity $(bone_right_arm) {transformation: [-0.7909f,0.573f,0.2147f,-0.2644f,0.6109f,0.7595f,0.2234f,-0.6042f,-0.0351f,0.3079f,-0.9508f,0.0018f,0f,0f,0f,1f],start_interpolation: 0,interpolation_duration: 1}
$data merge entity $(bone_short_sword) {transformation: [-1.0852f,-0.0226f,0.4277f,0.1083f,0.4269f,-0.1481f,1.0756f,-1.1657f,0.0335f,1.157f,0.146f,0.1782f,0f,0f,0f,1f],start_interpolation: 0,interpolation_duration: 1}
$data merge entity $(bone_left_forearm) {transformation: [-0.9302f,0.3666f,0.0194f,0.2036f,0.3659f,0.9219f,0.1269f,-0.9251f,0.0287f,0.1252f,-0.9917f,0.2004f,0f,0f,0f,1f],start_interpolation: 0,interpolation_duration: 1}
$data merge entity $(bone_left_arm) {transformation: [-0.8807f,0.3594f,0.3084f,0.1946f,0.3798f,0.925f,0.0067f,-0.6174f,-0.2829f,0.123f,-0.9512f,0.1996f,0f,0f,0f,1f],start_interpolation: 0,interpolation_duration: 1}
$data merge entity $(bone_torso) {transformation: [-0.918f,-0.0938f,0.3852f,0f,0.0264f,0.955f,0.2953f,-0.9531f,-0.3956f,0.2813f,-0.8743f,-0.0031f,0f,0f,0f,1f],start_interpolation: 0,interpolation_duration: 1}
$data merge entity $(bone_right_dress) {transformation: [-0.9763f,-0.214f,-0.0323f,-0.1936f,-0.2164f,0.9654f,0.1455f,-1.1099f,0f,0.149f,-0.9888f,-0.0078f,0f,0f,0f,1f],start_interpolation: 0,interpolation_duration: 1}
$data merge entity $(bone_left_dress) {transformation: [-0.9763f,0.211f,-0.0482f,0.1311f,0.2164f,0.9518f,-0.2172f,-1.1099f,0f,-0.2225f,-0.9749f,-0.0078f,0f,0f,0f,1f],start_interpolation: 0,interpolation_duration: 1}
$data merge entity $(bone_lower_right_leg) {transformation: [-0.9893f,-0.032f,0.1423f,-0.113f,0.0108f,0.9568f,0.2905f,-1.5775f,-0.1455f,0.289f,-0.9462f,-0.1084f,0f,0f,0f,1f],start_interpolation: 0,interpolation_duration: 1}
$data merge entity $(bone_right_leg) {transformation: [-0.9893f,-0.032f,0.1423f,-0.125f,0.0108f,0.9568f,0.2905f,-1.2187f,-0.1455f,0.289f,-0.9462f,0f,0f,0f,0f,1f],start_interpolation: 0,interpolation_duration: 1}
$data merge entity $(bone_lower_left_leg) {transformation: [-0.999f,-0.0431f,0.0065f,0.1412f,-0.0436f,0.9879f,-0.1489f,-1.5892f,0f,-0.149f,-0.9888f,0.0559f,0f,0f,0f,1f],start_interpolation: 0,interpolation_duration: 1}
$data merge entity $(bone_left_leg) {transformation: [-0.999f,-0.0431f,0.0065f,0.125f,-0.0436f,0.9879f,-0.1489f,-1.2187f,0f,-0.149f,-0.9888f,0f,0f,0f,0f,1f],start_interpolation: 0,interpolation_duration: 1}
$data merge entity $(bone_pony_tail) {transformation: [-0.9967f,-0.0156f,0.0799f,-0.0085f,0.0185f,0.9128f,0.4081f,-0.4294f,-0.0793f,0.4082f,-0.9095f,-0.0933f,0f,0f,0f,1f],start_interpolation: 0,interpolation_duration: 1}
$data merge entity $(bone_head) {transformation: [-0.9967f,-0.0156f,0.0799f,-0.0268f,0.0185f,0.9128f,0.4081f,-0.5536f,-0.0793f,0.4082f,-0.9095f,0.1071f,0f,0f,0f,1f],start_interpolation: 0,interpolation_duration: 1}
data modify entity @s data merge value {"cameras":{},"locators":{"body_hitbox":{"posx":-0.059787196729143524,"posy":-0.912981463616098,"posz":0.1382995598782174,"roty":23.707633256792008,"rotx":14.678517784151506},"flame":{"posx":-1.135829231386274,"posy":-1.876464218380645,"posz":2.227834556135523,"roty":122.07686189129731,"rotx":45.166318171670056},"flame1":{"posx":-0.789565601547991,"posy":-1.455726313562414,"posz":2.3807842671531705,"roty":122.07686189129731,"rotx":45.166318171670056},"flame2":{"posx":-0.47042308829542173,"posy":-1.057473246758165,"posz":2.4526699473394493,"roty":122.07686189129731,"rotx":45.166318171670056},"flame3":{"posx":-0.13084585892947986,"posy":-0.6155453074154373,"posz":2.409230314232794,"roty":122.07686189129731,"rotx":45.166318171670056},"flame4":{"posx":-1.461658145111184,"posy":-2.253527250660397,"posz":1.9595595318249401,"roty":122.07686189129731,"rotx":45.166318171670056},"saber_hitbox":{"posx":-0.7966067091676765,"posy":-1.1872348012132772,"posz":0.38117946339194686,"roty":122.07686189129731,"rotx":45.166318171670056},"flame5":{"posx":0.06712692434492754,"posy":-1.4508429412577466,"posz":2.4823240837838987,"roty":108.85329115362553,"rotx":67.21084036310354},"flame6":{"posx":0.27452746683985507,"posy":-0.92431986843885,"posz":2.4907483797281733,"roty":108.85329115362553,"rotx":67.21084036310354},"flame7":{"posx":0.4602285739403372,"posy":-0.4474840059561618,"posz":2.4293671197863462,"roty":108.85329115362553,"rotx":67.21084036310354},"flame8":{"posx":0.6483508058298033,"posy":0.045219492485130575,"posz":2.244020718438391,"roty":108.85329115362553,"rotx":67.21084036310354},"flame9":{"posx":-0.13785249336101613,"posy":-1.9614983781180388,"posz":2.3499346464334954,"roty":108.85329115362553,"rotx":67.21084036310354},"short_sword_hitbox":{"posx":0.10344379617968572,"posy":-1.212828401878683,"posz":0.6228469626919747,"roty":108.85329115362553,"rotx":67.21084036310354}}}
execute on vehicle unless entity @s[tag=aj.transforms_only] at @s run function animated_java:mage_hunter/animations/double_slash/zzz/frames/43_root_commands