# This file was generated by Animated Java via MC-Build. It is not recommended to edit this file directly.
$data merge entity $(bone_chest) {transformation: [-0.9908f,0.0014f,0.1355f,-0.0015f,0.0095f,0.9982f,0.0588f,-0.7203f,-0.1352f,0.0595f,-0.989f,0.024f,0f,0f,0f,1f],start_interpolation: 0,interpolation_duration: 1}
$data merge entity $(bone_cape) {transformation: [-0.9908f,-0.0163f,0.1345f,0.2261f,0.0095f,0.982f,0.1886f,-0.5894f,-0.1352f,0.1881f,-0.9728f,-0.0168f,0f,0f,0f,1f],start_interpolation: 0,interpolation_duration: 1}
$data merge entity $(bone_saber) {transformation: [-1.2916f,-0.2307f,0.4112f,-0.5304f,0.4284f,-0.0737f,1.3045f,-1.1267f,-0.1968f,1.3535f,0.1412f,-0.0481f,0f,0f,0f,1f],start_interpolation: 0,interpolation_duration: 1}
$data merge entity $(bone_right_forearm) {transformation: [-0.9394f,0.299f,0.1678f,-0.4501f,0.3116f,0.9487f,0.0536f,-0.8252f,-0.1431f,0.1027f,-0.9844f,-0.0277f,0f,0f,0f,1f],start_interpolation: 0,interpolation_duration: 1}
$data merge entity $(bone_right_arm) {transformation: [-0.9532f,0.2889f,0.0888f,-0.2497f,0.2943f,0.9541f,0.0552f,-0.5936f,-0.0687f,0.0787f,-0.9945f,0.003f,0f,0f,0f,1f],start_interpolation: 0,interpolation_duration: 1}
$data merge entity $(bone_short_sword) {transformation: [-1.1612f,0.0664f,0.0916f,0.3281f,0.0908f,-0.0168f,1.163f,-1.1472f,0.0675f,1.1647f,0.0115f,0.0926f,0f,0f,0f,1f],start_interpolation: 0,interpolation_duration: 1}
$data merge entity $(bone_left_forearm) {transformation: [-0.9953f,0.0785f,-0.0569f,0.3478f,0.0778f,0.9969f,0.0144f,-0.8883f,0.0578f,0.0099f,-0.9983f,0.0848f,0f,0f,0f,1f],start_interpolation: 0,interpolation_duration: 1}
$data merge entity $(bone_left_arm) {transformation: [-0.9879f,0.0758f,0.135f,0.2457f,0.0764f,0.9971f,-0.0008f,-0.5983f,-0.1347f,0.0096f,-0.9908f,0.0706f,0f,0f,0f,1f],start_interpolation: 0,interpolation_duration: 1}
$data merge entity $(bone_torso) {transformation: [-0.9908f,-0.0045f,0.1354f,0f,0.0095f,0.9947f,0.1023f,-0.9531f,-0.1352f,0.1026f,-0.9855f,-0.0031f,0f,0f,0f,1f],start_interpolation: 0,interpolation_duration: 1}
$data merge entity $(bone_right_dress) {transformation: [-0.9763f,-0.2162f,-0.0108f,-0.1936f,-0.2164f,0.9751f,0.0487f,-1.1099f,0f,0.0498f,-0.9988f,-0.0078f,0f,0f,0f,1f],start_interpolation: 0,interpolation_duration: 1}
$data merge entity $(bone_left_dress) {transformation: [-0.9763f,0.2158f,-0.0162f,0.1311f,0.2164f,0.9736f,-0.073f,-1.1099f,0f,-0.0747f,-0.9972f,-0.0078f,0f,0f,0f,1f],start_interpolation: 0,interpolation_duration: 1}
$data merge entity $(bone_lower_right_leg) {transformation: [-0.9983f,0.0278f,0.0516f,-0.1354f,0.0327f,0.9947f,0.097f,-1.5918f,-0.0487f,0.0985f,-0.9939f,-0.0369f,0f,0f,0f,1f],start_interpolation: 0,interpolation_duration: 1}
$data merge entity $(bone_right_leg) {transformation: [-0.9983f,0.0278f,0.0516f,-0.125f,0.0327f,0.9947f,0.097f,-1.2187f,-0.0487f,0.0985f,-0.9939f,0f,0f,0f,0f,1f],start_interpolation: 0,interpolation_duration: 1}
$data merge entity $(bone_lower_left_leg) {transformation: [-0.999f,-0.0436f,0.0022f,0.1413f,-0.0436f,0.9978f,-0.0498f,-1.5929f,0f,-0.0498f,-0.9988f,0.0187f,0f,0f,0f,1f],start_interpolation: 0,interpolation_duration: 1}
$data merge entity $(bone_left_leg) {transformation: [-0.999f,-0.0436f,0.0022f,0.125f,-0.0436f,0.9978f,-0.0498f,-1.2187f,0f,-0.0498f,-0.9988f,0f,0f,0f,0f,1f],start_interpolation: 0,interpolation_duration: 1}
$data merge entity $(bone_pony_tail) {transformation: [-0.9996f,0.0008f,0.0272f,-0.0025f,0.0062f,0.9803f,0.1973f,-0.441f,-0.0265f,0.1974f,-0.98f,-0.1878f,0f,0f,0f,1f],start_interpolation: 0,interpolation_duration: 1}
$data merge entity $(bone_head) {transformation: [-0.9996f,0.0008f,0.0272f,-0.0089f,0.0062f,0.9803f,0.1973f,-0.5179f,-0.0265f,0.1974f,-0.98f,0.0357f,0f,0f,0f,1f],start_interpolation: 0,interpolation_duration: 1}
data modify entity @s data merge value {"cameras":{},"locators":{"body_hitbox":{"posx":-0.01863137981827988,"posy":-0.8836315825633246,"posz":0.13833331598715382,"roty":7.800022209141815,"rotx":3.3707097082752915},"saber_hitbox":{"posx":-0.6323443933007654,"posy":-1.151109647841005,"posz":0.5677585223767191,"roty":108.94765348667978,"rotx":71.56796168362708},"short_sword_hitbox":{"posx":0.35430852077757896,"posy":-1.1432441453680509,"posz":0.5389847940690988,"roty":97.16751205763542,"rotx":85.46248877710812}}}