# This file was generated by Animated Java via MC-Build. It is not recommended to edit this file directly.
$data merge entity $(bone_chest) {transformation: [-0.9977f,0.0042f,0.0678f,0.0001f,0.0048f,1f,0.0079f,-0.7192f,-0.0677f,0.0082f,-0.9977f,0.0121f,0f,0f,0f,1f],start_interpolation: 0,interpolation_duration: 1}
$data merge entity $(bone_cape) {transformation: [-0.9977f,-0.0047f,0.0677f,0.2242f,0.0048f,0.9904f,0.1384f,-0.5911f,-0.0677f,0.1384f,-0.9881f,-0.0507f,0f,0f,0f,1f],start_interpolation: 0,interpolation_duration: 1}
$data merge entity $(bone_saber) {transformation: [-1.3273f,-0.2355f,0.2711f,-0.4738f,0.2778f,-0.0161f,1.3465f,-1.1538f,-0.2275f,1.3546f,0.0631f,-0.0154f,0f,0f,0f,1f],start_interpolation: 0,interpolation_duration: 1}
$data merge entity $(bone_right_forearm) {transformation: [-0.9653f,0.1971f,0.1713f,-0.4257f,0.2021f,0.9793f,0.0117f,-0.8449f,-0.1654f,0.0459f,-0.9852f,-0.0131f,0f,0f,0f,1f],start_interpolation: 0,interpolation_duration: 1}
$data merge entity $(bone_right_arm) {transformation: [-0.9803f,0.1919f,0.0469f,-0.2492f,0.1932f,0.9808f,0.0255f,-0.5932f,-0.0411f,0.0341f,-0.9986f,0.0016f,0f,0f,0f,1f],start_interpolation: 0,interpolation_duration: 1}
$data merge entity $(bone_short_sword) {transformation: [-1.1619f,0.1051f,-0.0046f,0.3778f,-0.0046f,0.0007f,1.1667f,-1.1357f,0.1051f,1.1619f,-0.0003f,0.055f,0f,0f,0f,1f],start_interpolation: 0,interpolation_duration: 1}
$data merge entity $(bone_left_forearm) {transformation: [-0.9959f,-0.004f,-0.0901f,0.3758f,-0.0039f,1f,-0.0006f,-0.8762f,0.0901f,-0.0002f,-0.9959f,0.0446f,0f,0f,0f,1f],start_interpolation: 0,interpolation_duration: 1}
$data merge entity $(bone_left_arm) {transformation: [-0.9974f,-0.0053f,0.0716f,0.2497f,-0.0053f,1f,0.0001f,-0.5956f,-0.0716f,-0.0003f,-0.9974f,0.0355f,0f,0f,0f,1f],start_interpolation: 0,interpolation_duration: 1}
$data merge entity $(bone_torso) {transformation: [-0.9977f,0.0013f,0.0679f,0f,0.0048f,0.9987f,0.0515f,-0.9531f,-0.0677f,0.0517f,-0.9964f,-0.0031f,0f,0f,0f,1f],start_interpolation: 0,interpolation_duration: 1}
$data merge entity $(bone_right_dress) {transformation: [-0.9763f,-0.2164f,-0.0054f,-0.1936f,-0.2164f,0.976f,0.0243f,-1.1099f,0f,0.0249f,-0.9997f,-0.0078f,0f,0f,0f,1f],start_interpolation: 0,interpolation_duration: 1}
$data merge entity $(bone_left_dress) {transformation: [-0.9763f,0.2163f,-0.0081f,0.1311f,0.2164f,0.9756f,-0.0365f,-1.1099f,0f,-0.0374f,-0.9993f,-0.0078f,0f,0f,0f,1f],start_interpolation: 0,interpolation_duration: 1}
$data merge entity $(bone_lower_right_leg) {transformation: [-0.999f,0.0369f,0.0262f,-0.1388f,0.0382f,0.9981f,0.0484f,-1.593f,-0.0243f,0.0494f,-0.9985f,-0.0185f,0f,0f,0f,1f],start_interpolation: 0,interpolation_duration: 1}
$data merge entity $(bone_right_leg) {transformation: [-0.999f,0.0369f,0.0262f,-0.125f,0.0382f,0.9981f,0.0484f,-1.2187f,-0.0243f,0.0494f,-0.9985f,0f,0f,0f,0f,1f],start_interpolation: 0,interpolation_duration: 1}
$data merge entity $(bone_lower_left_leg) {transformation: [-0.999f,-0.0436f,0.0011f,0.1414f,-0.0436f,0.9987f,-0.0249f,-1.5933f,0f,-0.0249f,-0.9997f,0.0093f,0f,0f,0f,1f],start_interpolation: 0,interpolation_duration: 1}
$data merge entity $(bone_left_leg) {transformation: [-0.999f,-0.0436f,0.0011f,0.125f,-0.0436f,0.9987f,-0.0249f,-1.2187f,0f,-0.0249f,-0.9997f,0f,0f,0f,0f,1f],start_interpolation: 0,interpolation_duration: 1}
$data merge entity $(bone_pony_tail) {transformation: [-0.9999f,0.0012f,0.0135f,-0.0013f,0.0031f,0.9898f,0.1425f,-0.4446f,-0.0132f,0.1425f,-0.9897f,-0.2096f,0f,0f,0f,1f],start_interpolation: 0,interpolation_duration: 1}
$data merge entity $(bone_head) {transformation: [-0.9999f,0.0012f,0.0135f,-0.0045f,0.0031f,0.9898f,0.1425f,-0.5089f,-0.0132f,0.1425f,-0.9897f,0.0179f,0f,0f,0f,1f],start_interpolation: 0,interpolation_duration: 1}
data modify entity @s data merge value {"cameras":{},"locators":{"body_hitbox":{"posx":-0.009046760409857708,"posy":-0.8764587356042193,"posz":0.13553775120797712,"roty":3.886037559948818,"rotx":0.4539236327583221},"flame":{"posx":-0.9365329419279604,"posy":-1.171973852346479,"posz":2.5681132794676302,"roty":103.10120333214157,"rotx":78.3221868918885},"flame1":{"posx":-0.8149366692065244,"posy":-0.6203872750774145,"posz":2.5323488524925994,"roty":103.10120333214157,"rotx":78.3221868918885},"flame2":{"posx":-0.6949564069856051,"posy":-0.12927741016530048,"posz":2.432144874211273,"roty":103.10120333214157,"rotx":78.3221868918885},"flame3":{"posx":-0.5535657091213292,"posy":0.36329168795811473,"posz":2.208796818183605,"roty":103.10120333214157,"rotx":78.3221868918885},"flame4":{"posx":-1.0367187790060397,"posy":-1.7221011964042423,"posz":2.48073362869632,"roty":103.10120333214157,"rotx":78.3221868918885},"saber_hitbox":{"posx":-0.5788832090308214,"posy":-1.1517834829433444,"posz":0.6003929847694814,"roty":103.10120333214157,"rotx":78.3221868918885},"flame5":{"posx":0.5870141022394757,"posy":-1.1238903527145185,"posz":2.3675929860925744,"roty":273.5193344731655,"rotx":89.77157341697368},"flame6":{"posx":0.5791438792741913,"posy":-0.5614324675344958,"posz":2.305209598966731,"roty":273.5193344731655,"rotx":89.77157341697368},"flame7":{"posx":0.5658904751532428,"posy":-0.06151173013661371,"posz":2.180595781118289,"roty":273.5193344731655,"rotx":89.77157341697368},"flame8":{"posx":0.5413733003590417,"posy":0.4383337182894198,"posz":1.9314905105440032,"roty":273.5193344731655,"rotx":89.77157341697368},"flame9":{"posx":0.5836205545315074,"posy":-1.68642352686639,"posz":2.305484920492575,"roty":273.5193344731655,"rotx":89.77157341697368},"short_sword_hitbox":{"posx":0.41805754214068847,"posy":-1.1250196872922487,"posz":0.5002211952049118,"roty":273.5193344731655,"rotx":89.77157341697368}}}