# This file was generated by Animated Java via MC-Build. It is not recommended to edit this file directly.
$data merge entity $(bone_chest) {transformation: [-0.97f,0.0156f,0.2424f,0.0004f,0f,0.9979f,-0.0642f,-0.7187f,-0.2429f,-0.0623f,-0.968f,-0.0048f,0f,0f,0f,1f],start_interpolation: 0,interpolation_duration: 1}
$data merge entity $(bone_cape) {transformation: [-0.97f,-0.0162f,0.2424f,0.2337f,0f,0.9978f,0.0666f,-0.5955f,-0.2429f,0.0646f,-0.9679f,-0.036f,0f,0f,0f,1f],start_interpolation: 0,interpolation_duration: 1}
$data merge entity $(bone_saber) {transformation: [-1.2895f,-0.0643f,0.4728f,-0.5371f,-0.0655f,1.3734f,0.0082f,-0.6922f,-0.4727f,-0.0149f,-1.2911f,0.436f,0f,0f,0f,1f],start_interpolation: 0,interpolation_duration: 1}
$data merge entity $(bone_right_forearm) {transformation: [-0.9378f,0.3439f,0.0468f,-0.444f,-0.0476f,0.0059f,-0.9988f,-0.7006f,-0.3438f,-0.939f,0.0108f,0.1376f,0f,0f,0f,1f],start_interpolation: 0,interpolation_duration: 1}
$data merge entity $(bone_right_arm) {transformation: [-0.9513f,0.2973f,0.0819f,-0.2415f,0.0465f,0.4007f,-0.915f,-0.5938f,-0.3048f,-0.8666f,-0.395f,-0.068f,0f,0f,0f,1f],start_interpolation: 0,interpolation_duration: 1}
$data merge entity $(bone_short_sword) {transformation: [-1.0837f,-0.4051f,-0.1505f,0.4299f,-0.4089f,0.8297f,0.711f,-0.8654f,-0.1398f,0.7131f,-0.9127f,0.4987f,0f,0f,0f,1f],start_interpolation: 0,interpolation_duration: 1}
$data merge entity $(bone_left_forearm) {transformation: [-0.9289f,-0.129f,0.3472f,0.4f,-0.3505f,0.6094f,-0.7112f,-0.7146f,-0.1199f,-0.7823f,-0.6113f,0.2893f,0f,0f,0f,1f],start_interpolation: 0,interpolation_duration: 1}
$data merge entity $(bone_left_arm) {transformation: [-0.8232f,-0.1905f,0.5348f,0.2436f,-0.5116f,0.6572f,-0.5535f,-0.5938f,-0.246f,-0.7292f,-0.6385f,0.0535f,0f,0f,0f,1f],start_interpolation: 0,interpolation_duration: 1}
$data merge entity $(bone_torso) {transformation: [-0.97f,0.005f,0.2429f,0f,0f,0.9998f,-0.0206f,-0.9531f,-0.2429f,-0.02f,-0.9698f,-0.0031f,0f,0f,0f,1f],start_interpolation: 0,interpolation_duration: 1}
$data merge entity $(bone_right_dress) {transformation: [-0.9717f,-0.2217f,0.0815f,-0.1919f,-0.2164f,0.9739f,0.0681f,-1.1099f,-0.0945f,0.0486f,-0.9943f,-0.0265f,0f,0f,0f,1f],start_interpolation: 0,interpolation_duration: 1}
$data merge entity $(bone_left_dress) {transformation: [-0.9717f,0.2154f,0.0968f,0.1312f,0.2164f,0.9763f,0f,-1.1099f,-0.0945f,0.0209f,-0.9953f,0.0049f,0f,0f,0f,1f],start_interpolation: 0,interpolation_duration: 1}
$data merge entity $(bone_lower_right_leg) {transformation: [-0.9951f,0.0334f,0.0931f,-0.1369f,0.0456f,0.9901f,0.1329f,-1.59f,-0.0878f,0.1365f,-0.9868f,-0.0633f,0f,0f,0f,1f],start_interpolation: 0,interpolation_duration: 1}
$data merge entity $(bone_right_leg) {transformation: [-0.9951f,0.0334f,0.0931f,-0.1244f,0.0456f,0.9901f,0.1329f,-1.2187f,-0.0878f,0.1365f,-0.9868f,-0.0121f,0f,0f,0f,1f],start_interpolation: 0,interpolation_duration: 1}
$data merge entity $(bone_lower_left_leg) {transformation: [-0.9944f,-0.0434f,0.0968f,0.1407f,-0.0436f,0.999f,0f,-1.5934f,-0.0967f,-0.0042f,-0.9953f,0.0137f,0f,0f,0f,1f],start_interpolation: 0,interpolation_duration: 1}
$data merge entity $(bone_left_leg) {transformation: [-0.9944f,-0.0434f,0.0968f,0.1244f,-0.0436f,0.999f,0f,-1.2187f,-0.0967f,-0.0042f,-0.9953f,0.0121f,0f,0f,0f,1f],start_interpolation: 0,interpolation_duration: 1}
$data merge entity $(bone_waist) {transformation: [-0.9953f,0f,0.0968f,0f,0f,1f,0f,-0.875f,-0.0968f,0f,-0.9953f,0f,0f,0f,0f,1f],start_interpolation: 0,interpolation_duration: 1}
$data merge entity $(bone_pony_tail) {transformation: [-0.9988f,-0.0002f,0.0486f,0.0114f,-0.0009f,0.9999f,-0.0138f,-0.472f,-0.0486f,-0.0139f,-0.9987f,-0.2345f,0f,0f,0f,1f],start_interpolation: 0,interpolation_duration: 1}
$data merge entity $(bone_head) {transformation: [-0.9988f,-0.0002f,0.0486f,0f,-0.0009f,0.9999f,-0.0138f,-0.5f,-0.0486f,-0.0139f,-0.9987f,0f,0f,0f,0f,1f],start_interpolation: 0,interpolation_duration: 1}
data modify entity @s data merge value {"cameras":{},"locators":{"locator":{"posx":-0.6712647068965893,"posy":1.92871857309005,"posz":0.3932430070685847,"roty":20.113478316331623,"rotx":0.33971814363509306},"locator2":{"posx":-0.474911733292415,"posy":1.8696258074147405,"posz":-0.13426628650039257,"roty":20.113478316331623,"rotx":0.33971814363509306},"locator3":{"posx":-0.2971273822895536,"posy":1.74773454769245,"posz":-0.6024118251332033,"roty":20.113478316331623,"rotx":0.33971814363509306},"locator4":{"posx":-0.11349595724822087,"posy":1.50098744555053,"posz":-1.0692044635947096,"roty":20.113478316331623,"rotx":0.33971814363509306},"locator5":{"posx":-0.8617706064622923,"posy":1.862955496345731,"posz":0.9221052008088662,"roty":20.113478316331623,"rotx":0.33971814363509306},"saber_hitbox":{"posx":-0.5659811562234951,"posy":-0.005802532888169565,"posz":0.41958413664711436,"roty":20.113478316331623,"rotx":0.33971814363509306},"locator6":{"posx":-0.3777152663639208,"posy":0.7923769752189143,"posz":1.9099422324950648,"roty":350.6377705758668,"rotx":37.54611067487143},"locator7":{"posx":-0.42856487605323784,"posy":1.090714477770023,"posz":1.4316938119372846,"roty":350.6377705758668,"rotx":37.54611067487143},"locator8":{"posx":-0.44965193466688597,"posy":1.3065146646485835,"posz":0.9641356708444331,"roty":350.6377705758668,"rotx":37.54611067487143},"locator9":{"posx":-0.42733632328219323,"posy":1.4334151838267781,"posz":0.42017034867689645,"roty":350.6377705758668,"rotx":37.54611067487143},"locator10":{"posx":-0.28346298667626285,"posy":0.40513980496743973,"posz":2.31178347197816,"roty":350.6377705758668,"rotx":37.54611067487143},"short_sword_hitbox":{"posx":0.2516234486120208,"posy":-0.4966682064363868,"posz":0.8020381069121318,"roty":350.6377705758668,"rotx":37.54611067487143}}}