# This file was generated by Animated Java via MC-Build. It is not recommended to edit this file directly.
$data merge entity $(bone_chest) {transformation: [-0.934f,0.0257f,0.3565f,0.0013f,0f,0.9974f,-0.0718f,-0.7188f,-0.3574f,-0.0671f,-0.9315f,-0.0064f,0f,0f,0f,1f],start_interpolation: 0,interpolation_duration: 1}
$data merge entity $(bone_cape) {transformation: [-0.934f,-0.0211f,0.3568f,0.237f,0f,0.9983f,0.059f,-0.5962f,-0.3574f,0.0551f,-0.9323f,-0.0103f,0f,0f,0f,1f],start_interpolation: 0,interpolation_duration: 1}
$data merge entity $(bone_saber) {transformation: [-1.2376f,0.3773f,0.4653f,-0.5542f,-0.063f,0.9801f,-0.9624f,-0.3191f,-0.5957f,-0.8875f,-0.8649f,0.2915f,0f,0f,0f,1f],start_interpolation: 0,interpolation_duration: 1}
$data merge entity $(bone_right_forearm) {transformation: [-0.9001f,0.3384f,-0.2744f,-0.4652f,-0.0458f,-0.6999f,-0.7128f,-0.5451f,-0.4333f,-0.629f,0.6455f,0.0946f,0f,0f,0f,1f],start_interpolation: 0,interpolation_duration: 1}
$data merge entity $(bone_right_arm) {transformation: [-0.8961f,0.4346f,-0.0898f,-0.231f,0.0189f,-0.1648f,-0.9861f,-0.5938f,-0.4434f,-0.8854f,0.1395f,-0.099f,0f,0f,0f,1f],start_interpolation: 0,interpolation_duration: 1}
$data merge entity $(bone_short_sword) {transformation: [-0.9693f,-0.6241f,0.179f,0.2608f,-0.5587f,0.9656f,0.3415f,-0.6795f,-0.3309f,0.198f,-1.1011f,0.6255f,0f,0f,0f,1f],start_interpolation: 0,interpolation_duration: 1}
$data merge entity $(bone_left_forearm) {transformation: [-0.8308f,0.1534f,0.535f,0.3062f,-0.4789f,0.2928f,-0.8276f,-0.6122f,-0.2836f,-0.9438f,-0.1697f,0.3788f,0f,0f,0f,1f],start_interpolation: 0,interpolation_duration: 1}
$data merge entity $(bone_left_arm) {transformation: [-0.6513f,0.0401f,0.7577f,0.236f,-0.6936f,0.3736f,-0.616f,-0.5938f,-0.3078f,-0.9267f,-0.2155f,0.0797f,0f,0f,0f,1f],start_interpolation: 0,interpolation_duration: 1}
$data merge entity $(bone_torso) {transformation: [-0.934f,0.0101f,0.3572f,0f,0f,0.9996f,-0.0283f,-0.9531f,-0.3574f,-0.0264f,-0.9336f,-0.0031f,0f,0f,0f,1f],start_interpolation: 0,interpolation_duration: 1}
$data merge entity $(bone_right_dress) {transformation: [-0.9663f,-0.2279f,0.12f,-0.1905f,-0.2164f,0.9711f,0.101f,-1.1099f,-0.1396f,0.0716f,-0.9876f,-0.0354f,0f,0f,0f,1f],start_interpolation: 0,interpolation_duration: 1}
$data merge entity $(bone_left_dress) {transformation: [-0.9663f,0.2142f,0.143f,0.1308f,0.2164f,0.9763f,0f,-1.1099f,-0.1396f,0.0309f,-0.9897f,0.011f,0f,0f,0f,1f],start_interpolation: 0,interpolation_duration: 1}
$data merge entity $(bone_lower_right_leg) {transformation: [-0.9903f,0.0192f,0.1373f,-0.1309f,0.0464f,0.9793f,0.1972f,-1.586f,-0.1307f,0.2017f,-0.9707f,-0.0935f,0f,0f,0f,1f],start_interpolation: 0,interpolation_duration: 1}
$data merge entity $(bone_right_leg) {transformation: [-0.9903f,0.0192f,0.1373f,-0.1237f,0.0464f,0.9793f,0.1972f,-1.2187f,-0.1307f,0.2017f,-0.9707f,-0.0179f,0f,0f,0f,1f],start_interpolation: 0,interpolation_duration: 1}
$data merge entity $(bone_lower_left_leg) {transformation: [-0.9888f,-0.0432f,0.143f,0.1399f,-0.0436f,0.999f,0f,-1.5934f,-0.1428f,-0.0062f,-0.9897f,0.0202f,0f,0f,0f,1f],start_interpolation: 0,interpolation_duration: 1}
$data merge entity $(bone_left_leg) {transformation: [-0.9888f,-0.0432f,0.143f,0.1237f,-0.0436f,0.999f,0f,-1.2187f,-0.1428f,-0.0062f,-0.9897f,0.0179f,0f,0f,0f,1f],start_interpolation: 0,interpolation_duration: 1}
$data merge entity $(bone_waist) {transformation: [-0.9897f,0f,0.143f,0f,0f,1f,0f,-0.875f,-0.143f,0f,-0.9897f,0f,0f,0f,0f,1f],start_interpolation: 0,interpolation_duration: 1}
$data merge entity $(bone_pony_tail) {transformation: [-0.9974f,0.0032f,0.0719f,0.0169f,-0.0013f,0.9981f,-0.0618f,-0.4833f,-0.0719f,-0.0618f,-0.9955f,-0.2352f,0f,0f,0f,1f],start_interpolation: 0,interpolation_duration: 1}
$data merge entity $(bone_head) {transformation: [-0.9974f,0.0032f,0.0719f,0f,-0.0013f,0.9981f,-0.0618f,-0.5f,-0.0719f,-0.0618f,-0.9955f,0f,0f,0f,0f,1f],start_interpolation: 0,interpolation_duration: 1}