# This file was generated by Animated Java via MC-Build. It is not recommended to edit this file directly.
$data merge entity $(bone_chest) {transformation: [-0.884f,0.0278f,0.4666f,0.0003f,0f,0.9982f,-0.0595f,-0.7187f,-0.4674f,-0.0526f,-0.8825f,-0.0037f,0f,0f,0f,1f],start_interpolation: 0,interpolation_duration: 1}
$data merge entity $(bone_cape) {transformation: [-0.884f,-0.0333f,0.4662f,0.234f,0f,0.9975f,0.0713f,-0.5951f,-0.4674f,0.063f,-0.8818f,0.0222f,0f,0f,0f,1f],start_interpolation: 0,interpolation_duration: 1}
$data merge entity $(bone_saber) {transformation: [-1.141f,0.7669f,-0.0267f,-0.4133f,-0.0988f,-0.1943f,-1.3576f,-0.0814f,-0.7609f,-1.1246f,0.2163f,-0.0963f,0f,0f,0f,1f],start_interpolation: 0,interpolation_duration: 1}
$data merge entity $(bone_right_forearm) {transformation: [-0.8298f,-0.0194f,-0.5577f,-0.4376f,-0.0718f,-0.9874f,0.1413f,-0.3894f,-0.5534f,0.1573f,0.8179f,-0.048f,0f,0f,0f,1f],start_interpolation: 0,interpolation_duration: 1}
$data merge entity $(bone_right_arm) {transformation: [-0.8255f,0.4077f,-0.3903f,-0.2198f,-0.0646f,-0.7552f,-0.6523f,-0.5937f,-0.5607f,-0.5132f,0.6498f,-0.1223f,0f,0f,0f,1f],start_interpolation: 0,interpolation_duration: 1}
$data merge entity $(bone_short_sword) {transformation: [-0.6864f,-0.641f,0.6922f,-0.0133f,-0.777f,0.8696f,0.0347f,-0.5187f,-0.535f,-0.4406f,-0.9385f,0.605f,0f,0f,0f,1f],start_interpolation: 0,interpolation_duration: 1}
$data merge entity $(bone_left_forearm) {transformation: [-0.5883f,0.5933f,0.5494f,0.1464f,-0.666f,0.0298f,-0.7454f,-0.5188f,-0.4586f,-0.8044f,0.3777f,0.4002f,0f,0f,0f,1f],start_interpolation: 0,interpolation_duration: 1}
$data merge entity $(bone_left_arm) {transformation: [-0.3705f,0.4342f,0.8211f,0.2222f,-0.8783f,0.1238f,-0.4618f,-0.5937f,-0.3021f,-0.8923f,0.3355f,0.1114f,0f,0f,0f,1f],start_interpolation: 0,interpolation_duration: 1}
$data merge entity $(bone_torso) {transformation: [-0.884f,0.0074f,0.4674f,0f,0f,0.9999f,-0.0159f,-0.9531f,-0.4674f,-0.0141f,-0.8839f,-0.0031f,0f,0f,0f,1f],start_interpolation: 0,interpolation_duration: 1}
$data merge entity $(bone_right_dress) {transformation: [-0.96f,-0.2353f,0.1515f,-0.1889f,-0.2164f,0.9674f,0.1313f,-1.1099f,-0.1775f,0.0933f,-0.9797f,-0.0429f,0f,0f,0f,1f],start_interpolation: 0,interpolation_duration: 1}
$data merge entity $(bone_left_dress) {transformation: [-0.96f,0.2128f,0.1818f,0.1303f,0.2164f,0.9763f,0f,-1.1099f,-0.1775f,0.0393f,-0.9833f,0.0161f,0f,0f,0f,1f],start_interpolation: 0,interpolation_duration: 1}
$data merge entity $(bone_lower_right_leg) {transformation: [-0.9836f,-0.0029f,0.1805f,-0.1218f,0.0452f,0.9641f,0.2616f,-1.5803f,-0.1748f,0.2654f,-0.9482f,-0.1223f,0f,0f,0f,1f],start_interpolation: 0,interpolation_duration: 1}
$data merge entity $(bone_right_leg) {transformation: [-0.9836f,-0.0029f,0.1805f,-0.1229f,0.0452f,0.9641f,0.2616f,-1.2187f,-0.1748f,0.2654f,-0.9482f,-0.0227f,0f,0f,0f,1f],start_interpolation: 0,interpolation_duration: 1}
$data merge entity $(bone_lower_left_leg) {transformation: [-0.9824f,-0.0429f,0.1818f,0.139f,-0.0436f,0.999f,0f,-1.5934f,-0.1816f,-0.0079f,-0.9833f,0.0257f,0f,0f,0f,1f],start_interpolation: 0,interpolation_duration: 1}
$data merge entity $(bone_left_leg) {transformation: [-0.9824f,-0.0429f,0.1818f,0.1229f,-0.0436f,0.999f,0f,-1.2187f,-0.1816f,-0.0079f,-0.9833f,0.0227f,0f,0f,0f,1f],start_interpolation: 0,interpolation_duration: 1}
$data merge entity $(bone_waist) {transformation: [-0.9833f,0f,0.1818f,0f,0f,1f,0f,-0.875f,-0.1818f,0f,-0.9833f,0f,0f,0f,0f,1f],start_interpolation: 0,interpolation_duration: 1}
$data merge entity $(bone_pony_tail) {transformation: [-0.9958f,0.0083f,0.091f,0.0216f,-0.0007f,0.9951f,-0.0986f,-0.492f,-0.0914f,-0.0982f,-0.991f,-0.2353f,0f,0f,0f,1f],start_interpolation: 0,interpolation_duration: 1}
$data merge entity $(bone_head) {transformation: [-0.9958f,0.0083f,0.091f,0f,-0.0007f,0.9951f,-0.0986f,-0.5f,-0.0914f,-0.0982f,-0.991f,0f,0f,0f,0f,1f],start_interpolation: 0,interpolation_duration: 1}
execute on vehicle unless entity @s[tag=aj.transforms_only] at @s run function animated_java:mage_hunter/animations/double_slash/zzz/frames/9_root_commands