# This file was generated by Animated Java via MC-Build. It is not recommended to edit this file directly.
$data merge entity $(bone_chest) {transformation: [-0.9242f,0.0277f,0.3809f,0.0014f,0f,0.9974f,-0.0725f,-0.7188f,-0.382f,-0.067f,-0.9217f,-0.0065f,0f,0f,0f,1f],start_interpolation: 0,interpolation_duration: 1}
$data merge entity $(bone_cape) {transformation: [-0.9242f,-0.0223f,0.3813f,0.2372f,0f,0.9983f,0.0583f,-0.5963f,-0.382f,0.0538f,-0.9226f,-0.0043f,0f,0f,0f,1f],start_interpolation: 0,interpolation_duration: 1}
$data merge entity $(bone_saber) {transformation: [-1.2216f,0.4825f,0.4068f,-0.5397f,-0.0606f,0.7926f,-1.122f,-0.249f,-0.6281f,-1.0147f,-0.6829f,0.2282f,0f,0f,0f,1f],start_interpolation: 0,interpolation_duration: 1}
$data merge entity $(bone_right_forearm) {transformation: [-0.8885f,0.2958f,-0.3509f,-0.4646f,-0.044f,-0.816f,-0.5764f,-0.5099f,-0.4568f,-0.4967f,0.738f,0.073f,0f,0f,0f,1f],start_interpolation: 0,interpolation_duration: 1}
$data merge entity $(bone_right_arm) {transformation: [-0.8815f,0.4486f,-0.1472f,-0.2283f,0.0101f,-0.2938f,-0.9558f,-0.5938f,-0.472f,-0.8441f,0.2545f,-0.1054f,0f,0f,0f,1f],start_interpolation: 0,interpolation_duration: 1}
$data merge entity $(bone_short_sword) {transformation: [-0.9301f,-0.6483f,0.2754f,0.211f,-0.5962f,0.9675f,0.2638f,-0.6403f,-0.375f,0.0696f,-1.1026f,0.6361f,0f,0f,0f,1f],start_interpolation: 0,interpolation_duration: 1}
$data merge entity $(bone_left_forearm) {transformation: [-0.7972f,0.236f,0.5557f,0.278f,-0.5111f,0.2262f,-0.8293f,-0.5902f,-0.3214f,-0.9451f,-0.0597f,0.3902f,0f,0f,0f,1f],start_interpolation: 0,interpolation_duration: 1}
$data merge entity $(bone_left_arm) {transformation: [-0.6052f,0.1118f,0.7882f,0.2338f,-0.7316f,0.3123f,-0.606f,-0.5938f,-0.3139f,-0.9434f,-0.1072f,0.0856f,0f,0f,0f,1f],start_interpolation: 0,interpolation_duration: 1}
$data merge entity $(bone_torso) {transformation: [-0.9242f,0.0111f,0.3818f,0f,0f,0.9996f,-0.029f,-0.9531f,-0.382f,-0.0268f,-0.9238f,-0.0031f,0f,0f,0f,1f],start_interpolation: 0,interpolation_duration: 1}
$data merge entity $(bone_right_dress) {transformation: [-0.9648f,-0.2295f,0.1281f,-0.1901f,-0.2164f,0.9703f,0.1081f,-1.1099f,-0.1491f,0.0766f,-0.9858f,-0.0373f,0f,0f,0f,1f],start_interpolation: 0,interpolation_duration: 1}
$data merge entity $(bone_left_dress) {transformation: [-0.9648f,0.2139f,0.1527f,0.1307f,0.2164f,0.9763f,0f,-1.1099f,-0.1491f,0.0331f,-0.9883f,0.0123f,0f,0f,0f,1f],start_interpolation: 0,interpolation_duration: 1}
$data merge entity $(bone_lower_right_leg) {transformation: [-0.989f,0.0153f,0.1468f,-0.1293f,0.0464f,0.9763f,0.2113f,-1.5849f,-0.1401f,0.2158f,-0.9663f,-0.1f,0f,0f,0f,1f],start_interpolation: 0,interpolation_duration: 1}
$data merge entity $(bone_right_leg) {transformation: [-0.989f,0.0153f,0.1468f,-0.1235f,0.0464f,0.9763f,0.2113f,-1.2187f,-0.1401f,0.2158f,-0.9663f,-0.0191f,0f,0f,0f,1f],start_interpolation: 0,interpolation_duration: 1}
$data merge entity $(bone_lower_left_leg) {transformation: [-0.9873f,-0.0431f,0.1527f,0.1397f,-0.0436f,0.999f,0f,-1.5934f,-0.1526f,-0.0067f,-0.9883f,0.0216f,0f,0f,0f,1f],start_interpolation: 0,interpolation_duration: 1}
$data merge entity $(bone_left_leg) {transformation: [-0.9873f,-0.0431f,0.1527f,0.1235f,-0.0436f,0.999f,0f,-1.2187f,-0.1526f,-0.0067f,-0.9883f,0.0191f,0f,0f,0f,1f],start_interpolation: 0,interpolation_duration: 1}
$data merge entity $(bone_waist) {transformation: [-0.9883f,0f,0.1527f,0f,0f,1f,0f,-0.875f,-0.1527f,0f,-0.9883f,0f,0f,0f,0f,1f],start_interpolation: 0,interpolation_duration: 1}
$data merge entity $(bone_pony_tail) {transformation: [-0.997f,0.0042f,0.0767f,0.0181f,-0.0013f,0.9974f,-0.0718f,-0.4857f,-0.0769f,-0.0717f,-0.9945f,-0.2353f,0f,0f,0f,1f],start_interpolation: 0,interpolation_duration: 1}
$data merge entity $(bone_head) {transformation: [-0.997f,0.0042f,0.0767f,0f,-0.0013f,0.9974f,-0.0718f,-0.5f,-0.0769f,-0.0717f,-0.9945f,0f,0f,0f,0f,1f],start_interpolation: 0,interpolation_duration: 1}
data modify entity @s data merge value {"cameras":{},"locators":{"locator":{"posx":0.3701759398722313,"posy":1.2553801937729003,"posz":-1.7206647663443628,"roty":30.7788507281781,"rotx":-54.6831800036728},"locator2":{"posx":0.5146483319482628,"posy":0.7603721656899258,"posz":-1.953918448118595,"roty":30.7788507281781,"rotx":-54.6831800036728},"locator3":{"posx":0.6187010991872289,"posy":0.28033605735955824,"posz":-2.110006104033305,"roty":30.7788507281781,"rotx":-54.6831800036728},"locator4":{"posx":0.6788930201346849,"posy":-0.2717522010327127,"posz":-2.1738456497557217,"roty":30.7788507281781,"rotx":-54.6831800036728},"locator5":{"posx":0.1818427015046895,"posy":1.678336071793972,"posz":-1.395162974377837,"roty":30.7788507281781,"rotx":-54.6831800036728},"saber_hitbox":{"posx":-0.29578495889010326,"posy":0.1392600014269036,"posz":-0.28368105447348685,"roty":30.7788507281781,"rotx":-54.6831800036728},"locator6":{"posx":-1.0768603062545685,"posy":1.2876875882548262,"posz":0.7647769708183277,"roty":14.023744008976223,"rotx":13.070566882859355},"locator7":{"posx":-0.9093553318249257,"posy":1.3630685832063025,"posz":0.22945249992105032,"roty":14.023744008976223,"rotx":13.070566882859355},"locator8":{"posx":-0.7218740780731545,"posy":1.3724862347214835,"posz":-0.2505340491942376,"roty":14.023744008976223,"rotx":13.070566882859355},"locator9":{"posx":-0.46493452665562507,"posy":1.2782460670416262,"posz":-0.7379772332813999,"roty":14.023744008976223,"rotx":13.070566882859355},"locator10":{"posx":-1.1749069830184526,"posy":1.1086487741083122,"posz":1.292644806743731,"roty":14.023744008976223,"rotx":13.070566882859355},"short_sword_hitbox":{"posx":-0.06971499010106605,"posy":-0.2153507900732164,"posz":0.6566557637261509,"roty":14.023744008976223,"rotx":13.070566882859355}}}