# This file was generated by Animated Java via MC-Build. It is not recommended to edit this file directly.
$data merge entity $(bone_hair_side) {transformation: [-1f,0f,0f,-0.2969f,0f,0.9849f,-0.1733f,1.9531f,0f,-0.1733f,-0.9849f,0.2188f,0f,0f,0f,1f],start_interpolation: 0,interpolation_duration: 1}
$data merge entity $(bone_hair_side1) {transformation: [-1f,0f,0f,0.2969f,0f,0.9849f,-0.1733f,1.9531f,0f,-0.1733f,-0.9849f,0.2188f,0f,0f,0f,1f],start_interpolation: 0,interpolation_duration: 1}
$data merge entity $(bone_beard) {transformation: [-1f,0f,0f,0f,0f,1f,-0.0024f,1.6405f,0f,-0.0024f,-1f,0.2812f,0f,0f,0f,1f],start_interpolation: 0,interpolation_duration: 1}
$data merge entity $(bone_head) {transformation: [-1f,0f,0f,0f,0f,1f,0.0003f,1.7344f,0f,0.0003f,-1f,0f,0f,0f,0f,1f],start_interpolation: 0,interpolation_duration: 1}
$data merge entity $(bone_left4) {transformation: [-0.968f,-0.2164f,-0.1272f,0.36f,-0.2146f,0.9763f,-0.0282f,1.1615f,0.1303f,0f,-0.9915f,-0.0606f,0f,0f,0f,1f],start_interpolation: 0,interpolation_duration: 1}
$data merge entity $(bone_left3) {transformation: [-0.968f,-0.2164f,-0.1272f,0.2942f,-0.2146f,0.9763f,-0.0282f,0.0266f,0.1303f,0f,-0.9915f,-0.0199f,0f,0f,0f,1f],start_interpolation: 0,interpolation_duration: 1}
$data merge entity $(bone_scythe) {transformation: [-1.5026f,0.3753f,-0.721f,-0.9151f,-0.7756f,-0.2084f,1.5078f,1.2422f,0.2433f,1.6535f,0.3537f,0.1316f,0f,0f,0f,1f],start_interpolation: 0,interpolation_duration: 1}
$data merge entity $(bone_right2) {transformation: [-0.4221f,0.8883f,-0.1811f,-0.617f,0.8826f,0.4482f,0.1417f,1.3755f,0.207f,-0.1001f,-0.9732f,0.0955f,0f,0f,0f,1f],start_interpolation: 0,interpolation_duration: 1}
$data merge entity $(bone_right1) {transformation: [0.1371f,0.9744f,-0.1784f,-1.6951f,-0.15f,0.1985f,0.9686f,1.2115f,0.9791f,-0.106f,0.1734f,-0.0978f,0f,0f,0f,1f],start_interpolation: 0,interpolation_duration: 1}
data modify entity @s data merge value {"cameras":{},"locators":{"hitbox":{"posx":-0.7057065727468502,"posy":1.0817660426557074,"posz":1.242275278313219,"roty":243.8710366988034,"rotx":61.95892163274808},"hitbox2":{"posx":-1.3653669834967495,"posy":0.741265247042963,"posz":1.3490804779823473,"roty":243.8710366988034,"rotx":61.95892163274808}}}