# This file was generated by Animated Java via MC-Build. It is not recommended to edit this file directly.
$data merge entity $(bone_hair_side) {transformation: [-1f,0f,0f,-0.2969f,0f,0.9853f,-0.171f,-0.485f,0f,-0.171f,-0.9853f,0.2193f,0f,0f,0f,1f],start_interpolation: 0,interpolation_duration: 1}
$data merge entity $(bone_hair_side1) {transformation: [-1f,0f,0f,0.2969f,0f,0.9853f,-0.171f,-0.485f,0f,-0.171f,-0.9853f,0.2193f,0f,0f,0f,1f],start_interpolation: 0,interpolation_duration: 1}
$data merge entity $(bone_beard) {transformation: [-1f,0f,0f,0f,0f,1f,-0.0082f,-0.7976f,0f,-0.0082f,-1f,0.281f,0f,0f,0f,1f],start_interpolation: 0,interpolation_duration: 1}
$data merge entity $(bone_head) {transformation: [-1f,0f,0f,0f,0f,1f,0.0027f,-0.7031f,0f,0.0027f,-1f,0f,0f,0f,0f,1f],start_interpolation: 0,interpolation_duration: 1}
$data merge entity $(bone_left4) {transformation: [-0.9682f,-0.2164f,-0.1255f,0.36f,-0.2146f,0.9763f,-0.0278f,-1.276f,0.1285f,0f,-0.9917f,-0.0598f,0f,0f,0f,1f],start_interpolation: 0,interpolation_duration: 1}
$data merge entity $(bone_left3) {transformation: [-0.9682f,-0.2164f,-0.1255f,0.2941f,-0.2146f,0.9763f,-0.0278f,-2.4109f,0.1285f,0f,-0.9917f,-0.0196f,0f,0f,0f,1f],start_interpolation: 0,interpolation_duration: 1}
$data merge entity $(bone_aura) {transformation: [-2.0218f,0.7119f,-1.0229f,-1.7195f,-1.153f,-0.3287f,2.0502f,-1.9924f,0.4729f,2.2418f,0.6254f,1.3746f,0f,0f,0f,1f],start_interpolation: 0,interpolation_duration: 1}
$data merge entity $(bone_scythe) {transformation: [-1.4543f,0.512f,-0.7357f,-0.9019f,-0.8293f,-0.2364f,1.4747f,-1.2169f,0.3402f,1.6126f,0.4498f,0.1693f,0f,0f,0f,1f],start_interpolation: 0,interpolation_duration: 1}
$data merge entity $(bone_right2) {transformation: [-0.4307f,0.8635f,-0.2623f,-0.6118f,0.8632f,0.479f,0.1594f,-1.0732f,0.2633f,-0.1578f,-0.9517f,0.1134f,0f,0f,0f,1f],start_interpolation: 0,interpolation_duration: 1}
$data merge entity $(bone_right1) {transformation: [0.2078f,0.9579f,-0.1981f,-1.6946f,-0.1668f,0.2342f,0.9578f,-1.2699f,0.9638f,-0.1659f,0.2085f,-0.0115f,0f,0f,0f,1f],start_interpolation: 0,interpolation_duration: 1}
data modify entity @s data merge value {"cameras":{},"locators":{"scythe_blade":{"posx":-1.1320045012808244,"posy":-1.7008940884681436,"posz":1.3797240186046755,"roty":238.55783596122694,"rotx":59.681952217447126},"scythe_pole":{"posx":-0.8277449804641471,"posy":-1.2373928911087526,"posz":0.3578848512016951,"roty":238.55783596122694,"rotx":59.681952217447126}}}