# This file was generated by Animated Java via MC-Build. It is not recommended to edit this file directly.
$data merge entity $(bone_hair_side) {transformation: [-1f,0f,0f,-0.2969f,0f,0.9864f,-0.1646f,-0.4864f,0f,-0.1646f,-0.9864f,0.2208f,0f,0f,0f,1f],start_interpolation: 0,interpolation_duration: 1}
$data merge entity $(bone_hair_side1) {transformation: [-1f,0f,0f,0.2969f,0f,0.9864f,-0.1646f,-0.4864f,0f,-0.1646f,-0.9864f,0.2208f,0f,0f,0f,1f],start_interpolation: 0,interpolation_duration: 1}
$data merge entity $(bone_beard) {transformation: [-1f,0f,0f,0f,0f,0.9999f,-0.0153f,-0.7995f,0f,-0.0153f,-0.9999f,0.2804f,0f,0f,0f,1f],start_interpolation: 0,interpolation_duration: 1}
$data merge entity $(bone_head) {transformation: [-1f,0f,0f,0f,0f,1f,0.0092f,-0.7031f,0f,0.0092f,-1f,0f,0f,0f,0f,1f],start_interpolation: 0,interpolation_duration: 1}
$data merge entity $(bone_left4) {transformation: [-0.9688f,-0.2164f,-0.1207f,0.3599f,-0.2148f,0.9763f,-0.0268f,-1.276f,0.1237f,0f,-0.9923f,-0.0575f,0f,0f,0f,1f],start_interpolation: 0,interpolation_duration: 1}
$data merge entity $(bone_left3) {transformation: [-0.9688f,-0.2164f,-0.1207f,0.2939f,-0.2148f,0.9763f,-0.0268f,-2.411f,0.1237f,0f,-0.9923f,-0.0189f,0f,0f,0f,1f],start_interpolation: 0,interpolation_duration: 1}
$data merge entity $(bone_aura) {transformation: [-1.8571f,1.0752f,-1.0177f,-1.441f,-1.2592f,-0.2883f,1.993f,-2.0673f,0.7787f,2.0979f,0.7955f,1.5617f,0f,0f,0f,1f],start_interpolation: 0,interpolation_duration: 1}
$data merge entity $(bone_scythe) {transformation: [-1.3358f,0.7734f,-0.7321f,-0.8675f,-0.9057f,-0.2074f,1.4336f,-1.25f,0.5601f,1.5091f,0.5722f,0.2481f,0f,0f,0f,1f],start_interpolation: 0,interpolation_duration: 1}
$data merge entity $(bone_right2) {transformation: [-0.4285f,0.8009f,-0.4182f,-0.598f,0.8392f,0.5244f,0.1444f,-1.091f,0.335f,-0.289f,-0.8968f,0.148f,0f,0f,0f,1f],start_interpolation: 0,interpolation_duration: 1}
$data merge entity $(bone_right1) {transformation: [0.3371f,0.9135f,-0.228f,-1.6738f,-0.1506f,0.2914f,0.9447f,-1.3535f,0.9294f,-0.2841f,0.2358f,0.1594f,0f,0f,0f,1f],start_interpolation: 0,interpolation_duration: 1}
data modify entity @s data merge value {"cameras":{},"locators":{"scythe_blade":{"posx":-0.8764251139108811,"posy":-1.7446813659315565,"posz":1.4759179450275146,"roty":231.98736544899077,"rotx":57.05074299645865},"scythe_pole":{"posx":-0.7632797741114654,"posy":-1.2663722203228567,"posz":0.42236158995734113,"roty":231.98736544899077,"rotx":57.05074299645865}}}