# This file was generated by Animated Java via MC-Build. It is not recommended to edit this file directly.
$data merge entity $(bone_hair_side) {transformation: [-1f,0f,0f,-0.2969f,0f,0.9884f,-0.1521f,1.9483f,0f,-0.1521f,-0.9884f,0.2235f,0f,0f,0f,1f],start_interpolation: 0,interpolation_duration: 1}
$data merge entity $(bone_hair_side1) {transformation: [-1f,0f,0f,0.2969f,0f,0.9884f,-0.1521f,1.9483f,0f,-0.1521f,-0.9884f,0.2235f,0f,0f,0f,1f],start_interpolation: 0,interpolation_duration: 1}
$data merge entity $(bone_beard) {transformation: [-1f,0f,0f,0f,0f,0.9998f,-0.0218f,1.6345f,0f,-0.0218f,-0.9998f,0.2791f,0f,0f,0f,1f],start_interpolation: 0,interpolation_duration: 1}
$data merge entity $(bone_head) {transformation: [-1f,0f,0f,0f,0f,0.9998f,0.0218f,1.7344f,0f,0.0218f,-0.9998f,0f,0f,0f,0f,1f],start_interpolation: 0,interpolation_duration: 1}
$data merge entity $(bone_left4) {transformation: [-0.9699f,-0.2164f,-0.1116f,0.3599f,-0.215f,0.9763f,-0.0247f,1.1615f,0.1143f,0f,-0.9934f,-0.0531f,0f,0f,0f,1f],start_interpolation: 0,interpolation_duration: 1}
$data merge entity $(bone_left3) {transformation: [-0.9699f,-0.2164f,-0.1116f,0.2936f,-0.215f,0.9763f,-0.0247f,0.0264f,0.1143f,0f,-0.9934f,-0.0174f,0f,0f,0f,1f],start_interpolation: 0,interpolation_duration: 1}
$data merge entity $(bone_aura) {transformation: [-1.5038f,1.5546f,-0.981f,-0.9673f,-1.2974f,0.0002f,1.9893f,0.447f,1.3023f,1.7955f,0.8491f,1.8501f,0f,0f,0f,1f],start_interpolation: 0,interpolation_duration: 1}
$data merge entity $(bone_scythe) {transformation: [-1.0817f,1.1183f,-0.7056f,-0.7908f,-0.9332f,0.0002f,1.4309f,1.1639f,0.9367f,1.2915f,0.6108f,0.3744f,0f,0f,0f,1f],start_interpolation: 0,interpolation_duration: 1}
$data merge entity $(bone_right2) {transformation: [-0.413f,0.6611f,-0.6263f,-0.5674f,0.8376f,0.5458f,0.0237f,1.3299f,0.3575f,-0.5148f,-0.7792f,0.1999f,0f,0f,0f,1f],start_interpolation: 0,interpolation_duration: 1}
$data merge entity $(bone_right1) {transformation: [0.5045f,0.8158f,-0.2828f,-1.5919f,-0.031f,0.3444f,0.9383f,0.9737f,0.8628f,-0.4646f,0.199f,0.4239f,0f,0f,0f,1f],start_interpolation: 0,interpolation_duration: 1}
data modify entity @s data merge value {"cameras":{},"locators":{"scythe_blade":{"posx":-0.46959536693384,"posy":0.7969673324721245,"posz":1.6051044728136388,"roty":229.1206509510788,"rotx":56.887334270036156},"scythe_pole":{"posx":-0.6479624067013843,"posy":1.1724435463261935,"posz":0.5193948836718756,"roty":229.1206509510788,"rotx":56.887334270036156}}}