# This file was generated by Animated Java via MC-Build. It is not recommended to edit this file directly.
$data merge entity $(bone_hair_side) {transformation: [-1f,0f,0f,-0.2969f,0f,0.9992f,-0.0388f,1.9215f,0f,-0.0388f,-0.9992f,0.2463f,0f,0f,0f,1f],start_interpolation: 0,interpolation_duration: 1}
$data merge entity $(bone_hair_side1) {transformation: [-1f,0f,0f,0.2969f,0f,0.9992f,-0.0388f,1.9215f,0f,-0.0388f,-0.9992f,0.2463f,0f,0f,0f,1f],start_interpolation: 0,interpolation_duration: 1}
$data merge entity $(bone_beard) {transformation: [-1f,0f,0f,0f,0f,1f,0f,1.6034f,0f,0f,-1f,0.266f,0f,0f,0f,1f],start_interpolation: 0,interpolation_duration: 1}
$data merge entity $(bone_head) {transformation: [-1f,0f,0f,0f,0f,0.9908f,0.1353f,1.7344f,0f,0.1353f,-0.9908f,0f,0f,0f,0f,1f],start_interpolation: 0,interpolation_duration: 1}
$data merge entity $(bone_body) {transformation: [-1.1242f,0f,-0.0436f,0f,0f,1.125f,0f,1.0625f,0.0436f,0f,-1.1242f,0f,0f,0f,0f,1f],start_interpolation: 0,interpolation_duration: 1}
$data merge entity $(bone_left4) {transformation: [-0.9759f,-0.2164f,-0.0284f,0.3599f,-0.2163f,0.9763f,-0.0063f,1.1614f,0.0291f,0f,-0.9996f,-0.0135f,0f,0f,0f,1f],start_interpolation: 0,interpolation_duration: 1}
$data merge entity $(bone_left3) {transformation: [-0.9759f,-0.2164f,-0.0284f,0.2916f,-0.2163f,0.9763f,-0.0063f,0.026f,0.0291f,0f,-0.9996f,-0.0044f,0f,0f,0f,1f],start_interpolation: 0,interpolation_duration: 1}
$data merge entity $(bone_aura) {transformation: [-2.1206f,0.0648f,-1.0675f,-1.98f,0.3466f,2.2843f,-0.5498f,2.4732f,1.0117f,-0.6467f,-2.0491f,0.6061f,0f,0f,0f,1f],start_interpolation: 0,interpolation_duration: 1}
$data merge entity $(bone_scythe) {transformation: [-1.5253f,0.0466f,-0.7679f,-0.8354f,0.2493f,1.6431f,-0.3955f,1.3199f,0.7277f,-0.4652f,-1.4739f,0.3193f,0f,0f,0f,1f],start_interpolation: 0,interpolation_duration: 1}
$data merge entity $(bone_right2) {transformation: [-0.4495f,0.8932f,0.0117f,-0.5353f,-0.2315f,-0.1039f,-0.9673f,1.2894f,-0.8628f,-0.4375f,0.2535f,0.1892f,0f,0f,0f,1f],start_interpolation: 0,interpolation_duration: 1}
$data merge entity $(bone_right1) {transformation: [-0.5536f,0.713f,-0.4303f,-1.1199f,0.8328f,0.4739f,-0.286f,0.5256f,0f,-0.5167f,-0.8562f,0.7382f,0f,0f,0f,1f],start_interpolation: 0,interpolation_duration: 1}
data modify entity @s data merge value {"cameras":{},"locators":{"scythe_blade":{"posx":-1.4041879888214681,"posy":2.5149972677718333,"posz":0.2949365249407335,"roty":332.4820704149306,"rotx":-13.385195276347996},"scythe_pole":{"posx":-0.8159335832003656,"posy":1.512946376026222,"posz":0.2573431130286939,"roty":332.4820704149306,"rotx":-13.385195276347996}}}