# This file was generated by Animated Java via MC-Build. It is not recommended to edit this file directly.
$data merge entity $(bone_hair_side) {transformation: [-1f,0f,0f,-0.2969f,0f,0.9949f,-0.1007f,-0.5011f,0f,-0.1007f,-0.9949f,0.2342f,0f,0f,0f,1f],start_interpolation: 0,interpolation_duration: 1}
$data merge entity $(bone_hair_side1) {transformation: [-1f,0f,0f,0.2969f,0f,0.9949f,-0.1007f,-0.5011f,0f,-0.1007f,-0.9949f,0.2342f,0f,0f,0f,1f],start_interpolation: 0,interpolation_duration: 1}
$data merge entity $(bone_beard) {transformation: [-1f,0f,0f,0f,0f,0.9997f,-0.0245f,-0.8173f,0f,-0.0245f,-0.9997f,0.2736f,0f,0f,0f,1f],start_interpolation: 0,interpolation_duration: 1}
$data merge entity $(bone_head) {transformation: [-1f,0f,0f,0f,0f,0.9973f,0.0736f,-0.7031f,0f,0.0736f,-0.9973f,0f,0f,0f,0f,1f],start_interpolation: 0,interpolation_duration: 1}
$data merge entity $(bone_left4) {transformation: [-0.9735f,-0.2164f,-0.0738f,0.3599f,-0.2158f,0.9763f,-0.0164f,-1.2761f,0.0756f,0f,-0.9971f,-0.0351f,0f,0f,0f,1f],start_interpolation: 0,interpolation_duration: 1}
$data merge entity $(bone_left3) {transformation: [-0.9735f,-0.2164f,-0.0738f,0.2924f,-0.2158f,0.9763f,-0.0164f,-2.4113f,0.0756f,0f,-0.9971f,-0.0115f,0f,0f,0f,1f],start_interpolation: 0,interpolation_duration: 1}
$data merge entity $(bone_aura) {transformation: [-0.7682f,1.7355f,-1.4278f,-0.3294f,-0.0237f,1.5026f,1.8391f,-0.4421f,2.2472f,0.6091f,-0.4687f,2.0724f,0f,0f,0f,1f],start_interpolation: 0,interpolation_duration: 1}
$data merge entity $(bone_scythe) {transformation: [-0.5526f,1.2483f,-1.027f,-0.6356f,-0.0171f,1.0808f,1.3229f,-1.0617f,1.6164f,0.4381f,-0.3371f,0.5741f,0f,0f,0f,1f],start_interpolation: 0,interpolation_duration: 1}
$data merge entity $(bone_right2) {transformation: [-0.6012f,0.355f,-0.7159f,-0.5097f,0.7744f,0.0376f,-0.6316f,-1.0615f,-0.1973f,-0.9341f,-0.2975f,0.2706f,0f,0f,0f,1f],start_interpolation: 0,interpolation_duration: 1}
$data merge entity $(bone_right1) {transformation: [0.4682f,0.631f,-0.6185f,-1.3265f,0.6747f,0.1967f,0.7114f,-1.4813f,0.5705f,-0.7504f,-0.3337f,0.8896f,0f,0f,0f,1f],start_interpolation: 0,interpolation_duration: 1}
data modify entity @s data merge value {"cameras":{},"locators":{"scythe_blade":{"posx":-0.019417900607644922,"posy":-0.3467594020222212,"posz":1.5023144213431263,"roty":288.1724158667577,"rotx":50.74722407379216},"scythe_pole":{"posx":-0.48210139108723293,"posy":-0.9330170631228205,"posz":0.6113663631273403,"roty":288.1724158667577,"rotx":50.74722407379216}}}