# This file was generated by Animated Java via MC-Build. It is not recommended to edit this file directly.
$data merge entity $(bone_hair_side) {transformation: [-1f,0f,0f,-0.2969f,0f,0.9983f,-0.0581f,1.9263f,0f,-0.0581f,-0.9983f,0.2427f,0f,0f,0f,1f],start_interpolation: 0,interpolation_duration: 1}
$data merge entity $(bone_hair_side1) {transformation: [-1f,0f,0f,0.2969f,0f,0.9983f,-0.0581f,1.9263f,0f,-0.0581f,-0.9983f,0.2427f,0f,0f,0f,1f],start_interpolation: 0,interpolation_duration: 1}
$data merge entity $(bone_beard) {transformation: [-1f,0f,0f,0f,0f,1f,0f,1.6086f,0f,0f,-1f,0.2685f,0f,0f,0f,1f],start_interpolation: 0,interpolation_duration: 1}
$data merge entity $(bone_head) {transformation: [-1f,0f,0f,0f,0f,0.9932f,0.1161f,1.7344f,0f,0.1161f,-0.9932f,0f,0f,0f,0f,1f],start_interpolation: 0,interpolation_duration: 1}
$data merge entity $(bone_body) {transformation: [-1.1231f,0f,-0.0654f,0f,0f,1.125f,0f,1.0625f,0.0654f,0f,-1.1231f,0f,0f,0f,0f,1f],start_interpolation: 0,interpolation_duration: 1}
$data merge entity $(bone_left4) {transformation: [-0.9754f,-0.2164f,-0.0426f,0.3599f,-0.2162f,0.9763f,-0.0094f,1.1614f,0.0436f,0f,-0.999f,-0.0202f,0f,0f,0f,1f],start_interpolation: 0,interpolation_duration: 1}
$data merge entity $(bone_left3) {transformation: [-0.9754f,-0.2164f,-0.0426f,0.2918f,-0.2162f,0.9763f,-0.0094f,0.026f,0.0436f,0f,-0.999f,-0.0066f,0f,0f,0f,1f],start_interpolation: 0,interpolation_duration: 1}
$data merge entity $(bone_scythe) {transformation: [-1.2431f,0.0192f,-1.1717f,-0.7535f,0.4223f,1.6007f,-0.4218f,1.405f,1.0931f,-0.5966f,-1.1694f,0.473f,0f,0f,0f,1f],start_interpolation: 0,interpolation_duration: 1}
$data merge entity $(bone_right2) {transformation: [-0.6859f,0.7274f,0.0205f,-0.5041f,-0.2469f,-0.2061f,-0.9469f,1.3413f,-0.6846f,-0.6545f,0.321f,0.269f,0f,0f,0f,1f],start_interpolation: 0,interpolation_duration: 1}
$data merge entity $(bone_right1) {transformation: [-0.4488f,0.6132f,-0.65f,-1.0155f,0.8936f,0.308f,-0.3264f,0.7348f,0f,-0.7274f,-0.6862f,1.0418f,0f,0f,0f,1f],start_interpolation: 0,interpolation_duration: 1}
data modify entity @s data merge value {"cameras":{},"locators":{"hitbox":{"posx":-0.774869116052824,"posy":2.4853410356275925,"posz":0.10469374033830958,"roty":314.9451039744876,"rotx":-14.29622090342621},"hitbox2":{"posx":-1.320600735649454,"posy":2.670735507990459,"posz":0.5845956980231403,"roty":314.9451039744876,"rotx":-14.29622090342621}}}