# This file was generated by Animated Java via MC-Build. It is not recommended to edit this file directly.
$data merge entity $(bone_hair_side) {transformation: [-1f,0f,0f,-0.2969f,0f,0.997f,-0.0775f,-0.5066f,0f,-0.0775f,-0.997f,0.2389f,0f,0f,0f,1f],start_interpolation: 0,interpolation_duration: 1}
$data merge entity $(bone_hair_side1) {transformation: [-1f,0f,0f,0.2969f,0f,0.997f,-0.0775f,-0.5066f,0f,-0.0775f,-0.997f,0.2389f,0f,0f,0f,1f],start_interpolation: 0,interpolation_duration: 1}
$data merge entity $(bone_beard) {transformation: [-1f,0f,0f,0f,0f,1f,0f,-0.8237f,0f,0f,-1f,0.2709f,0f,0f,0f,1f],start_interpolation: 0,interpolation_duration: 1}
$data merge entity $(bone_head) {transformation: [-1f,0f,0f,0f,0f,0.9953f,0.0968f,-0.7031f,0f,0.0968f,-0.9953f,0f,0f,0f,0f,1f],start_interpolation: 0,interpolation_duration: 1}
$data merge entity $(bone_body) {transformation: [-1.1216f,0f,-0.0872f,0f,0f,1.125f,0f,-1.375f,0.0872f,0f,-1.1216f,0f,0f,0f,0f,1f],start_interpolation: 0,interpolation_duration: 1}
$data merge entity $(bone_left4) {transformation: [-0.9746f,-0.2164f,-0.0568f,0.3599f,-0.2161f,0.9763f,-0.0126f,-1.2761f,0.0581f,0f,-0.9983f,-0.027f,0f,0f,0f,1f],start_interpolation: 0,interpolation_duration: 1}
$data merge entity $(bone_left3) {transformation: [-0.9746f,-0.2164f,-0.0568f,0.292f,-0.2161f,0.9763f,-0.0126f,-2.4114f,0.0581f,0f,-0.9983f,-0.0088f,0f,0f,0f,1f],start_interpolation: 0,interpolation_duration: 1}
$data merge entity $(bone_aura) {transformation: [-1.1387f,-0.0302f,-2.084f,-1.2623f,0.7888f,2.1919f,-0.4628f,0.4023f,1.9292f,-0.914f,-1.0408f,1.2783f,0f,0f,0f,1f],start_interpolation: 0,interpolation_duration: 1}
$data merge entity $(bone_scythe) {transformation: [-0.819f,-0.0217f,-1.499f,-0.6203f,0.5674f,1.5766f,-0.3329f,-0.9565f,1.3877f,-0.6574f,-0.7487f,0.597f,0f,0f,0f,1f],start_interpolation: 0,interpolation_duration: 1}
$data merge entity $(bone_right2) {transformation: [-0.8775f,0.4784f,0.0336f,-0.4496f,-0.1948f,-0.2915f,-0.9365f,-1.0491f,-0.4382f,-0.8283f,0.349f,0.332f,0f,0f,0f,1f],start_interpolation: 0,interpolation_duration: 1}
$data merge entity $(bone_right1) {transformation: [-0.3375f,0.4387f,-0.8329f,-0.8103f,0.9413f,0.1573f,-0.2986f,-1.5104f,0f,-0.8848f,-0.466f,1.2721f,0f,0f,0f,1f],start_interpolation: 0,interpolation_duration: 1}
data modify entity @s data merge value {"cameras":{},"locators":{"scythe_blade":{"posx":-0.9569252217197092,"posy":0.31929003969434777,"posz":0.7037895594215551,"roty":296.5385820092056,"rotx":-11.23585059863615},"scythe_pole":{"posx":-0.6153823132874032,"posy":-0.7742543282970625,"posz":0.5061240416045404,"roty":296.5385820092056,"rotx":-11.23585059863615}}}