# This file was generated by Animated Java via MC-Build. It is not recommended to edit this file directly.
$data merge entity $(bone_hair_side) {transformation: [-1f,0f,0f,-0.2969f,0f,0.9953f,-0.0968f,1.9355f,0f,-0.0968f,-0.9953f,0.235f,0f,0f,0f,1f],start_interpolation: 0,interpolation_duration: 1}
$data merge entity $(bone_hair_side1) {transformation: [-1f,0f,0f,0.2969f,0f,0.9953f,-0.0968f,1.9355f,0f,-0.0968f,-0.9953f,0.235f,0f,0f,0f,1f],start_interpolation: 0,interpolation_duration: 1}
$data merge entity $(bone_beard) {transformation: [-1f,0f,0f,0f,0f,1f,0f,1.6191f,0f,0f,-1f,0.2731f,0f,0f,0f,1f],start_interpolation: 0,interpolation_duration: 1}
$data merge entity $(bone_head) {transformation: [-1f,0f,0f,0f,0f,0.997f,0.0775f,1.7344f,0f,0.0775f,-0.997f,0f,0f,0f,0f,1f],start_interpolation: 0,interpolation_duration: 1}
$data merge entity $(bone_body) {transformation: [-1.1197f,0f,-0.1089f,0f,0f,1.125f,0f,1.0625f,0.1089f,0f,-1.1197f,0f,0f,0f,0f,1f],start_interpolation: 0,interpolation_duration: 1}
$data merge entity $(bone_left4) {transformation: [-0.9737f,-0.2164f,-0.0709f,0.3599f,-0.2159f,0.9763f,-0.0157f,1.1614f,0.0727f,0f,-0.9974f,-0.0337f,0f,0f,0f,1f],start_interpolation: 0,interpolation_duration: 1}
$data merge entity $(bone_left3) {transformation: [-0.9737f,-0.2164f,-0.0709f,0.2923f,-0.2159f,0.9763f,-0.0157f,0.0262f,0.0727f,0f,-0.9974f,-0.011f,0f,0f,0f,1f],start_interpolation: 0,interpolation_duration: 1}
$data merge entity $(bone_aura) {transformation: [-0.3949f,-0.0775f,-2.3406f,-0.6974f,0.8787f,2.1954f,-0.221f,2.9395f,2.1708f,-0.9028f,-0.3364f,1.4973f,0f,0f,0f,1f],start_interpolation: 0,interpolation_duration: 1}
$data merge entity $(bone_scythe) {transformation: [-0.2841f,-0.0558f,-1.6836f,-0.4465f,0.6321f,1.5791f,-0.1589f,1.5295f,1.5615f,-0.6494f,-0.242f,0.6777f,0f,0f,0f,1f],start_interpolation: 0,interpolation_duration: 1}
$data merge entity $(bone_right2) {transformation: [-0.9855f,0.1647f,0.0399f,-0.377f,-0.093f,-0.3293f,-0.9396f,1.4229f,-0.1416f,-0.9297f,0.3399f,0.3749f,0f,0f,0f,1f],start_interpolation: 0,interpolation_duration: 1}
$data merge entity $(bone_right1) {transformation: [-0.2212f,0.2065f,-0.9531f,-0.5273f,0.9752f,0.0468f,-0.2162f,1.0684f,0f,-0.9773f,-0.2117f,1.4133f,0f,0f,0f,1f],start_interpolation: 0,interpolation_duration: 1}
data modify entity @s data merge value {"cameras":{},"locators":{"scythe_blade":{"posx":-0.5954178090722193,"posy":2.832414885110616,"posz":0.8582644481543942,"roty":278.17843581786104,"rotx":-5.338589848086862},"scythe_pole":{"posx":-0.4504947877521882,"posy":1.7114531289659967,"posz":0.586226658219531,"roty":278.17843581786104,"rotx":-5.338589848086862}}}