# This file was generated by Animated Java via MC-Build. It is not recommended to edit this file directly.
$data merge entity $(bone_hair_side) {transformation: [-1f,0f,0f,-0.2969f,0f,0.9932f,-0.1161f,1.94f,0f,-0.1161f,-0.9932f,0.2311f,0f,0f,0f,1f],start_interpolation: 0,interpolation_duration: 1}
$data merge entity $(bone_hair_side1) {transformation: [-1f,0f,0f,0.2969f,0f,0.9932f,-0.1161f,1.94f,0f,-0.1161f,-0.9932f,0.2311f,0f,0f,0f,1f],start_interpolation: 0,interpolation_duration: 1}
$data merge entity $(bone_beard) {transformation: [-1f,0f,0f,0f,0f,1f,0f,1.6244f,0f,0f,-1f,0.2753f,0f,0f,0f,1f],start_interpolation: 0,interpolation_duration: 1}
$data merge entity $(bone_head) {transformation: [-1f,0f,0f,0f,0f,0.9983f,0.0581f,1.7344f,0f,0.0581f,-0.9983f,0f,0f,0f,0f,1f],start_interpolation: 0,interpolation_duration: 1}
$data merge entity $(bone_body) {transformation: [-1.1174f,0f,-0.1306f,0f,0f,1.125f,0f,1.0625f,0.1306f,0f,-1.1174f,0f,0f,0f,0f,1f],start_interpolation: 0,interpolation_duration: 1}
$data merge entity $(bone_left4) {transformation: [-0.9726f,-0.2164f,-0.0851f,0.3599f,-0.2156f,0.9763f,-0.0189f,1.1614f,0.0872f,0f,-0.9962f,-0.0405f,0f,0f,0f,1f],start_interpolation: 0,interpolation_duration: 1}
$data merge entity $(bone_left3) {transformation: [-0.9726f,-0.2164f,-0.0851f,0.2927f,-0.2156f,0.9763f,-0.0189f,0.0262f,0.0872f,0f,-0.9962f,-0.0133f,0f,0f,0f,1f],start_interpolation: 0,interpolation_duration: 1}
$data merge entity $(bone_scythe) {transformation: [0.4149f,-0.0834f,-2.337f,-0.252f,0.8028f,2.2343f,0.0628f,1.5371f,2.1964f,-0.8009f,0.4185f,0.706f,0f,0f,0f,1f],start_interpolation: 0,interpolation_duration: 1}
$data merge entity $(bone_right2) {transformation: [-0.984f,-0.1761f,0.0275f,-0.2944f,0.0264f,-0.2967f,-0.9546f,1.4393f,0.1762f,-0.9386f,0.2966f,0.3953f,0f,0f,0f,1f],start_interpolation: 0,interpolation_duration: 1}
$data merge entity $(bone_right1) {transformation: [-0.1016f,-0.0578f,-0.9931f,-0.2012f,0.9948f,-0.0059f,-0.1015f,1.1347f,0f,-0.9983f,0.0581f,1.456f,0f,0f,0f,1f],start_interpolation: 0,interpolation_duration: 1}
data modify entity @s data merge value {"cameras":{},"locators":{"scythe_blade":{"posx":-0.1747089128472865,"posy":2.837273258375099,"posz":0.94272495177931,"roty":259.84649076144217,"rotx":1.5148243367375447},"scythe_pole":{"posx":-0.2618904181451559,"posy":1.7229144007384138,"posz":0.6230904393425909,"roty":259.84649076144217,"rotx":1.5148243367375447}}}