# This file was generated by Animated Java via MC-Build. It is not recommended to edit this file directly.
$data merge entity $(bone_hair_side) {transformation: [-1f,0f,0f,-0.2969f,0f,0.9908f,-0.1353f,-0.493f,0f,-0.1353f,-0.9908f,0.2271f,0f,0f,0f,1f],start_interpolation: 0,interpolation_duration: 1}
$data merge entity $(bone_hair_side1) {transformation: [-1f,0f,0f,0.2969f,0f,0.9908f,-0.1353f,-0.493f,0f,-0.1353f,-0.9908f,0.2271f,0f,0f,0f,1f],start_interpolation: 0,interpolation_duration: 1}
$data merge entity $(bone_beard) {transformation: [-1f,0f,0f,0f,0f,1f,0f,-0.8077f,0f,0f,-1f,0.2774f,0f,0f,0f,1f],start_interpolation: 0,interpolation_duration: 1}
$data merge entity $(bone_head) {transformation: [-1f,0f,0f,0f,0f,0.9992f,0.0388f,-0.7031f,0f,0.0388f,-0.9992f,0f,0f,0f,0f,1f],start_interpolation: 0,interpolation_duration: 1}
$data merge entity $(bone_body) {transformation: [-1.1147f,0f,-0.1522f,0f,0f,1.125f,0f,-1.375f,0.1522f,0f,-1.1147f,0f,0f,0f,0f,1f],start_interpolation: 0,interpolation_duration: 1}
$data merge entity $(bone_left4) {transformation: [-0.9712f,-0.2164f,-0.0992f,0.3599f,-0.2153f,0.9763f,-0.022f,-1.276f,0.1016f,0f,-0.9948f,-0.0472f,0f,0f,0f,1f],start_interpolation: 0,interpolation_duration: 1}
$data merge entity $(bone_left3) {transformation: [-0.9712f,-0.2164f,-0.0992f,0.2931f,-0.2153f,0.9763f,-0.022f,-2.4112f,0.1016f,0f,-0.9948f,-0.0155f,0f,0f,0f,1f],start_interpolation: 0,interpolation_duration: 1}
$data merge entity $(bone_aura) {transformation: [1.1759f,-0.0147f,-2.0634f,0.5811f,0.545f,2.2928f,0.2942f,0.3279f,1.9902f,-0.6191f,1.1386f,1.518f,0f,0f,0f,1f],start_interpolation: 0,interpolation_duration: 1}
$data merge entity $(bone_scythe) {transformation: [0.8458f,-0.0106f,-1.4842f,-0.0625f,0.392f,1.6492f,0.2116f,-0.9386f,1.4316f,-0.4453f,0.819f,0.6788f,0f,0f,0f,1f],start_interpolation: 0,interpolation_duration: 1}
$data merge entity $(bone_right2) {transformation: [-0.8688f,-0.4949f,-0.0154f,-0.2114f,0.1239f,-0.1871f,-0.9745f,-1.002f,0.4794f,-0.8486f,0.2239f,0.3929f,0f,0f,0f,1f],start_interpolation: 0,interpolation_duration: 1}
$data merge entity $(bone_right1) {transformation: [0.0194f,-0.3237f,-0.946f,0.1265f,0.9998f,0.0063f,0.0183f,-1.3211f,0f,-0.9461f,0.3237f,1.3982f,0f,0f,0f,1f],start_interpolation: 0,interpolation_duration: 1}
data modify entity @s data merge value {"cameras":{},"locators":{"scythe_blade":{"posx":0.263030827685565,"posy":0.3167080998220464,"posz":0.9445000898111956,"roty":241.11065545973312,"rotx":7.1151213905660216},"scythe_pole":{"posx":-0.07153407534817459,"posy":-0.7461118168336982,"posz":0.6127733190827864,"roty":241.11065545973312,"rotx":7.1151213905660216}}}