# This file was generated by Animated Java via MC-Build. It is not recommended to edit this file directly.
$data merge entity $(bone_hair_side) {transformation: [-1f,0f,0f,-0.2969f,0f,0.988f,-0.1545f,1.9488f,0f,-0.1545f,-0.988f,0.223f,0f,0f,0f,1f],start_interpolation: 0,interpolation_duration: 1}
$data merge entity $(bone_hair_side1) {transformation: [-1f,0f,0f,0.2969f,0f,0.988f,-0.1545f,1.9488f,0f,-0.1545f,-0.988f,0.223f,0f,0f,0f,1f],start_interpolation: 0,interpolation_duration: 1}
$data merge entity $(bone_beard) {transformation: [-1f,0f,0f,0f,0f,1f,0f,1.6352f,0f,0f,-1f,0.2794f,0f,0f,0f,1f],start_interpolation: 0,interpolation_duration: 1}
$data merge entity $(bone_head) {transformation: [-1f,0f,0f,0f,0f,0.9998f,0.0194f,1.7344f,0f,0.0194f,-0.9998f,0f,0f,0f,0f,1f],start_interpolation: 0,interpolation_duration: 1}
$data merge entity $(bone_body) {transformation: [-1.1115f,0f,-0.1738f,0f,0f,1.125f,0f,1.0625f,0.1738f,0f,-1.1115f,0f,0f,0f,0f,1f],start_interpolation: 0,interpolation_duration: 1}
$data merge entity $(bone_left4) {transformation: [-0.9697f,-0.2164f,-0.1133f,0.3599f,-0.215f,0.9763f,-0.0251f,1.1615f,0.1161f,0f,-0.9932f,-0.054f,0f,0f,0f,1f],start_interpolation: 0,interpolation_duration: 1}
$data merge entity $(bone_left3) {transformation: [-0.9697f,-0.2164f,-0.1133f,0.2936f,-0.215f,0.9763f,-0.0251f,0.0265f,0.1161f,0f,-0.9932f,-0.0177f,0f,0f,0f,1f],start_interpolation: 0,interpolation_duration: 1}
$data merge entity $(bone_scythe) {transformation: [1.276f,0.1129f,-1.1302f,0.0961f,0.0971f,1.6828f,0.2778f,1.4198f,1.1317f,-0.2717f,1.2505f,0.5997f,0f,0f,0f,1f],start_interpolation: 0,interpolation_duration: 1}
$data merge entity $(bone_right2) {transformation: [-0.6616f,-0.7433f,-0.0986f,-0.1375f,0.1626f,-0.0138f,-0.9866f,1.4127f,0.732f,-0.6688f,0.13f,0.3688f,0f,0f,0f,1f],start_interpolation: 0,interpolation_duration: 1}
$data merge entity $(bone_right1) {transformation: [0.1401f,-0.56f,-0.8165f,0.4137f,0.9901f,0.0793f,0.1156f,1.0191f,0f,-0.8247f,0.5656f,1.245f,0f,0f,0f,1f],start_interpolation: 0,interpolation_duration: 1}