# This file was generated by Animated Java via MC-Build. It is not recommended to edit this file directly.
$data merge entity $(bone_hair_side) {transformation: [-1f,0f,0f,-0.2969f,0f,0.9848f,-0.1736f,-0.4844f,0f,-0.1736f,-0.9848f,0.2187f,0f,0f,0f,1f],start_interpolation: 0,interpolation_duration: 1}
$data merge entity $(bone_hair_side1) {transformation: [-1f,0f,0f,0.2969f,0f,0.9848f,-0.1736f,-0.4844f,0f,-0.1736f,-0.9848f,0.2188f,0f,0f,0f,1f],start_interpolation: 0,interpolation_duration: 1}
$data merge entity $(bone_beard) {transformation: [-1f,0f,0f,0f,0f,1f,0f,-0.7969f,0f,0f,-1f,0.2813f,0f,0f,0f,1f],start_interpolation: 0,interpolation_duration: 1}
$data merge entity $(bone_head) {transformation: [-1f,0f,0f,0f,0f,1f,0f,-0.7031f,0f,0f,-1f,0f,0f,0f,0f,1f],start_interpolation: 0,interpolation_duration: 1}
$data merge entity $(bone_body) {transformation: [-1.1079f,0f,-0.1954f,0f,0f,1.125f,0f,-1.375f,0.1954f,0f,-1.1079f,0f,0f,0f,0f,1f],start_interpolation: 0,interpolation_duration: 1}
$data merge entity $(bone_left4) {transformation: [-0.9679f,-0.2164f,-0.1274f,0.36f,-0.2146f,0.9763f,-0.0283f,-1.276f,0.1305f,0f,-0.9914f,-0.0607f,0f,0f,0f,1f],start_interpolation: 0,interpolation_duration: 1}
$data merge entity $(bone_left3) {transformation: [-0.9679f,-0.2164f,-0.1274f,0.2942f,-0.2146f,0.9763f,-0.0283f,-2.4109f,0.1305f,0f,-0.9914f,-0.0199f,0f,0f,0f,1f],start_interpolation: 0,interpolation_duration: 1}
$data merge entity $(bone_aura) {transformation: [2.1249f,0.4452f,-0.963f,1.5647f,-0.3587f,2.3303f,0.2858f,-0.3407f,0.9985f,-0.1102f,2.1521f,0.9839f,0f,0f,0f,1f],start_interpolation: 0,interpolation_duration: 1}
$data merge entity $(bone_scythe) {transformation: [1.5284f,0.3202f,-0.6927f,0.203f,-0.258f,1.6762f,0.2056f,-1.1236f,0.7182f,-0.0793f,1.548f,0.4785f,0f,0f,0f,1f],start_interpolation: 0,interpolation_duration: 1}
$data merge entity $(bone_right2) {transformation: [-0.4055f,-0.8857f,-0.2263f,-0.0813f,0.1203f,0.1937f,-0.9737f,-1.062f,0.9061f,-0.422f,0.028f,0.3259f,0f,0f,0f,1f],start_interpolation: 0,interpolation_duration: 1}
$data merge entity $(bone_right1) {transformation: [0.2588f,-0.7399f,-0.6209f,0.624f,0.9659f,0.1983f,0.1664f,-1.5745f,0f,-0.6428f,0.766f,1.0088f,0f,0f,0f,1f],start_interpolation: 0,interpolation_duration: 1}
data modify entity @s data merge value {"cameras":{},"locators":{"scythe_blade":{"posx":1.0179227845535603,"posy":-0.10595495185570258,"posz":0.7080177642727026,"roty":204.10726993510076,"rotx":6.911456537598406},"scythe_pole":{"posx":0.22709686138895546,"posy":-0.9219712495935315,"posz":0.46250959520882673,"roty":204.10726993510076,"rotx":6.911456537598406}}}