# This file was generated by Animated Java via MC-Build. It is not recommended to edit this file directly.
$data merge entity $(bone_saber) {transformation: [-1.3631f,-0.1348f,0.1195f,-0.4116f,0.1089f,0.1104f,1.3662f,-1.1729f,-0.1436f,1.3639f,-0.0988f,0.0537f,0f,0f,0f,1f],start_interpolation: 0,interpolation_duration: 1}
$data merge entity $(bone_right_forearm) {transformation: [-0.9914f,0.0869f,0.098f,-0.399f,0.0792f,0.9936f,-0.0803f,-0.8623f,-0.1044f,-0.0719f,-0.9919f,0.0202f,0f,0f,0f,1f],start_interpolation: 0,interpolation_duration: 1}
$data merge entity $(bone_right_arm) {transformation: [-0.9962f,0.0869f,-0.0063f,-0.25f,0.0872f,0.9936f,-0.0716f,-0.5937f,0f,-0.0719f,-0.9974f,0f,0f,0f,0f,1f],start_interpolation: 0,interpolation_duration: 1}
$data merge entity $(bone_short_sword) {transformation: [-1.1593f,0.083f,-0.1015f,0.4223f,-0.0958f,0.0807f,1.1599f,-1.1198f,0.0895f,1.1609f,-0.0734f,0.0444f,0f,0f,0f,1f],start_interpolation: 0,interpolation_duration: 1}
$data merge entity $(bone_left_forearm) {transformation: [-0.9937f,-0.087f,-0.0711f,0.399f,-0.0821f,0.9942f,-0.0692f,-0.8625f,0.0767f,-0.0629f,-0.9951f,0.0177f,0f,0f,0f,1f],start_interpolation: 0,interpolation_duration: 1}
$data merge entity $(bone_left_arm) {transformation: [-0.9962f,-0.087f,0.0055f,0.25f,-0.0872f,0.9942f,-0.0626f,-0.5937f,0f,-0.0629f,-0.998f,0f,0f,0f,0f,1f],start_interpolation: 0,interpolation_duration: 1}
data modify entity @s data merge value {"cameras":{},"locators":{"saber_hitbox":{"posx":-0.4719683424225255,"posy":-1.1132718542576845,"posz":0.6726594725513938,"roty":50.424692145249026,"rotx":83.52432873350013},"short_sword_hitbox":{"posx":0.453198763666304,"posy":-1.0785352346565247,"posz":0.4885608442605237,"roty":305.8644926208757,"rotx":83.83839792320111}}}