# This file was generated by Animated Java via MC-Build. It is not recommended to edit this file directly.
$data merge entity $(bone_saber) {transformation: [-0.6265f,1.2233f,0.0403f,-0.3763f,1.1594f,0.5786f,0.4602f,-0.7906f,0.3925f,0.2436f,-1.2951f,0.5561f,0f,0f,0f,1f],start_interpolation: 0,interpolation_duration: 1}
$data merge entity $(bone_right_forearm) {transformation: [-0.4556f,0.0293f,-0.8897f,-0.3828f,0.8432f,0.3347f,-0.4208f,-0.677f,0.2854f,-0.9419f,-0.1772f,0.2649f,0f,0f,0f,1f],start_interpolation: 0,interpolation_duration: 1}
$data merge entity $(bone_right_arm) {transformation: [-0.9962f,0.0293f,-0.0821f,-0.25f,0.0872f,0.3347f,-0.9383f,-0.5937f,0f,-0.9419f,-0.3359f,0f,0f,0f,0f,1f],start_interpolation: 0,interpolation_duration: 1}
$data merge entity $(bone_short_sword) {transformation: [-0.7543f,-0.8887f,-0.0484f,0.389f,-0.7978f,0.647f,0.5532f,-0.8335f,-0.3946f,0.3908f,-1.026f,0.4791f,0f,0f,0f,1f],start_interpolation: 0,interpolation_duration: 1}
$data merge entity $(bone_left_forearm) {transformation: [-0.6465f,-0.0415f,0.7618f,0.3862f,-0.6838f,0.4742f,-0.5545f,-0.7162f,-0.3382f,-0.8794f,-0.335f,0.2473f,0f,0f,0f,1f],start_interpolation: 0,interpolation_duration: 1}
$data merge entity $(bone_left_arm) {transformation: [-0.9962f,-0.0415f,0.0766f,0.25f,-0.0872f,0.4742f,-0.8761f,-0.5937f,0f,-0.8794f,-0.476f,0f,0f,0f,0f,1f],start_interpolation: 0,interpolation_duration: 1}
data modify entity @s data merge value {"cameras":{},"locators":{"saber_hitbox":{"posx":0.17973456685504646,"posy":-0.5245534319737184,"posz":0.6578035475946307,"roty":1.7804980023782377,"rotx":19.551885163404904},"short_sword_hitbox":{"posx":0.048050974703930605,"posy":-0.5806808735463804,"posz":0.6196693842570085,"roty":357.2990217923664,"rotx":28.307976868551282}}}