# This file was generated by Animated Java via MC-Build. It is not recommended to edit this file directly.
$data merge entity $(bone_saber) {transformation: [-0.6265f,1.2233f,0.0403f,-0.3763f,1.1594f,0.5786f,0.4602f,-0.7906f,0.3925f,0.2436f,-1.2951f,0.5561f,0f,0f,0f,1f],start_interpolation: 0,interpolation_duration: 1}
$data merge entity $(bone_right_forearm) {transformation: [-0.4556f,0.0293f,-0.8897f,-0.3828f,0.8432f,0.3347f,-0.4208f,-0.677f,0.2854f,-0.9419f,-0.1772f,0.2649f,0f,0f,0f,1f],start_interpolation: 0,interpolation_duration: 1}
$data merge entity $(bone_right_arm) {transformation: [-0.9962f,0.0293f,-0.0821f,-0.25f,0.0872f,0.3347f,-0.9383f,-0.5937f,0f,-0.9419f,-0.3359f,0f,0f,0f,0f,1f],start_interpolation: 0,interpolation_duration: 1}
$data merge entity $(bone_short_sword) {transformation: [-0.7543f,-0.8887f,-0.0484f,0.389f,-0.7978f,0.647f,0.5532f,-0.8335f,-0.3946f,0.3908f,-1.026f,0.4791f,0f,0f,0f,1f],start_interpolation: 0,interpolation_duration: 1}
$data merge entity $(bone_left_forearm) {transformation: [-0.6465f,-0.0415f,0.7618f,0.3862f,-0.6838f,0.4742f,-0.5545f,-0.7162f,-0.3382f,-0.8794f,-0.335f,0.2473f,0f,0f,0f,1f],start_interpolation: 0,interpolation_duration: 1}
$data merge entity $(bone_left_arm) {transformation: [-0.9962f,-0.0415f,0.0766f,0.25f,-0.0872f,0.4742f,-0.8761f,-0.5937f,0f,-0.8794f,-0.476f,0f,0f,0f,0f,1f],start_interpolation: 0,interpolation_duration: 1}
data modify entity @s data merge value {"cameras":{},"locators":{"flame":{"posx":1.9519924948681227,"posy":0.33020489993911395,"posz":1.0165989924450218,"roty":1.7804980023782377,"rotx":19.551885163404904},"flame1":{"posx":1.9128563898496007,"posy":0.4921518517604949,"posz":0.4757163341172264,"roty":1.7804980023782377,"rotx":19.551885163404904},"flame2":{"posx":1.8162848132420657,"posy":0.6068830383951392,"posz":-0.01737157427735314,"roty":1.7804980023782377,"rotx":19.551885163404904},"flame3":{"posx":1.6085021667706023,"posy":0.6690152380579338,"posz":-0.5326054644577037,"roty":1.7804980023782377,"rotx":19.551885163404904},"flame4":{"posx":1.8799175300227167,"posy":0.11565896114588348,"posz":1.535335668987046,"roty":1.7804980023782377,"rotx":19.551885163404904},"saber_hitbox":{"posx":0.17973456685504646,"posy":-0.5245534319737184,"posz":0.6578035475946307,"roty":1.7804980023782377,"rotx":19.551885163404904},"flame5":{"posx":-1.3802443828841586,"posy":0.4590999769288103,"posz":1.2477244411408774,"roty":357.2990217923664,"rotx":28.307976868551282},"flame6":{"posx":-1.3559715758632989,"posy":0.6911841828304773,"posz":0.7321080602816957,"roty":357.2990217923664,"rotx":28.307976868551282},"flame7":{"posx":-1.2814959193414939,"posy":0.8589708528736183,"posz":0.2505210900037612,"roty":357.2990217923664,"rotx":28.307976868551282},"flame8":{"posx":-1.1118005723138162,"posy":0.9574387995517469,"posz":-0.2729362173997645,"roty":357.2990217923664,"rotx":28.307976868551282},"flame9":{"posx":-1.3092974993991464,"posy":0.15769704766213088,"posz":1.7214704848744682,"roty":357.2990217923664,"rotx":28.307976868551282},"short_sword_hitbox":{"posx":0.048050974703930605,"posy":-0.5806808735463804,"posz":0.6196693842570085,"roty":357.2990217923664,"rotx":28.307976868551282}}}