# This file was generated by Animated Java via MC-Build. It is not recommended to edit this file directly.
$data merge entity $(bone_saber) {transformation: [-0.3139f,1.3387f,-0.006f,-0.3591f,1.3333f,0.3132f,0.1222f,-0.649f,0.1203f,0.0221f,-1.3695f,0.5913f,0f,0f,0f,1f],start_interpolation: 0,interpolation_duration: 1}
$data merge entity $(bone_right_forearm) {transformation: [-0.2283f,-0.0043f,-0.9736f,-0.3733f,0.9697f,0.0889f,-0.2278f,-0.6083f,0.0875f,-0.996f,-0.0161f,0.2816f,0f,0f,0f,1f],start_interpolation: 0,interpolation_duration: 1}
$data merge entity $(bone_right_arm) {transformation: [-0.9964f,-0.0043f,-0.0845f,-0.25f,0.0838f,0.0889f,-0.9925f,-0.5937f,0.0118f,-0.996f,-0.0882f,0f,0f,0f,0f,1f],start_interpolation: 0,interpolation_duration: 1}
$data merge entity $(bone_short_sword) {transformation: [-0.5743f,-1.0154f,-0.0144f,0.3722f,-0.9799f,0.5497f,0.3142f,-0.7243f,-0.2667f,0.1668f,-1.1235f,0.5235f,0f,0f,0f,1f],start_interpolation: 0,interpolation_duration: 1}
$data merge entity $(bone_left_forearm) {transformation: [-0.4922f,-0.0123f,0.8704f,0.378f,-0.8399f,0.2694f,-0.4712f,-0.6593f,-0.2286f,-0.963f,-0.1429f,0.2721f,0f,0f,0f,1f],start_interpolation: 0,interpolation_duration: 1}
$data merge entity $(bone_left_arm) {transformation: [-0.9966f,-0.0123f,0.0816f,0.25f,-0.0819f,0.2694f,-0.9596f,-0.5937f,-0.0102f,-0.963f,-0.2694f,0f,0f,0f,0f,1f],start_interpolation: 0,interpolation_duration: 1}
data modify entity @s data merge value {"cameras":{},"locators":{"saber_hitbox":{"posx":0.24899192565771966,"posy":-0.5058551917501434,"posz":0.5918222812422449,"roty":359.749967460829,"rotx":5.097654169941622},"short_sword_hitbox":{"posx":-0.01705952777989178,"posy":-0.5108150220857621,"posz":0.577394667132676,"roty":359.267324797718,"rotx":15.625811258971035}}}