# This file was generated by Animated Java via MC-Build. It is not recommended to edit this file directly.
$data merge entity $(bone_saber) {transformation: [-0.2941f,1.3424f,-0.0461f,-0.342f,1.3404f,0.2964f,0.0776f,-0.6309f,0.0857f,-0.0284f,-1.372f,0.5957f,0f,0f,0f,1f],start_interpolation: 0,interpolation_duration: 1}
$data merge entity $(bone_right_forearm) {transformation: [-0.2139f,-0.0336f,-0.9763f,-0.3651f,0.9749f,0.0564f,-0.2156f,-0.6001f,0.0623f,-0.9978f,0.0206f,0.2854f,0f,0f,0f,1f],start_interpolation: 0,interpolation_duration: 1}
$data merge entity $(bone_right_arm) {transformation: [-0.9964f,-0.0336f,-0.0783f,-0.25f,0.0763f,0.0564f,-0.9955f,-0.5937f,0.0378f,-0.9978f,-0.0536f,0f,0f,0f,0f,1f],start_interpolation: 0,interpolation_duration: 1}
$data merge entity $(bone_short_sword) {transformation: [-0.5683f,-1.0188f,0.0172f,0.3576f,-0.987f,0.5553f,0.2802f,-0.7099f,-0.2528f,0.122f,-1.1324f,0.5301f,0f,0f,0f,1f],start_interpolation: 0,interpolation_duration: 1}
$data merge entity $(bone_left_forearm) {transformation: [-0.4871f,0.0147f,0.8732f,0.3705f,-0.846f,0.2402f,-0.476f,-0.6525f,-0.2167f,-0.9706f,-0.1045f,0.2771f,0f,0f,0f,1f],start_interpolation: 0,interpolation_duration: 1}
$data merge entity $(bone_left_arm) {transformation: [-0.997f,0.0147f,0.0761f,0.25f,-0.0703f,0.2402f,-0.9682f,-0.5937f,-0.0325f,-0.9706f,-0.2384f,0f,0f,0f,0f,1f],start_interpolation: 0,interpolation_duration: 1}
data modify entity @s data merge value {"cameras":{},"locators":{"flame":{"posx":2.2167415486991326,"posy":-0.04933919316532431,"posz":0.5329099302766303,"roty":358.07380686319357,"rotx":3.233356449542399},"flame1":{"posx":2.1368477031681423,"posy":-0.03108453384345522,"posz":-0.027086713337697743,"roty":358.07380686319357,"rotx":3.233356449542399},"flame2":{"posx":1.9980341201514256,"posy":-0.02982694495973226,"posz":-0.5234275313652512,"roty":358.07380686319357,"rotx":3.233356449542399},"flame3":{"posx":1.7371862405542056,"posy":-0.05551315100029863,"posz":-1.0171871920594755,"roty":358.07380686319357,"rotx":3.233356449542399},"flame4":{"posx":2.174601097649619,"posy":-0.09453764741148296,"posz":1.095487731224287,"roty":358.07380686319357,"rotx":3.233356449542399},"saber_hitbox":{"posx":0.26753531820574633,"posy":-0.49567213752644257,"posz":0.5732350391878118,"roty":358.07380686319357,"rotx":3.233356449542399},"flame5":{"posx":-1.6699325173904969,"posy":0.3978931098353288,"posz":0.7626797761090239,"roty":0.8691000486130633,"rotx":13.896381494170303},"flame6":{"posx":-1.6070741709155905,"posy":0.503237522276713,"posz":0.21017286841843197,"roty":0.8691000486130633,"rotx":13.896381494170303},"flame7":{"posx":-1.4905600599446105,"posy":0.5638221368135835,"posz":-0.288203461703757,"roty":0.8691000486130633,"rotx":13.896381494170303},"flame8":{"posx":-1.264893903585715,"posy":0.5649079976106061,"posz":-0.7996461337409384,"roty":0.8691000486130633,"rotx":13.896381494170303},"flame9":{"posx":-1.6236388184774881,"posy":0.2330499436540966,"posz":1.302120341884623,"roty":0.8691000486130633,"rotx":13.896381494170303},"short_sword_hitbox":{"posx":-0.03265183657177334,"posy":-0.4945881962623898,"posz":0.5666846473841315,"roty":0.8691000486130633,"rotx":13.896381494170303}}}