# This file was generated by Animated Java via MC-Build. It is not recommended to edit this file directly.
$data merge entity $(bone_saber) {transformation: [-0.3238f,1.3338f,-0.0819f,-0.3262f,1.3324f,0.3287f,0.0854f,-0.6349f,0.1024f,-0.0592f,-1.3699f,0.5976f,0f,0f,0f,1f],start_interpolation: 0,interpolation_duration: 1}
$data merge entity $(bone_right_forearm) {transformation: [-0.2355f,-0.0595f,-0.97f,-0.3577f,0.969f,0.0621f,-0.2391f,-0.6026f,0.0745f,-0.9963f,0.0431f,0.2882f,0f,0f,0f,1f],start_interpolation: 0,interpolation_duration: 1}
$data merge entity $(bone_right_arm) {transformation: [-0.9956f,-0.0595f,-0.0725f,-0.25f,0.0688f,0.0621f,-0.9957f,-0.5937f,0.0638f,-0.9963f,-0.0577f,0f,0f,0f,0f,1f],start_interpolation: 0,interpolation_duration: 1}
$data merge entity $(bone_short_sword) {transformation: [-0.5916f,-1.0045f,0.0455f,0.3445f,-0.9694f,0.5838f,0.2837f,-0.7127f,-0.267f,0.106f,-1.1307f,0.5319f,0f,0f,0f,1f],start_interpolation: 0,interpolation_duration: 1}
$data merge entity $(bone_left_forearm) {transformation: [-0.5071f,0.039f,0.861f,0.3636f,-0.8309f,0.2432f,-0.5004f,-0.6548f,-0.2289f,-0.9692f,-0.0909f,0.2794f,0f,0f,0f,1f],start_interpolation: 0,interpolation_duration: 1}
$data merge entity $(bone_left_arm) {transformation: [-0.9968f,0.039f,0.0703f,0.25f,-0.0587f,0.2432f,-0.9682f,-0.5937f,-0.0549f,-0.9692f,-0.2401f,0f,0f,0f,0f,1f],start_interpolation: 0,interpolation_duration: 1}
data modify entity @s data merge value {"cameras":{},"locators":{"saber_hitbox":{"posx":0.2791940534634382,"posy":-0.4849370180288506,"posz":0.5611624341787834,"roty":356.5794409985366,"rotx":3.5613308975811964},"short_sword_hitbox":{"posx":-0.03997698019025858,"posy":-0.48644144511651843,"posz":0.5624819559380176,"roty":2.3059074442058716,"rotx":14.073098692663958}}}