# This file was generated by Animated Java via MC-Build. It is not recommended to edit this file directly.
$data merge entity $(bone_saber) {transformation: [-0.4085f,1.3112f,-0.0677f,-0.3315f,1.2981f,0.4139f,0.1851f,-0.6767f,0.1969f,-0.0089f,-1.3608f,0.5923f,0f,0f,0f,1f],start_interpolation: 0,interpolation_duration: 1}
$data merge entity $(bone_right_forearm) {transformation: [-0.2971f,-0.0492f,-0.9536f,-0.3606f,0.9441f,0.1346f,-0.301f,-0.6228f,0.1432f,-0.9897f,0.0065f,0.2857f,0f,0f,0f,1f],start_interpolation: 0,interpolation_duration: 1}
$data merge entity $(bone_right_arm) {transformation: [-0.9958f,-0.0492f,-0.0774f,-0.25f,0.0702f,0.1346f,-0.9884f,-0.5937f,0.0591f,-0.9897f,-0.1306f,0f,0f,0f,0f,1f],start_interpolation: 0,interpolation_duration: 1}
$data merge entity $(bone_short_sword) {transformation: [-0.6405f,-0.9745f,0.0349f,0.3497f,-0.9226f,0.6192f,0.3556f,-0.7455f,-0.3156f,0.1676f,-1.1106f,0.5227f,0f,0f,0f,1f],start_interpolation: 0,interpolation_duration: 1}
$data merge entity $(bone_left_forearm) {transformation: [-0.549f,0.0299f,0.8353f,0.3662f,-0.7908f,0.3048f,-0.5307f,-0.6719f,-0.2705f,-0.9519f,-0.1437f,0.2741f,0f,0f,0f,1f],start_interpolation: 0,interpolation_duration: 1}
$data merge entity $(bone_left_arm) {transformation: [-0.9969f,0.0299f,0.0734f,0.25f,-0.0609f,0.3048f,-0.9505f,-0.5937f,-0.0508f,-0.9519f,-0.3021f,0f,0f,0f,0f,1f],start_interpolation: 0,interpolation_duration: 1}
data modify entity @s data merge value {"cameras":{},"locators":{"saber_hitbox":{"posx":0.263669223146221,"posy":-0.4873906543887154,"posz":0.5788380289060733,"roty":357.1522759367339,"rotx":7.735205457217996},"short_sword_hitbox":{"posx":-0.023369505099604948,"posy":-0.5050321765757255,"posz":0.5769793705642715,"roty":1.7999897175663477,"rotx":17.747982154190368}}}