# This file was generated by Animated Java via MC-Build. It is not recommended to edit this file directly.
$data merge entity $(bone_saber) {transformation: [-0.4085f,1.3112f,-0.0677f,-0.3315f,1.2981f,0.4139f,0.1851f,-0.6767f,0.1969f,-0.0089f,-1.3608f,0.5923f,0f,0f,0f,1f],start_interpolation: 0,interpolation_duration: 1}
$data merge entity $(bone_right_forearm) {transformation: [-0.2971f,-0.0492f,-0.9536f,-0.3606f,0.9441f,0.1346f,-0.301f,-0.6228f,0.1432f,-0.9897f,0.0065f,0.2857f,0f,0f,0f,1f],start_interpolation: 0,interpolation_duration: 1}
$data merge entity $(bone_right_arm) {transformation: [-0.9958f,-0.0492f,-0.0774f,-0.25f,0.0702f,0.1346f,-0.9884f,-0.5937f,0.0591f,-0.9897f,-0.1306f,0f,0f,0f,0f,1f],start_interpolation: 0,interpolation_duration: 1}
$data merge entity $(bone_short_sword) {transformation: [-0.6405f,-0.9745f,0.0349f,0.3497f,-0.9226f,0.6192f,0.3556f,-0.7455f,-0.3156f,0.1676f,-1.1106f,0.5227f,0f,0f,0f,1f],start_interpolation: 0,interpolation_duration: 1}
$data merge entity $(bone_left_forearm) {transformation: [-0.549f,0.0299f,0.8353f,0.3662f,-0.7908f,0.3048f,-0.5307f,-0.6719f,-0.2705f,-0.9519f,-0.1437f,0.2741f,0f,0f,0f,1f],start_interpolation: 0,interpolation_duration: 1}
$data merge entity $(bone_left_arm) {transformation: [-0.9969f,0.0299f,0.0734f,0.25f,-0.0609f,0.3048f,-0.9505f,-0.5937f,-0.0508f,-0.9519f,-0.3021f,0f,0f,0f,0f,1f],start_interpolation: 0,interpolation_duration: 1}
data modify entity @s data merge value {"cameras":{},"locators":{"flame":{"posx":2.166204383661302,"posy":0.12944689926535358,"posz":0.568089260096542,"roty":357.1522759367339,"rotx":7.735205457217996},"flame1":{"posx":2.0789134428465856,"posy":0.18634142188650515,"posz":0.011801740060910615,"roty":357.1522759367339,"rotx":7.735205457217996},"flame2":{"posx":1.9351000805386804,"posy":0.21600854784968193,"posz":-0.48222516048072994,"roty":357.1522759367339,"rotx":7.735205457217996},"flame3":{"posx":1.6720881713800901,"posy":0.2080452643527343,"posz":-0.9754404499403135,"roty":357.1522759367339,"rotx":7.735205457217996},"flame4":{"posx":2.134296777625333,"posy":0.03492196718407736,"posz":1.1251883912142304,"roty":357.1522759367339,"rotx":7.735205457217996},"saber_hitbox":{"posx":0.263669223146221,"posy":-0.4873906543887154,"posz":0.5788380289060733,"roty":357.1522759367339,"rotx":7.735205457217996},"flame5":{"posx":-1.5895090188224974,"posy":0.49007374321954134,"posz":0.846416249896403,"roty":1.7999897175663477,"rotx":17.747982154190368},"flame6":{"posx":-1.5204768200758452,"posy":0.6283708468816166,"posz":0.3019706909514485,"roty":1.7999897175663477,"rotx":17.747982154190368},"flame7":{"posx":-1.4011096984594544,"posy":0.7144458308851179,"posz":-0.19196006067858995,"roty":1.7999897175663477,"rotx":17.747982154190368},"flame8":{"posx":-1.1773332759282045,"posy":0.7341804202356016,"posz":-0.7038532709307705,"roty":1.7999897175663477,"rotx":17.747982154190368},"flame9":{"posx":-1.5541319166542904,"posy":0.2854362449044484,"posz":1.3728993502192153,"roty":1.7999897175663477,"rotx":17.747982154190368},"short_sword_hitbox":{"posx":-0.023369505099604948,"posy":-0.5050321765757255,"posz":0.5769793705642715,"roty":1.7999897175663477,"rotx":17.747982154190368}}}