# This file was generated by Animated Java via MC-Build. It is not recommended to edit this file directly.
$data merge entity $(bone_saber) {transformation: [-0.3883f,1.0989f,0.7295f,-0.4974f,1.2994f,0.188f,0.4084f,-0.7278f,0.2267f,0.8047f,-1.0916f,0.5341f,0f,0f,0f,1f],start_interpolation: 0,interpolation_duration: 1}
$data merge entity $(bone_right_forearm) {transformation: [-0.2824f,0.2354f,-0.93f,-0.4372f,0.945f,0.2349f,-0.2275f,-0.6419f,0.1649f,-0.9431f,-0.2887f,0.2395f,0f,0f,0f,1f],start_interpolation: 0,interpolation_duration: 1}
$data merge entity $(bone_right_arm) {transformation: [-0.9681f,0.2354f,-0.0864f,-0.25f,0.143f,0.2349f,-0.9615f,-0.5937f,-0.206f,-0.9431f,-0.261f,0f,0f,0f,0f,1f],start_interpolation: 0,interpolation_duration: 1}
$data merge entity $(bone_short_sword) {transformation: [-0.5653f,-0.8302f,-0.5935f,0.4891f,-0.9792f,0.2503f,0.5827f,-0.7821f,-0.2874f,0.7805f,-0.8181f,0.462f,0f,0f,0f,1f],start_interpolation: 0,interpolation_duration: 1}
$data merge entity $(bone_left_forearm) {transformation: [-0.4846f,-0.2346f,0.8427f,0.437f,-0.8393f,0.396f,-0.3724f,-0.6832f,-0.2463f,-0.8878f,-0.3888f,0.2275f,0f,0f,0f,1f],start_interpolation: 0,interpolation_duration: 1}
$data merge entity $(bone_left_arm) {transformation: [-0.9683f,-0.2346f,0.0857f,0.25f,-0.1758f,0.396f,-0.9013f,-0.5937f,0.1775f,-0.8878f,-0.4247f,0f,0f,0f,0f,1f],start_interpolation: 0,interpolation_duration: 1}
data modify entity @s data merge value {"cameras":{},"locators":{"saber_hitbox":{"posx":0.006925124266442595,"posy":-0.6396089158073581,"posz":0.8920568421630684,"roty":33.75468672974452,"rotx":17.279136601450798},"short_sword_hitbox":{"posx":0.16570059009666915,"posy":-0.6809633336477056,"posz":0.7537411689662828,"roty":324.0432010375734,"rotx":29.966261769629412}}}