# This file was generated by Animated Java via MC-Build. It is not recommended to edit this file directly.
$data merge entity $(bone_saber) {transformation: [-1.3699f,0.004f,0.1182f,-0.4099f,0.1171f,0.2305f,1.3505f,-1.1654f,-0.0159f,1.3555f,-0.23f,0.1089f,0f,0f,0f,1f],start_interpolation: 0,interpolation_duration: 1}
$data merge entity $(bone_right_forearm) {transformation: [-0.9963f,0.0859f,-0.0029f,-0.3987f,0.0852f,0.9822f,-0.1677f,-0.8591f,-0.0116f,-0.1673f,-0.9858f,0.047f,0f,0f,0f,1f],start_interpolation: 0,interpolation_duration: 1}
$data merge entity $(bone_right_arm) {transformation: [-0.9962f,0.0859f,-0.0146f,-0.25f,0.0872f,0.9822f,-0.1666f,-0.5937f,0f,-0.1673f,-0.9859f,0f,0f,0f,0f,1f],start_interpolation: 0,interpolation_duration: 1}
$data merge entity $(bone_short_sword) {transformation: [-1.1623f,-0.0093f,-0.1006f,0.4211f,-0.1009f,0.1708f,1.1497f,-1.1143f,0.0056f,1.1541f,-0.171f,0.0895f,0f,0f,0f,1f],start_interpolation: 0,interpolation_duration: 1}
$data merge entity $(bone_left_forearm) {transformation: [-0.9962f,-0.0862f,0.0079f,0.3988f,-0.0864f,0.9854f,-0.1464f,-0.86f,0.0048f,-0.1465f,-0.9892f,0.0412f,0f,0f,0f,1f],start_interpolation: 0,interpolation_duration: 1}
$data merge entity $(bone_left_arm) {transformation: [-0.9962f,-0.0862f,0.0128f,0.25f,-0.0872f,0.9854f,-0.146f,-0.5937f,0f,-0.1465f,-0.9892f,0f,0f,0f,0f,1f],start_interpolation: 0,interpolation_duration: 1}
data modify entity @s data merge value {"cameras":{},"locators":{"flame":{"posx":-0.4170348270868406,"posy":-0.7146467378035113,"posz":2.694560700865759,"roty":27.188661479762544,"rotx":79.16054379286747},"flame1":{"posx":-0.3688821777820005,"posy":-0.17266110912895216,"posz":2.5388513540841093,"roty":27.188661479762544,"rotx":79.16054379286747},"flame2":{"posx":-0.32628168479163866,"posy":0.2974614110817262,"posz":2.3319817961792824,"roty":27.188661479762544,"rotx":79.16054379286747},"flame3":{"posx":-0.28404454330636975,"posy":0.7466274617923305,"posz":2.001881988896406,"roty":27.188661479762544,"rotx":79.16054379286747},"flame4":{"posx":-0.46555082789677354,"posy":-1.2775888359781442,"posz":2.7270397982693595,"roty":27.188661479762544,"rotx":79.16054379286747},"saber_hitbox":{"posx":-0.4072813084221955,"posy":-1.0512814587397055,"posz":0.7230571948686566,"roty":27.188661479762544,"rotx":79.16054379286747},"flame5":{"posx":0.4017287054849036,"posy":-0.7640573523977543,"posz":2.3849793810064672,"roty":329.5285020672213,"rotx":80.2114529295834},"flame6":{"posx":0.3537290938235226,"posy":-0.2188959001982138,"posz":2.2407312326091833,"roty":329.5285020672213,"rotx":80.2114529295834},"flame7":{"posx":0.3116142423794468,"posy":0.25552581532604046,"posz":2.043816593420354,"roty":329.5285020672213,"rotx":80.2114529295834},"flame8":{"posx":0.2704920369942443,"posy":0.7116482952746876,"posz":1.7232526411272846,"roty":329.5285020672213,"rotx":80.2114529295834},"flame9":{"posx":0.45072096320515787,"posy":-1.3275180401729019,"posz":2.4055782162995114,"roty":329.5285020672213,"rotx":80.2114529295834},"short_sword_hitbox":{"posx":0.4166183963680022,"posy":-1.03854588603186,"posz":0.5302396844428754,"roty":329.5285020672213,"rotx":80.2114529295834}}}