# This file was generated by Animated Java via MC-Build. It is not recommended to edit this file directly.
$data merge entity $(bone_saber) {transformation: [-0.4425f,-1.0867f,0.7169f,-0.8196f,1.3015f,-0.3528f,0.2687f,-0.7586f,-0.0284f,0.765f,1.1422f,0.1139f,0f,0f,0f,1f],start_interpolation: 0,interpolation_duration: 1}
$data merge entity $(bone_right_forearm) {transformation: [-0.3218f,0.8844f,-0.338f,-0.5518f,0.9466f,0.2928f,-0.1352f,-0.6537f,-0.0207f,-0.3634f,-0.9314f,-0.0088f,0f,0f,0f,1f],start_interpolation: 0,interpolation_duration: 1}
$data merge entity $(bone_right_arm) {transformation: [-0.4241f,0.8844f,0.1948f,-0.25f,0.1792f,0.2928f,-0.9393f,-0.5937f,-0.8877f,-0.3634f,-0.2826f,0f,0f,0f,0f,1f],start_interpolation: 0,interpolation_duration: 1}
$data merge entity $(bone_short_sword) {transformation: [-0.389f,0.9028f,-0.6282f,0.7706f,-1.0955f,-0.3777f,0.1355f,-0.7365f,-0.0985f,0.6351f,0.9737f,0.1202f,0f,0f,0f,1f],start_interpolation: 0,interpolation_duration: 1}
$data merge entity $(bone_left_forearm) {transformation: [-0.3335f,-0.8556f,0.3959f,0.5526f,-0.939f,0.339f,-0.0582f,-0.6491f,-0.0844f,-0.3912f,-0.9164f,0.0091f,0f,0f,0f,1f],start_interpolation: 0,interpolation_duration: 1}
$data merge entity $(bone_left_arm) {transformation: [-0.4959f,-0.8556f,-0.1485f,0.25f,-0.3201f,0.339f,-0.8847f,-0.5937f,0.8072f,-0.3912f,-0.442f,0f,0f,0f,0f,1f],start_interpolation: 0,interpolation_duration: 1}
data modify entity @s data merge value {"cameras":{},"locators":{"flame":{"posx":-2.893918700172657,"posy":-1.4152619688042565,"posz":1.58185370613822,"roty":147.885314414361,"rotx":11.26747852443888},"flame1":{"posx":-2.5512534784884444,"posy":-1.2893211097867168,"posz":2.0143256079746674,"roty":147.885314414361,"rotx":11.26747852443888},"flame2":{"posx":-2.1917787727917935,"posy":-1.1595578349601836,"posz":2.360106504599394,"roty":147.885314414361,"rotx":11.26747852443888},"flame3":{"posx":-1.733513951535909,"posy":-0.9977260398739538,"posz":2.636337972210311,"roty":147.885314414361,"rotx":11.26747852443888},"flame4":{"posx":-3.137793806297636,"posy":-1.5091343075620995,"posz":1.079832375287963,"roty":147.885314414361,"rotx":11.26747852443888},"saber_hitbox":{"posx":-1.3082484403849377,"posy":-0.9169558934645735,"posz":0.469385718675519,"roty":147.885314414361,"rotx":11.26747852443888},"flame5":{"posx":2.5618680135350953,"posy":-1.4870707588833736,"posz":1.3929299935898252,"roty":212.8308049412582,"rotx":6.671398452318222},"flame6":{"posx":2.21060257616695,"posy":-1.4014868538431728,"posz":1.828361374760998,"roty":212.8308049412582,"rotx":6.671398452318222},"flame7":{"posx":1.8446273066935777,"posy":-1.3029283816105939,"posz":2.177608178160933,"roty":212.8308049412582,"rotx":6.671398452318222},"flame8":{"posx":1.3819212519571695,"posy":-1.163898907423695,"posz":2.4588090178068738,"roty":212.8308049412582,"rotx":6.671398452318222},"flame9":{"posx":2.8164026656402052,"posy":-1.5321836619692544,"posz":0.8894526486646596,"roty":212.8308049412582,"rotx":6.671398452318222},"short_sword_hitbox":{"posx":1.110906234589553,"posy":-0.8800057295685687,"posz":0.3722405372799239,"roty":212.8308049412582,"rotx":6.671398452318222}}}