# This file was generated by Animated Java via MC-Build. It is not recommended to edit this file directly.
$data merge entity $(bone_saber) {transformation: [-0.3904f,-1.1195f,0.6964f,-0.8276f,1.3181f,-0.3164f,0.2304f,-0.7413f,-0.0274f,0.733f,1.163f,0.0962f,0f,0f,0f,1f],start_interpolation: 0,interpolation_duration: 1}
$data merge entity $(bone_right_forearm) {transformation: [-0.2839f,0.9045f,-0.3182f,-0.5527f,0.9586f,0.2609f,-0.1138f,-0.646f,-0.0199f,-0.3374f,-0.9412f,-0.0184f,0f,0f,0f,1f],start_interpolation: 0,interpolation_duration: 1}
$data merge entity $(bone_right_arm) {transformation: [-0.3869f,0.9045f,0.1795f,-0.25f,0.169f,0.2609f,-0.9505f,-0.5937f,-0.9065f,-0.3374f,-0.2538f,0f,0f,0f,0f,1f],start_interpolation: 0,interpolation_duration: 1}
$data merge entity $(bone_short_sword) {transformation: [-0.3445f,0.9276f,-0.6181f,0.7773f,-1.1103f,-0.3429f,0.1042f,-0.7192f,-0.0988f,0.6189f,0.984f,0.1094f,0f,0f,0f,1f],start_interpolation: 0,interpolation_duration: 1}
$data merge entity $(bone_left_forearm) {transformation: [-0.2952f,-0.875f,0.3837f,0.5542f,-0.9517f,0.3049f,-0.0369f,-0.6404f,-0.0847f,-0.376f,-0.9227f,0.0022f,0f,0f,0f,1f],start_interpolation: 0,interpolation_duration: 1}
$data merge entity $(bone_left_arm) {transformation: [-0.4649f,-0.875f,-0.135f,0.25f,-0.3127f,0.3049f,-0.8996f,-0.5937f,0.8283f,-0.376f,-0.4154f,0f,0f,0f,0f,1f],start_interpolation: 0,interpolation_duration: 1}
data modify entity @s data merge value {"cameras":{},"locators":{"saber_hitbox":{"posx":-1.3313340881794828,"posy":-0.8834347403600978,"posz":0.43724117007163643,"roty":149.08839384472464,"rotx":9.645272732889048},"short_sword_hitbox":{"posx":1.1272462272377626,"posy":-0.8496390663417765,"posz":0.35537265467273943,"roty":212.13361418751546,"rotx":5.1225323019569835}}}