# This file was generated by Animated Java via MC-Build. It is not recommended to edit this file directly.
$data merge entity $(bone_saber) {transformation: [-0.3904f,-1.1195f,0.6964f,-0.8276f,1.3181f,-0.3164f,0.2304f,-0.7413f,-0.0274f,0.733f,1.163f,0.0962f,0f,0f,0f,1f],start_interpolation: 0,interpolation_duration: 1}
$data merge entity $(bone_right_forearm) {transformation: [-0.2839f,0.9045f,-0.3182f,-0.5527f,0.9586f,0.2609f,-0.1138f,-0.646f,-0.0199f,-0.3374f,-0.9412f,-0.0184f,0f,0f,0f,1f],start_interpolation: 0,interpolation_duration: 1}
$data merge entity $(bone_right_arm) {transformation: [-0.3869f,0.9045f,0.1795f,-0.25f,0.169f,0.2609f,-0.9505f,-0.5937f,-0.9065f,-0.3374f,-0.2538f,0f,0f,0f,0f,1f],start_interpolation: 0,interpolation_duration: 1}
$data merge entity $(bone_short_sword) {transformation: [-0.3445f,0.9276f,-0.6181f,0.7773f,-1.1103f,-0.3429f,0.1042f,-0.7192f,-0.0988f,0.6189f,0.984f,0.1094f,0f,0f,0f,1f],start_interpolation: 0,interpolation_duration: 1}
$data merge entity $(bone_left_forearm) {transformation: [-0.2952f,-0.875f,0.3837f,0.5542f,-0.9517f,0.3049f,-0.0369f,-0.6404f,-0.0847f,-0.376f,-0.9227f,0.0022f,0f,0f,0f,1f],start_interpolation: 0,interpolation_duration: 1}
$data merge entity $(bone_left_arm) {transformation: [-0.4649f,-0.875f,-0.135f,0.25f,-0.3127f,0.3049f,-0.8996f,-0.5937f,0.8283f,-0.376f,-0.4154f,0f,0f,0f,0f,1f],start_interpolation: 0,interpolation_duration: 1}
data modify entity @s data merge value {"cameras":{},"locators":{"flame":{"posx":-2.9641363528457885,"posy":-1.3286067381374262,"posz":1.5030848722721633,"roty":149.08839384472464,"rotx":9.645272732889048},"flame1":{"posx":-2.628370014589872,"posy":-1.2199813962002926,"posz":1.9455484314307159,"roty":149.08839384472464,"rotx":9.645272732889048},"flame2":{"posx":-2.273370561279682,"posy":-1.1074480794994248,"posz":2.301830118837982,"roty":149.08839384472464,"rotx":9.645272732889048},"flame3":{"posx":-1.8165982332206196,"posy":-0.9661553398364094,"posz":2.5914771489246435,"roty":149.08839384472464,"rotx":9.645272732889048},"flame4":{"posx":-3.1981298163528327,"posy":-1.4084726571124122,"posz":0.9939866557930058,"roty":149.08839384472464,"rotx":9.645272732889048},"saber_hitbox":{"posx":-1.3313340881794828,"posy":-0.8834347403600978,"posz":0.43724117007163643,"roty":149.08839384472464,"rotx":9.645272732889048},"flame5":{"posx":2.618044615079637,"posy":-1.4006901665807914,"posz":1.3501026942982857,"roty":212.13361418751546,"rotx":5.1225323019569835},"flame6":{"posx":2.2703550910393653,"posy":-1.332098423857915,"posz":1.791373209632007,"roty":212.13361418751546,"rotx":5.1225323019569835},"flame7":{"posx":1.9060829812316467,"posy":-1.2507186858731727,"posz":2.1467718143869616,"roty":212.13361418751546,"rotx":5.1225323019569835},"flame8":{"posx":1.44242431223447,"posy":-1.132602207872496,"posz":2.4358550831668793,"roty":212.13361418751546,"rotx":5.1225323019569835},"flame9":{"posx":2.8663475799304505,"posy":-1.4325451692877331,"posz":0.8425168429895278,"roty":212.13361418751546,"rotx":5.1225323019569835},"short_sword_hitbox":{"posx":1.1272462272377626,"posy":-0.8496390663417765,"posz":0.35537265467273943,"roty":212.13361418751546,"rotx":5.1225323019569835}}}