# This file was generated by Animated Java via MC-Build. It is not recommended to edit this file directly.
$data merge entity $(bone_saber) {transformation: [-0.3344f,-1.1318f,0.7056f,-0.8327f,1.3337f,-0.2799f,0.1832f,-0.7224f,-0.0071f,0.729f,1.1658f,0.0933f,0f,0f,0f,1f],start_interpolation: 0,interpolation_duration: 1}
$data merge entity $(bone_right_forearm) {transformation: [-0.2432f,0.9147f,-0.3228f,-0.554f,0.97f,0.2276f,-0.086f,-0.6371f,-0.0052f,-0.3341f,-0.9425f,-0.0201f,0f,0f,0f,1f],start_interpolation: 0,interpolation_duration: 1}
$data merge entity $(bone_right_arm) {transformation: [-0.3744f,0.9147f,0.1524f,-0.25f,0.1654f,0.2276f,-0.9596f,-0.5937f,-0.9124f,-0.3341f,-0.2365f,0f,0f,0f,0f,1f],start_interpolation: 0,interpolation_duration: 1}
$data merge entity $(bone_short_sword) {transformation: [-0.3015f,0.9362f,-0.6274f,0.7806f,-1.1217f,-0.3126f,0.0727f,-0.7034f,-0.1098f,0.622f,0.9809f,0.1102f,0f,0f,0f,1f],start_interpolation: 0,interpolation_duration: 1}
$data merge entity $(bone_left_forearm) {transformation: [-0.2585f,-0.8837f,0.3903f,0.5554f,-0.9614f,0.2747f,-0.0148f,-0.6323f,-0.0941f,-0.3791f,-0.9206f,0.0022f,0f,0f,0f,1f],start_interpolation: 0,interpolation_duration: 1}
$data merge entity $(bone_left_arm) {transformation: [-0.4545f,-0.8837f,-0.1119f,0.25f,-0.3099f,0.2747f,-0.9102f,-0.5937f,0.8351f,-0.3791f,-0.3987f,0f,0f,0f,0f,1f],start_interpolation: 0,interpolation_duration: 1}
data modify entity @s data merge value {"cameras":{},"locators":{"flame":{"posx":-2.991936841958933,"posy":-1.2402568363544524,"posz":1.4927228797797498,"roty":148.81659984033078,"rotx":7.654620846741216},"flame1":{"posx":-2.651836893062805,"posy":-1.1526092792112377,"posz":1.936527375574551,"roty":148.81659984033078,"rotx":7.654620846741216},"flame2":{"posx":-2.2923652726978916,"posy":-1.0605649582291938,"posz":2.294204600355747,"roty":148.81659984033078,"rotx":7.654620846741216},"flame3":{"posx":-1.830004653909939,"posy":-0.9430769509086152,"posz":2.5856136364714133,"roty":148.81659984033078,"rotx":7.654620846741216},"flame4":{"posx":-3.2291477924320233,"posy":-1.3024607071591325,"posz":0.9826501953194191,"roty":148.81659984033078,"rotx":7.654620846741216},"saber_hitbox":{"posx":-1.3419128078037652,"posy":-0.8483135010815722,"posz":0.43251287734132865,"roty":148.81659984033078,"rotx":7.654620846741216},"flame5":{"posx":2.638424877149075,"posy":-1.3248370983023043,"posz":1.3569816856015824,"roty":212.60510233762108,"rotx":3.5722840047033864},"flame6":{"posx":2.285758343729218,"posy":-1.2730447215664586,"posz":1.7965910188938516,"roty":212.60510233762108,"rotx":3.5722840047033864},"flame7":{"posx":1.9165495395824126,"posy":-1.2084023002007183,"posz":2.150329928685325,"roty":212.60510233762108,"rotx":3.5722840047033864},"flame8":{"posx":1.4470313414431284,"posy":-1.1102713231539978,"posz":2.4374239428338194,"roty":212.60510233762108,"rotx":3.5722840047033864},"flame9":{"posx":2.890782016576453,"posy":-1.3431409193571702,"posz":0.8507274566663343,"roty":212.60510233762108,"rotx":3.5722840047033864},"short_sword_hitbox":{"posx":1.1337839672618908,"posy":-0.8225087630876066,"posz":0.35730825095689933,"roty":212.60510233762108,"rotx":3.5722840047033864}}}