# This file was generated by Animated Java via MC-Build. It is not recommended to edit this file directly.
$data merge entity $(bone_saber) {transformation: [-0.3363f,-1.0908f,0.7667f,-0.8268f,1.3331f,-0.2869f,0.1766f,-0.7231f,0.0199f,0.7865f,1.1277f,0.1237f,0f,0f,0f,1f],start_interpolation: 0,interpolation_duration: 1}
$data merge entity $(bone_right_forearm) {transformation: [-0.2446f,0.8952f,-0.3727f,-0.5548f,0.9695f,0.2315f,-0.0802f,-0.6365f,0.0145f,-0.3809f,-0.9245f,-0.0038f,0f,0f,0f,1f],start_interpolation: 0,interpolation_duration: 1}
$data merge entity $(bone_right_arm) {transformation: [-0.4241f,0.8952f,0.1372f,-0.25f,0.1792f,0.2315f,-0.9562f,-0.5937f,-0.8877f,-0.3809f,-0.2585f,0f,0f,0f,0f,1f],start_interpolation: 0,interpolation_duration: 1}
$data merge entity $(bone_short_sword) {transformation: [-0.3131f,0.9042f,-0.6674f,0.774f,-1.1169f,-0.3276f,0.0801f,-0.7095f,-0.1253f,0.6604f,0.9536f,0.1332f,0f,0f,0f,1f],start_interpolation: 0,interpolation_duration: 1}
$data merge entity $(bone_left_forearm) {transformation: [-0.2684f,-0.8626f,0.4288f,0.5546f,-0.9573f,0.2885f,-0.0189f,-0.6349f,-0.1074f,-0.4155f,-0.9032f,0.016f,0f,0f,0f,1f],start_interpolation: 0,interpolation_duration: 1}
$data merge entity $(bone_left_arm) {transformation: [-0.4959f,-0.8626f,-0.0999f,0.25f,-0.3201f,0.2885f,-0.9024f,-0.5937f,0.8072f,-0.4155f,-0.4192f,0f,0f,0f,0f,1f],start_interpolation: 0,interpolation_duration: 1}
data modify entity @s data merge value {"cameras":{},"locators":{"saber_hitbox":{"posx":-1.3170036618661962,"posy":-0.8521798745106528,"posz":0.4887894130067009,"roty":145.79019151983846,"rotx":7.377783990199265},"short_sword_hitbox":{"posx":1.1145562425882556,"posy":-0.8343665509799325,"posz":0.3947959622822533,"roty":214.9881853131923,"rotx":3.9383527620788015}}}