# This file was generated by Animated Java via MC-Build. It is not recommended to edit this file directly.
$data merge entity $(bone_saber) {transformation: [-0.4605f,-1.0315f,0.7839f,-0.8095f,1.2956f,-0.3693f,0.275f,-0.7643f,0.0042f,0.8308f,1.0957f,0.1497f,0f,0f,0f,1f],start_interpolation: 0,interpolation_duration: 1}
$data merge entity $(bone_right_forearm) {transformation: [-0.3349f,0.8558f,-0.3942f,-0.5513f,0.9423f,0.3055f,-0.1372f,-0.6555f,0.0031f,-0.4174f,-0.9087f,0.0108f,0f,0f,0f,1f],start_interpolation: 0,interpolation_duration: 1}
$data merge entity $(bone_right_arm) {transformation: [-0.485f,0.8558f,0.1798f,-0.25f,0.1934f,0.3055f,-0.9323f,-0.5937f,-0.8529f,-0.4174f,-0.3137f,0f,0f,0f,0f,1f],start_interpolation: 0,interpolation_duration: 1}
$data merge entity $(bone_short_sword) {transformation: [-0.414f,0.8602f,-0.6706f,0.7605f,-1.0844f,-0.4018f,0.1541f,-0.7477f,-0.1173f,0.678f,0.9421f,0.1468f,0f,0f,0f,1f],start_interpolation: 0,interpolation_duration: 1}
$data merge entity $(bone_left_forearm) {transformation: [-0.3549f,-0.8259f,0.438f,0.5507f,-0.9295f,0.3621f,-0.0703f,-0.6545f,-0.1005f,-0.4321f,-0.8962f,0.0253f,0f,0f,0f,1f],start_interpolation: 0,interpolation_duration: 1}
$data merge entity $(bone_left_arm) {transformation: [-0.547f,-0.8259f,-0.1365f,0.25f,-0.3291f,0.3621f,-0.8721f,-0.5937f,0.7698f,-0.4321f,-0.4699f,0f,0f,0f,0f,1f],start_interpolation: 0,interpolation_duration: 1}
data modify entity @s data merge value {"cameras":{},"locators":{"saber_hitbox":{"posx":-1.2726287598697303,"posy":-0.9301376227336906,"posz":0.5347144759564477,"roty":144.41702198782383,"rotx":11.5385743724299},"short_sword_hitbox":{"posx":1.084112122771772,"posy":-0.9002796988793869,"posz":0.4150136647446361,"roty":215.4423858571007,"rotx":7.592316225292203}}}