# This file was generated by Animated Java via MC-Build. It is not recommended to edit this file directly.
$data merge entity $(bone_saber) {transformation: [-0.4605f,-1.0315f,0.7839f,-0.8095f,1.2956f,-0.3693f,0.275f,-0.7643f,0.0042f,0.8308f,1.0957f,0.1497f,0f,0f,0f,1f],start_interpolation: 0,interpolation_duration: 1}
$data merge entity $(bone_right_forearm) {transformation: [-0.3349f,0.8558f,-0.3942f,-0.5513f,0.9423f,0.3055f,-0.1372f,-0.6555f,0.0031f,-0.4174f,-0.9087f,0.0108f,0f,0f,0f,1f],start_interpolation: 0,interpolation_duration: 1}
$data merge entity $(bone_right_arm) {transformation: [-0.485f,0.8558f,0.1798f,-0.25f,0.1934f,0.3055f,-0.9323f,-0.5937f,-0.8529f,-0.4174f,-0.3137f,0f,0f,0f,0f,1f],start_interpolation: 0,interpolation_duration: 1}
$data merge entity $(bone_short_sword) {transformation: [-0.414f,0.8602f,-0.6706f,0.7605f,-1.0844f,-0.4018f,0.1541f,-0.7477f,-0.1173f,0.678f,0.9421f,0.1468f,0f,0f,0f,1f],start_interpolation: 0,interpolation_duration: 1}
$data merge entity $(bone_left_forearm) {transformation: [-0.3549f,-0.8259f,0.438f,0.5507f,-0.9295f,0.3621f,-0.0703f,-0.6545f,-0.1005f,-0.4321f,-0.8962f,0.0253f,0f,0f,0f,1f],start_interpolation: 0,interpolation_duration: 1}
$data merge entity $(bone_left_arm) {transformation: [-0.547f,-0.8259f,-0.1365f,0.25f,-0.3291f,0.3621f,-0.8721f,-0.5937f,0.7698f,-0.4321f,-0.4699f,0f,0f,0f,0f,1f],start_interpolation: 0,interpolation_duration: 1}
data modify entity @s data merge value {"cameras":{},"locators":{"flame":{"posx":-2.7782878458792464,"posy":-1.4525909230979812,"posz":1.7431338593993204,"roty":144.41702198782383,"rotx":11.5385743724299},"flame1":{"posx":-2.410706051777293,"posy":-1.3232886326278894,"posz":2.1535934095671503,"roty":144.41702198782383,"rotx":11.5385743724299},"flame2":{"posx":-2.0318685311232434,"posy":-1.1897013162509267,"posz":2.4764889992674344,"roty":144.41702198782383,"rotx":11.5385743724299},"flame3":{"posx":-1.5592543438550313,"posy":-1.0225404951475776,"posz":2.7238613701597023,"roty":144.41702198782383,"rotx":11.5385743724299},"flame4":{"posx":-3.0520929733670377,"posy":-1.548319708841687,"posz":1.2571510904234746,"roty":144.41702198782383,"rotx":11.5385743724299},"saber_hitbox":{"posx":-1.2726287598697303,"posy":-0.9301376227336906,"posz":0.5347144759564477,"roty":144.41702198782383,"rotx":11.5385743724299},"flame5":{"posx":2.4666062809256664,"posy":-1.5459955934622913,"posz":1.5046860403481275,"roty":215.4423858571007,"rotx":7.592316225292203},"flame6":{"posx":2.097197953758736,"posy":-1.4501522840822494,"posz":1.9226143211174622,"roty":215.4423858571007,"rotx":7.592316225292203},"flame7":{"posx":1.717631508937987,"posy":-1.3410428277969189,"posz":2.253747890112297,"roty":215.4423858571007,"rotx":7.592316225292203},"flame8":{"posx":1.2458987869069784,"posy":-1.1888856452060617,"posz":2.5122366340668987,"roty":215.4423858571007,"rotx":7.592316225292203},"flame9":{"posx":2.7438483308823374,"posy":-1.5987911765368068,"posz":1.0141129345385602,"roty":215.4423858571007,"rotx":7.592316225292203},"short_sword_hitbox":{"posx":1.084112122771772,"posy":-0.9002796988793869,"posz":0.4150136647446361,"roty":215.4423858571007,"rotx":7.592316225292203}}}