# This file was generated by Animated Java via MC-Build. It is not recommended to edit this file directly.
$data merge entity $(bone_saber) {transformation: [-1.2589f,0.5436f,0.1019f,-0.4004f,0.3669f,0.6311f,1.1653f,-1.0855f,0.4139f,1.094f,-0.7228f,0.3148f,0f,0f,0f,1f],start_interpolation: 0,interpolation_duration: 1}
$data merge entity $(bone_right_forearm) {transformation: [-0.9155f,0.0741f,-0.3953f,-0.3954f,0.2668f,0.8475f,-0.4589f,-0.8212f,0.301f,-0.5257f,-0.7957f,0.1478f,0f,0f,0f,1f],start_interpolation: 0,interpolation_duration: 1}
$data merge entity $(bone_right_arm) {transformation: [-0.9962f,0.0741f,-0.0458f,-0.25f,0.0872f,0.8475f,-0.5237f,-0.5937f,0f,-0.5257f,-0.8507f,0f,0f,0f,0f,1f],start_interpolation: 0,interpolation_duration: 1}
$data merge entity $(bone_short_sword) {transformation: [-1.1023f,-0.3713f,-0.09f,0.4129f,-0.2493f,0.4909f,1.0286f,-1.0553f,-0.2895f,0.9911f,-0.5432f,0.2606f,0f,0f,0f,1f],start_interpolation: 0,interpolation_duration: 1}
$data merge entity $(bone_left_forearm) {transformation: [-0.9448f,-0.0771f,0.3183f,0.3962f,-0.2137f,0.8816f,-0.4208f,-0.8308f,-0.2482f,-0.4656f,-0.8495f,0.1309f,0f,0f,0f,1f],start_interpolation: 0,interpolation_duration: 1}
$data merge entity $(bone_left_arm) {transformation: [-0.9962f,-0.0771f,0.0406f,0.25f,-0.0872f,0.8816f,-0.4638f,-0.5937f,0f,-0.4656f,-0.885f,0f,0f,0f,0f,1f],start_interpolation: 0,interpolation_duration: 1}
data modify entity @s data merge value {"cameras":{},"locators":{"saber_hitbox":{"posx":-0.15278620127616932,"posy":-0.790736473766789,"posz":0.8067994100588151,"roty":8.028369244187388,"rotx":57.9359373161305},"short_sword_hitbox":{"posx":0.26982498976789226,"posy":-0.8579648041883363,"posz":0.6355569734191517,"roty":350.5935860803951,"rotx":61.83954134203267}}}