# This file was generated by Animated Java via MC-Build. It is not recommended to edit this file directly.
$data merge entity $(bone_saber) {transformation: [-1.2589f,0.5436f,0.1019f,-0.4004f,0.3669f,0.6311f,1.1653f,-1.0855f,0.4139f,1.094f,-0.7228f,0.3148f,0f,0f,0f,1f],start_interpolation: 0,interpolation_duration: 1}
$data merge entity $(bone_right_forearm) {transformation: [-0.9155f,0.0741f,-0.3953f,-0.3954f,0.2668f,0.8475f,-0.4589f,-0.8212f,0.301f,-0.5257f,-0.7957f,0.1478f,0f,0f,0f,1f],start_interpolation: 0,interpolation_duration: 1}
$data merge entity $(bone_right_arm) {transformation: [-0.9962f,0.0741f,-0.0458f,-0.25f,0.0872f,0.8475f,-0.5237f,-0.5937f,0f,-0.5257f,-0.8507f,0f,0f,0f,0f,1f],start_interpolation: 0,interpolation_duration: 1}
$data merge entity $(bone_short_sword) {transformation: [-1.1023f,-0.3713f,-0.09f,0.4129f,-0.2493f,0.4909f,1.0286f,-1.0553f,-0.2895f,0.9911f,-0.5432f,0.2606f,0f,0f,0f,1f],start_interpolation: 0,interpolation_duration: 1}
$data merge entity $(bone_left_forearm) {transformation: [-0.9448f,-0.0771f,0.3183f,0.3962f,-0.2137f,0.8816f,-0.4208f,-0.8308f,-0.2482f,-0.4656f,-0.8495f,0.1309f,0f,0f,0f,1f],start_interpolation: 0,interpolation_duration: 1}
$data merge entity $(bone_left_arm) {transformation: [-0.9962f,-0.0771f,0.0406f,0.25f,-0.0872f,0.8816f,-0.4638f,-0.5937f,0f,-0.4656f,-0.885f,0f,0f,0f,0f,1f],start_interpolation: 0,interpolation_duration: 1}
data modify entity @s data merge value {"cameras":{},"locators":{"flame":{"posx":0.6235831090694697,"posy":0.1313298489301542,"posz":2.4028221326810755,"roty":8.028369244187388,"rotx":57.9359373161305},"flame1":{"posx":0.6405798024533118,"posy":0.5793390249804007,"posz":2.057407323229027,"roty":8.028369244187388,"rotx":57.9359373161305},"flame2":{"posx":0.628233995046571,"posy":0.9456979639994016,"posz":1.6951177859244733,"roty":8.028369244187388,"rotx":57.9359373161305},"flame3":{"posx":0.5664710248935494,"posy":1.25468831157221,"posz":1.2333707765950008,"roty":8.028369244187388,"rotx":57.9359373161305},"flame4":{"posx":0.5571692529393468,"posy":-0.37404791856628417,"posz":2.6487794701082055,"roty":8.028369244187388,"rotx":57.9359373161305},"saber_hitbox":{"posx":-0.15278620127616932,"posy":-0.790736473766789,"posz":0.8067994100588151,"roty":8.028369244187388,"rotx":57.9359373161305},"flame5":{"posx":-0.3269783234789369,"posy":-0.06900813919032955,"posz":2.2283526872672366,"roty":350.5935860803951,"rotx":61.83954134203267},"flame6":{"posx":-0.3504719529214729,"posy":0.4006098214487026,"posz":1.9133613851319982,"roty":350.5935860803951,"rotx":61.83954134203267},"flame7":{"posx":-0.34925135267606683,"posy":0.7888273914612498,"posz":1.5743766827211163,"roty":350.5935860803951,"rotx":61.83954134203267},"flame8":{"posx":-0.30824386488087224,"posy":1.1244478504739295,"posz":1.129205599387029,"roty":350.5935860803951,"rotx":61.83954134203267},"flame9":{"posx":-0.2636978064866122,"posy":-0.591223210829229,"posz":2.4371576084792697,"roty":350.5935860803951,"rotx":61.83954134203267},"short_sword_hitbox":{"posx":0.26982498976789226,"posy":-0.8579648041883363,"posz":0.6355569734191517,"roty":350.5935860803951,"rotx":61.83954134203267}}}