# This file was generated by Animated Java via MC-Build. It is not recommended to edit this file directly.
$data merge entity $(bone_saber) {transformation: [-1.1639f,0.7264f,0.0918f,-0.3959f,0.5286f,0.7143f,1.0493f,-1.0367f,0.5066f,0.9235f,-0.8838f,0.3821f,0f,0f,0f,1f],start_interpolation: 0,interpolation_duration: 1}
$data merge entity $(bone_right_forearm) {transformation: [-0.8464f,0.0668f,-0.5283f,-0.3933f,0.3844f,0.7631f,-0.5195f,-0.7975f,0.3685f,-0.6428f,-0.6716f,0.1808f,0f,0f,0f,1f],start_interpolation: 0,interpolation_duration: 1}
$data merge entity $(bone_right_arm) {transformation: [-0.9962f,0.0668f,-0.056f,-0.25f,0.0872f,0.7631f,-0.6403f,-0.5937f,0f,-0.6428f,-0.766f,0f,0f,0f,0f,1f],start_interpolation: 0,interpolation_duration: 1}
$data merge entity $(bone_short_sword) {transformation: [-1.0514f,-0.4986f,-0.0833f,0.4087f,-0.349f,0.577f,0.952f,-1.019f,-0.3657f,0.8829f,-0.6692f,0.3181f,0f,0f,0f,1f],start_interpolation: 0,interpolation_duration: 1}
$data merge entity $(bone_left_forearm) {transformation: [-0.9012f,-0.0714f,0.4274f,0.3946f,-0.2992f,0.816f,-0.4945f,-0.8124f,-0.3135f,-0.5736f,-0.7568f,0.1613f,0f,0f,0f,1f],start_interpolation: 0,interpolation_duration: 1}
$data merge entity $(bone_left_arm) {transformation: [-0.9962f,-0.0714f,0.05f,0.25f,-0.0872f,0.816f,-0.5714f,-0.5937f,0f,-0.5736f,-0.8192f,0f,0f,0f,0f,1f],start_interpolation: 0,interpolation_duration: 1}
data modify entity @s data merge value {"cameras":{},"locators":{"flame":{"posx":0.9780738650446329,"posy":0.3400228414115787,"posz":2.144436300056454,"roty":5.929943491529002,"rotx":49.74086215993268},"flame1":{"posx":0.9826120869392884,"posy":0.7368154055895775,"posz":1.7408925408988087,"roty":5.929943491529002,"rotx":49.74086215993268},"flame2":{"posx":0.9499602979675051,"posy":1.0534446509844693,"posz":1.335547278637606,"roty":5.929943491529002,"rotx":49.74086215993268},"flame3":{"posx":0.8512741338150628,"posy":1.3051384354053686,"posz":0.8462505589584695,"roty":5.929943491529002,"rotx":49.74086215993268},"flame4":{"posx":0.907501267969319,"posy":-0.12170518374041317,"posz":2.4640286017961657,"roty":5.929943491529002,"rotx":49.74086215993268},"saber_hitbox":{"posx":-0.06525044582825729,"posy":-0.7049509231359006,"posz":0.7954558130315008,"roty":5.929943491529002,"rotx":49.74086215993268},"flame5":{"posx":-0.5845343853003293,"posy":0.13784583927211536,"posz":2.0694194173811504,"roty":352.90481181705366,"rotx":54.68982166809458},"flame6":{"posx":-0.5979801262765765,"posy":0.5659563598066113,"posz":1.6994828089503509,"roty":352.90481181705366,"rotx":54.68982166809458},"flame7":{"posx":-0.5802504802020274,"posy":0.9121555737182852,"posz":1.3180948648081552,"roty":352.90481181705366,"rotx":54.68982166809458},"flame8":{"posx":-0.5090942856312943,"posy":1.1965365398157783,"posz":0.8421071946992875,"roty":352.90481181705366,"rotx":54.68982166809458},"flame9":{"posx":-0.5176620958278983,"posy":-0.35208292907656036,"posz":2.3447562998452782,"roty":352.90481181705366,"rotx":54.68982166809458},"short_sword_hitbox":{"posx":0.216863842142429,"posy":-0.7894278779405901,"posz":0.6504235278810658,"roty":352.90481181705366,"rotx":54.68982166809458}}}