# This file was generated by Animated Java via MC-Build. It is not recommended to edit this file directly.
$data merge entity $(bone_saber) {transformation: [-0.7635f,1.1423f,0.053f,-0.3808f,1.0391f,0.6663f,0.6058f,-0.8515f,0.4776f,0.3764f,-1.2332f,0.5294f,0f,0f,0f,1f],start_interpolation: 0,interpolation_duration: 1}
$data merge entity $(bone_right_forearm) {transformation: [-0.5552f,0.0385f,-0.8308f,-0.3854f,0.7557f,0.4406f,-0.4846f,-0.7068f,0.3474f,-0.8969f,-0.2738f,0.2522f,0f,0f,0f,1f],start_interpolation: 0,interpolation_duration: 1}
$data merge entity $(bone_right_arm) {transformation: [-0.9962f,0.0385f,-0.0782f,-0.25f,0.0872f,0.4406f,-0.8935f,-0.5937f,0f,-0.8969f,-0.4423f,0f,0f,0f,0f,1f],start_interpolation: 0,interpolation_duration: 1}
$data merge entity $(bone_short_sword) {transformation: [-0.8318f,-0.816f,-0.0572f,0.3937f,-0.6993f,0.667f,0.6536f,-0.8799f,-0.4245f,0.5003f,-0.9647f,0.4517f,0f,0f,0f,1f],start_interpolation: 0,interpolation_duration: 1}
$data merge entity $(bone_left_forearm) {transformation: [-0.713f,-0.049f,0.6994f,0.3883f,-0.5994f,0.5602f,-0.5717f,-0.7404f,-0.3638f,-0.8269f,-0.4288f,0.2326f,0f,0f,0f,1f],start_interpolation: 0,interpolation_duration: 1}
$data merge entity $(bone_left_arm) {transformation: [-0.9962f,-0.049f,0.0721f,0.25f,-0.0872f,0.5602f,-0.8237f,-0.5937f,0f,-0.8269f,-0.5624f,0f,0f,0f,0f,1f],start_interpolation: 0,interpolation_duration: 1}
data modify entity @s data merge value {"cameras":{},"locators":{"saber_hitbox":{"posx":0.13853105640162128,"posy":-0.5445820436837158,"posz":0.6918214206134284,"roty":2.461084000217852,"rotx":26.14253025906901},"short_sword_hitbox":{"posx":0.08054587964985244,"posy":-0.6184288603542034,"posz":0.6347369031074162,"roty":356.60789401116534,"rotx":34.070604262612534}}}