# This file was generated by Animated Java via MC-Build. It is not recommended to edit this file directly.
$data merge entity $(bone_saber) {transformation: [-0.7635f,1.1423f,0.053f,-0.3808f,1.0391f,0.6663f,0.6058f,-0.8515f,0.4776f,0.3764f,-1.2332f,0.5294f,0f,0f,0f,1f],start_interpolation: 0,interpolation_duration: 1}
$data merge entity $(bone_right_forearm) {transformation: [-0.5552f,0.0385f,-0.8308f,-0.3854f,0.7557f,0.4406f,-0.4846f,-0.7068f,0.3474f,-0.8969f,-0.2738f,0.2522f,0f,0f,0f,1f],start_interpolation: 0,interpolation_duration: 1}
$data merge entity $(bone_right_arm) {transformation: [-0.9962f,0.0385f,-0.0782f,-0.25f,0.0872f,0.4406f,-0.8935f,-0.5937f,0f,-0.8969f,-0.4423f,0f,0f,0f,0f,1f],start_interpolation: 0,interpolation_duration: 1}
$data merge entity $(bone_short_sword) {transformation: [-0.8318f,-0.816f,-0.0572f,0.3937f,-0.6993f,0.667f,0.6536f,-0.8799f,-0.4245f,0.5003f,-0.9647f,0.4517f,0f,0f,0f,1f],start_interpolation: 0,interpolation_duration: 1}
$data merge entity $(bone_left_forearm) {transformation: [-0.713f,-0.049f,0.6994f,0.3883f,-0.5994f,0.5602f,-0.5717f,-0.7404f,-0.3638f,-0.8269f,-0.4288f,0.2326f,0f,0f,0f,1f],start_interpolation: 0,interpolation_duration: 1}
$data merge entity $(bone_left_arm) {transformation: [-0.9962f,-0.049f,0.0721f,0.25f,-0.0872f,0.5602f,-0.8237f,-0.5937f,0f,-0.8269f,-0.5624f,0f,0f,0f,0f,1f],start_interpolation: 0,interpolation_duration: 1}
data modify entity @s data merge value {"cameras":{},"locators":{"flame":{"posx":1.791450202745131,"posy":0.4364007137299786,"posz":1.2447909188075579,"roty":2.461084000217852,"rotx":26.14253025906901},"flame1":{"posx":1.7612086164893472,"posy":0.6539546605638435,"posz":0.7231893211511263,"roty":2.461084000217852,"rotx":26.14253025906901},"flame2":{"posx":1.6766329444122008,"posy":0.8136840240927532,"posz":0.24053158929619334,"roty":2.461084000217852,"rotx":26.14253025906901},"flame3":{"posx":1.4882076006054452,"posy":0.9128399270395169,"posz":-0.2763475036473285,"roty":2.461084000217852,"rotx":26.14253025906901},"flame4":{"posx":1.7178421172713054,"posy":0.15827330631396785,"posz":1.7321711553754007,"roty":2.461084000217852,"rotx":26.14253025906901},"saber_hitbox":{"posx":0.13853105640162128,"posy":-0.5445820436837158,"posz":0.6918214206134284,"roty":2.461084000217852,"rotx":26.14253025906901},"flame5":{"posx":-1.2309204313568776,"posy":0.45359458643694484,"posz":1.438756084858962,"roty":356.60789401116534,"rotx":34.070604262612534},"flame6":{"posx":-1.2147743521727767,"posy":0.732980892922322,"posz":0.9468261143596645,"roty":356.60789401116534,"rotx":34.070604262612534},"flame7":{"posx":-1.1518494554533267,"posy":0.9416197043615042,"posz":0.47977654125838,"roty":356.60789401116534,"rotx":34.070604262612534},"flame8":{"posx":-1.0014934713334278,"posy":1.0787902860146092,"posz":-0.04087431062634106,"roty":356.60789401116534,"rotx":34.070604262612534},"flame9":{"posx":-1.15963542314053,"posy":0.10274005016549093,"posz":1.877084776574823,"roty":356.60789401116534,"rotx":34.070604262612534},"short_sword_hitbox":{"posx":0.08054587964985244,"posy":-0.6184288603542034,"posz":0.6347369031074162,"roty":356.60789401116534,"rotx":34.070604262612534}}}