# This file was generated by Animated Java via MC-Build. It is not recommended to edit this file directly.
$data merge entity $(bone_chest) {transformation: [-1f,0f,0f,0f,0f,0.9989f,-0.0479f,-0.7172f,0f,-0.0479f,-0.9989f,-0.001f,0f,0f,0f,1f],start_interpolation: 0,interpolation_duration: 1}
$data merge entity $(bone_cape) {transformation: [-1f,0f,0f,0.2188f,0f,0.9966f,0.0828f,-0.5926f,0f,0.0828f,-0.9966f,-0.0859f,0f,0f,0f,1f],start_interpolation: 0,interpolation_duration: 1}
$data merge entity $(bone_saber) {transformation: [-1.3513f,-0.1351f,0.2153f,-0.4524f,0.1782f,0.3267f,1.3237f,-1.153f,-0.1812f,1.3288f,-0.3036f,0.1334f,0f,0f,0f,1f],start_interpolation: 0,interpolation_duration: 1}
$data merge entity $(bone_right_forearm) {transformation: [-0.9828f,0.1565f,0.0982f,-0.4179f,0.1296f,0.9627f,-0.2376f,-0.8528f,-0.1318f,-0.2208f,-0.9664f,0.0532f,0f,0f,0f,1f],start_interpolation: 0,interpolation_duration: 1}
$data merge entity $(bone_right_arm) {transformation: [-0.9871f,0.1584f,-0.0235f,-0.25f,0.1601f,0.9758f,-0.1489f,-0.5983f,-0.0007f,-0.1507f,-0.9886f,0.0109f,0f,0f,0f,1f],start_interpolation: 0,interpolation_duration: 1}
$data merge entity $(bone_short_sword) {transformation: [-1.1434f,0.0939f,-0.2118f,0.4629f,-0.1871f,0.2542f,1.1232f,-1.0987f,0.1366f,1.1348f,-0.2341f,0.1126f,0f,0f,0f,1f],start_interpolation: 0,interpolation_duration: 1}
$data merge entity $(bone_left_forearm) {transformation: [-0.9801f,-0.1815f,-0.0805f,0.4149f,-0.1604f,0.9627f,-0.2179f,-0.8511f,0.1171f,-0.2006f,-0.9726f,0.0503f,0f,0f,0f,1f],start_interpolation: 0,interpolation_duration: 1}
$data merge entity $(bone_left_arm) {transformation: [-0.9849f,-0.1708f,0.0299f,0.2438f,-0.1733f,0.9757f,-0.1345f,-0.5983f,-0.0062f,-0.1376f,-0.9905f,0.0109f,0f,0f,0f,1f],start_interpolation: 0,interpolation_duration: 1}
$data merge entity $(bone_torso) {transformation: [-1f,0f,0f,0f,0f,1f,-0.0043f,-0.9516f,0f,-0.0043f,-1f,-0.0031f,0f,0f,0f,1f],start_interpolation: 0,interpolation_duration: 1}
$data merge entity $(bone_right_dress) {transformation: [-0.9763f,-0.2164f,0f,-0.1936f,-0.2164f,0.9763f,0f,-1.1084f,0f,0f,-1f,-0.0078f,0f,0f,0f,1f],start_interpolation: 0,interpolation_duration: 1}
$data merge entity $(bone_left_dress) {transformation: [-0.9807f,0.1953f,-0.0017f,0.1311f,0.1953f,0.9807f,-0.0085f,-1.1084f,0f,-0.0087f,-1f,-0.0078f,0f,0f,0f,1f],start_interpolation: 0,interpolation_duration: 1}
$data merge entity $(bone_lower_right_leg) {transformation: [-0.999f,0.0436f,0f,-0.1414f,0.0436f,0.999f,0f,-1.5918f,0f,0f,-1f,0f,0f,0f,0f,1f],start_interpolation: 0,interpolation_duration: 1}
$data merge entity $(bone_right_leg) {transformation: [-0.999f,0.0436f,0f,-0.125f,0.0436f,0.999f,0f,-1.2172f,0f,0f,-1f,0f,0f,0f,0f,1f],start_interpolation: 0,interpolation_duration: 1}
$data merge entity $(bone_lower_left_leg) {transformation: [-0.999f,-0.0436f,-0.0004f,0.1414f,-0.0436f,0.999f,0.0086f,-1.5918f,0f,0.0087f,-1f,0.0081f,0f,0f,0f,1f],start_interpolation: 0,interpolation_duration: 1}
$data merge entity $(bone_left_leg) {transformation: [-0.999f,-0.0436f,0.0009f,0.125f,-0.0436f,0.9988f,-0.0216f,-1.2172f,0f,-0.0216f,-0.9998f,0f,0f,0f,0f,1f],start_interpolation: 0,interpolation_duration: 1}
$data merge entity $(bone_waist) {transformation: [-1f,0f,0f,0f,0f,1f,0f,-0.8735f,0f,0f,-1f,0f,0f,0f,0f,1f],start_interpolation: 0,interpolation_duration: 1}
$data merge entity $(bone_pony_tail) {transformation: [-1f,0f,0f,0f,0f,0.9978f,0.0656f,-0.4519f,0f,0.0656f,-0.9978f,-0.2318f,0f,0f,0f,1f],start_interpolation: 0,interpolation_duration: 1}
$data merge entity $(bone_head) {transformation: [-1f,0f,0f,0f,0f,0.9978f,0.0656f,-0.4985f,0f,0.0656f,-0.9978f,0f,0f,0f,0f,1f],start_interpolation: 0,interpolation_duration: 1}
data modify entity @s data merge value {"cameras":{},"locators":{"locator":{"posx":-0.724059878856298,"posy":-0.5181213305547133,"posz":2.665611087684238,"roty":35.33687188994327,"rotx":74.29641488680211},"locator2":{"posx":-0.6298635738066066,"posy":0.008532056485430761,"posz":2.481014863361718,"roty":35.33687188994327,"rotx":74.29641488680211},"locator3":{"posx":-0.5393118772329923,"posy":0.4601670727389404,"posz":2.249819702639586,"roty":35.33687188994327,"rotx":74.29641488680211},"locator4":{"posx":-0.4364812149063786,"posy":0.8820996989845362,"posz":1.8978272115336483,"roty":35.33687188994327,"rotx":74.29641488680211},"locator5":{"posx":-0.8059772181529897,"posy":-1.0744771076027706,"posz":2.7294099816229505,"roty":35.33687188994327,"rotx":74.29641488680211},"saber_hitbox":{"posx":-0.5183800714090595,"posy":-0.9805332671141319,"posz":0.7953112699114737,"roty":35.33687188994327,"rotx":74.29641488680211},"locator6":{"posx":0.6479716519033369,"posy":-0.5827053416477506,"posz":2.368996204721859,"roty":317.86081121026314,"rotx":74.30203372496686},"locator7":{"posx":0.5408275920250746,"posy":-0.05480363699482971,"posz":2.1953516232995076,"roty":317.86081121026314,"rotx":74.30203372496686},"locator8":{"posx":0.43999703512961563,"posy":0.3993114280384522,"posz":1.9734559124216953,"roty":317.86081121026314,"rotx":74.30203372496686},"locator9":{"posx":0.3291019716275505,"posy":0.8261908826869682,"posz":1.6299792522395826,"roty":317.86081121026314,"rotx":74.30203372496686},"locator10":{"posx":0.7450512051749931,"posy":-1.1378426566854374,"posz":2.4210598368399103,"roty":317.86081121026314,"rotx":74.30203372496686},"short_sword_hitbox":{"posx":0.5020363061075468,"posy":-0.9776216922268561,"posz":0.6060724398095063,"roty":317.86081121026314,"rotx":74.30203372496686}}}