# This file was generated by Animated Java via MC-Build. It is not recommended to edit this file directly.
$data merge entity $(bone_chest) {transformation: [-1f,0f,0f,0f,0f,0.9986f,-0.0525f,1.2532f,0f,-0.0525f,-0.9986f,-0.0021f,0f,0f,0f,1f],start_interpolation: 0,interpolation_duration: 1}
$data merge entity $(bone_cape) {transformation: [-1f,0f,0f,0.2188f,0f,0.9969f,0.0783f,1.3774f,0f,0.0783f,-0.9969f,-0.0876f,0f,0f,0f,1f],start_interpolation: 0,interpolation_duration: 1}
$data merge entity $(bone_saber) {transformation: [-1.3451f,0.014f,0.2847f,-0.484f,0.2606f,0.6172f,1.2007f,0.8637f,-0.1155f,1.2286f,-0.6065f,0.2554f,0f,0f,0f,1f],start_interpolation: 0,interpolation_duration: 1}
$data merge entity $(bone_right_forearm) {transformation: [-0.9783f,0.207f,-0.0102f,-0.4348f,0.1895f,0.8733f,-0.4489f,1.1349f,-0.084f,-0.4411f,-0.8935f,0.1078f,0f,0f,0f,1f],start_interpolation: 0,interpolation_duration: 1}
$data merge entity $(bone_right_arm) {transformation: [-0.9718f,0.2251f,-0.07f,-0.25f,0.2357f,0.9254f,-0.2969f,1.3657f,-0.0021f,-0.305f,-0.9523f,0.0223f,0f,0f,0f,1f],start_interpolation: 0,interpolation_duration: 1}
$data merge entity $(bone_short_sword) {transformation: [-1.1264f,-0.0069f,-0.304f,0.4954f,-0.2793f,0.4843f,1.024f,0.9141f,0.1202f,1.0614f,-0.4693f,0.2161f,0f,0f,0f,1f],start_interpolation: 0,interpolation_duration: 1}
$data merge entity $(bone_left_forearm) {transformation: [-0.9654f,-0.2605f,0.0059f,0.4279f,-0.2394f,0.8777f,-0.4152f,1.1376f,0.103f,-0.4022f,-0.9097f,0.1023f,0f,0f,0f,1f],start_interpolation: 0,interpolation_duration: 1}
$data merge entity $(bone_left_arm) {transformation: [-0.9649f,-0.2486f,0.0843f,0.2373f,-0.2623f,0.9276f,-0.2662f,1.3657f,-0.012f,-0.279f,-0.9602f,0.0223f,0f,0f,0f,1f],start_interpolation: 0,interpolation_duration: 1}
$data merge entity $(bone_torso) {transformation: [-1f,0f,0f,0f,0f,1f,-0.0089f,1.0188f,0f,-0.0089f,-1f,-0.0031f,0f,0f,0f,1f],start_interpolation: 0,interpolation_duration: 1}
$data merge entity $(bone_right_dress) {transformation: [-0.9763f,-0.2164f,0f,-0.1936f,-0.2164f,0.9763f,0f,0.862f,0f,0f,-1f,-0.0078f,0f,0f,0f,1f],start_interpolation: 0,interpolation_duration: 1}
$data merge entity $(bone_left_dress) {transformation: [-0.9849f,0.1729f,-0.0031f,0.1311f,0.173f,0.9848f,-0.0175f,0.862f,0f,-0.0177f,-0.9998f,-0.0078f,0f,0f,0f,1f],start_interpolation: 0,interpolation_duration: 1}
$data merge entity $(bone_lower_right_leg) {transformation: [-0.999f,0.0436f,0f,-0.1414f,0.0436f,0.999f,0f,0.3785f,0f,0f,-1f,0f,0f,0f,0f,1f],start_interpolation: 0,interpolation_duration: 1}
$data merge entity $(bone_right_leg) {transformation: [-0.999f,0.0436f,0f,-0.125f,0.0436f,0.999f,0f,0.7532f,0f,0f,-1f,0f,0f,0f,0f,1f],start_interpolation: 0,interpolation_duration: 1}
$data merge entity $(bone_lower_left_leg) {transformation: [-0.999f,-0.0436f,-0.0008f,0.1413f,-0.0436f,0.9989f,0.0177f,0.3789f,0f,0.0177f,-0.9998f,0.0166f,0f,0f,0f,1f],start_interpolation: 0,interpolation_duration: 1}
$data merge entity $(bone_left_leg) {transformation: [-0.999f,-0.0436f,0.0019f,0.125f,-0.0436f,0.9981f,-0.0443f,0.7532f,0f,-0.0443f,-0.999f,0f,0f,0f,0f,1f],start_interpolation: 0,interpolation_duration: 1}
$data merge entity $(bone_waist) {transformation: [-1f,0f,0f,0f,0f,1f,0f,1.0969f,0f,0f,-1f,0f,0f,0f,0f,1f],start_interpolation: 0,interpolation_duration: 1}
$data merge entity $(bone_pony_tail) {transformation: [-1f,0f,0f,0f,0f,0.9991f,0.0429f,1.5132f,0f,0.0429f,-0.9991f,-0.2328f,0f,0f,0f,1f],start_interpolation: 0,interpolation_duration: 1}
$data merge entity $(bone_head) {transformation: [-1f,0f,0f,0f,0f,0.9991f,0.0429f,1.4719f,0f,0.0429f,-0.9991f,0f,0f,0f,0f,1f],start_interpolation: 0,interpolation_duration: 1}