# This file was generated by Animated Java via MC-Build. It is not recommended to edit this file directly.
$data merge entity $(bone_chest) {transformation: [-1f,0f,0f,0f,0f,0.992f,-0.1266f,-0.6993f,0f,-0.1266f,-0.992f,-0.0195f,0f,0f,0f,1f],start_interpolation: 0,interpolation_duration: 1}
$data merge entity $(bone_cape) {transformation: [-1f,0f,0f,0.2188f,0f,1f,0.0039f,-0.5818f,0f,0.0039f,-1f,-0.114f,0f,0f,0f,1f],start_interpolation: 0,interpolation_duration: 1}
$data merge entity $(bone_saber) {transformation: [-0.529f,0.6947f,-1.0622f,-0.0519f,1.2691f,0.2807f,-0.4485f,-0.4007f,-0.0097f,-1.1529f,-0.7492f,0.5466f,0f,0f,0f,1f],start_interpolation: 0,interpolation_duration: 1}
$data merge entity $(bone_right_forearm) {transformation: [-0.3847f,-0.7725f,-0.5052f,-0.3039f,0.923f,-0.3262f,-0.2042f,-0.49f,-0.0071f,-0.5449f,0.8385f,0.3844f,0f,0f,0f,1f],start_interpolation: 0,interpolation_duration: 1}
$data merge entity $(bone_right_arm) {transformation: [-0.6332f,-0.0899f,-0.7688f,-0.25f,0.7715f,-0.1537f,-0.6174f,-0.6297f,-0.0627f,-0.984f,0.1666f,0.1155f,0f,0f,0f,1f],start_interpolation: 0,interpolation_duration: 1}
$data merge entity $(bone_short_sword) {transformation: [-0.65f,-0.7394f,0.626f,0.0958f,-0.9677f,0.4596f,-0.462f,-0.4198f,0.0463f,-0.7766f,-0.8694f,0.5853f,0f,0f,0f,1f],start_interpolation: 0,interpolation_duration: 1}
$data merge entity $(bone_left_forearm) {transformation: [-0.5572f,0.5365f,0.6338f,0.2416f,-0.8294f,-0.396f,-0.3939f,-0.5267f,0.0396f,-0.7452f,0.6657f,0.3988f,0f,0f,0f,1f],start_interpolation: 0,interpolation_duration: 1}
$data merge entity $(bone_left_arm) {transformation: [-0.5097f,0.0068f,0.8603f,0.1798f,-0.8602f,0.0161f,-0.5097f,-0.6297f,-0.0173f,-0.9998f,-0.0023f,0.1155f,0f,0f,0f,1f],start_interpolation: 0,interpolation_duration: 1}
$data merge entity $(bone_torso) {transformation: [-1f,0f,0f,0f,0f,0.9965f,-0.0832f,-0.9331f,0f,-0.0832f,-0.9965f,-0.0031f,0f,0f,0f,1f],start_interpolation: 0,interpolation_duration: 1}
$data merge entity $(bone_right_dress) {transformation: [-0.9763f,-0.2164f,0f,-0.1936f,-0.2164f,0.9763f,0f,-1.0899f,0f,0f,-1f,-0.0078f,0f,0f,0f,1f],start_interpolation: 0,interpolation_duration: 1}
$data merge entity $(bone_left_dress) {transformation: [-0.9999f,-0.0106f,0.0017f,0.1311f,-0.0108f,0.996f,-0.0887f,-1.0899f,-0.0008f,-0.0887f,-0.9961f,-0.0078f,0f,0f,0f,1f],start_interpolation: 0,interpolation_duration: 1}
$data merge entity $(bone_lower_right_leg) {transformation: [-0.999f,0.0436f,0f,-0.1414f,0.0436f,0.999f,0f,-1.5734f,0f,0f,-1f,0f,0f,0f,0f,1f],start_interpolation: 0,interpolation_duration: 1}
$data merge entity $(bone_right_leg) {transformation: [-0.999f,0.0436f,0f,-0.125f,0.0436f,0.999f,0f,-1.1988f,0f,0f,-1f,0f,0f,0f,0f,1f],start_interpolation: 0,interpolation_duration: 1}
$data merge entity $(bone_lower_left_leg) {transformation: [-0.999f,-0.0434f,-0.0042f,0.141f,-0.0436f,0.9945f,0.0954f,-1.5646f,0f,0.0955f,-0.9954f,0.0809f,0f,0f,0f,1f],start_interpolation: 0,interpolation_duration: 1}
$data merge entity $(bone_left_leg) {transformation: [-0.999f,-0.0426f,0.0094f,0.125f,-0.0436f,0.9755f,-0.2155f,-1.1988f,0f,-0.2157f,-0.9765f,0f,0f,0f,0f,1f],start_interpolation: 0,interpolation_duration: 1}
$data merge entity $(bone_waist) {transformation: [-1f,0f,0f,0f,0f,1f,0f,-0.855f,0f,0f,-1f,0f,0f,0f,0f,1f],start_interpolation: 0,interpolation_duration: 1}
$data merge entity $(bone_pony_tail) {transformation: [-1f,0f,0f,0f,0f,0.9812f,-0.193f,-0.4946f,0f,-0.193f,-0.9812f,-0.236f,0f,0f,0f,1f],start_interpolation: 0,interpolation_duration: 1}
$data merge entity $(bone_head) {transformation: [-1f,0f,0f,0f,0f,0.9812f,-0.193f,-0.48f,0f,-0.193f,-0.9812f,0f,0f,0f,0f,1f],start_interpolation: 0,interpolation_duration: 1}
data modify entity @s data merge value {"cameras":{},"locators":{"body_hitbox":{"posx":-1.521753168378962e-17,"posy":-0.8384704249476743,"posz":0.12426057614640121,"roty":0,"rotx":-7.274052478134112},"saber_hitbox":{"posx":0.25628355161837935,"posy":-0.2762782540267367,"posz":0.01759898519494496,"roty":305.19693568844855,"rotx":-19.036881770106923},"short_sword_hitbox":{"posx":-0.18196759909916024,"posy":-0.24782970733030713,"posz":0.27995793995829965,"roty":35.75377992218378,"rotx":-23.330244054439625}}}