# This file was generated by Animated Java via MC-Build. It is not recommended to edit this file directly.
$data merge entity $(bone_chest) {transformation: [-1f,0f,0f,0f,0f,0.9903f,-0.139f,-0.6989f,0f,-0.139f,-0.9903f,-0.0224f,0f,0f,0f,1f],start_interpolation: 0,interpolation_duration: 1}
$data merge entity $(bone_cape) {transformation: [-1f,0f,0f,0.2188f,0f,1f,-0.0085f,-0.5825f,0f,-0.0085f,-1f,-0.1184f,0f,0f,0f,1f],start_interpolation: 0,interpolation_duration: 1}
$data merge entity $(bone_saber) {transformation: [-0.5777f,0.7127f,-1.0242f,-0.0678f,1.2476f,0.3155f,-0.4843f,-0.3901f,-0.016f,-1.1328f,-0.7792f,0.5465f,0f,0f,0f,1f],start_interpolation: 0,interpolation_duration: 1}
$data merge entity $(bone_right_forearm) {transformation: [-0.4202f,-0.7449f,-0.5183f,-0.3118f,0.9074f,-0.3522f,-0.2294f,-0.488f,-0.0117f,-0.5667f,0.8238f,0.3773f,0f,0f,0f,1f],start_interpolation: 0,interpolation_duration: 1}
$data merge entity $(bone_right_arm) {transformation: [-0.6551f,-0.0715f,-0.7522f,-0.25f,0.7523f,-0.1537f,-0.6406f,-0.6253f,-0.0698f,-0.9855f,0.1545f,0.1089f,0f,0f,0f,1f],start_interpolation: 0,interpolation_duration: 1}
$data merge entity $(bone_short_sword) {transformation: [-0.6825f,-0.742f,0.5872f,0.1133f,-0.9448f,0.4942f,-0.4736f,-0.4151f,0.0525f,-0.7526f,-0.8899f,0.5827f,0f,0f,0f,1f],start_interpolation: 0,interpolation_duration: 1}
$data merge entity $(bone_left_forearm) {transformation: [-0.585f,0.5034f,0.636f,0.2506f,-0.8098f,-0.406f,-0.4236f,-0.5249f,0.045f,-0.7628f,0.6451f,0.3914f,0f,0f,0f,1f],start_interpolation: 0,interpolation_duration: 1}
$data merge entity $(bone_left_arm) {transformation: [-0.537f,-0.0083f,0.8435f,0.1811f,-0.8435f,0.0179f,-0.5368f,-0.6253f,-0.0106f,-0.9998f,-0.0166f,0.1089f,0f,0f,0f,1f],start_interpolation: 0,interpolation_duration: 1}
$data merge entity $(bone_torso) {transformation: [-1f,0f,0f,0f,0f,0.9954f,-0.0956f,-0.9325f,0f,-0.0956f,-0.9954f,-0.0031f,0f,0f,0f,1f],start_interpolation: 0,interpolation_duration: 1}
$data merge entity $(bone_right_dress) {transformation: [-0.9763f,-0.2164f,0f,-0.1936f,-0.2164f,0.9763f,0f,-1.0893f,0f,0f,-1f,-0.0078f,0f,0f,0f,1f],start_interpolation: 0,interpolation_duration: 1}
$data merge entity $(bone_left_dress) {transformation: [-1f,0f,0.0011f,0.1311f,-0.0001f,0.9965f,-0.0834f,-1.0893f,-0.0011f,-0.0834f,-0.9965f,-0.0078f,0f,0f,0f,1f],start_interpolation: 0,interpolation_duration: 1}
$data merge entity $(bone_lower_right_leg) {transformation: [-0.999f,0.0436f,0f,-0.1414f,0.0436f,0.999f,0f,-1.5728f,0f,0f,-1f,0f,0f,0f,0f,1f],start_interpolation: 0,interpolation_duration: 1}
$data merge entity $(bone_right_leg) {transformation: [-0.999f,0.0436f,0f,-0.125f,0.0436f,0.999f,0f,-1.1981f,0f,0f,-1f,0f,0f,0f,0f,1f],start_interpolation: 0,interpolation_duration: 1}
$data merge entity $(bone_lower_left_leg) {transformation: [-0.999f,-0.0434f,-0.0041f,0.141f,-0.0436f,0.9947f,0.0928f,-1.5651f,0f,0.0929f,-0.9957f,0.0753f,0f,0f,0f,1f],start_interpolation: 0,interpolation_duration: 1}
$data merge entity $(bone_left_leg) {transformation: [-0.999f,-0.0427f,0.0088f,0.125f,-0.0436f,0.9787f,-0.2007f,-1.1981f,0f,-0.2009f,-0.9796f,0f,0f,0f,0f,1f],start_interpolation: 0,interpolation_duration: 1}
$data merge entity $(bone_waist) {transformation: [-1f,0f,0f,0f,0f,1f,0f,-0.8544f,0f,0f,-1f,0f,0f,0f,0f,1f],start_interpolation: 0,interpolation_duration: 1}
$data merge entity $(bone_pony_tail) {transformation: [-1f,0f,0f,0f,0f,0.9793f,-0.2026f,-0.4963f,0f,-0.2026f,-0.9793f,-0.2358f,0f,0f,0f,1f],start_interpolation: 0,interpolation_duration: 1}
$data merge entity $(bone_head) {transformation: [-1f,0f,0f,0f,0f,0.9793f,-0.2026f,-0.4794f,0f,-0.2026f,-0.9793f,0f,0f,0f,0f,1f],start_interpolation: 0,interpolation_duration: 1}
data modify entity @s data merge value {"cameras":{},"locators":{"body_hitbox":{"posx":-1.5071809094409462e-17,"posy":-0.8362519966922612,"posz":0.12307066090323386,"roty":0,"rotx":-7.9883381924198265},"flame":{"posx":1.2789224436935804,"posy":0.2228982355091444,"posz":-1.6213557400853773,"roty":307.26425792398834,"rotx":-20.62188999952791},"flame1":{"posx":0.827546135670348,"posy":0.010446784426209,"posz":-1.8886314581894936,"roty":307.26425792398834,"rotx":-20.62188999952791},"flame2":{"posx":0.39032927752457763,"posy":-0.1943315885743443,"posz":-2.0689984088883056,"roty":307.26425792398834,"rotx":-20.62188999952791},"flame3":{"posx":-0.11167583244640761,"posy":-0.42778871124319645,"posz":-2.146384721878393,"roty":307.26425792398834,"rotx":-20.62188999952791},"flame4":{"posx":1.6655104998915984,"posy":0.40667093692378115,"posz":-1.2510993842725369,"roty":307.26425792398834,"rotx":-20.62188999952791},"saber_hitbox":{"posx":0.24887564100716492,"posy":-0.25013939175655747,"posz":0.026516563247416136,"roty":307.26425792398834,"rotx":-20.62188999952791},"flame5":{"posx":-1.3581555201699353,"posy":0.5641701710240418,"posz":-0.9232243611534248,"roty":33.42061405539417,"rotx":-23.952082180748782},"flame6":{"posx":-1.0352734001247152,"posy":0.30933794955544924,"posz":-1.3119661462196646,"roty":33.42061405539417,"rotx":-23.952082180748782},"flame7":{"posx":-0.704103361931814,"posy":0.05340630736158791,"posz":-1.6127158766056877,"roty":33.42061405539417,"rotx":-23.952082180748782},"flame8":{"posx":-0.2934386470640425,"posy":-0.255470736431476,"posz":-1.83282826558057,"roty":33.42061405539417,"rotx":-23.952082180748782},"flame9":{"posx":-1.601542963540285,"posy":0.7660569908934319,"posz":-0.45384523467604376,"roty":33.42061405539417,"rotx":-23.952082180748782},"short_sword_hitbox":{"posx":-0.16573537004687938,"posy":-0.23001085296399493,"posz":0.2863357600136978,"roty":33.42061405539417,"rotx":-23.952082180748782}}}