# This file was generated by Animated Java via MC-Build. It is not recommended to edit this file directly.
$data merge entity $(bone_chest) {transformation: [-1f,0f,0f,0f,0f,0.9923f,-0.124f,-0.7002f,0f,-0.124f,-0.9923f,-0.0189f,0f,0f,0f,1f],start_interpolation: 0,interpolation_duration: 1}
$data merge entity $(bone_cape) {transformation: [-1f,0f,0f,0.2188f,0f,1f,0.0066f,-0.5824f,0f,0.0066f,-1f,-0.1131f,0f,0f,0f,1f],start_interpolation: 0,interpolation_duration: 1}
$data merge entity $(bone_saber) {transformation: [-0.6245f,0.7868f,-0.9389f,-0.1024f,1.2247f,0.4239f,-0.4594f,-0.4149f,0.0266f,-1.0449f,-0.8933f,0.5762f,0f,0f,0f,1f],start_interpolation: 0,interpolation_duration: 1}
$data merge entity $(bone_right_forearm) {transformation: [-0.4542f,-0.6828f,-0.5722f,-0.3281f,0.8907f,-0.3341f,-0.3083f,-0.5082f,0.0193f,-0.6497f,0.76f,0.381f,0f,0f,0f,1f],start_interpolation: 0,interpolation_duration: 1}
$data merge entity $(bone_right_arm) {transformation: [-0.6676f,-0.0191f,-0.7442f,-0.25f,0.7422f,-0.0953f,-0.6634f,-0.6278f,-0.0582f,-0.9953f,0.0778f,0.1083f,0f,0f,0f,1f],start_interpolation: 0,interpolation_duration: 1}
$data merge entity $(bone_short_sword) {transformation: [-0.7007f,-0.7811f,0.5099f,0.1492f,-0.9316f,0.5534f,-0.4324f,-0.4397f,0.0476f,-0.6669f,-0.9561f,0.5975f,0f,0f,0f,1f],start_interpolation: 0,interpolation_duration: 1}
$data merge entity $(bone_left_forearm) {transformation: [-0.6006f,0.4371f,0.6695f,0.2696f,-0.7985f,-0.3706f,-0.4744f,-0.5408f,0.0408f,-0.8195f,0.5716f,0.3908f,0f,0f,0f,1f],start_interpolation: 0,interpolation_duration: 1}
$data merge entity $(bone_left_arm) {transformation: [-0.5551f,-0.0589f,0.8297f,0.1837f,-0.8316f,0.0604f,-0.5521f,-0.6278f,-0.0176f,-0.9964f,-0.0825f,0.1083f,0f,0f,0f,1f],start_interpolation: 0,interpolation_duration: 1}
$data merge entity $(bone_torso) {transformation: [-1f,0f,0f,0f,0f,0.9967f,-0.0806f,-0.9341f,0f,-0.0806f,-0.9967f,-0.0031f,0f,0f,0f,1f],start_interpolation: 0,interpolation_duration: 1}
$data merge entity $(bone_right_dress) {transformation: [-0.9763f,-0.2164f,0f,-0.1936f,-0.2164f,0.9763f,0f,-1.0909f,0f,0f,-1f,-0.0078f,0f,0f,0f,1f],start_interpolation: 0,interpolation_duration: 1}
$data merge entity $(bone_left_dress) {transformation: [-1f,0.0027f,0.0006f,0.1311f,0.0026f,0.9965f,-0.0834f,-1.0909f,-0.0008f,-0.0834f,-0.9965f,-0.0078f,0f,0f,0f,1f],start_interpolation: 0,interpolation_duration: 1}
$data merge entity $(bone_lower_right_leg) {transformation: [-0.999f,0.0436f,0f,-0.1414f,0.0436f,0.999f,0f,-1.5744f,0f,0f,-1f,0f,0f,0f,0f,1f],start_interpolation: 0,interpolation_duration: 1}
$data merge entity $(bone_right_leg) {transformation: [-0.999f,0.0436f,0f,-0.125f,0.0436f,0.999f,0f,-1.1997f,0f,0f,-1f,0f,0f,0f,0f,1f],start_interpolation: 0,interpolation_duration: 1}
$data merge entity $(bone_lower_left_leg) {transformation: [-0.999f,-0.0434f,-0.0039f,0.141f,-0.0436f,0.995f,0.0901f,-1.5666f,0f,0.0902f,-0.9959f,0.076f,0f,0f,0f,1f],start_interpolation: 0,interpolation_duration: 1}
$data merge entity $(bone_left_leg) {transformation: [-0.999f,-0.0427f,0.0088f,0.125f,-0.0436f,0.9783f,-0.2024f,-1.1997f,0f,-0.2026f,-0.9793f,0f,0f,0f,0f,1f],start_interpolation: 0,interpolation_duration: 1}
$data merge entity $(bone_waist) {transformation: [-1f,0f,0f,0f,0f,1f,0f,-0.856f,0f,0f,-1f,0f,0f,0f,0f,1f],start_interpolation: 0,interpolation_duration: 1}
$data merge entity $(bone_pony_tail) {transformation: [-1f,0f,0f,0f,0f,0.9837f,-0.1799f,-0.4924f,0f,-0.1799f,-0.9837f,-0.2362f,0f,0f,0f,1f],start_interpolation: 0,interpolation_duration: 1}
$data merge entity $(bone_head) {transformation: [-1f,0f,0f,0f,0f,0.9837f,-0.1799f,-0.481f,0f,-0.1799f,-0.9837f,0f,0f,0f,0f,1f],start_interpolation: 0,interpolation_duration: 1}
data modify entity @s data merge value {"cameras":{},"locators":{"locator":{"posx":1.3858987479680946,"posy":0.40491953829256333,"posz":-1.424291222350003,"roty":313.57475514748285,"rotx":-19.517382674215945},"locator2":{"posx":0.9660327811174128,"posy":0.19772560324819832,"posz":-1.7422467902543461,"roty":313.57475514748285,"rotx":-19.517382674215945},"locator3":{"posx":0.5530804714597608,"posy":-0.007854249928221979,"posz":-1.9720995994962003,"roty":313.57475514748285,"rotx":-19.517382674215945},"locator4":{"posx":0.06859955137942642,"posy":-0.25196754275121513,"posz":-2.1069585567264424,"roty":313.57475514748285,"rotx":-19.517382674215945},"locator5":{"posx":1.734236104396094,"posy":0.5735800336903555,"posz":-1.0113418024340475,"roty":313.57475514748285,"rotx":-19.517382674215945},"saber_hitbox":{"posx":0.2843017467919489,"posy":-0.20626602188888804,"posz":0.047811575911860915,"roty":313.57475514748285,"rotx":-19.517382674215945},"locator6":{"posx":-1.4008703954395505,"posy":0.657941606332143,"posz":-0.7383071807647054,"roty":28.07276093787908,"rotx":-21.754407789551436},"locator7":{"posx":-1.113169939006536,"posy":0.41981533401080157,"posz":-1.1635563145657954,"roty":28.07276093787908,"rotx":-21.754407789551436},"locator8":{"posx":-0.8109423705706923,"posy":0.17520584570636205,"posz":-1.5018604604298358,"roty":28.07276093787908,"rotx":-21.754407789551436},"locator9":{"posx":-0.42502590924315364,"posy":-0.12869868583192262,"posz":-1.7687134547674037,"roty":28.07276093787908,"rotx":-21.754407789551436},"locator10":{"posx":-1.6048819589808703,"posy":0.8367728354196395,"posz":-0.24160689543714342,"roty":28.07276093787908,"rotx":-21.754407789551436},"short_sword_hitbox":{"posx":-0.18738144850997204,"posy":-0.2018365205586088,"posz":0.2977345163691376,"roty":28.07276093787908,"rotx":-21.754407789551436}}}
execute on vehicle unless entity @s[tag=aj.transforms_only] at @s run function animated_java:mage_hunter/animations/cross_slash/zzz/frames/13_root_commands