# This file was generated by Animated Java via MC-Build. It is not recommended to edit this file directly.
$data merge entity $(bone_chest) {transformation: [-1f,0f,0f,0f,0f,0.9659f,0.2588f,-0.7462f,0f,0.2588f,-0.9659f,0.0703f,0f,0f,0f,1f],start_interpolation: 0,interpolation_duration: 1}
$data merge entity $(bone_cape) {transformation: [-1f,0f,0f,0.2188f,0f,0.9239f,0.3827f,-0.6016f,0f,0.3827f,-0.9239f,0.0275f,0f,0f,0f,1f],start_interpolation: 0,interpolation_duration: 1}
$data merge entity $(bone_saber) {transformation: [-1.0045f,0.7292f,0.5915f,-0.6281f,0.8732f,0.4069f,0.9811f,-1.0538f,0.3452f,1.0924f,-0.7603f,0.4386f,0f,0f,0f,1f],start_interpolation: 0,interpolation_duration: 1}
$data merge entity $(bone_right_forearm) {transformation: [-0.7305f,0.4302f,-0.5303f,-0.5103f,0.635f,0.7135f,-0.296f,-0.824f,0.2511f,-0.553f,-0.7945f,0.2623f,0f,0f,0f,1f],start_interpolation: 0,interpolation_duration: 1}
$data merge entity $(bone_right_arm) {transformation: [-0.7047f,0.6124f,-0.3584f,-0.25f,0.6815f,0.7247f,-0.1018f,-0.7053f,0.1974f,-0.316f,-0.928f,0.1487f,0f,0f,0f,1f],start_interpolation: 0,interpolation_duration: 1}
$data merge entity $(bone_short_sword) {transformation: [-0.7252f,-0.6441f,-0.6483f,0.6248f,-0.9066f,0.4031f,0.6137f,-0.9269f,-0.1149f,0.8853f,-0.7511f,0.4473f,0f,0f,0f,1f],start_interpolation: 0,interpolation_duration: 1}
$data merge entity $(bone_left_forearm) {transformation: [-0.6216f,-0.5557f,0.5521f,0.4864f,-0.7771f,0.5261f,-0.3455f,-0.7939f,-0.0985f,-0.6438f,-0.7588f,0.2723f,0f,0f,0f,1f],start_interpolation: 0,interpolation_duration: 1}
$data merge entity $(bone_left_arm) {transformation: [-0.6355f,-0.6691f,0.3853f,0.2188f,-0.7521f,0.6493f,-0.1131f,-0.7053f,-0.1745f,-0.3617f,-0.9158f,0.1487f,0f,0f,0f,1f],start_interpolation: 0,interpolation_duration: 1}
$data merge entity $(bone_torso) {transformation: [-1f,0f,0f,0f,0f,0.9537f,0.3007f,-0.9687f,0f,0.3007f,-0.9537f,-0.0031f,0f,0f,0f,1f],start_interpolation: 0,interpolation_duration: 1}
$data merge entity $(bone_right_dress) {transformation: [-0.9881f,-0.1503f,-0.031f,-0.1936f,-0.1531f,0.9801f,0.1266f,-1.1255f,0.0113f,0.1298f,-0.9915f,-0.0078f,0f,0f,0f,1f],start_interpolation: 0,interpolation_duration: 1}
$data merge entity $(bone_left_dress) {transformation: [-0.999f,-0.0436f,-0.0019f,0.1311f,-0.043f,0.9905f,-0.1304f,-1.1255f,0.0076f,-0.1302f,-0.9915f,-0.0078f,0f,0f,0f,1f],start_interpolation: 0,interpolation_duration: 1}
$data merge entity $(bone_lower_right_leg) {transformation: [-0.999f,0.0395f,0.0184f,-0.1406f,0.0436f,0.9054f,0.4222f,-1.5917f,0f,0.4226f,-0.9063f,-0.1128f,0f,0f,0f,1f],start_interpolation: 0,interpolation_duration: 1}
$data merge entity $(bone_right_leg) {transformation: [-0.999f,0.0416f,0.0131f,-0.125f,0.0436f,0.9528f,0.3004f,-1.2344f,0f,0.3007f,-0.9537f,0f,0f,0f,0f,1f],start_interpolation: 0,interpolation_duration: 1}
$data merge entity $(bone_lower_left_leg) {transformation: [-0.999f,-0.0435f,-0.0029f,0.1402f,-0.0436f,0.9969f,0.0653f,-1.5835f,0f,0.0654f,-0.9979f,0.1359f,0f,0f,0f,1f],start_interpolation: 0,interpolation_duration: 1}
$data merge entity $(bone_left_leg) {transformation: [-0.999f,-0.0407f,0.0158f,0.125f,-0.0436f,0.9311f,-0.3621f,-1.2344f,0f,-0.3624f,-0.932f,0f,0f,0f,0f,1f],start_interpolation: 0,interpolation_duration: 1}
$data merge entity $(bone_waist) {transformation: [-1f,0f,0f,0f,0f,1f,0f,-0.8906f,0f,0f,-1f,0f,0f,0f,0f,1f],start_interpolation: 0,interpolation_duration: 1}
$data merge entity $(bone_pony_tail) {transformation: [-1f,0f,0f,0f,0f,0.9469f,0.3214f,-0.4654f,0f,0.3214f,-0.9469f,-0.0869f,0f,0f,0f,1f],start_interpolation: 0,interpolation_duration: 1}
$data merge entity $(bone_head) {transformation: [-1f,0f,0f,0f,0f,0.9469f,0.3214f,-0.5703f,0f,0.3214f,-0.9469f,0.125f,0f,0f,0f,1f],start_interpolation: 0,interpolation_duration: 1}
execute on vehicle unless entity @s[tag=aj.transforms_only] positioned ^0 ^-0.9294405863 ^0.1506335397 rotated ~0 ~15 run function animated_java:mage_hunter/animations/cross_slash/zzz/frames/16_locator_commands
execute on vehicle unless entity @s[tag=aj.transforms_only] positioned ^-0.292744643 ^-0.8621099217 ^0.929522587 rotated ~37.8820402775 ~45.5234417123 run function animated_java:mage_hunter/animations/cross_slash/zzz/frames/16_locator_commands
execute on vehicle unless entity @s[tag=aj.transforms_only] positioned ^0.3722336774 ^-0.7669596542 ^0.7798024156 rotated ~319.201258749 ~31.7396287138 run function animated_java:mage_hunter/animations/cross_slash/zzz/frames/16_locator_commands
data modify entity @s data merge value {"cameras":{},"locators":{"body_hitbox":{"posx":-1.8447288226082354e-17,"posy":-0.9294405862873172,"posz":0.15063353971876692,"roty":0,"rotx":15.00000000000002},"saber_hitbox":{"posx":-0.29274464295930747,"posy":-0.8621099216615784,"posz":0.9295225869593855,"roty":37.88204027748904,"rotx":45.52344171233544},"short_sword_hitbox":{"posx":0.3722336774033701,"posy":-0.7669596541909068,"posz":0.7798024156401068,"roty":319.2012587489577,"rotx":31.739628713762603}}}
execute on vehicle unless entity @s[tag=aj.transforms_only] at @s run function animated_java:mage_hunter/animations/cross_slash/zzz/frames/16_root_commands