# This file was generated by Animated Java via MC-Build. It is not recommended to edit this file directly.
$data merge entity $(bone_chest) {transformation: [-1f,0f,0f,0f,0f,0.9195f,0.3931f,-0.7716f,0f,0.3931f,-0.9195f,0.1011f,0f,0f,0f,1f],start_interpolation: 0,interpolation_duration: 1}
$data merge entity $(bone_cape) {transformation: [-1f,0f,0f,0.2187f,0f,0.8603f,0.5098f,-0.6223f,0f,0.5098f,-0.8603f,0.0792f,0f,0f,0f,1f],start_interpolation: 0,interpolation_duration: 1}
$data merge entity $(bone_saber) {transformation: [-1.0403f,0.1896f,0.8789f,-0.7203f,0.8415f,-0.2684f,1.0538f,-1.1004f,0.3168f,1.3352f,0.087f,0.1383f,0f,0f,0f,1f],start_interpolation: 0,interpolation_duration: 1}
$data merge entity $(bone_right_forearm) {transformation: [-0.7566f,0.6392f,-0.1379f,-0.5339f,0.612f,0.7664f,0.1952f,-0.8498f,0.2304f,0.0633f,-0.971f,0.1524f,0f,0f,0f,1f],start_interpolation: 0,interpolation_duration: 1}
$data merge entity $(bone_right_arm) {transformation: [-0.7161f,0.6911f,-0.0974f,-0.25f,0.639f,0.7054f,0.3068f,-0.7312f,0.2808f,0.1574f,-0.9468f,0.1616f,0f,0f,0f,1f],start_interpolation: 0,interpolation_duration: 1}
$data merge entity $(bone_short_sword) {transformation: [-0.7276f,-0.2603f,-0.874f,0.7151f,-0.8921f,-0.0292f,0.7513f,-0.9963f,-0.1895f,1.1369f,-0.1809f,0.2276f,0f,0f,0f,1f],start_interpolation: 0,interpolation_duration: 1}
$data merge entity $(bone_left_forearm) {transformation: [-0.6237f,-0.7492f,0.2231f,0.5229f,-0.7646f,0.644f,0.025f,-0.8289f,-0.1624f,-0.155f,-0.9745f,0.1772f,0f,0f,0f,1f],start_interpolation: 0,interpolation_duration: 1}
$data merge entity $(bone_left_arm) {transformation: [-0.6581f,-0.7438f,0.1167f,0.2315f,-0.7198f,0.6671f,0.1922f,-0.7312f,-0.2208f,0.0424f,-0.9744f,0.1616f,0f,0f,0f,1f],start_interpolation: 0,interpolation_duration: 1}
$data merge entity $(bone_torso) {transformation: [-1f,0f,0f,0f,0f,0.9015f,0.4328f,-0.9815f,0f,0.4328f,-0.9015f,-0.0031f,0f,0f,0f,1f],start_interpolation: 0,interpolation_duration: 1}
$data merge entity $(bone_right_dress) {transformation: [-0.9918f,-0.1221f,-0.0387f,-0.1936f,-0.1271f,0.9757f,0.1787f,-1.1383f,0.016f,0.1822f,-0.9831f,-0.0078f,0f,0f,0f,1f],start_interpolation: 0,interpolation_duration: 1}
$data merge entity $(bone_left_dress) {transformation: [-0.9981f,-0.0614f,-0.0016f,0.1311f,-0.0604f,0.9871f,-0.148f,-1.1383f,0.0107f,-0.1477f,-0.989f,-0.0078f,0f,0f,0f,1f],start_interpolation: 0,interpolation_duration: 1}
$data merge entity $(bone_lower_right_leg) {transformation: [-0.999f,0.0356f,0.0251f,-0.1399f,0.0436f,0.8165f,0.5757f,-1.5877f,0f,0.5762f,-0.8173f,-0.1563f,0f,0f,0f,1f],start_interpolation: 0,interpolation_duration: 1}
$data merge entity $(bone_right_leg) {transformation: [-0.999f,0.0397f,0.0182f,-0.125f,0.0436f,0.9082f,0.4164f,-1.2471f,0f,0.4168f,-0.909f,0f,0f,0f,0f,1f],start_interpolation: 0,interpolation_duration: 1}
$data merge entity $(bone_lower_left_leg) {transformation: [-0.999f,-0.0435f,-0.0025f,0.1398f,-0.0436f,0.9975f,0.0565f,-1.5872f,0f,0.0565f,-0.9984f,0.1574f,0f,0f,0f,1f],start_interpolation: 0,interpolation_duration: 1}
$data merge entity $(bone_left_leg) {transformation: [-0.999f,-0.0396f,0.0183f,0.125f,-0.0436f,0.9068f,-0.4193f,-1.2471f,0f,-0.4197f,-0.9077f,0f,0f,0f,0f,1f],start_interpolation: 0,interpolation_duration: 1}
$data merge entity $(bone_waist) {transformation: [-1f,0f,0f,0f,0f,1f,0f,-0.9034f,0f,0f,-1f,0f,0f,0f,0f,1f],start_interpolation: 0,interpolation_duration: 1}
$data merge entity $(bone_pony_tail) {transformation: [-1f,0f,0f,0f,0f,0.8708f,0.4916f,-0.4629f,0f,0.4916f,-0.8708f,-0.0128f,0f,0f,0f,1f],start_interpolation: 0,interpolation_duration: 1}
$data merge entity $(bone_head) {transformation: [-1f,0f,0f,0f,0f,0.8708f,0.4916f,-0.6053f,0f,0.4916f,-0.8708f,0.1759f,0f,0f,0f,1f],start_interpolation: 0,interpolation_duration: 1}
execute on vehicle unless entity @s[tag=aj.transforms_only] positioned ^-0.364167927 ^-1.5957974762 ^2.6911246142 rotated ~95.6557677212 ~50.0337966018 run function animated_java:mage_hunter/animations/cross_slash/zzz/frames/16_locator_commands
execute on vehicle unless entity @s[tag=aj.transforms_only] positioned ^-0.0132291422 ^-1.1524856297 ^2.6660432259 rotated ~95.6557677212 ~50.0337966018 run function animated_java:mage_hunter/animations/cross_slash/zzz/frames/16_locator_commands
execute on vehicle unless entity @s[tag=aj.transforms_only] positioned ^0.2891429811 ^-0.7448766028 ^2.5763159712 rotated ~95.6557677212 ~50.0337966018 run function animated_java:mage_hunter/animations/cross_slash/zzz/frames/16_locator_commands
execute on vehicle unless entity @s[tag=aj.transforms_only] positioned ^0.5742828705 ^-0.3128702818 ^2.3652098791 rotated ~95.6557677212 ~50.0337966018 run function animated_java:mage_hunter/animations/cross_slash/zzz/frames/16_locator_commands
execute on vehicle unless entity @s[tag=aj.transforms_only] positioned ^-0.7323389457 ^-2.0147120287 ^2.594827165 rotated ~95.6557677212 ~50.0337966018 run function animated_java:mage_hunter/animations/cross_slash/zzz/frames/16_locator_commands
execute on vehicle unless entity @s[tag=aj.transforms_only] positioned ^-0.6194460498 ^-1.2272013633 ^0.8061523661 rotated ~95.6557677212 ~50.0337966018 run function animated_java:mage_hunter/animations/cross_slash/zzz/frames/16_locator_commands
execute on vehicle unless entity @s[tag=aj.transforms_only] positioned ^0.1891428004 ^-1.0476125941 ^2.4887815095 rotated ~281.6909972906 ~40.0899431701 run function animated_java:mage_hunter/animations/cross_slash/zzz/frames/16_locator_commands
execute on vehicle unless entity @s[tag=aj.transforms_only] positioned ^-0.2183161973 ^-0.6838064715 ^2.3406775922 rotated ~281.6909972906 ~40.0899431701 run function animated_java:mage_hunter/animations/cross_slash/zzz/frames/16_locator_commands
execute on vehicle unless entity @s[tag=aj.transforms_only] positioned ^-0.5650069737 ^-0.3586875744 ^2.1413582295 rotated ~281.6909972906 ~40.0899431701 run function animated_java:mage_hunter/animations/cross_slash/zzz/frames/16_locator_commands
execute on vehicle unless entity @s[tag=aj.transforms_only] positioned ^-0.8838067511 ^-0.0304444587 ^1.8202302816 rotated ~281.6909972906 ~40.0899431701 run function animated_java:mage_hunter/animations/cross_slash/zzz/frames/16_locator_commands
execute on vehicle unless entity @s[tag=aj.transforms_only] positioned ^0.624492797 ^-1.4082944983 ^2.5150768415 rotated ~281.6909972906 ~40.0899431701 run function animated_java:mage_hunter/animations/cross_slash/zzz/frames/16_locator_commands
execute on vehicle unless entity @s[tag=aj.transforms_only] positioned ^0.5935622844 ^-1.0023114256 ^0.7225570234 rotated ~281.6909972906 ~40.0899431701 run function animated_java:mage_hunter/animations/cross_slash/zzz/frames/16_locator_commands
data modify entity @s data merge value {"cameras":{},"locators":{"locator":{"posx":-0.36416792701393674,"posy":-1.5957974762217673,"posz":2.691124614177463,"roty":95.6557677211567,"rotx":50.033796601799466},"locator2":{"posx":-0.013229142187907272,"posy":-1.1524856296970947,"posz":2.666043225944052,"roty":95.6557677211567,"rotx":50.033796601799466},"locator3":{"posx":0.28914298107346503,"posy":-0.744876602772639,"posz":2.5763159711988646,"roty":95.6557677211567,"rotx":50.033796601799466},"locator4":{"posx":0.5742828704836601,"posy":-0.31287028182363885,"posz":2.3652098790857967,"roty":95.6557677211567,"rotx":50.033796601799466},"locator5":{"posx":-0.7323389456911431,"posy":-2.0147120287218954,"posz":2.594827165042994,"roty":95.6557677211567,"rotx":50.033796601799466},"saber_hitbox":{"posx":-0.6194460498140025,"posy":-1.2272013632939571,"posz":0.8061523660583605,"roty":95.6557677211567,"rotx":50.033796601799466},"locator6":{"posx":0.1891428003968344,"posy":-1.047612594121821,"posz":2.488781509467343,"roty":281.6909972906215,"rotx":40.08994317007332},"locator7":{"posx":-0.21831619730434637,"posy":-0.6838064714550272,"posz":2.3406775922250804,"roty":281.6909972906215,"rotx":40.08994317007332},"locator8":{"posx":-0.5650069736528598,"posy":-0.35868757435141296,"posz":2.1413582295404816,"roty":281.6909972906215,"rotx":40.08994317007332},"locator9":{"posx":-0.8838067511068084,"posy":-0.030444458728163593,"posz":1.820230281611225,"roty":281.6909972906215,"rotx":40.08994317007332},"locator10":{"posx":0.6244927969925799,"posy":-1.4082944982689798,"posz":2.515076841464949,"roty":281.6909972906215,"rotx":40.08994317007332},"short_sword_hitbox":{"posx":0.5935622843680245,"posy":-1.0023114255871108,"posz":0.7225570234198117,"roty":281.6909972906215,"rotx":40.08994317007332}}}
execute on vehicle unless entity @s[tag=aj.transforms_only] at @s run function animated_java:mage_hunter/animations/cross_slash/zzz/frames/16_root_commands