# This file was generated by Animated Java via MC-Build. It is not recommended to edit this file directly.
$data merge entity $(bone_chest) {transformation: [-1f,0f,0f,0f,0f,0.7863f,0.6179f,-0.829f,0f,0.6179f,-0.7863f,0.152f,0f,0f,0f,1f],start_interpolation: 0,interpolation_duration: 1}
$data merge entity $(bone_cape) {transformation: [-1f,0f,0f,0.2187f,0f,0.6989f,0.7152f,-0.6792f,0f,0.7152f,-0.6989f,0.1694f,0f,0f,0f,1f],start_interpolation: 0,interpolation_duration: 1}
$data merge entity $(bone_saber) {transformation: [-0.9217f,-0.8162f,0.6124f,-0.6389f,0.9309f,-1.0105f,0.0544f,-0.7864f,0.4178f,0.451f,1.2299f,-0.2664f,0f,0f,0f,1f],start_interpolation: 0,interpolation_duration: 1}
$data merge entity $(bone_right_forearm) {transformation: [-0.6703f,0.4454f,0.5936f,-0.5047f,0.677f,0.0395f,0.7349f,-0.7565f,0.3038f,0.8945f,-0.328f,0.0144f,0f,0f,0f,1f],start_interpolation: 0,interpolation_duration: 1}
$data merge entity $(bone_right_arm) {transformation: [-0.7286f,0.5818f,0.3615f,-0.25f,0.5423f,0.1677f,0.8233f,-0.7771f,0.4183f,0.7959f,-0.4377f,0.186f,0f,0f,0f,1f],start_interpolation: 0,interpolation_duration: 1}
$data merge entity $(bone_short_sword) {transformation: [-0.7285f,0.4968f,-0.7639f,0.6932f,-0.8438f,-0.737f,0.3253f,-0.8697f,-0.3441f,0.7557f,0.8196f,-0.1459f,0f,0f,0f,1f],start_interpolation: 0,interpolation_duration: 1}
$data merge entity $(bone_left_forearm) {transformation: [-0.6244f,-0.6548f,-0.4259f,0.5188f,-0.7233f,0.2788f,0.6317f,-0.7907f,-0.2949f,0.7025f,-0.6477f,0.0297f,0f,0f,0f,1f],start_interpolation: 0,interpolation_duration: 1}
$data merge entity $(bone_left_arm) {transformation: [-0.6825f,-0.6382f,-0.3562f,0.254f,-0.667f,0.3448f,0.6605f,-0.7771f,-0.2987f,0.6884f,-0.661f,0.186f,0f,0f,0f,1f],start_interpolation: 0,interpolation_duration: 1}
$data merge entity $(bone_torso) {transformation: [-1f,0f,0f,0f,0f,0.7586f,0.6516f,-1.0047f,0f,0.6516f,-0.7586f,-0.0031f,0f,0f,0f,1f],start_interpolation: 0,interpolation_duration: 1}
$data merge entity $(bone_right_dress) {transformation: [-0.9966f,-0.069f,-0.0453f,-0.1936f,-0.0788f,0.9583f,0.2748f,-1.1615f,0.0245f,0.2774f,-0.9604f,-0.0078f,0f,0f,0f,1f],start_interpolation: 0,interpolation_duration: 1}
$data merge entity $(bone_left_dress) {transformation: [-0.9952f,-0.0975f,0.0014f,0.1311f,-0.0962f,0.9786f,-0.1819f,-1.1615f,0.0163f,-0.1812f,-0.9833f,-0.0078f,0f,0f,0f,1f],start_interpolation: 0,interpolation_duration: 1}
$data merge entity $(bone_lower_right_leg) {transformation: [-0.999f,0.0256f,0.0353f,-0.1379f,0.0436f,0.5872f,0.8082f,-1.5664f,0f,0.809f,-0.5878f,-0.2298f,0f,0f,0f,1f],start_interpolation: 0,interpolation_duration: 1}
$data merge entity $(bone_right_leg) {transformation: [-0.999f,0.0345f,0.0267f,-0.125f,0.0436f,0.7894f,0.6123f,-1.2704f,0f,0.6129f,-0.7902f,0f,0f,0f,0f,1f],start_interpolation: 0,interpolation_duration: 1}
$data merge entity $(bone_lower_left_leg) {transformation: [-0.999f,-0.0436f,-0.0018f,0.1389f,-0.0436f,0.9982f,0.0415f,-1.5895f,0f,0.0415f,-0.9991f,0.1965f,0f,0f,0f,1f],start_interpolation: 0,interpolation_duration: 1}
$data merge entity $(bone_left_leg) {transformation: [-0.999f,-0.0372f,0.0229f,0.125f,-0.0436f,0.8509f,-0.5235f,-1.2704f,0f,-0.524f,-0.8517f,0f,0f,0f,0f,1f],start_interpolation: 0,interpolation_duration: 1}
$data merge entity $(bone_waist) {transformation: [-1f,0f,0f,0f,0f,1f,0f,-0.9266f,0f,0f,-1f,0f,0f,0f,0f,1f],start_interpolation: 0,interpolation_duration: 1}
$data merge entity $(bone_pony_tail) {transformation: [-1f,0f,0f,0f,0f,0.6561f,0.7547f,-0.4724f,0f,0.7547f,-0.6561f,0.1398f,0f,0f,0f,1f],start_interpolation: 0,interpolation_duration: 1}
$data merge entity $(bone_head) {transformation: [-1f,0f,0f,0f,0f,0.6561f,0.7547f,-0.6698f,0f,0.7547f,-0.6561f,0.27f,0f,0f,0f,1f],start_interpolation: 0,interpolation_duration: 1}
execute on vehicle unless entity @s[tag=aj.transforms_only] positioned ^-2.2030359946 ^-2.7043283225 ^0.6078293768 rotated ~153.5314005557 ~2.2660935272 run function animated_java:mage_hunter/animations/cross_slash/zzz/frames/18_locator_commands
execute on vehicle unless entity @s[tag=aj.transforms_only] positioned ^-1.9154235606 ^-2.6361556872 ^1.0904721843 rotated ~153.5314005557 ~2.2660935272 run function animated_java:mage_hunter/animations/cross_slash/zzz/frames/18_locator_commands
execute on vehicle unless entity @s[tag=aj.transforms_only] positioned ^-1.618547897 ^-2.5245232182 ^1.4967086083 rotated ~153.5314005557 ~2.2660935272 run function animated_java:mage_hunter/animations/cross_slash/zzz/frames/18_locator_commands
execute on vehicle unless entity @s[tag=aj.transforms_only] positioned ^-1.2474759331 ^-2.3210285216 ^1.8619421036 rotated ~153.5314005557 ~2.2660935272 run function animated_java:mage_hunter/animations/cross_slash/zzz/frames/18_locator_commands
execute on vehicle unless entity @s[tag=aj.transforms_only] positioned ^-2.4164521282 ^-2.6806387302 ^0.0841836405 rotated ~153.5314005557 ~2.2660935272 run function animated_java:mage_hunter/animations/cross_slash/zzz/frames/18_locator_commands
execute on vehicle unless entity @s[tag=aj.transforms_only] positioned ^1.6752698942 ^-2.3336963052 ^1.3654649007 rotated ~222.987923951 ~16.1907362704 run function animated_java:mage_hunter/animations/cross_slash/zzz/frames/18_locator_commands
execute on vehicle unless entity @s[tag=aj.transforms_only] positioned ^1.2803271391 ^-2.1373674359 ^1.7201305112 rotated ~222.987923951 ~16.1907362704 run function animated_java:mage_hunter/animations/cross_slash/zzz/frames/18_locator_commands
execute on vehicle unless entity @s[tag=aj.transforms_only] positioned ^0.899692521 ^-1.9189820972 ^1.9904083893 rotated ~222.987923951 ~16.1907362704 run function animated_java:mage_hunter/animations/cross_slash/zzz/frames/18_locator_commands
execute on vehicle unless entity @s[tag=aj.transforms_only] positioned ^0.4658239989 ^-1.6216293396 ^2.1797214713 rotated ~222.987923951 ~16.1907362704 run function animated_java:mage_hunter/animations/cross_slash/zzz/frames/18_locator_commands
execute on vehicle unless entity @s[tag=aj.transforms_only] positioned ^2.0169787453 ^-2.4510577555 ^0.9298344942 rotated ~222.987923951 ~16.1907362704 run function animated_java:mage_hunter/animations/cross_slash/zzz/frames/18_locator_commands
data modify entity @s data merge value {"cameras":{},"locators":{"locator":{"posx":-2.203035994557876,"posy":-2.7043283224821475,"posz":0.6078293767942149,"roty":153.53140055566362,"rotx":2.266093527198282},"locator2":{"posx":-1.9154235606212269,"posy":-2.6361556871597442,"posz":1.090472184301211,"roty":153.53140055566362,"rotx":2.266093527198282},"locator3":{"posx":-1.6185478969811227,"posy":-2.524523218197646,"posz":1.4967086083348937,"roty":153.53140055566362,"rotx":2.266093527198282},"locator4":{"posx":-1.2474759330874687,"posy":-2.321028521619617,"posz":1.8619421036180108,"roty":153.53140055566362,"rotx":2.266093527198282},"locator5":{"posx":-2.4164521282409748,"posy":-2.680638730188619,"posz":0.08418364053665317,"roty":153.53140055566362,"rotx":2.266093527198282},"saber_hitbox":{"posx":-1.0425195803724645,"posy":-1.2910422972790991,"posz":-0.03246325473999545,"roty":153.53140055566362,"rotx":2.266093527198282},"locator6":{"posx":1.6752698942409678,"posy":-2.333696305184886,"posz":1.3654649007311954,"roty":222.98792395101805,"rotx":16.190736270375098},"locator7":{"posx":1.280327139052411,"posy":-2.1373674359430734,"posz":1.7201305111677065,"roty":222.98792395101805,"rotx":16.190736270375098},"locator8":{"posx":0.899692521037126,"posy":-1.9189820972280778,"posz":1.9904083892907505,"roty":222.98792395101805,"rotx":16.190736270375098},"locator9":{"posx":0.46582399889601955,"posy":-1.6216293396129908,"posz":2.1797214713368556,"roty":222.98792395101805,"rotx":16.190736270375098},"locator10":{"posx":2.016978745303703,"posy":-2.451057755526607,"posz":0.929834494217746,"roty":222.98792395101805,"rotx":16.190736270375098},"short_sword_hitbox":{"posx":0.9033782844165524,"posy":-1.1886687311335562,"posz":0.1914753576155854,"roty":222.98792395101805,"rotx":16.190736270375098}}}
execute on vehicle unless entity @s[tag=aj.transforms_only] at @s run function animated_java:mage_hunter/animations/cross_slash/zzz/frames/18_root_commands