# This file was generated by Animated Java via MC-Build. It is not recommended to edit this file directly.
$data merge entity $(bone_chest) {transformation: [-1f,0f,0f,0f,0f,0.9979f,-0.0654f,-0.7109f,0f,-0.0654f,-0.9979f,-0.0051f,0f,0f,0f,1f],start_interpolation: 0,interpolation_duration: 1}
$data merge entity $(bone_cape) {transformation: [-1f,0f,0f,0.2188f,0f,0.9979f,0.0654f,-0.5878f,0f,0.0654f,-0.9979f,-0.0922f,0f,0f,0f,1f],start_interpolation: 0,interpolation_duration: 1}
$data merge entity $(bone_saber) {transformation: [-1.2412f,0.5547f,0.2058f,-0.4826f,0.5887f,1.1098f,0.559f,-0.8682f,0.0594f,0.5927f,-1.2393f,0.5329f,0f,0f,0f,1f],start_interpolation: 0,interpolation_duration: 1}
$data merge entity $(bone_right_forearm) {transformation: [-0.9027f,0.1497f,-0.4035f,-0.4538f,0.4281f,0.4065f,-0.8071f,-0.7423f,0.0432f,-0.9013f,-0.4311f,0.2481f,0f,0f,0f,1f],start_interpolation: 0,interpolation_duration: 1}
$data merge entity $(bone_right_arm) {transformation: [-0.8969f,0.3261f,-0.2988f,-0.25f,0.4422f,0.6463f,-0.6219f,-0.6158f,-0.0096f,-0.6899f,-0.7239f,0.0553f,0f,0f,0f,1f],start_interpolation: 0,interpolation_duration: 1}
$data merge entity $(bone_short_sword) {transformation: [-1.0299f,-0.4275f,-0.3429f,0.5041f,-0.5425f,0.8988f,0.5088f,-0.8475f,0.0777f,0.6086f,-0.9923f,0.4643f,0f,0f,0f,1f],start_interpolation: 0,interpolation_duration: 1}
$data merge entity $(bone_left_forearm) {transformation: [-0.8828f,-0.2939f,0.3664f,0.4316f,-0.465f,0.4361f,-0.7704f,-0.7423f,0.0666f,-0.8505f,-0.5217f,0.2381f,0f,0f,0f,1f],start_interpolation: 0,interpolation_duration: 1}
$data merge entity $(bone_left_arm) {transformation: [-0.8646f,-0.3726f,0.3372f,0.2188f,-0.5019f,0.6727f,-0.5437f,-0.6158f,-0.0242f,-0.6393f,-0.7686f,0.0553f,0f,0f,0f,1f],start_interpolation: 0,interpolation_duration: 1}
$data merge entity $(bone_torso) {transformation: [-1f,0f,0f,0f,0f,0.9998f,-0.0218f,-0.9453f,0f,-0.0218f,-0.9998f,-0.0031f,0f,0f,0f,1f],start_interpolation: 0,interpolation_duration: 1}
$data merge entity $(bone_right_dress) {transformation: [-0.9763f,-0.2164f,0f,-0.1936f,-0.2164f,0.9763f,0f,-1.1021f,0f,0f,-1f,-0.0078f,0f,0f,0f,1f],start_interpolation: 0,interpolation_duration: 1}
$data merge entity $(bone_left_dress) {transformation: [-0.9941f,0.1088f,-0.0047f,0.1311f,0.1089f,0.9931f,-0.0434f,-1.1021f,0f,-0.0436f,-0.999f,-0.0078f,0f,0f,0f,1f],start_interpolation: 0,interpolation_duration: 1}
$data merge entity $(bone_lower_right_leg) {transformation: [-0.999f,0.0436f,0f,-0.1414f,0.0436f,0.999f,0f,-1.5856f,0f,0f,-1f,0f,0f,0f,0f,1f],start_interpolation: 0,interpolation_duration: 1}
$data merge entity $(bone_right_leg) {transformation: [-0.999f,0.0436f,0f,-0.125f,0.0436f,0.999f,0f,-1.2109f,0f,0f,-1f,0f,0f,0f,0f,1f],start_interpolation: 0,interpolation_duration: 1}
$data merge entity $(bone_lower_left_leg) {transformation: [-0.999f,-0.0436f,-0.0019f,0.1413f,-0.0436f,0.9981f,0.0436f,-1.5834f,0f,0.0436f,-0.999f,0.0408f,0f,0f,0f,1f],start_interpolation: 0,interpolation_duration: 1}
$data merge entity $(bone_left_leg) {transformation: [-0.999f,-0.0434f,0.0047f,0.125f,-0.0436f,0.9931f,-0.1088f,-1.2109f,0f,-0.1089f,-0.9941f,0f,0f,0f,0f,1f],start_interpolation: 0,interpolation_duration: 1}
$data merge entity $(bone_waist) {transformation: [-1f,0f,0f,0f,0f,1f,0f,-0.8672f,0f,0f,-1f,0f,0f,0f,0f,1f],start_interpolation: 0,interpolation_duration: 1}
$data merge entity $(bone_pony_tail) {transformation: [-1f,0f,0f,0f,0f,0.9998f,-0.0218f,-0.4661f,0f,-0.0218f,-0.9998f,-0.235f,0f,0f,0f,1f],start_interpolation: 0,interpolation_duration: 1}
$data merge entity $(bone_head) {transformation: [-1f,0f,0f,0f,0f,0.9998f,-0.0218f,-0.4922f,0f,-0.0218f,-0.9998f,0f,0f,0f,0f,1f],start_interpolation: 0,interpolation_duration: 1}