# This file was generated by Animated Java via MC-Build. It is not recommended to edit this file directly.
$data merge entity $(bone_chest) {transformation: [-1f,0f,0f,0f,0f,0.7696f,0.6385f,-0.8352f,0f,0.6385f,-0.7696f,0.1566f,0f,0f,0f,1f],start_interpolation: 0,interpolation_duration: 1}
$data merge entity $(bone_cape) {transformation: [-1f,0f,0f,0.2187f,0f,0.6797f,0.7335f,-0.6859f,0f,0.7335f,-0.6797f,0.178f,0f,0f,0f,1f],start_interpolation: 0,interpolation_duration: 1}
$data merge entity $(bone_saber) {transformation: [-0.8953f,-0.8544f,0.5992f,-0.6353f,0.9387f,-1.0043f,-0.0292f,-0.7606f,0.4558f,0.39f,1.2372f,-0.2643f,0f,0f,0f,1f],start_interpolation: 0,interpolation_duration: 1}
$data merge entity $(bone_right_forearm) {transformation: [-0.6512f,0.4358f,0.6214f,-0.5036f,0.6827f,-0.0213f,0.7304f,-0.7495f,0.3315f,0.8998f,-0.2837f,0.019f,0f,0f,0f,1f],start_interpolation: 0,interpolation_duration: 1}
$data merge entity $(bone_right_arm) {transformation: [-0.7144f,0.584f,0.3854f,-0.25f,0.5429f,0.1151f,0.8319f,-0.785f,0.4415f,0.8035f,-0.3993f,0.1898f,0f,0f,0f,1f],start_interpolation: 0,interpolation_duration: 1}
$data merge entity $(bone_short_sword) {transformation: [-0.7075f,0.5206f,-0.7679f,0.6945f,-0.8492f,-0.7521f,0.2725f,-0.8539f,-0.3734f,0.7242f,0.835f,-0.1467f,0f,0f,0f,1f],start_interpolation: 0,interpolation_duration: 1}
$data merge entity $(bone_left_forearm) {transformation: [-0.6064f,-0.6582f,-0.4462f,0.5191f,-0.7279f,0.2336f,0.6447f,-0.7866f,-0.3201f,0.7157f,-0.6207f,0.0326f,0f,0f,0f,1f],start_interpolation: 0,interpolation_duration: 1}
$data merge entity $(bone_left_arm) {transformation: [-0.6662f,-0.6446f,-0.3751f,0.2545f,-0.674f,0.3051f,0.6728f,-0.785f,-0.3192f,0.7011f,-0.6377f,0.1898f,0f,0f,0f,1f],start_interpolation: 0,interpolation_duration: 1}
$data merge entity $(bone_torso) {transformation: [-1f,0f,0f,0f,0f,0.741f,0.6715f,-1.0067f,0f,0.6715f,-0.741f,-0.0031f,0f,0f,0f,1f],start_interpolation: 0,interpolation_duration: 1}
$data merge entity $(bone_right_dress) {transformation: [-0.997f,-0.0633f,-0.0454f,-0.1936f,-0.0737f,0.9557f,0.2849f,-1.1635f,0.0254f,0.2874f,-0.9575f,-0.0078f,0f,0f,0f,1f],start_interpolation: 0,interpolation_duration: 1}
$data merge entity $(bone_left_dress) {transformation: [-0.9942f,-0.1078f,0.0034f,0.1311f,-0.1065f,0.9764f,-0.1881f,-1.1635f,0.017f,-0.1873f,-0.9822f,-0.0078f,0f,0f,0f,1f],start_interpolation: 0,interpolation_duration: 1}
$data merge entity $(bone_lower_right_leg) {transformation: [-0.999f,0.0244f,0.0362f,-0.1377f,0.0436f,0.5587f,0.8282f,-1.5627f,0f,0.829f,-0.5592f,-0.237f,0f,0f,0f,1f],start_interpolation: 0,interpolation_duration: 1}
$data merge entity $(bone_right_leg) {transformation: [-0.999f,0.0338f,0.0276f,-0.125f,0.0436f,0.7742f,0.6314f,-1.2724f,0f,0.632f,-0.7749f,0f,0f,0f,0f,1f],start_interpolation: 0,interpolation_duration: 1}
$data merge entity $(bone_lower_left_leg) {transformation: [-0.999f,-0.0436f,-0.0019f,0.1388f,-0.0436f,0.9981f,0.0425f,-1.5876f,0f,0.0426f,-0.9991f,0.2026f,0f,0f,0f,1f],start_interpolation: 0,interpolation_duration: 1}
$data merge entity $(bone_left_leg) {transformation: [-0.999f,-0.0367f,0.0236f,0.125f,-0.0436f,0.8407f,-0.5397f,-1.2724f,0f,-0.5402f,-0.8415f,0f,0f,0f,0f,1f],start_interpolation: 0,interpolation_duration: 1}
$data merge entity $(bone_waist) {transformation: [-1f,0f,0f,0f,0f,1f,0f,-0.9286f,0f,0f,-1f,0f,0f,0f,0f,1f],start_interpolation: 0,interpolation_duration: 1}
$data merge entity $(bone_pony_tail) {transformation: [-1f,0f,0f,0f,0f,0.6334f,0.7738f,-0.475f,0f,0.7738f,-0.6334f,0.1557f,0f,0f,0f,1f],start_interpolation: 0,interpolation_duration: 1}
$data merge entity $(bone_head) {transformation: [-1f,0f,0f,0f,0f,0.6334f,0.7738f,-0.6761f,0f,0.7738f,-0.6334f,0.28f,0f,0f,0f,1f],start_interpolation: 0,interpolation_duration: 1}
execute on vehicle unless entity @s[tag=aj.transforms_only] positioned ^0 ^-1.0352332104 ^0.1530019524 rotated ~0 ~39.68 run function animated_java:mage_hunter/animations/cross_slash/zzz/frames/20_locator_commands
data modify entity @s data merge value {"cameras":{},"locators":{"body_hitbox":{"posx":-1.8737335127935905e-17,"posy":-1.0352332104014448,"posz":0.15300195240767842,"roty":0,"rotx":39.68},"flame":{"posx":-2.27222042445936,"posy":-2.667042654348078,"posz":0.49397602478656744,"roty":154.15993855500233,"rotx":-1.2185540524740044},"flame1":{"posx":-1.9882687500490297,"posy":-2.633356805361395,"posz":0.9823910226906207,"roty":154.15993855500233,"rotx":-1.2185540524740044},"flame2":{"posx":-1.6927166070787947,"posy":-2.552693746723172,"posz":1.3968393328051971,"roty":154.15993855500233,"rotx":-1.2185540524740044},"flame3":{"posx":-1.3194932858186648,"posy":-2.38073454091484,"posz":1.775830604479527,"roty":154.15993855500233,"rotx":-1.2185540524740044},"flame4":{"posx":-2.4785009205797954,"posy":-2.609432356164652,"posz":-0.029896011557732693,"roty":154.15993855500233,"rotx":-1.2185540524740044},"saber_hitbox":{"posx":-1.019307170049675,"posy":-1.216971822696646,"posz":-0.07851598454042416,"roty":154.15993855500233,"rotx":-1.2185540524740044},"flame5":{"posx":1.723811638466911,"posy":-2.348474252381986,"posz":1.3020412115128033,"roty":222.60111790363482,"rotx":13.506438132288459},"flame6":{"posx":1.325702524521892,"posy":-2.1768070137042934,"posz":1.6658433453145283,"roty":222.60111790363482,"rotx":13.506438132288459},"flame7":{"posx":0.9408405703152323,"posy":-1.9794441765300004,"posz":1.9461185434800896,"roty":222.60111790363482,"rotx":13.506438132288459},"flame8":{"posx":0.5002016808486154,"posy":-1.7014958143262873,"posz":2.1488056842609002,"roty":222.60111790363482,"rotx":13.506438132288459},"flame9":{"posx":2.066143817151973,"posy":-2.439555966030258,"posz":0.8606510203263283,"roty":222.60111790363482,"rotx":13.506438132288459},"short_sword_hitbox":{"posx":0.8871576095675546,"posy":-1.1396913769406862,"posz":0.1382203507415512,"roty":222.60111790363482,"rotx":13.506438132288459}}}
execute on vehicle unless entity @s[tag=aj.transforms_only] at @s run function animated_java:mage_hunter/animations/cross_slash/zzz/frames/20_root_commands