# This file was generated by Animated Java via MC-Build. It is not recommended to edit this file directly.
$data merge entity $(bone_chest) {transformation: [-1f,0f,0f,0f,0f,0.7876f,0.6162f,-0.8279f,0f,0.6162f,-0.7876f,0.1516f,0f,0f,0f,1f],start_interpolation: 0,interpolation_duration: 1}
$data merge entity $(bone_cape) {transformation: [-1f,0f,0f,0.2187f,0f,0.7004f,0.7137f,-0.6781f,0f,0.7137f,-0.7004f,0.1687f,0f,0f,0f,1f],start_interpolation: 0,interpolation_duration: 1}
$data merge entity $(bone_saber) {transformation: [-0.9142f,-0.7395f,0.7127f,-0.6715f,0.9304f,-1.0005f,0.1553f,-0.8239f,0.4351f,0.5855f,1.1656f,-0.2335f,0f,0f,0f,1f],start_interpolation: 0,interpolation_duration: 1}
$data merge entity $(bone_right_forearm) {transformation: [-0.6649f,0.5183f,0.5378f,-0.515f,0.6766f,0.1129f,0.7276f,-0.7711f,0.3164f,0.8477f,-0.4258f,0.032f,0f,0f,0f,1f],start_interpolation: 0,interpolation_duration: 1}
$data merge entity $(bone_right_arm) {transformation: [-0.7038f,0.6294f,0.3294f,-0.25f,0.5626f,0.2107f,0.7994f,-0.7822f,0.4338f,0.748f,-0.5024f,0.1881f,0f,0f,0f,1f],start_interpolation: 0,interpolation_duration: 1}
$data merge entity $(bone_short_sword) {transformation: [-0.6931f,0.4184f,-0.8401f,0.7173f,-0.8651f,-0.6898f,0.3701f,-0.8877f,-0.364f,0.8427f,0.72f,-0.1004f,0f,0f,0f,1f],start_interpolation: 0,interpolation_duration: 1}
$data merge entity $(bone_left_forearm) {transformation: [-0.594f,-0.7201f,-0.3587f,0.5266f,-0.7415f,0.3172f,0.5912f,-0.7992f,-0.312f,0.6172f,-0.7224f,0.0522f,0f,0f,0f,1f],start_interpolation: 0,interpolation_duration: 1}
$data merge entity $(bone_left_arm) {transformation: [-0.6529f,-0.6898f,-0.3127f,0.251f,-0.6872f,0.366f,0.6275f,-0.7822f,-0.3184f,0.6246f,-0.7131f,0.1881f,0f,0f,0f,1f],start_interpolation: 0,interpolation_duration: 1}
$data merge entity $(bone_torso) {transformation: [-1f,0f,0f,0f,0f,0.76f,0.65f,-1.004f,0f,0.65f,-0.76f,-0.0031f,0f,0f,0f,1f],start_interpolation: 0,interpolation_duration: 1}
$data merge entity $(bone_right_dress) {transformation: [-0.9966f,-0.069f,-0.0453f,-0.1936f,-0.0788f,0.9583f,0.2748f,-1.1608f,0.0245f,0.2774f,-0.9604f,-0.0078f,0f,0f,0f,1f],start_interpolation: 0,interpolation_duration: 1}
$data merge entity $(bone_left_dress) {transformation: [-0.9942f,-0.1077f,0.0038f,0.1311f,-0.1066f,0.9768f,-0.186f,-1.1608f,0.0163f,-0.1853f,-0.9825f,-0.0078f,0f,0f,0f,1f],start_interpolation: 0,interpolation_duration: 1}
$data merge entity $(bone_lower_right_leg) {transformation: [-0.999f,0.0256f,0.0353f,-0.1379f,0.0436f,0.5872f,0.8082f,-1.5657f,0f,0.809f,-0.5878f,-0.2298f,0f,0f,0f,1f],start_interpolation: 0,interpolation_duration: 1}
$data merge entity $(bone_right_leg) {transformation: [-0.999f,0.0345f,0.0267f,-0.125f,0.0436f,0.7894f,0.6123f,-1.2696f,0f,0.6129f,-0.7902f,0f,0f,0f,0f,1f],start_interpolation: 0,interpolation_duration: 1}
$data merge entity $(bone_lower_left_leg) {transformation: [-0.999f,-0.0436f,-0.002f,0.1388f,-0.0436f,0.998f,0.0457f,-1.5866f,0f,0.0457f,-0.999f,0.1998f,0f,0f,0f,1f],start_interpolation: 0,interpolation_duration: 1}
$data merge entity $(bone_left_leg) {transformation: [-0.999f,-0.0369f,0.0232f,0.125f,-0.0436f,0.8454f,-0.5324f,-1.2696f,0f,-0.5329f,-0.8462f,0f,0f,0f,0f,1f],start_interpolation: 0,interpolation_duration: 1}
$data merge entity $(bone_waist) {transformation: [-1f,0f,0f,0f,0f,1f,0f,-0.9259f,0f,0f,-1f,0f,0f,0f,0f,1f],start_interpolation: 0,interpolation_duration: 1}
$data merge entity $(bone_pony_tail) {transformation: [-1f,0f,0f,0f,0f,0.6639f,0.7478f,-0.473f,0f,0.7478f,-0.6639f,0.1378f,0f,0f,0f,1f],start_interpolation: 0,interpolation_duration: 1}
$data merge entity $(bone_head) {transformation: [-1f,0f,0f,0f,0f,0.6639f,0.7478f,-0.669f,0f,0.7478f,-0.6639f,0.27f,0f,0f,0f,1f],start_interpolation: 0,interpolation_duration: 1}
data modify entity @s data merge value {"cameras":{},"locators":{"locator":{"posx":-2.0885664826230532,"posy":-2.721961723466085,"posz":0.8971536157238618,"roty":148.55451228687434,"rotx":6.485148864190469},"locator2":{"posx":-1.7633814217632695,"posy":-2.6129538014730067,"posz":1.347358512561257,"roty":148.55451228687434,"rotx":6.485148864190469},"locator3":{"posx":-1.4369793753600961,"posy":-2.465529004320159,"posz":1.7179696744118718,"roty":148.55451228687434,"rotx":6.485148864190469},"locator4":{"posx":-1.0433497428068654,"posy":-2.2271522474811105,"posz":2.0353530926537604,"roty":148.55451228687434,"rotx":6.485148864190469},"locator5":{"posx":-2.3465239573327787,"posy":-2.740017685772963,"posz":0.3937209752777402,"roty":148.55451228687434,"rotx":6.485148864190469},"saber_hitbox":{"posx":-1.0361501721080784,"posy":-1.3227785828926737,"posz":0.06717961665993069,"roty":148.55451228687434,"rotx":6.485148864190469},"locator6":{"posx":1.5425771105646688,"posy":-2.257304574842461,"posz":1.583325268748486,"roty":229.39986518551214,"rotx":18.49499114085353},"locator7":{"posx":1.115130452322549,"posy":-2.0419142351085453,"posz":1.8853333082225254,"roty":229.39986518551214,"rotx":18.49499114085353},"locator8":{"posx":0.710271228382206,"posy":-1.80939715046003,"posz":2.1036216820241966,"roty":229.39986518551214,"rotx":18.49499114085353},"locator9":{"posx":0.26058005453663724,"posy":-1.5029738570184499,"posz":2.2316162655104126,"roty":229.39986518551214,"rotx":18.49499114085353},"locator10":{"posx":1.9251918189015629,"posy":-2.3987887057833124,"posz":1.1910234389589915,"roty":229.39986518551214,"rotx":18.49499114085353},"short_sword_hitbox":{"posx":0.8925138369388952,"posy":-1.185664547343034,"posz":0.2740653091743874,"roty":229.39986518551214,"rotx":18.49499114085353}}}
execute on vehicle unless entity @s[tag=aj.transforms_only] at @s run function animated_java:mage_hunter/animations/cross_slash/zzz/frames/21_root_commands