# This file was generated by Animated Java via MC-Build. It is not recommended to edit this file directly.
$data merge entity $(bone_chest) {transformation: [-1f,0f,0f,0f,0f,0.8618f,0.5073f,-0.7995f,0f,0.5073f,-0.8618f,0.1271f,0f,0f,0f,1f],start_interpolation: 0,interpolation_duration: 1}
$data merge entity $(bone_cape) {transformation: [-1f,0f,0f,0.2187f,0f,0.7882f,0.6155f,-0.6487f,0f,0.6155f,-0.7882f,0.1244f,0f,0f,0f,1f],start_interpolation: 0,interpolation_duration: 1}
$data merge entity $(bone_saber) {transformation: [-1.0394f,-0.5817f,0.6869f,-0.6582f,0.8649f,-0.936f,0.5161f,-0.9313f,0.2492f,0.8222f,1.0735f,-0.2301f,0f,0f,0f,1f],start_interpolation: 0,interpolation_duration: 1}
$data merge entity $(bone_right_forearm) {transformation: [-0.756f,0.4995f,0.4231f,-0.51f,0.629f,0.3754f,0.6807f,-0.7978f,0.1812f,0.7807f,-0.598f,0.0107f,0f,0f,0f,1f],start_interpolation: 0,interpolation_duration: 1}
$data merge entity $(bone_right_arm) {transformation: [-0.7842f,0.5759f,0.2309f,-0.25f,0.5358f,0.441f,0.72f,-0.7407f,0.3128f,0.6884f,-0.6544f,0.1652f,0f,0f,0f,1f],start_interpolation: 0,interpolation_duration: 1}
$data merge entity $(bone_short_sword) {transformation: [-0.8143f,0.343f,-0.7618f,0.6902f,-0.8083f,-0.5928f,0.597f,-0.953f,-0.2116f,0.9445f,0.6514f,-0.1038f,0f,0f,0f,1f],start_interpolation: 0,interpolation_duration: 1}
$data merge entity $(bone_left_forearm) {transformation: [-0.698f,-0.653f,-0.294f,0.5177f,-0.6928f,0.5117f,0.5081f,-0.8149f,-0.1814f,0.5584f,-0.8095f,0.0327f,0f,0f,0f,1f],start_interpolation: 0,interpolation_duration: 1}
$data merge entity $(bone_left_arm) {transformation: [-0.7464f,-0.6201f,-0.2416f,0.25f,-0.631f,0.5441f,0.553f,-0.7407f,-0.2114f,0.5652f,-0.7974f,0.1652f,0f,0f,0f,1f],start_interpolation: 0,interpolation_duration: 1}
$data merge entity $(bone_torso) {transformation: [-1f,0f,0f,0f,0f,0.8388f,0.5444f,-0.9944f,0f,0.5444f,-0.8388f,-0.0031f,0f,0f,0f,1f],start_interpolation: 0,interpolation_duration: 1}
$data merge entity $(bone_right_dress) {transformation: [-0.9943f,-0.0973f,-0.043f,-0.1936f,-0.1045f,0.969f,0.2237f,-1.1511f,0.0199f,0.227f,-0.9737f,-0.0078f,0f,0f,0f,1f],start_interpolation: 0,interpolation_duration: 1}
$data merge entity $(bone_left_dress) {transformation: [-0.9987f,-0.0508f,-0.0056f,0.1311f,-0.0493f,0.987f,-0.1528f,-1.1511f,0.0133f,-0.1523f,-0.9882f,-0.0078f,0f,0f,0f,1f],start_interpolation: 0,interpolation_duration: 1}
$data merge entity $(bone_lower_right_leg) {transformation: [-0.999f,0.0314f,0.0303f,-0.1391f,0.0436f,0.7189f,0.6938f,-1.5818f,0f,0.6944f,-0.7196f,-0.1919f,0f,0f,0f,1f],start_interpolation: 0,interpolation_duration: 1}
$data merge entity $(bone_right_leg) {transformation: [-0.999f,0.0375f,0.0223f,-0.125f,0.0436f,0.8583f,0.5114f,-1.26f,0f,0.5118f,-0.8591f,0f,0f,0f,0f,1f],start_interpolation: 0,interpolation_duration: 1}
$data merge entity $(bone_lower_left_leg) {transformation: [-0.999f,-0.0436f,-0.0017f,0.1397f,-0.0436f,0.9983f,0.0383f,-1.5956f,0f,0.0384f,-0.9993f,0.1667f,0f,0f,0f,1f],start_interpolation: 0,interpolation_duration: 1}
$data merge entity $(bone_left_leg) {transformation: [-0.999f,-0.0391f,0.0194f,0.125f,-0.0436f,0.8949f,-0.444f,-1.26f,0f,-0.4445f,-0.8958f,0f,0f,0f,0f,1f],start_interpolation: 0,interpolation_duration: 1}
$data merge entity $(bone_waist) {transformation: [-1f,0f,0f,0f,0f,1f,0f,-0.9162f,0f,0f,-1f,0f,0f,0f,0f,1f],start_interpolation: 0,interpolation_duration: 1}
$data merge entity $(bone_pony_tail) {transformation: [-1f,0f,0f,0f,0f,0.764f,0.6453f,-0.4623f,0f,0.6453f,-0.764f,0.061f,0f,0f,0f,1f],start_interpolation: 0,interpolation_duration: 1}
$data merge entity $(bone_head) {transformation: [-1f,0f,0f,0f,0f,0.764f,0.6453f,-0.6374f,0f,0.6453f,-0.764f,0.2199f,0f,0f,0f,1f],start_interpolation: 0,interpolation_duration: 1}
execute on vehicle unless entity @s[tag=aj.transforms_only] positioned ^0 ^-0.9975296101 ^0.1555471688 rotated ~0 ~30.4861111111 run function animated_java:mage_hunter/animations/cross_slash/zzz/frames/24_locator_commands
data modify entity @s data merge value {"cameras":{},"locators":{"body_hitbox":{"posx":-1.904903423486992e-17,"posy":-0.9975296100746343,"posz":0.15554716876843677,"roty":0,"rotx":30.486111111111118},"saber_hitbox":{"posx":-0.91765717282131,"posy":-1.3529023413841954,"posz":0.15088777959431246,"roty":147.3875706425252,"rotx":22.047567600611625},"short_sword_hitbox":{"posx":0.8148832661452788,"posy":-1.1748106700436522,"posz":0.26391419461781285,"roty":229.46732292765117,"rotx":30.777632611799103}}}
execute on vehicle unless entity @s[tag=aj.transforms_only] at @s run function animated_java:mage_hunter/animations/cross_slash/zzz/frames/24_root_commands