# This file was generated by Animated Java via MC-Build. It is not recommended to edit this file directly.
$data merge entity $(bone_chest) {transformation: [-1f,0f,0f,0f,0f,0.96f,0.2798f,-0.7556f,0f,0.2798f,-0.96f,0.0752f,0f,0f,0f,1f],start_interpolation: 0,interpolation_duration: 1}
$data merge entity $(bone_cape) {transformation: [-1f,0f,0f,0.2187f,0f,0.9153f,0.4027f,-0.6101f,0f,0.4027f,-0.9153f,0.0355f,0f,0f,0f,1f],start_interpolation: 0,interpolation_duration: 1}
$data merge entity $(bone_saber) {transformation: [-1.2278f,-0.3738f,0.4934f,-0.576f,0.6165f,-0.6394f,1.0497f,-1.0894f,-0.056f,1.1585f,0.7385f,-0.1723f,0f,0f,0f,1f],start_interpolation: 0,interpolation_duration: 1}
$data merge entity $(bone_right_forearm) {transformation: [-0.8929f,0.3588f,0.2719f,-0.4753f,0.4483f,0.7634f,0.465f,-0.8397f,-0.0407f,0.5371f,-0.8425f,-0.0133f,0f,0f,0f,1f],start_interpolation: 0,interpolation_duration: 1}
$data merge entity $(bone_right_arm) {transformation: [-0.9138f,0.3951f,0.0938f,-0.25f,0.3895f,0.7877f,0.4772f,-0.6669f,0.1146f,0.4727f,-0.8737f,0.1053f,0f,0f,0f,1f],start_interpolation: 0,interpolation_duration: 1}
$data merge entity $(bone_short_sword) {transformation: [-1.017f,0.251f,-0.5137f,0.5963f,-0.5706f,-0.3788f,0.9445f,-1.0573f,0.0364f,1.0745f,0.453f,-0.0889f,0f,0f,0f,1f],start_interpolation: 0,interpolation_duration: 1}
$data merge entity $(bone_left_forearm) {transformation: [-0.8717f,-0.4403f,-0.2151f,0.4798f,-0.4891f,0.8095f,0.3247f,-0.8438f,0.0312f,0.3883f,-0.921f,0.0023f,0f,0f,0f,1f],start_interpolation: 0,interpolation_duration: 1}
$data merge entity $(bone_left_arm) {transformation: [-0.8996f,-0.4171f,-0.1293f,0.25f,-0.4341f,0.8222f,0.3681f,-0.6669f,-0.0473f,0.3873f,-0.9207f,0.1053f,0f,0f,0f,1f],start_interpolation: 0,interpolation_duration: 1}
$data merge entity $(bone_torso) {transformation: [-1f,0f,0f,0f,0f,0.9469f,0.3214f,-0.9766f,0f,0.3214f,-0.9469f,-0.0031f,0f,0f,0f,1f],start_interpolation: 0,interpolation_duration: 1}
$data merge entity $(bone_right_dress) {transformation: [-0.9881f,-0.1503f,-0.031f,-0.1936f,-0.1531f,0.9801f,0.1266f,-1.1333f,0.0113f,0.1298f,-0.9915f,-0.0078f,0f,0f,0f,1f],start_interpolation: 0,interpolation_duration: 1}
$data merge entity $(bone_left_dress) {transformation: [-0.9978f,0.0652f,-0.0133f,0.1311f,0.0661f,0.9941f,-0.0861f,-1.1333f,0.0076f,-0.0868f,-0.9962f,-0.0078f,0f,0f,0f,1f],start_interpolation: 0,interpolation_duration: 1}
$data merge entity $(bone_lower_right_leg) {transformation: [-0.999f,0.0395f,0.0184f,-0.1406f,0.0436f,0.9054f,0.4222f,-1.5995f,0f,0.4226f,-0.9063f,-0.1128f,0f,0f,0f,1f],start_interpolation: 0,interpolation_duration: 1}
$data merge entity $(bone_right_leg) {transformation: [-0.999f,0.0416f,0.0131f,-0.125f,0.0436f,0.9528f,0.3004f,-1.2422f,0f,0.3007f,-0.9537f,0f,0f,0f,0f,1f],start_interpolation: 0,interpolation_duration: 1}
$data merge entity $(bone_lower_left_leg) {transformation: [-0.999f,-0.0436f,-0.001f,0.1408f,-0.0436f,0.9988f,0.0218f,-1.6041f,0f,0.0218f,-0.9998f,0.0971f,0f,0f,0f,1f],start_interpolation: 0,interpolation_duration: 1}
$data merge entity $(bone_left_leg) {transformation: [-0.999f,-0.0421f,0.0113f,0.125f,-0.0436f,0.965f,-0.2586f,-1.2422f,0f,-0.2588f,-0.9659f,0f,0f,0f,0f,1f],start_interpolation: 0,interpolation_duration: 1}
$data merge entity $(bone_waist) {transformation: [-1f,0f,0f,0f,0f,1f,0f,-0.8984f,0f,0f,-1f,0f,0f,0f,0f,1f],start_interpolation: 0,interpolation_duration: 1}
$data merge entity $(bone_pony_tail) {transformation: [-1f,0f,0f,0f,0f,0.9063f,0.4226f,-0.4508f,0f,0.4226f,-0.9063f,-0.0742f,0f,0f,0f,1f],start_interpolation: 0,interpolation_duration: 1}
$data merge entity $(bone_head) {transformation: [-1f,0f,0f,0f,0f,0.9063f,0.4226f,-0.5781f,0f,0.4226f,-0.9063f,0.125f,0f,0f,0f,1f],start_interpolation: 0,interpolation_duration: 1}
data modify entity @s data merge value {"cameras":{},"locators":{"locator":{"posx":-1.3001116796806347,"posy":-2.2955600831508356,"posz":2.043574111759294,"roty":146.25513506778304,"rotx":49.76498342888498},"locator2":{"posx":-1.081289205656918,"posy":-1.8370852265055757,"posz":2.2930335888016544,"roty":146.25513506778304,"rotx":49.76498342888498},"locator3":{"posx":-0.8678993915452579,"posy":-1.397261395510554,"posz":2.4562658923516985,"roty":146.25513506778304,"rotx":49.76498342888498},"locator4":{"posx":-0.6205238704705556,"posy":-0.8993144393569095,"posz":2.5141811790240443,"roty":146.25513506778304,"rotx":49.76498342888498},"locator5":{"posx":-1.484948446741309,"posy":-2.695911814637473,"posz":1.688797617839235,"roty":146.25513506778304,"rotx":49.76498342888498},"saber_hitbox":{"posx":-0.7593810953931615,"posy":-1.401656929164603,"posz":0.4117965603955688,"roty":146.25513506778304,"rotx":49.76498342888498},"locator6":{"posx":1.091230024725498,"posy":-1.802906657839416,"posz":2.0538116711869305,"roty":228.5955443229865,"rotx":54.05177927724024},"locator7":{"posx":0.8301017411052143,"posy":-1.3272413483086383,"posz":2.2146439838685383,"roty":228.5955443229865,"rotx":54.05177927724024},"locator8":{"posx":0.5830485663693119,"posy":-0.8818781395987622,"posz":2.2936461432096276,"roty":228.5955443229865,"rotx":54.05177927724024},"locator9":{"posx":0.3091049309012391,"posy":-0.39592565046035244,"posz":2.2575204890741056,"roty":228.5955443229865,"rotx":54.05177927724024},"locator10":{"posx":1.3254678476136112,"posy":-2.2379826869416597,"posz":1.777851545028711,"roty":228.5955443229865,"rotx":54.05177927724024},"short_sword_hitbox":{"posx":0.7013183441090267,"posy":-1.2143620916256794,"posz":0.38445837577606234,"roty":228.5955443229865,"rotx":54.05177927724024}}}
execute on vehicle unless entity @s[tag=aj.transforms_only] at @s run function animated_java:mage_hunter/animations/cross_slash/zzz/frames/25_root_commands