# This file was generated by Animated Java via MC-Build. It is not recommended to edit this file directly.
$data merge entity $(bone_chest) {transformation: [-1f,0f,0f,0f,0f,0.9994f,0.0351f,-0.7254f,0f,0.0351f,-0.9994f,0.0184f,0f,0f,0f,1f],start_interpolation: 0,interpolation_duration: 1}
$data merge entity $(bone_cape) {transformation: [-1f,0f,0f,0.2188f,0f,0.9862f,0.1653f,-0.5941f,0f,0.1653f,-0.9862f,-0.0558f,0f,0f,0f,1f],start_interpolation: 0,interpolation_duration: 1}
$data merge entity $(bone_saber) {transformation: [-1.334f,-0.2528f,0.2172f,-0.4558f,0.2479f,-0.1536f,1.3437f,-1.1716f,-0.2228f,1.3428f,0.1946f,-0.0385f,0f,0f,0f,1f],start_interpolation: 0,interpolation_duration: 1}
$data merge entity $(bone_right_forearm) {transformation: [-0.9702f,0.158f,0.1839f,-0.4199f,0.1803f,0.9772f,0.1117f,-0.8627f,-0.162f,0.1415f,-0.9766f,-0.0062f,0f,0f,0f,1f],start_interpolation: 0,interpolation_duration: 1}
$data merge entity $(bone_right_arm) {transformation: [-0.9861f,0.1657f,0.0118f,-0.25f,0.1659f,0.9783f,0.1242f,-0.6083f,0.0091f,0.1245f,-0.9922f,0.0277f,0f,0f,0f,1f],start_interpolation: 0,interpolation_duration: 1}
$data merge entity $(bone_short_sword) {transformation: [-1.1353f,0.1714f,-0.2071f,0.4689f,-0.2219f,-0.0899f,1.1418f,-1.117f,0.1518f,1.1505f,0.1201f,-0.0187f,0f,0f,0f,1f],start_interpolation: 0,interpolation_duration: 1}
$data merge entity $(bone_left_forearm) {transformation: [-0.9731f,-0.1775f,-0.1469f,0.4213f,-0.1902f,0.9787f,0.077f,-0.8622f,0.1301f,0.1029f,-0.9861f,-0.0022f,0f,0f,0f,1f],start_interpolation: 0,interpolation_duration: 1}
$data merge entity $(bone_left_arm) {transformation: [-0.9849f,-0.1713f,-0.0268f,0.25f,-0.1731f,0.9799f,0.0991f,-0.6083f,0.0093f,0.1022f,-0.9947f,0.0277f,0f,0f,0f,1f],start_interpolation: 0,interpolation_duration: 1}
$data merge entity $(bone_torso) {transformation: [-1f,0f,0f,0f,0f,0.9969f,0.0787f,-0.9588f,0f,0.0787f,-0.9969f,-0.0031f,0f,0f,0f,1f],start_interpolation: 0,interpolation_duration: 1}
$data merge entity $(bone_right_dress) {transformation: [-0.9795f,-0.2011f,-0.009f,-0.1936f,-0.2013f,0.9791f,0.0301f,-1.1155f,0.0027f,0.0313f,-0.9995f,-0.0078f,0f,0f,0f,1f],start_interpolation: 0,interpolation_duration: 1}
$data merge entity $(bone_left_dress) {transformation: [-0.9836f,0.1805f,-0.0056f,0.1311f,0.1806f,0.9834f,-0.0203f,-1.1155f,0.0018f,-0.0209f,-0.9998f,-0.0078f,0f,0f,0f,1f],start_interpolation: 0,interpolation_duration: 1}
$data merge entity $(bone_lower_right_leg) {transformation: [-0.999f,0.0434f,0.0046f,-0.1413f,0.0436f,0.9935f,0.1048f,-1.598f,0f,0.1048f,-0.9945f,-0.0275f,0f,0f,0f,1f],start_interpolation: 0,interpolation_duration: 1}
$data merge entity $(bone_right_leg) {transformation: [-0.999f,0.0435f,0.0032f,-0.125f,0.0436f,0.9963f,0.0734f,-1.2244f,0f,0.0735f,-0.9973f,0f,0f,0f,0f,1f],start_interpolation: 0,interpolation_duration: 1}
$data merge entity $(bone_lower_left_leg) {transformation: [-0.999f,-0.0436f,-0.0002f,0.1413f,-0.0436f,0.999f,0.0052f,-1.5983f,0f,0.0053f,-1f,0.0236f,0f,0f,0f,1f],start_interpolation: 0,interpolation_duration: 1}
$data merge entity $(bone_left_leg) {transformation: [-0.999f,-0.0435f,0.0027f,0.125f,-0.0436f,0.9971f,-0.0629f,-1.2244f,0f,-0.063f,-0.998f,0f,0f,0f,0f,1f],start_interpolation: 0,interpolation_duration: 1}
$data merge entity $(bone_waist) {transformation: [-1f,0f,0f,0f,0f,1f,0f,-0.8806f,0f,0f,-1f,0f,0f,0f,0f,1f],start_interpolation: 0,interpolation_duration: 1}
$data merge entity $(bone_pony_tail) {transformation: [-1f,0f,0f,0f,0f,0.9854f,0.1705f,-0.4481f,0f,0.1705f,-0.9854f,-0.1955f,0f,0f,0f,1f],start_interpolation: 0,interpolation_duration: 1}
$data merge entity $(bone_head) {transformation: [-1f,0f,0f,0f,0f,0.9854f,0.1705f,-0.5188f,0f,0.1705f,-0.9854f,0.0301f,0f,0f,0f,1f],start_interpolation: 0,interpolation_duration: 1}
execute on vehicle unless entity @s[tag=aj.transforms_only] positioned ^0 ^-0.885911475 ^0.1378676892 rotated ~0 ~2.0138888889 run function animated_java:mage_hunter/animations/cross_slash/zzz/frames/28_locator_commands
data modify entity @s data merge value {"cameras":{},"locators":{"body_hitbox":{"posx":-1.6883922422853143e-17,"posy":-0.8859114749525445,"posz":0.1378676891541985,"roty":0,"rotx":2.013888888888893},"saber_hitbox":{"posx":-0.5691194867330236,"posy":-1.2320296019821557,"posz":0.5728536954372881,"roty":131.85721084773786,"rotx":77.75389020057415},"short_sword_hitbox":{"posx":0.5327324544897751,"posy":-1.141279207141348,"posz":0.4232550503722407,"roty":239.89905300463235,"rotx":78.15901438644804}}}