# This file was generated by Animated Java via MC-Build. It is not recommended to edit this file directly.
$data merge entity $(bone_chest) {transformation: [-1f,0f,0f,0f,0f,0.9969f,-0.0783f,1.2624f,0f,-0.0783f,-0.9969f,-0.0081f,0f,0f,0f,1f],start_interpolation: 0,interpolation_duration: 1}
$data merge entity $(bone_cape) {transformation: [-1f,0f,0f,0.2188f,0f,0.9986f,0.0525f,1.3844f,0f,0.0525f,-0.9986f,-0.0968f,0f,0f,0f,1f],start_interpolation: 0,interpolation_duration: 1}
$data merge entity $(bone_saber) {transformation: [-0.9626f,0.9301f,-0.3146f,-0.3254f,0.9721f,0.9648f,-0.122f,1.3689f,0.1382f,-0.3078f,-1.3329f,0.6479f,0f,0f,0f,1f],start_interpolation: 0,interpolation_duration: 1}
$data merge entity $(bone_right_forearm) {transformation: [-0.7001f,-0.2288f,-0.6764f,-0.4142f,0.707f,-0.0887f,-0.7017f,1.3455f,0.1005f,-0.9694f,0.2239f,0.3491f,0f,0f,0f,1f],start_interpolation: 0,interpolation_duration: 1}
$data merge entity $(bone_right_arm) {transformation: [-0.7786f,0.2378f,-0.5807f,-0.25f,0.6271f,0.2627f,-0.7333f,1.341f,-0.0218f,-0.9351f,-0.3536f,0.0888f,0f,0f,0f,1f],start_interpolation: 0,interpolation_duration: 1}
$data merge entity $(bone_short_sword) {transformation: [-0.8621f,-0.7861f,0.0033f,0.3654f,-0.7847f,0.8602f,-0.0738f,1.3579f,0.0473f,-0.0567f,-1.1643f,0.6018f,0f,0f,0f,1f],start_interpolation: 0,interpolation_duration: 1}
$data merge entity $(bone_left_forearm) {transformation: [-0.7389f,0.0028f,0.6738f,0.3731f,-0.6726f,-0.0632f,-0.7373f,1.3338f,0.0405f,-0.998f,0.0486f,0.3433f,0f,0f,0f,1f],start_interpolation: 0,interpolation_duration: 1}
$data merge entity $(bone_left_arm) {transformation: [-0.7059f,-0.3012f,0.6411f,0.2002f,-0.7076f,0.3401f,-0.6193f,1.341f,-0.0315f,-0.8909f,-0.4532f,0.0888f,0f,0f,0f,1f],start_interpolation: 0,interpolation_duration: 1}
$data merge entity $(bone_torso) {transformation: [-1f,0f,0f,0f,0f,0.9994f,-0.0348f,1.0281f,0f,-0.0348f,-0.9994f,-0.0031f,0f,0f,0f,1f],start_interpolation: 0,interpolation_duration: 1}
$data merge entity $(bone_right_dress) {transformation: [-0.9763f,-0.2164f,0f,-0.1936f,-0.2164f,0.9763f,0f,0.8713f,0f,0f,-1f,-0.0078f,0f,0f,0f,1f],start_interpolation: 0,interpolation_duration: 1}
$data merge entity $(bone_left_dress) {transformation: [-0.999f,0.0442f,-0.0031f,0.1311f,0.0443f,0.9966f,-0.0694f,0.8713f,0f,-0.0695f,-0.9976f,-0.0078f,0f,0f,0f,1f],start_interpolation: 0,interpolation_duration: 1}
$data merge entity $(bone_lower_right_leg) {transformation: [-0.999f,0.0436f,0f,-0.1414f,0.0436f,0.999f,0f,0.3878f,0f,0f,-1f,0f,0f,0f,0f,1f],start_interpolation: 0,interpolation_duration: 1}
$data merge entity $(bone_right_leg) {transformation: [-0.999f,0.0436f,0f,-0.125f,0.0436f,0.999f,0f,0.7625f,0f,0f,-1f,0f,0f,0f,0f,1f],start_interpolation: 0,interpolation_duration: 1}
$data merge entity $(bone_lower_left_leg) {transformation: [-0.999f,-0.0435f,-0.003f,0.1411f,-0.0436f,0.9966f,0.0694f,0.3935f,0f,0.0695f,-0.9976f,0.0649f,0f,0f,0f,1f],start_interpolation: 0,interpolation_duration: 1}
$data merge entity $(bone_left_leg) {transformation: [-0.999f,-0.043f,0.0075f,0.125f,-0.0436f,0.984f,-0.1728f,0.7625f,0f,-0.173f,-0.9849f,0f,0f,0f,0f,1f],start_interpolation: 0,interpolation_duration: 1}
$data merge entity $(bone_waist) {transformation: [-1f,0f,0f,0f,0f,1f,0f,1.1062f,0f,0f,-1f,0f,0f,0f,0f,1f],start_interpolation: 0,interpolation_duration: 1}
$data merge entity $(bone_pony_tail) {transformation: [-1f,0f,0f,0f,0f,0.9963f,-0.0865f,1.4921f,0f,-0.0865f,-0.9963f,-0.2362f,0f,0f,0f,1f],start_interpolation: 0,interpolation_duration: 1}
$data merge entity $(bone_head) {transformation: [-1f,0f,0f,0f,0f,0.9963f,-0.0865f,1.4812f,0f,-0.0865f,-0.9963f,0f,0f,0f,0f,1f],start_interpolation: 0,interpolation_duration: 1}