# This file was generated by Animated Java via MC-Build. It is not recommended to edit this file directly.
$data merge entity $(bone_chest) {transformation: [-1f,0f,0f,0f,0f,0.9966f,-0.0828f,-0.7047f,0f,-0.0828f,-0.9966f,-0.0092f,0f,0f,0f,1f],start_interpolation: 0,interpolation_duration: 1}
$data merge entity $(bone_cape) {transformation: [-1f,0f,0f,0.2188f,0f,0.9989f,0.0479f,-0.5831f,0f,0.0479f,-0.9989f,-0.0984f,0f,0f,0f,1f],start_interpolation: 0,interpolation_duration: 1}
$data merge entity $(bone_saber) {transformation: [-0.8244f,0.9477f,-0.5593f,-0.2428f,1.0928f,0.7874f,-0.2766f,-0.5269f,0.1296f,-0.6103f,-1.2253f,0.6449f,0f,0f,0f,1f],start_interpolation: 0,interpolation_duration: 1}
$data merge entity $(bone_right_forearm) {transformation: [-0.5996f,-0.4068f,-0.6892f,-0.3858f,0.7947f,-0.2012f,-0.5727f,-0.5828f,0.0943f,-0.8911f,0.4439f,0.3725f,0f,0f,0f,1f],start_interpolation: 0,interpolation_duration: 1}
$data merge entity $(bone_right_arm) {transformation: [-0.7279f,0.1592f,-0.6669f,-0.25f,0.6851f,0.1307f,-0.7166f,-0.6317f,-0.0269f,-0.9786f,-0.2042f,0.1006f,0f,0f,0f,1f],start_interpolation: 0,interpolation_duration: 1}
$data merge entity $(bone_short_sword) {transformation: [-0.788f,-0.8385f,0.1925f,0.2876f,-0.8594f,0.7551f,-0.2289f,-0.5428f,0.04f,-0.2964f,-1.1277f,0.6189f,0f,0f,0f,1f],start_interpolation: 0,interpolation_duration: 1}
$data merge entity $(bone_left_forearm) {transformation: [-0.6754f,0.165f,0.7187f,0.3379f,-0.7366f,-0.1962f,-0.6472f,-0.6005f,0.0342f,-0.9666f,0.2541f,0.3707f,0f,0f,0f,1f],start_interpolation: 0,interpolation_duration: 1}
$data merge entity $(bone_left_arm) {transformation: [-0.6384f,-0.229f,0.7348f,0.1937f,-0.769f,0.2309f,-0.5961f,-0.6317f,-0.0332f,-0.9456f,-0.3235f,0.1006f,0f,0f,0f,1f],start_interpolation: 0,interpolation_duration: 1}
$data merge entity $(bone_torso) {transformation: [-1f,0f,0f,0f,0f,0.9992f,-0.0393f,-0.939f,0f,-0.0393f,-0.9992f,-0.0031f,0f,0f,0f,1f],start_interpolation: 0,interpolation_duration: 1}
$data merge entity $(bone_right_dress) {transformation: [-0.9763f,-0.2164f,0f,-0.1936f,-0.2164f,0.9763f,0f,-1.0958f,0f,0f,-1f,-0.0078f,0f,0f,0f,1f],start_interpolation: 0,interpolation_duration: 1}
$data merge entity $(bone_left_dress) {transformation: [-0.9998f,0.0216f,-0.0017f,0.1311f,0.0216f,0.9967f,-0.0785f,-1.0958f,0f,-0.0785f,-0.9969f,-0.0078f,0f,0f,0f,1f],start_interpolation: 0,interpolation_duration: 1}
$data merge entity $(bone_lower_right_leg) {transformation: [-0.999f,0.0436f,0f,-0.1414f,0.0436f,0.999f,0f,-1.5793f,0f,0f,-1f,0f,0f,0f,0f,1f],start_interpolation: 0,interpolation_duration: 1}
$data merge entity $(bone_right_leg) {transformation: [-0.999f,0.0436f,0f,-0.125f,0.0436f,0.999f,0f,-1.2047f,0f,0f,-1f,0f,0f,0f,0f,1f],start_interpolation: 0,interpolation_duration: 1}
$data merge entity $(bone_lower_left_leg) {transformation: [-0.999f,-0.0435f,-0.0034f,0.141f,-0.0436f,0.996f,0.0785f,-1.5721f,0f,0.0785f,-0.9969f,0.0732f,0f,0f,0f,1f],start_interpolation: 0,interpolation_duration: 1}
$data merge entity $(bone_left_leg) {transformation: [-0.999f,-0.0428f,0.0085f,0.125f,-0.0436f,0.9798f,-0.1951f,-1.2047f,0f,-0.1953f,-0.9807f,0f,0f,0f,0f,1f],start_interpolation: 0,interpolation_duration: 1}
$data merge entity $(bone_waist) {transformation: [-1f,0f,0f,0f,0f,1f,0f,-0.8609f,0f,0f,-1f,0f,0f,0f,0f,1f],start_interpolation: 0,interpolation_duration: 1}
$data merge entity $(bone_pony_tail) {transformation: [-1f,0f,0f,0f,0f,0.994f,-0.1091f,-0.4804f,0f,-0.1091f,-0.994f,-0.2364f,0f,0f,0f,1f],start_interpolation: 0,interpolation_duration: 1}
$data merge entity $(bone_head) {transformation: [-1f,0f,0f,0f,0f,0.994f,-0.1091f,-0.4859f,0f,-0.1091f,-0.994f,0f,0f,0f,0f,1f],start_interpolation: 0,interpolation_duration: 1}
data modify entity @s data merge value {"cameras":{},"locators":{"locator":{"posx":1.5528781823580127,"posy":0.9865781704453561,"posz":-0.5271663111668834,"roty":335.4649114387166,"rotx":-11.604706515015307},"locator2":{"posx":1.2809976065360396,"posy":0.8376356770736918,"posz":-1.0006740578394633,"roty":335.4649114387166,"rotx":-11.604706515015307},"locator3":{"posx":0.9914628226214626,"posy":0.6654746821280763,"posz":-1.3907448215771148,"roty":335.4649114387166,"rotx":-11.604706515015307},"locator4":{"posx":0.6157743489758039,"posy":0.4217318856750155,"posz":-1.7253305653664117,"roty":335.4649114387166,"rotx":-11.604706515015307},"locator5":{"posx":1.7386050684489045,"posy":1.063938862309576,"posz":0.0018264554540505795,"roty":335.4649114387166,"rotx":-11.604706515015307},"saber_hitbox":{"posx":0.22686457258190168,"posy":-0.13535747262340547,"posz":0.3313782189102775,"roty":335.4649114387166,"rotx":-11.604706515015307},"locator6":{"posx":-1.3795699128272367,"posy":0.9580346780663989,"posz":0.018953533541838596,"roty":9.685683252623846,"rotx":-11.315549404881098},"locator7":{"posx":-1.2418530289771312,"posy":0.8072134996588982,"posz":-0.5088717519896424,"roty":9.685683252623846,"rotx":-11.315549404881098},"locator8":{"posx":-1.0695271800526294,"posy":0.6282038080815118,"posz":-0.9604072789571434,"roty":9.685683252623846,"rotx":-11.315549404881098},"locator9":{"posx":-0.8073618172241925,"posy":0.3682905571168311,"posz":-1.380186297615776,"roty":9.685683252623846,"rotx":-11.315549404881098},"locator10":{"posx":-1.4274472827734068,"posy":1.027952297086605,"posz":0.5785353273821876,"roty":9.685683252623846,"rotx":-11.315549404881098},"short_sword_hitbox":{"posx":-0.07689696122017897,"posy":-0.2150669330493694,"posz":0.4794229040204245,"roty":9.685683252623846,"rotx":-11.315549404881098}}}