# This file was generated by Animated Java via MC-Build. It is not recommended to edit this file directly.
$data merge entity $(bone_chest) {transformation: [-1f,0f,0f,0f,0f,0.9954f,-0.0955f,-0.7019f,0f,-0.0955f,-0.9954f,-0.0122f,0f,0f,0f,1f],start_interpolation: 0,interpolation_duration: 1}
$data merge entity $(bone_cape) {transformation: [-1f,0f,0f,0.2188f,0f,0.9994f,0.0352f,-0.5815f,0f,0.0352f,-0.9994f,-0.103f,0f,0f,0f,1f],start_interpolation: 0,interpolation_duration: 1}
$data merge entity $(bone_saber) {transformation: [-0.5897f,0.8203f,-0.9327f,-0.105f,1.2403f,0.4445f,-0.3933f,-0.4465f,0.0669f,-1.01f,-0.9306f,0.5965f,0f,0f,0f,1f],start_interpolation: 0,interpolation_duration: 1}
$data merge entity $(bone_right_forearm) {transformation: [-0.4289f,-0.6783f,-0.5966f,-0.3292f,0.902f,-0.286f,-0.3233f,-0.5247f,0.0487f,-0.6768f,0.7346f,0.3931f,0f,0f,0f,1f],start_interpolation: 0,interpolation_duration: 1}
$data merge entity $(bone_right_arm) {transformation: [-0.6458f,-0.0055f,-0.7634f,-0.25f,0.7624f,-0.0563f,-0.6446f,-0.6359f,-0.0394f,-0.9984f,0.0406f,0.1172f,0f,0f,0f,1f],start_interpolation: 0,interpolation_duration: 1}
$data merge entity $(bone_short_sword) {transformation: [-0.6678f,-0.81f,0.509f,0.1505f,-0.956f,0.5426f,-0.3908f,-0.462f,0.0346f,-0.6408f,-0.9743f,0.6117f,0f,0f,0f,1f],start_interpolation: 0,interpolation_duration: 1}
$data merge entity $(bone_left_forearm) {transformation: [-0.5724f,0.4363f,0.6942f,0.271f,-0.8194f,-0.335f,-0.4651f,-0.5537f,0.0297f,-0.8351f,0.5493f,0.4007f,0f,0f,0f,1f],start_interpolation: 0,interpolation_duration: 1}
$data merge entity $(bone_left_arm) {transformation: [-0.5295f,-0.0752f,0.845f,0.1837f,-0.8477f,0.0848f,-0.5236f,-0.6359f,-0.0322f,-0.9936f,-0.1087f,0.1172f,0f,0f,0f,1f],start_interpolation: 0,interpolation_duration: 1}
$data merge entity $(bone_torso) {transformation: [-1f,0f,0f,0f,0f,0.9986f,-0.052f,-0.9361f,0f,-0.052f,-0.9986f,-0.0031f,0f,0f,0f,1f],start_interpolation: 0,interpolation_duration: 1}
$data merge entity $(bone_right_dress) {transformation: [-0.9763f,-0.2164f,0f,-0.1936f,-0.2164f,0.9763f,0f,-1.0929f,0f,0f,-1f,-0.0078f,0f,0f,0f,1f],start_interpolation: 0,interpolation_duration: 1}
$data merge entity $(bone_left_dress) {transformation: [-0.9999f,-0.0106f,0.0011f,0.1311f,-0.0107f,0.9958f,-0.091f,-1.0929f,-0.0001f,-0.091f,-0.9959f,-0.0078f,0f,0f,0f,1f],start_interpolation: 0,interpolation_duration: 1}
$data merge entity $(bone_lower_right_leg) {transformation: [-0.999f,0.0436f,0f,-0.1414f,0.0436f,0.999f,0f,-1.5764f,0f,0f,-1f,0f,0f,0f,0f,1f],start_interpolation: 0,interpolation_duration: 1}
$data merge entity $(bone_right_leg) {transformation: [-0.999f,0.0436f,0f,-0.125f,0.0436f,0.999f,0f,-1.2018f,0f,0f,-1f,0f,0f,0f,0f,1f],start_interpolation: 0,interpolation_duration: 1}
$data merge entity $(bone_lower_left_leg) {transformation: [-0.999f,-0.0434f,-0.004f,0.1409f,-0.0436f,0.9948f,0.092f,-1.5668f,0f,0.0921f,-0.9958f,0.0844f,0f,0f,0f,1f],start_interpolation: 0,interpolation_duration: 1}
$data merge entity $(bone_left_leg) {transformation: [-0.999f,-0.0425f,0.0098f,0.125f,-0.0436f,0.9734f,-0.2248f,-1.2018f,0f,-0.225f,-0.9744f,0f,0f,0f,0f,1f],start_interpolation: 0,interpolation_duration: 1}
$data merge entity $(bone_waist) {transformation: [-1f,0f,0f,0f,0f,1f,0f,-0.858f,0f,0f,-1f,0f,0f,0f,0f,1f],start_interpolation: 0,interpolation_duration: 1}
$data merge entity $(bone_pony_tail) {transformation: [-1f,0f,0f,0f,0f,0.9887f,-0.1498f,-0.4872f,0f,-0.1498f,-0.9887f,-0.2364f,0f,0f,0f,1f],start_interpolation: 0,interpolation_duration: 1}
$data merge entity $(bone_head) {transformation: [-1f,0f,0f,0f,0f,0.9887f,-0.1498f,-0.483f,0f,-0.1498f,-0.9887f,0f,0f,0f,0f,1f],start_interpolation: 0,interpolation_duration: 1}
data modify entity @s data merge value {"cameras":{},"locators":{"body_hitbox":{"posx":-1.5572594256351906e-17,"posy":-0.8455090582274255,"posz":0.12715988207533924,"roty":0,"rotx":-5.481049562682219},"saber_hitbox":{"posx":0.26112127400876894,"posy":-0.24725472916329794,"posz":0.1312499323246349,"roty":314.93473304717315,"rotx":-16.619207648717836},"short_sword_hitbox":{"posx":-0.15527349208860242,"posy":-0.2575266835388874,"posz":0.35743751735546236,"roty":27.585390362270715,"rotx":-19.572942492994905}}}