# This file was generated by Animated Java via MC-Build. It is not recommended to edit this file directly.
$data merge entity $(bone_chest) {transformation: [-1f,0f,0f,0f,0f,0.9939f,-0.1106f,-0.7005f,0f,-0.1106f,-0.9939f,-0.0157f,0f,0f,0f,1f],start_interpolation: 0,interpolation_duration: 1}
$data merge entity $(bone_cape) {transformation: [-1f,0f,0f,0.2188f,0f,0.9998f,0.0201f,-0.5814f,0f,0.0201f,-0.9998f,-0.1083f,0f,0f,0f,1f],start_interpolation: 0,interpolation_duration: 1}
$data merge entity $(bone_saber) {transformation: [-0.5419f,0.7457f,-1.0203f,-0.0696f,1.2635f,0.3419f,-0.4212f,-0.4212f,0.0253f,-1.1035f,-0.8199f,0.5686f,0f,0f,0f,1f],start_interpolation: 0,interpolation_duration: 1}
$data merge entity $(bone_right_forearm) {transformation: [-0.3941f,-0.742f,-0.5423f,-0.3125f,0.9189f,-0.3063f,-0.2486f,-0.5048f,0.0184f,-0.5963f,0.8025f,0.3904f,0f,0f,0f,1f],start_interpolation: 0,interpolation_duration: 1}
$data merge entity $(bone_right_arm) {transformation: [-0.6329f,-0.059f,-0.7719f,-0.25f,0.7725f,-0.1138f,-0.6247f,-0.6334f,-0.051f,-0.9917f,0.1176f,0.1178f,0f,0f,0f,1f],start_interpolation: 0,interpolation_duration: 1}
$data merge entity $(bone_short_sword) {transformation: [-0.6493f,-0.7704f,0.5882f,0.114f,-0.9685f,0.4867f,-0.4316f,-0.438f,0.0396f,-0.7285f,-0.9104f,0.5979f,0f,0f,0f,1f],start_interpolation: 0,interpolation_duration: 1}
$data merge entity $(bone_left_forearm) {transformation: [-0.5566f,0.5041f,0.6604f,0.2517f,-0.8301f,-0.37f,-0.4172f,-0.5383f,0.034f,-0.7804f,0.6244f,0.4019f,0f,0f,0f,1f],start_interpolation: 0,interpolation_duration: 1}
$data merge entity $(bone_left_arm) {transformation: [-0.5111f,-0.0238f,0.8592f,0.1811f,-0.8592f,0.0437f,-0.5099f,-0.6334f,-0.0254f,-0.9988f,-0.0428f,0.1178f,0f,0f,0f,1f],start_interpolation: 0,interpolation_duration: 1}
$data merge entity $(bone_torso) {transformation: [-1f,0f,0f,0f,0f,0.9977f,-0.0671f,-0.9345f,0f,-0.0671f,-0.9977f,-0.0031f,0f,0f,0f,1f],start_interpolation: 0,interpolation_duration: 1}
$data merge entity $(bone_right_dress) {transformation: [-0.9763f,-0.2164f,0f,-0.1936f,-0.2164f,0.9763f,0f,-1.0913f,0f,0f,-1f,-0.0078f,0f,0f,0f,1f],start_interpolation: 0,interpolation_duration: 1}
$data merge entity $(bone_left_dress) {transformation: [-0.9999f,-0.0133f,0.0017f,0.1311f,-0.0134f,0.9958f,-0.091f,-1.0913f,-0.0004f,-0.091f,-0.9959f,-0.0078f,0f,0f,0f,1f],start_interpolation: 0,interpolation_duration: 1}
$data merge entity $(bone_lower_right_leg) {transformation: [-0.999f,0.0436f,0f,-0.1414f,0.0436f,0.999f,0f,-1.5748f,0f,0f,-1f,0f,0f,0f,0f,1f],start_interpolation: 0,interpolation_duration: 1}
$data merge entity $(bone_right_leg) {transformation: [-0.999f,0.0436f,0f,-0.125f,0.0436f,0.999f,0f,-1.2002f,0f,0f,-1f,0f,0f,0f,0f,1f],start_interpolation: 0,interpolation_duration: 1}
$data merge entity $(bone_lower_left_leg) {transformation: [-0.999f,-0.0434f,-0.0041f,0.1409f,-0.0436f,0.9946f,0.0947f,-1.5654f,0f,0.0948f,-0.9955f,0.0837f,0f,0f,0f,1f],start_interpolation: 0,interpolation_duration: 1}
$data merge entity $(bone_left_leg) {transformation: [-0.999f,-0.0425f,0.0097f,0.125f,-0.0436f,0.9738f,-0.2231f,-1.2002f,0f,-0.2233f,-0.9748f,0f,0f,0f,0f,1f],start_interpolation: 0,interpolation_duration: 1}
$data merge entity $(bone_waist) {transformation: [-1f,0f,0f,0f,0f,1f,0f,-0.8564f,0f,0f,-1f,0f,0f,0f,0f,1f],start_interpolation: 0,interpolation_duration: 1}
$data merge entity $(bone_pony_tail) {transformation: [-1f,0f,0f,0f,0f,0.985f,-0.1726f,-0.4911f,0f,-0.1726f,-0.985f,-0.2363f,0f,0f,0f,1f],start_interpolation: 0,interpolation_duration: 1}
$data merge entity $(bone_head) {transformation: [-1f,0f,0f,0f,0f,0.985f,-0.1726f,-0.4814f,0f,-0.1726f,-0.985f,0f,0f,0f,0f,1f],start_interpolation: 0,interpolation_duration: 1}
data modify entity @s data merge value {"cameras":{},"locators":{"body_hitbox":{"posx":-1.5402766134762496e-17,"posy":-0.8419528690334879,"posz":0.1257731302240491,"roty":0,"rotx":-6.348396501457727},"flame":{"posx":1.3405802692476632,"posy":0.24277726620172452,"posz":-1.543241051363328,"roty":308.7866800791849,"rotx":-17.836521719268184},"flame1":{"posx":0.889300635213265,"posy":0.05494291579577454,"posz":-1.8285083798700366,"roty":308.7866800791849,"rotx":-17.836521719268184},"flame2":{"posx":0.45050213056270816,"posy":-0.1292869392771674,"posz":-2.0263472860948686,"roty":308.7866800791849,"rotx":-17.836521719268184},"flame3":{"posx":-0.05608626800381425,"posy":-0.344595572831885,"posz":-2.1238684979136644,"roty":308.7866800791849,"rotx":-17.836521719268184},"flame4":{"posx":1.724070009366096,"posy":0.39953283812589874,"posz":-1.157656028450583,"roty":308.7866800791849,"rotx":-17.836521719268184},"saber_hitbox":{"posx":0.26209949305304414,"posy":-0.2688408726968844,"posz":0.061554959335095694,"roty":308.7866800791849,"rotx":-17.836521719268184},"flame5":{"posx":-1.414155154072736,"posy":0.5269721574945527,"posz":-0.8600529466058383,"roty":32.86300986462021,"rotx":-21.712593289918836},"flame6":{"posx":-1.0893076165253128,"posy":0.29279923252129525,"posz":-1.2599899648460169,"roty":32.86300986462021,"rotx":-21.712593289918836},"flame7":{"posx":-0.7546957997809838,"posy":0.05567273660714722,"posz":-1.5721292879543642,"roty":32.86300986462021,"rotx":-21.712593289918836},"flame8":{"posx":-0.33753877297273893,"posy":-0.23360477199525542,"posz":-1.8062201634734505,"roty":32.86300986462021,"rotx":-21.712593289918836},"flame9":{"posx":-1.6564574815562434,"posy":0.7089940697795554,"posz":-0.38206748077639907,"roty":32.86300986462021,"rotx":-21.712593289918836},"short_sword_hitbox":{"posx":-0.1759770031140031,"posy":-0.2552930328292668,"posz":0.310673767233072,"roty":32.86300986462021,"rotx":-21.712593289918836}}}