# This file was generated by Animated Java via MC-Build. It is not recommended to edit this file directly.
$data merge entity $(bone_chest) {transformation: [-0.9983f,0.0006f,0.0586f,-0.0005f,0f,0.9999f,-0.0107f,-0.719f,-0.0586f,-0.0106f,-0.9982f,0.0077f,0f,0f,0f,1f],start_interpolation: 0,interpolation_duration: 1}
$data merge entity $(bone_cape) {transformation: [-0.9983f,-0.007f,0.0582f,0.2226f,0f,0.9928f,0.12f,-0.5913f,-0.0586f,0.1198f,-0.9911f,-0.0595f,0f,0f,0f,1f],start_interpolation: 0,interpolation_duration: 1}
$data merge entity $(bone_saber) {transformation: [-1.3154f,-0.2786f,0.2876f,-0.4711f,0.2681f,0.1207f,1.3432f,-1.1577f,-0.2974f,1.3411f,-0.0611f,0.0009f,0f,0f,0f,1f],start_interpolation: 0,interpolation_duration: 1}
$data merge entity $(bone_right_forearm) {transformation: [-0.9567f,0.2092f,0.2026f,-0.4188f,0.195f,0.9769f,-0.0878f,-0.8505f,-0.2163f,-0.0445f,-0.9753f,-0.0257f,0f,0f,0f,1f],start_interpolation: 0,interpolation_duration: 1}
$data merge entity $(bone_right_arm) {transformation: [-0.9842f,0.1619f,0.0711f,-0.2503f,0.1652f,0.9854f,0.0421f,-0.594f,-0.0632f,0.0532f,-0.9966f,-0.0028f,0f,0f,0f,1f],start_interpolation: 0,interpolation_duration: 1}
$data merge entity $(bone_short_sword) {transformation: [-1.1602f,0.114f,-0.0444f,0.3948f,-0.0362f,0.0851f,1.163f,-1.1268f,0.1169f,1.158f,-0.0811f,0.086f,0f,0f,0f,1f],start_interpolation: 0,interpolation_duration: 1}
$data merge entity $(bone_left_forearm) {transformation: [-0.9945f,-0.0381f,-0.0977f,0.3839f,-0.031f,0.9969f,-0.073f,-0.8689f,0.1002f,-0.0695f,-0.9925f,0.0576f,0f,0f,0f,1f],start_interpolation: 0,interpolation_duration: 1}
$data merge entity $(bone_left_arm) {transformation: [-0.9947f,-0.0381f,0.095f,0.2489f,-0.0444f,0.9969f,-0.0657f,-0.594f,-0.0922f,-0.0695f,-0.9933f,0.0265f,0f,0f,0f,1f],start_interpolation: 0,interpolation_duration: 1}
$data merge entity $(bone_torso) {transformation: [-0.9983f,-0.0019f,0.0586f,0.0002f,0f,0.9995f,0.033f,-0.9531f,-0.0586f,0.0329f,-0.9977f,-0.0031f,0f,0f,0f,1f],start_interpolation: 0,interpolation_duration: 1}
$data merge entity $(bone_right_dress) {transformation: [-0.9789f,-0.1941f,0.0634f,-0.1928f,-0.1951f,0.9807f,-0.0099f,-1.1099f,-0.0603f,-0.022f,-0.9979f,-0.0191f,0f,0f,0f,1f],start_interpolation: 0,interpolation_duration: 1}
$data merge entity $(bone_left_dress) {transformation: [-0.977f,0.2097f,0.0392f,0.1313f,0.2093f,0.9778f,-0.0132f,-1.1099f,-0.0411f,-0.0047f,-0.9991f,-0.0001f,0f,0f,0f,1f],start_interpolation: 0,interpolation_duration: 1}
$data merge entity $(bone_lower_right_leg) {transformation: [-0.9927f,0.0617f,0.104f,-0.1491f,0.0646f,0.9976f,0.0239f,-1.593f,-0.1023f,0.0305f,-0.9943f,-0.0078f,0f,0f,0f,1f],start_interpolation: 0,interpolation_duration: 1}
$data merge entity $(bone_right_leg) {transformation: [-0.9927f,0.0648f,0.1022f,-0.1248f,0.0646f,0.9979f,-0.0053f,-1.2187f,-0.1023f,0.0013f,-0.9948f,-0.0073f,0f,0f,0f,1f],start_interpolation: 0,interpolation_duration: 1}
$data merge entity $(bone_lower_left_leg) {transformation: [-0.9991f,-0.0435f,0.0001f,0.1411f,-0.0435f,0.999f,-0.0026f,-1.5933f,0.0001f,-0.0026f,-1f,0.0138f,0f,0f,0f,1f],start_interpolation: 0,interpolation_duration: 1}
$data merge entity $(bone_left_leg) {transformation: [-0.9991f,-0.0435f,0.0007f,0.1248f,-0.0435f,0.9989f,-0.0172f,-1.2187f,0.0001f,-0.0172f,-0.9999f,0.0073f,0f,0f,0f,1f],start_interpolation: 0,interpolation_duration: 1}
$data merge entity $(bone_waist) {transformation: [-0.9983f,0f,0.0586f,0f,0f,1f,0f,-0.875f,-0.0586f,0f,-0.9983f,0f,0f,0f,0f,1f],start_interpolation: 0,interpolation_duration: 1}
$data merge entity $(bone_pony_tail) {transformation: [-1f,-0.0003f,0.0036f,-0.0001f,0f,0.9955f,0.0945f,-0.4494f,-0.0037f,0.0945f,-0.9955f,-0.2147f,0f,0f,0f,1f],start_interpolation: 0,interpolation_duration: 1}
$data merge entity $(bone_head) {transformation: [-1f,-0.0003f,0.0036f,-0.0009f,0f,0.9955f,0.0945f,-0.5026f,-0.0037f,0.0945f,-0.9955f,0.0157f,0f,0f,0f,1f],start_interpolation: 0,interpolation_duration: 1}