# This file was generated by Animated Java via MC-Build. It is not recommended to edit this file directly.
$data merge entity $(bone_chest) {transformation: [-0.7182f,-0.2411f,0.6527f,-0.063f,0.0068f,0.9355f,0.3532f,-0.7389f,-0.6958f,0.2581f,-0.6703f,0.0671f,0f,0f,0f,1f],start_interpolation: 0,interpolation_duration: 1}
$data merge entity $(bone_cape) {transformation: [-0.7182f,-0.3243f,0.6156f,0.1146f,0.0068f,0.8814f,0.4723f,-0.5923f,-0.6958f,0.3434f,-0.6309f,0.1996f,0f,0f,0f,1f],start_interpolation: 0,interpolation_duration: 1}
$data merge entity $(bone_saber) {transformation: [-0.5044f,0.4227f,1.2073f,-0.6993f,1.2526f,-0.0998f,0.5583f,-0.7485f,0.2593f,1.3046f,-0.3485f,-0.2497f,0f,0f,0f,1f],start_interpolation: 0,interpolation_duration: 1}
$data merge entity $(bone_right_forearm) {transformation: [-0.3668f,0.878f,-0.3074f,-0.4339f,0.911f,0.406f,0.0726f,-0.6068f,0.1886f,-0.2534f,-0.9488f,-0.3349f,0f,0f,0f,1f],start_interpolation: 0,interpolation_duration: 1}
$data merge entity $(bone_right_arm) {transformation: [-0.4696f,0.3517f,0.8098f,-0.2762f,0.8714f,0.3323f,0.3609f,-0.6223f,-0.1422f,0.8751f,-0.4626f,-0.071f,0f,0f,0f,1f],start_interpolation: 0,interpolation_duration: 1}
$data merge entity $(bone_short_sword) {transformation: [-0.4668f,0.2551f,1.0383f,-0.3447f,1.0606f,-0.0329f,0.4849f,-0.9189f,0.1353f,1.138f,-0.2188f,0.4804f,0f,0f,0f,1f],start_interpolation: 0,interpolation_duration: 1}
$data merge entity $(bone_left_forearm) {transformation: [-0.4001f,0.89f,-0.2187f,-0.116f,0.9091f,0.4156f,0.0282f,-0.8107f,0.1159f,-0.1875f,-0.9754f,0.4216f,0f,0f,0f,1f],start_interpolation: 0,interpolation_duration: 1}
$data merge entity $(bone_left_arm) {transformation: [-0.4098f,0.8893f,0.2031f,0.0829f,0.5426f,0.4166f,-0.7293f,-0.6257f,-0.7332f,-0.1887f,-0.6533f,0.2769f,0f,0f,0f,1f],start_interpolation: 0,interpolation_duration: 1}
$data merge entity $(bone_torso) {transformation: [-0.7182f,-0.2694f,0.6415f,0.0021f,0.0068f,0.9192f,0.3936f,-0.9531f,-0.6958f,0.2871f,-0.6584f,-0.0023f,0f,0f,0f,1f],start_interpolation: 0,interpolation_duration: 1}
$data merge entity $(bone_right_dress) {transformation: [-0.7075f,0.1356f,0.6935f,-0.1364f,0.0452f,0.9881f,-0.147f,-1.1099f,-0.7052f,-0.0727f,-0.7053f,-0.1376f,0f,0f,0f,1f],start_interpolation: 0,interpolation_duration: 1}
$data merge entity $(bone_left_dress) {transformation: [-0.8468f,0.2066f,0.4902f,0.1013f,0.1344f,0.9747f,-0.1785f,-1.1099f,-0.5147f,-0.0853f,-0.8531f,0.0836f,0f,0f,0f,1f],start_interpolation: 0,interpolation_duration: 1}
$data merge entity $(bone_lower_right_leg) {transformation: [-0.2289f,-0.1109f,0.9671f,-0.1855f,0.2439f,0.9553f,0.1673f,-1.5751f,-0.9424f,0.2742f,-0.1916f,-0.1545f,0f,0f,0f,1f],start_interpolation: 0,interpolation_duration: 1}
$data merge entity $(bone_right_leg) {transformation: [-0.2289f,0.2506f,0.9406f,-0.0915f,0.2439f,0.9502f,-0.1938f,-1.2187f,-0.9424f,0.185f,-0.2787f,-0.0851f,0f,0f,0f,1f],start_interpolation: 0,interpolation_duration: 1}
$data merge entity $(bone_lower_left_leg) {transformation: [-0.9995f,-0.0319f,0.0005f,0.1033f,-0.0319f,0.999f,-0.0316f,-1.5858f,0.0005f,-0.0316f,-0.9995f,0.161f,0f,0f,0f,1f],start_interpolation: 0,interpolation_duration: 1}
$data merge entity $(bone_left_leg) {transformation: [-0.9995f,-0.0314f,0.006f,0.0915f,-0.0319f,0.9788f,-0.2021f,-1.2187f,0.0005f,-0.2022f,-0.9793f,0.0851f,0f,0f,0f,1f],start_interpolation: 0,interpolation_duration: 1}
$data merge entity $(bone_waist) {transformation: [-0.7322f,0f,0.6811f,0f,0f,1f,0f,-0.875f,-0.6811f,0f,-0.7322f,0f,0f,0f,0f,1f],start_interpolation: 0,interpolation_duration: 1}
$data merge entity $(bone_pony_tail) {transformation: [-0.9989f,-0.0074f,0.0462f,-0.1267f,0f,0.9876f,0.1573f,-0.4603f,-0.0468f,0.1571f,-0.9865f,-0.0867f,0f,0f,0f,1f],start_interpolation: 0,interpolation_duration: 1}
$data merge entity $(bone_head) {transformation: [-0.9989f,-0.0074f,0.0462f,-0.1373f,0f,0.9876f,0.1573f,-0.528f,-0.0468f,0.1571f,-0.9865f,0.1396f,0f,0f,0f,1f],start_interpolation: 0,interpolation_duration: 1}
data modify entity @s data merge value {"cameras":{},"locators":{"locator":{"posx":0.11027134086227652,"posy":-0.9209703227773482,"posz":2.241102722209287,"roty":73.90055764532326,"rotx":23.95552695924619},"locator2":{"posx":0.5849440776724584,"posy":-0.6880416302567366,"posz":2.0392549649025242,"roty":73.90055764532326,"rotx":23.95552695924619},"locator3":{"posx":0.985526450582459,"posy":-0.47595138629791356,"posz":1.793945994558429,"roty":73.90055764532326,"rotx":23.95552695924619},"locator4":{"posx":1.3476807158341693,"posy":-0.25478461124618784,"posz":1.4300372892857836,"roty":73.90055764532326,"rotx":23.95552695924619},"locator5":{"posx":-0.4028295036061958,"posy":-1.1448224842050574,"posz":2.3243507445874996,"roty":73.90055764532326,"rotx":23.95552695924619},"saber_hitbox":{"posx":-0.47963250478678476,"posy":-0.7945180215288832,"posz":0.39986029954397845,"roty":73.90055764532326,"rotx":23.95552695924619},"locator6":{"posx":0.17231530015474517,"posy":-0.9799404379650165,"posz":2.743399853645158,"roty":78.10121438069524,"rotx":24.557753383598232},"locator7":{"posx":0.6592730213954404,"posy":-0.7443998347089938,"posz":2.5769507564957332,"roty":78.10121438069524,"rotx":24.557753383598232},"locator8":{"posx":1.0769386011247901,"posy":-0.533075041125546,"posz":2.3612604805761648,"roty":78.10121438069524,"rotx":24.557753383598232},"locator9":{"posx":1.4672698703818567,"posy":-0.3182305843015282,"posz":2.023646263440452,"roty":78.10121438069524,"rotx":24.557753383598232},"locator10":{"posx":-0.3419767315582331,"posy":-1.2119613779804692,"posz":2.7879250095784376,"roty":78.10121438069524,"rotx":24.557753383598232},"short_sword_hitbox":{"posx":-0.2240322016933574,"posy":-0.928905320976753,"posz":0.975502706011064,"roty":78.10121438069524,"rotx":24.557753383598232}}}