# This file was generated by Animated Java via MC-Build. It is not recommended to edit this file directly.
$data merge entity $(bone_chest) {transformation: [-0.9231f,-0.285f,0.2583f,-0.0681f,-0.1035f,0.8309f,0.5467f,1.1588f,-0.3704f,0.4779f,-0.7965f,0.1201f,0f,0f,0f,1f],start_interpolation: 0,interpolation_duration: 1}
$data merge entity $(bone_cape) {transformation: [-0.9231f,-0.3163f,0.2189f,0.1175f,-0.1035f,0.7524f,0.6505f,1.3314f,-0.3704f,0.5778f,-0.7273f,0.1998f,0f,0f,0f,1f],start_interpolation: 0,interpolation_duration: 1}
$data merge entity $(bone_saber) {transformation: [-1.0435f,0.1665f,0.8798f,-0.7159f,0.8905f,0.3345f,0.9928f,0.952f,-0.0938f,1.3233f,-0.3617f,0.4549f,0f,0f,0f,1f],start_interpolation: 0,interpolation_duration: 1}
$data merge entity $(bone_right_forearm) {transformation: [-0.7589f,0.4673f,-0.4535f,-0.5862f,0.6476f,0.4686f,-0.6008f,1.1027f,-0.0682f,-0.7497f,-0.6583f,0.2135f,0f,0f,0f,1f],start_interpolation: 0,interpolation_duration: 1}
$data merge entity $(bone_right_arm) {transformation: [-0.8304f,0.5211f,-0.1973f,-0.3359f,0.5501f,0.7103f,-0.4393f,1.2337f,-0.0887f,-0.4733f,-0.8764f,0.0915f,0f,0f,0f,1f],start_interpolation: 0,interpolation_duration: 1}
$data merge entity $(bone_short_sword) {transformation: [-0.8277f,0.0343f,0.8215f,-0.1538f,0.8036f,0.2803f,0.798f,0.9023f,-0.1739f,1.132f,-0.2225f,0.6773f,0f,0f,0f,1f],start_interpolation: 0,interpolation_duration: 1}
$data merge entity $(bone_left_forearm) {transformation: [-0.7095f,0.6463f,-0.281f,0.0111f,0.6888f,0.5515f,-0.4705f,1.0405f,-0.1491f,-0.5274f,-0.8364f,0.5317f,0f,0f,0f,1f],start_interpolation: 0,interpolation_duration: 1}
$data merge entity $(bone_left_arm) {transformation: [-0.7425f,0.6683f,-0.0462f,0.1062f,0.5219f,0.5338f,-0.6653f,1.2559f,-0.42f,-0.5181f,-0.7451f,0.3335f,0f,0f,0f,1f],start_interpolation: 0,interpolation_duration: 1}
$data merge entity $(bone_torso) {transformation: [-0.9231f,-0.296f,0.2457f,0.002f,-0.1035f,0.8063f,0.5824f,0.9716f,-0.3704f,0.5122f,-0.7749f,-0.0024f,0f,0f,0f,1f],start_interpolation: 0,interpolation_duration: 1}
$data merge entity $(bone_right_dress) {transformation: [-0.6868f,0.1859f,0.7027f,-0.142f,0.2814f,0.9594f,0.0211f,0.8149f,-0.6702f,0.2122f,-0.7112f,-0.1318f,0f,0f,0f,1f],start_interpolation: 0,interpolation_duration: 1}
$data merge entity $(bone_left_dress) {transformation: [-0.9091f,0.085f,0.4079f,0.1047f,-0.0679f,0.9356f,-0.3464f,0.8149f,-0.4111f,-0.3426f,-0.8448f,0.0793f,0f,0f,0f,1f],start_interpolation: 0,interpolation_duration: 1}
$data merge entity $(bone_lower_right_leg) {transformation: [-0.234f,-0.015f,0.9721f,-0.216f,0.5023f,0.8542f,0.1341f,0.3881f,-0.8324f,0.5197f,-0.1924f,-0.2391f,0f,0f,0f,1f],start_interpolation: 0,interpolation_duration: 1}
$data merge entity $(bone_right_leg) {transformation: [-0.234f,0.3227f,0.9171f,-0.095f,0.5023f,0.8478f,-0.1701f,0.706f,-0.8324f,0.4209f,-0.3605f,-0.0813f,0f,0f,0f,1f],start_interpolation: 0,interpolation_duration: 1}
$data merge entity $(bone_lower_left_leg) {transformation: [-0.9994f,-0.0334f,0.0091f,0.105f,-0.0334f,0.9994f,0.0026f,0.3634f,-0.0092f,0.0023f,-1f,0.2334f,0f,0f,0f,1f],start_interpolation: 0,interpolation_duration: 1}
$data merge entity $(bone_left_leg) {transformation: [-0.9994f,-0.0268f,0.022f,0.095f,-0.0334f,0.9136f,-0.4053f,0.706f,-0.0092f,-0.4058f,-0.9139f,0.0813f,0f,0f,0f,1f],start_interpolation: 0,interpolation_duration: 1}
$data merge entity $(bone_waist) {transformation: [-0.7598f,0f,0.6502f,0f,0f,1f,0f,1.0498f,-0.6502f,0f,-0.7598f,0f,0f,0f,0f,1f],start_interpolation: 0,interpolation_duration: 1}
$data merge entity $(bone_pony_tail) {transformation: [-0.9988f,-0.0283f,0.0393f,-0.1039f,-0.0039f,0.8562f,0.5166f,1.4534f,-0.0483f,0.5158f,-0.8553f,0.0821f,0f,0f,0f,1f],start_interpolation: 0,interpolation_duration: 1}
$data merge entity $(bone_head) {transformation: [-0.9988f,-0.0283f,0.0393f,-0.1123f,-0.0039f,0.8562f,0.5166f,1.3056f,-0.0483f,0.5158f,-0.8553f,0.2665f,0f,0f,0f,1f],start_interpolation: 0,interpolation_duration: 1}
execute on vehicle unless entity @s[tag=aj.transforms_only] at @s run function animated_java:mage_hunter/animations/lunge1/zzz/frames/14_root_commands