# This file was generated by Animated Java via MC-Build. It is not recommended to edit this file directly.
$data merge entity $(bone_chest) {transformation: [-0.723f,-0.2213f,0.6544f,-0.0584f,0.0114f,0.9433f,0.3316f,-0.7368f,-0.6907f,0.2472f,-0.6795f,0.0646f,0f,0f,0f,1f],start_interpolation: 0,interpolation_duration: 1}
$data merge entity $(bone_cape) {transformation: [-0.723f,-0.3049f,0.6199f,0.1229f,0.0114f,0.892f,0.4519f,-0.5919f,-0.6907f,0.3338f,-0.6414f,0.1939f,0f,0f,0f,1f],start_interpolation: 0,interpolation_duration: 1}
$data merge entity $(bone_saber) {transformation: [-0.5094f,0.3689f,1.2227f,-0.6866f,1.2545f,-0.1022f,0.5535f,-0.7424f,0.2394f,1.3206f,-0.2987f,-0.2692f,0f,0f,0f,1f],start_interpolation: 0,interpolation_duration: 1}
$data merge entity $(bone_right_forearm) {transformation: [-0.3705f,0.8892f,-0.2683f,-0.4174f,0.9124f,0.4026f,0.0743f,-0.6018f,0.1741f,-0.2173f,-0.9605f,-0.3435f,0f,0f,0f,1f],start_interpolation: 0,interpolation_duration: 1}
$data merge entity $(bone_right_arm) {transformation: [-0.4659f,0.3155f,0.8267f,-0.2704f,0.8707f,0.3295f,0.365f,-0.618f,-0.1572f,0.8899f,-0.4282f,-0.0735f,0f,0f,0f,1f],start_interpolation: 0,interpolation_duration: 1}
$data merge entity $(bone_short_sword) {transformation: [-0.4823f,0.2185f,1.0396f,-0.3395f,1.0552f,-0.0331f,0.4965f,-0.9219f,0.1225f,1.1455f,-0.184f,0.4611f,0f,0f,0f,1f],start_interpolation: 0,interpolation_duration: 1}
$data merge entity $(bone_left_forearm) {transformation: [-0.4134f,0.8911f,-0.1873f,-0.1101f,0.9045f,0.4256f,0.0284f,-0.8112f,0.105f,-0.1577f,-0.9819f,0.4099f,0f,0f,0f,1f],start_interpolation: 0,interpolation_duration: 1}
$data merge entity $(bone_left_arm) {transformation: [-0.3924f,0.8899f,0.2325f,0.0911f,0.5387f,0.4273f,-0.7261f,-0.6236f,-0.7455f,-0.1597f,-0.6471f,0.2719f,0f,0f,0f,1f],start_interpolation: 0,interpolation_duration: 1}
$data merge entity $(bone_torso) {transformation: [-0.723f,-0.2497f,0.6441f,0.0021f,0.0114f,0.928f,0.3725f,-0.9531f,-0.6907f,0.2766f,-0.6681f,-0.0023f,0f,0f,0f,1f],start_interpolation: 0,interpolation_duration: 1}
$data merge entity $(bone_right_dress) {transformation: [-0.7238f,0.1229f,0.679f,-0.1392f,0.0275f,0.9884f,-0.1497f,-1.1099f,-0.6894f,-0.0897f,-0.7188f,-0.1347f,0f,0f,0f,1f],start_interpolation: 0,interpolation_duration: 1}
$data merge entity $(bone_left_dress) {transformation: [-0.8512f,0.2089f,0.4814f,0.103f,0.1453f,0.9753f,-0.1663f,-1.1099f,-0.5043f,-0.0716f,-0.8606f,0.0815f,0f,0f,0f,1f],start_interpolation: 0,interpolation_duration: 1}
$data merge entity $(bone_lower_right_leg) {transformation: [-0.2654f,-0.1035f,0.9586f,-0.1851f,0.2293f,0.9589f,0.1671f,-1.5771f,-0.9365f,0.2641f,-0.2307f,-0.145f,0f,0f,0f,1f],start_interpolation: 0,interpolation_duration: 1}
$data merge entity $(bone_right_leg) {transformation: [-0.2654f,0.2449f,0.9325f,-0.0932f,0.2293f,0.9555f,-0.1857f,-1.2187f,-0.9365f,0.1646f,-0.3097f,-0.0832f,0f,0f,0f,1f],start_interpolation: 0,interpolation_duration: 1}
$data merge entity $(bone_lower_left_leg) {transformation: [-0.9995f,-0.0325f,0.0006f,0.1053f,-0.0325f,0.999f,-0.0322f,-1.5869f,0.0005f,-0.0322f,-0.9995f,0.1537f,0f,0f,0f,1f],start_interpolation: 0,interpolation_duration: 1}
$data merge entity $(bone_left_leg) {transformation: [-0.9995f,-0.032f,0.0056f,0.0932f,-0.0325f,0.9817f,-0.1877f,-1.2187f,0.0005f,-0.1878f,-0.9822f,0.0832f,0f,0f,0f,1f],start_interpolation: 0,interpolation_duration: 1}
$data merge entity $(bone_waist) {transformation: [-0.746f,0f,0.666f,0f,0f,1f,0f,-0.875f,-0.666f,0f,-0.746f,0f,0f,0f,0f,1f],start_interpolation: 0,interpolation_duration: 1}
$data merge entity $(bone_pony_tail) {transformation: [-0.999f,-0.0064f,0.0451f,-0.1207f,0f,0.9902f,0.1396f,-0.4598f,-0.0455f,0.1394f,-0.9892f,-0.0944f,0f,0f,0f,1f],start_interpolation: 0,interpolation_duration: 1}
$data merge entity $(bone_head) {transformation: [-0.999f,-0.0064f,0.0451f,-0.1311f,0f,0.9902f,0.1396f,-0.5235f,-0.0455f,0.1394f,-0.9892f,0.1331f,0f,0f,0f,1f],start_interpolation: 0,interpolation_duration: 1}
data modify entity @s data merge value {"cameras":{},"locators":{"locator":{"posx":0.020314093046402082,"posy":-0.9193088719231709,"posz":2.2523368211776322,"roty":76.27023024176104,"rotx":23.738233324125186},"locator2":{"posx":0.503741437913533,"posy":-0.6882257755319096,"posz":2.070097679396995,"roty":76.27023024176104,"rotx":23.738233324125186},"locator3":{"posx":0.9148226052107307,"posy":-0.4776587742359012,"posz":1.8414083445805676,"roty":76.27023024176104,"rotx":23.738233324125186},"locator4":{"posx":1.2923661218554745,"posy":-0.25780412483309584,"posz":1.4926608339435892,"roty":76.27023024176104,"rotx":23.738233324125186},"locator5":{"posx":-0.4966509024731823,"posy":-1.1411043202076354,"posz":2.314517787137718,"roty":76.27023024176104,"rotx":23.738233324125186},"saber_hitbox":{"posx":-0.49373041606761636,"posy":-0.7896061657875434,"posz":0.3887151210206984,"roty":76.27023024176104,"rotx":23.738233324125186},"locator6":{"posx":0.10472178012360711,"posy":-0.9833431027463683,"posz":2.7394639316403637,"roty":79.96532479412984,"rotx":25.18656343271557},"locator7":{"posx":0.5942504792756025,"posy":-0.7421887226491727,"posz":2.5894015523892926,"roty":79.96532479412984,"rotx":25.18656343271557},"locator8":{"posx":1.0163805386227125,"posy":-0.5258593916736651,"posz":2.3878256769594817,"roty":79.96532479412984,"rotx":25.18656343271557},"locator9":{"posx":1.415098786151427,"posy":-0.3059842730977569,"posz":2.063513032557724,"roty":79.96532479412984,"rotx":25.18656343271557},"locator10":{"posx":-0.40821873084678334,"posy":-1.2209516952431634,"posz":2.7667895419194886,"roty":79.96532479412984,"rotx":25.18656343271557},"short_sword_hitbox":{"posx":-0.2347494912431204,"posy":-0.9319291825405599,"posz":0.9597807815471432,"roty":79.96532479412984,"rotx":25.18656343271557}}}