# This file was generated by Animated Java via MC-Build. It is not recommended to edit this file directly.
$data merge entity $(bone_chest) {transformation: [-0.9637f,-0.2478f,0.0991f,-0.0573f,-0.1387f,0.7823f,0.6073f,1.1281f,-0.228f,0.5715f,-0.7883f,0.1419f,0f,0f,0f,1f],start_interpolation: 0,interpolation_duration: 1}
$data merge entity $(bone_cape) {transformation: [-0.9637f,-0.2646f,-0.0352f,0.1295f,-0.1387f,0.3839f,0.9129f,1.3069f,-0.228f,0.8847f,-0.4067f,0.2031f,0f,0f,0f,1f],start_interpolation: 0,interpolation_duration: 1}
$data merge entity $(bone_saber) {transformation: [-1.1904f,0.1822f,0.6637f,-0.5601f,0.6877f,0.2619f,1.1615f,0.9817f,0.0275f,1.3375f,-0.3178f,0.6791f,0f,0f,0f,1f],start_interpolation: 0,interpolation_duration: 1}
$data merge entity $(bone_right_forearm) {transformation: [-0.8657f,0.2284f,-0.4454f,-0.5066f,0.5001f,0.4303f,-0.7515f,1.1166f,0.02f,-0.8733f,-0.4867f,0.4022f,0f,0f,0f,1f],start_interpolation: 0,interpolation_duration: 1}
$data merge entity $(bone_right_arm) {transformation: [-0.9034f,0.2274f,-0.3636f,-0.3297f,0.4285f,0.4435f,-0.7872f,1.1878f,-0.0177f,-0.867f,-0.4981f,0.1605f,0f,0f,0f,1f],start_interpolation: 0,interpolation_duration: 1}
$data merge entity $(bone_short_sword) {transformation: [-0.967f,-0.0261f,0.6522f,-0.0319f,0.6273f,0.2854f,0.9414f,0.8473f,-0.1807f,1.1309f,-0.2225f,0.7439f,0f,0f,0f,1f],start_interpolation: 0,interpolation_duration: 1}
$data merge entity $(bone_left_forearm) {transformation: [-0.8288f,0.4954f,-0.2601f,0.094f,0.5377f,0.5765f,-0.6153f,0.9905f,-0.1549f,-0.6498f,-0.7441f,0.5675f,0f,0f,0f,1f],start_interpolation: 0,interpolation_duration: 1}
$data merge entity $(bone_left_arm) {transformation: [-0.8261f,0.5305f,-0.1898f,0.1399f,0.5064f,0.5513f,-0.663f,1.2089f,-0.2471f,-0.6439f,-0.7241f,0.3555f,0f,0f,0f,1f],start_interpolation: 0,interpolation_duration: 1}
$data merge entity $(bone_torso) {transformation: [-0.9637f,-0.2519f,0.0882f,0.002f,-0.1387f,0.755f,0.6409f,0.9531f,-0.228f,0.6054f,-0.7626f,-0.0024f,0f,0f,0f,1f],start_interpolation: 0,interpolation_duration: 1}
$data merge entity $(bone_right_dress) {transformation: [-0.6588f,0.2118f,0.7219f,-0.1433f,0.3779f,0.9229f,0.0741f,0.7963f,-0.6505f,0.3216f,-0.688f,-0.1304f,0f,0f,0f,1f],start_interpolation: 0,interpolation_duration: 1}
$data merge entity $(bone_left_dress) {transformation: [-0.9206f,0.0316f,0.3891f,0.1054f,-0.1474f,0.8949f,-0.4213f,0.7963f,-0.3616f,-0.4452f,-0.8192f,0.0783f,0f,0f,0f,1f],start_interpolation: 0,interpolation_duration: 1}
$data merge entity $(bone_lower_right_leg) {transformation: [-0.1942f,0.0066f,0.9809f,-0.2272f,0.5963f,0.7948f,0.1127f,0.3936f,-0.7789f,0.6068f,-0.1583f,-0.2726f,0f,0f,0f,1f],start_interpolation: 0,interpolation_duration: 1}
$data merge entity $(bone_right_leg) {transformation: [-0.1942f,0.3504f,0.9162f,-0.0958f,0.5963f,0.7838f,-0.1734f,0.6875f,-0.7789f,0.5127f,-0.3612f,-0.0803f,0f,0f,0f,1f],start_interpolation: 0,interpolation_duration: 1}
$data merge entity $(bone_lower_left_leg) {transformation: [-0.9994f,-0.0334f,-0.001f,0.1068f,-0.0334f,0.9993f,0.0156f,0.36f,0.0005f,0.0156f,-0.9999f,0.2628f,0f,0f,0f,1f],start_interpolation: 0,interpolation_duration: 1}
$data merge entity $(bone_left_leg) {transformation: [-0.9994f,-0.0294f,0.0158f,0.0958f,-0.0334f,0.8732f,-0.4862f,0.6875f,0.0005f,-0.4864f,-0.8737f,0.0803f,0f,0f,0f,1f],start_interpolation: 0,interpolation_duration: 1}
$data merge entity $(bone_waist) {transformation: [-0.766f,0f,0.6428f,0f,0f,1f,0f,1.0313f,-0.6428f,0f,-0.766f,0f,0f,0f,0f,1f],start_interpolation: 0,interpolation_duration: 1}
$data merge entity $(bone_pony_tail) {transformation: [-0.999f,-0.0432f,0.0061f,-0.0982f,0f,0.141f,0.99f,1.4246f,-0.0436f,0.9891f,-0.1409f,0.1604f,0f,0f,0f,1f],start_interpolation: 0,interpolation_duration: 1}
$data merge entity $(bone_head) {transformation: [-0.999f,-0.028f,0.0334f,-0.1051f,0f,0.766f,0.6428f,1.25f,-0.0436f,0.6422f,-0.7653f,0.3197f,0f,0f,0f,1f],start_interpolation: 0,interpolation_duration: 1}
execute on vehicle unless entity @s[tag=aj.transforms_only] at @s run function animated_java:mage_hunter/animations/lunge1/zzz/frames/15_root_commands