# This file was generated by Animated Java via MC-Build. It is not recommended to edit this file directly.
$data merge entity $(bone_chest) {transformation: [-0.7338f,-0.2133f,0.6451f,-0.0565f,0.0109f,0.9456f,0.3251f,-0.7362f,-0.6793f,0.2456f,-0.6915f,0.0643f,0f,0f,0f,1f],start_interpolation: 0,interpolation_duration: 1}
$data merge entity $(bone_cape) {transformation: [-0.7338f,-0.2957f,0.6117f,0.1275f,0.0109f,0.8951f,0.4458f,-0.5914f,-0.6793f,0.3338f,-0.6535f,0.19f,0f,0f,0f,1f],start_interpolation: 0,interpolation_duration: 1}
$data merge entity $(bone_saber) {transformation: [-0.5179f,0.353f,1.2238f,-0.691f,1.2563f,-0.0763f,0.5537f,-0.7485f,0.21f,1.3267f,-0.2938f,-0.2653f,0f,0f,0f,1f],start_interpolation: 0,interpolation_duration: 1}
$data merge entity $(bone_right_forearm) {transformation: [-0.3767f,0.8901f,-0.2567f,-0.4215f,0.9137f,0.4027f,0.0555f,-0.6081f,0.1527f,-0.2137f,-0.9649f,-0.3388f,0f,0f,0f,1f],start_interpolation: 0,interpolation_duration: 1}
$data merge entity $(bone_right_arm) {transformation: [-0.4771f,0.3265f,0.8159f,-0.2701f,0.8627f,0.3512f,0.3639f,-0.6171f,-0.1677f,0.8775f,-0.4492f,-0.0711f,0f,0f,0f,1f],start_interpolation: 0,interpolation_duration: 1}
$data merge entity $(bone_short_sword) {transformation: [-0.5035f,0.2071f,1.0318f,-0.3294f,1.0474f,-0.0128f,0.5137f,-0.9279f,0.1025f,1.1481f,-0.1805f,0.4563f,0f,0f,0f,1f],start_interpolation: 0,interpolation_duration: 1}
$data merge entity $(bone_left_forearm) {transformation: [-0.4316f,0.8844f,-0.1776f,-0.1017f,0.8978f,0.4403f,0.011f,-0.8135f,0.0879f,-0.1547f,-0.984f,0.4059f,0f,0f,0f,1f],start_interpolation: 0,interpolation_duration: 1}
$data merge entity $(bone_left_arm) {transformation: [-0.3991f,0.8833f,0.2461f,0.0968f,0.5333f,0.4419f,-0.7213f,-0.6226f,-0.7459f,-0.1566f,-0.6474f,0.2686f,0f,0f,0f,1f],start_interpolation: 0,interpolation_duration: 1}
$data merge entity $(bone_torso) {transformation: [-0.7338f,-0.2412f,0.6352f,0.002f,0.0109f,0.9305f,0.366f,-0.9531f,-0.6793f,0.2755f,-0.6801f,-0.0024f,0f,0f,0f,1f],start_interpolation: 0,interpolation_duration: 1}
$data merge entity $(bone_right_dress) {transformation: [-0.7341f,0.1162f,0.6691f,-0.1411f,0.0232f,0.989f,-0.1463f,-1.1099f,-0.6787f,-0.0919f,-0.7287f,-0.1327f,0f,0f,0f,1f],start_interpolation: 0,interpolation_duration: 1}
$data merge entity $(bone_left_dress) {transformation: [-0.8564f,0.2075f,0.4727f,0.1041f,0.1463f,0.9757f,-0.1631f,-1.1099f,-0.4951f,-0.0705f,-0.866f,0.08f,0f,0f,0f,1f],start_interpolation: 0,interpolation_duration: 1}
$data merge entity $(bone_lower_right_leg) {transformation: [-0.2896f,-0.0959f,0.9523f,-0.1856f,0.2276f,0.9595f,0.1659f,-1.5776f,-0.9297f,0.2648f,-0.256f,-0.1414f,0f,0f,0f,1f],start_interpolation: 0,interpolation_duration: 1}
$data merge entity $(bone_right_leg) {transformation: [-0.2896f,0.2431f,0.9258f,-0.0944f,0.2276f,0.9569f,-0.1801f,-1.2187f,-0.9297f,0.1586f,-0.3324f,-0.0819f,0f,0f,0f,1f],start_interpolation: 0,interpolation_duration: 1}
$data merge entity $(bone_lower_left_leg) {transformation: [-0.9995f,-0.0329f,0.0006f,0.1066f,-0.033f,0.999f,-0.0316f,-1.5871f,0.0005f,-0.0316f,-0.9995f,0.1512f,0f,0f,0f,1f],start_interpolation: 0,interpolation_duration: 1}
$data merge entity $(bone_left_leg) {transformation: [-0.9995f,-0.0325f,0.0056f,0.0944f,-0.033f,0.9823f,-0.1846f,-1.2187f,0.0005f,-0.1847f,-0.9828f,0.0819f,0f,0f,0f,1f],start_interpolation: 0,interpolation_duration: 1}
$data merge entity $(bone_waist) {transformation: [-0.7554f,0f,0.6552f,0f,0f,1f,0f,-0.875f,-0.6552f,0f,-0.7554f,0f,0f,0f,0f,1f],start_interpolation: 0,interpolation_duration: 1}
$data merge entity $(bone_pony_tail) {transformation: [-0.999f,-0.0062f,0.0442f,-0.1165f,0f,0.9902f,0.1393f,-0.4596f,-0.0446f,0.1392f,-0.9893f,-0.0949f,0f,0f,0f,1f],start_interpolation: 0,interpolation_duration: 1}
$data merge entity $(bone_head) {transformation: [-0.999f,-0.0062f,0.0442f,-0.1266f,0f,0.9902f,0.1393f,-0.5232f,-0.0446f,0.1392f,-0.9893f,0.1326f,0f,0f,0f,1f],start_interpolation: 0,interpolation_duration: 1}
data modify entity @s data merge value {"cameras":{},"locators":{"locator":{"posx":-0.014619818074738888,"posy":-0.8760294599342965,"posz":2.2675444446419553,"roty":76.50171598548408,"rotx":23.74483882853266},"locator2":{"posx":0.4699958315352357,"posy":-0.646063621201334,"posz":2.087056535991688,"roty":76.50171598548408,"rotx":23.74483882853266},"locator3":{"posx":0.8829377416189539,"posy":-0.4377970921626727,"posz":1.8596163641253292,"roty":76.50171598548408,"rotx":23.74483882853266},"locator4":{"posx":1.2637900504774051,"posy":-0.22259615282716094,"posz":1.5115645367399517,"roty":76.50171598548408,"rotx":23.74483882853266},"locator5":{"posx":-0.5313250689099804,"posy":-1.0990608883704085,"posz":2.3274206977732046,"roty":76.50171598548408,"rotx":23.74483882853266},"saber_hitbox":{"posx":-0.5061230852196643,"posy":-0.7828221182896593,"posz":0.3956771094724988,"roty":76.50171598548408,"rotx":23.74483882853266},"locator6":{"posx":0.09206723869635569,"posy":-0.9488128707640846,"posz":2.739680588236798,"roty":80.08004075477595,"rotx":26.122003632635618},"locator7":{"posx":0.5784646962970661,"posy":-0.7004678243485813,"posz":2.5911721670599275,"roty":80.08004075477595,"rotx":26.122003632635618},"locator8":{"posx":0.9984877304128996,"posy":-0.47895523912829785,"posz":2.3908278998568058,"roty":80.08004075477595,"rotx":26.122003632635618},"locator9":{"posx":1.396316293776097,"posy":-0.25607207477630933,"posz":2.0674774255710564,"roty":80.08004075477595,"rotx":26.122003632635618},"locator10":{"posx":-0.41652468965699074,"posy":-1.1957873380478827,"posz":2.765182802331041,"roty":80.08004075477595,"rotx":26.122003632635618},"short_sword_hitbox":{"posx":-0.2297525872168673,"posy":-0.9289394733543617,"posz":0.9560905855387065,"roty":80.08004075477595,"rotx":26.122003632635618}}}