# This file was generated by Animated Java via MC-Build. It is not recommended to edit this file directly.
$data merge entity $(bone_chest) {transformation: [-0.7485f,-0.2117f,0.6284f,-0.0559f,0.0074f,0.9449f,0.3272f,-0.7364f,-0.6631f,0.2496f,-0.7057f,0.0654f,0f,0f,0f,1f],start_interpolation: 0,interpolation_duration: 1}
$data merge entity $(bone_cape) {transformation: [-0.7485f,-0.2919f,0.5954f,0.1301f,0.0074f,0.8941f,0.4478f,-0.5907f,-0.6631f,0.3396f,-0.6671f,0.1869f,0f,0f,0f,1f],start_interpolation: 0,interpolation_duration: 1}
$data merge entity $(bone_saber) {transformation: [-0.5313f,0.3576f,1.2168f,-0.7054f,1.2564f,-0.0316f,0.5578f,-0.7626f,0.1731f,1.3273f,-0.3146f,-0.2465f,0f,0f,0f,1f],start_interpolation: 0,interpolation_duration: 1}
$data merge entity $(bone_right_forearm) {transformation: [-0.3864f,0.8849f,-0.2601f,-0.4378f,0.9137f,0.4057f,0.023f,-0.6214f,0.1259f,-0.2288f,-0.9653f,-0.3252f,0f,0f,0f,1f],start_interpolation: 0,interpolation_duration: 1}
$data merge entity $(bone_right_arm) {transformation: [-0.4979f,0.3648f,0.7868f,-0.2729f,0.8493f,0.3887f,0.3572f,-0.6183f,-0.1755f,0.8461f,-0.5034f,-0.0653f,0f,0f,0f,1f],start_interpolation: 0,interpolation_duration: 1}
$data merge entity $(bone_short_sword) {transformation: [-0.5258f,0.2043f,1.0212f,-0.3181f,1.0386f,0.0177f,0.5312f,-0.9346f,0.0775f,1.1485f,-0.1899f,0.4573f,0f,0f,0f,1f],start_interpolation: 0,interpolation_duration: 1}
$data merge entity $(bone_left_forearm) {transformation: [-0.4507f,0.8753f,-0.1751f,-0.0927f,0.8902f,0.4553f,-0.0152f,-0.8166f,0.0664f,-0.1628f,-0.9844f,0.4048f,0f,0f,0f,1f],start_interpolation: 0,interpolation_duration: 1}
$data merge entity $(bone_left_arm) {transformation: [-0.4152f,0.8745f,0.2507f,0.1013f,0.5297f,0.4565f,-0.7149f,-0.622f,-0.7396f,-0.164f,-0.6527f,0.2662f,0f,0f,0f,1f],start_interpolation: 0,interpolation_duration: 1}
$data merge entity $(bone_torso) {transformation: [-0.7485f,-0.2389f,0.6186f,0.002f,0.0074f,0.9297f,0.3681f,-0.9531f,-0.6631f,0.2801f,-0.6941f,-0.0024f,0f,0f,0f,1f],start_interpolation: 0,interpolation_duration: 1}
$data merge entity $(bone_right_dress) {transformation: [-0.7416f,0.1128f,0.6613f,-0.1426f,0.0266f,0.9899f,-0.1391f,-1.1099f,-0.6703f,-0.0855f,-0.7371f,-0.1311f,0f,0f,0f,1f],start_interpolation: 0,interpolation_duration: 1}
$data merge entity $(bone_left_dress) {transformation: [-0.8625f,0.2034f,0.4634f,0.1051f,0.1415f,0.9761f,-0.165f,-1.1099f,-0.4859f,-0.0768f,-0.8707f,0.0788f,0f,0f,0f,1f],start_interpolation: 0,interpolation_duration: 1}
$data merge entity $(bone_lower_right_leg) {transformation: [-0.308f,-0.0873f,0.9474f,-0.1869f,0.2338f,0.9583f,0.1644f,-1.5774f,-0.9222f,0.2722f,-0.2748f,-0.1412f,0f,0f,0f,1f],start_interpolation: 0,interpolation_duration: 1}
$data merge entity $(bone_right_leg) {transformation: [-0.308f,0.2441f,0.9195f,-0.0954f,0.2338f,0.9563f,-0.1756f,-1.2187f,-0.9222f,0.1609f,-0.3517f,-0.0808f,0f,0f,0f,1f],start_interpolation: 0,interpolation_duration: 1}
$data merge entity $(bone_lower_left_leg) {transformation: [-0.9994f,-0.0333f,0.0005f,0.1077f,-0.0333f,0.999f,-0.0303f,-1.5868f,0.0005f,-0.0303f,-0.9995f,0.1514f,0f,0f,0f,1f],start_interpolation: 0,interpolation_duration: 1}
$data merge entity $(bone_left_leg) {transformation: [-0.9994f,-0.0328f,0.0058f,0.0954f,-0.0333f,0.9816f,-0.1881f,-1.2187f,0.0005f,-0.1882f,-0.9821f,0.0808f,0f,0f,0f,1f],start_interpolation: 0,interpolation_duration: 1}
$data merge entity $(bone_waist) {transformation: [-0.763f,0f,0.6464f,0f,0f,1f,0f,-0.875f,-0.6464f,0f,-0.763f,0f,0f,0f,0f,1f],start_interpolation: 0,interpolation_duration: 1}
$data merge entity $(bone_pony_tail) {transformation: [-0.999f,-0.0066f,0.0434f,-0.1128f,0f,0.9888f,0.1495f,-0.4595f,-0.0439f,0.1494f,-0.9878f,-0.0912f,0f,0f,0f,1f],start_interpolation: 0,interpolation_duration: 1}
$data merge entity $(bone_head) {transformation: [-0.999f,-0.0066f,0.0434f,-0.1227f,0f,0.9888f,0.1495f,-0.5255f,-0.0439f,0.1494f,-0.9878f,0.1356f,0f,0f,0f,1f],start_interpolation: 0,interpolation_duration: 1}
data modify entity @s data merge value {"cameras":{},"locators":{"locator":{"posx":-0.020349529491060614,"posy":-0.8047330537485786,"posz":2.286831953913243,"roty":75.50428551194271,"rotx":23.935061369129073},"locator2":{"posx":0.4611556796033036,"posy":-0.5750899537309222,"posz":2.0978100498140804,"roty":75.50428551194271,"rotx":23.935061369129073},"locator3":{"posx":0.8710975138362129,"posy":-0.3693668637584456,"posz":1.8627553693715622,"roty":75.50428551194271,"rotx":23.935061369129073},"locator4":{"posx":1.2485263151373762,"posy":-0.16077117186376144,"posz":1.5070373106911723,"roty":75.50428551194271,"rotx":23.935061369129073},"locator5":{"posx":-0.5343677715171713,"posy":-1.0315035518440276,"posz":2.355190479774534,"roty":75.50428551194271,"rotx":23.935061369129073},"saber_hitbox":{"posx":-0.5182645338104399,"posy":-0.7744845507457532,"posz":0.41458302090120347,"roty":75.50428551194271,"rotx":23.935061369129073},"locator6":{"posx":0.09774311801175928,"posy":-0.8945524466187322,"posz":2.741512599010714,"roty":79.46601812575142,"rotx":27.086684255874875},"locator7":{"posx":0.5791606884976758,"posy":-0.6393755803159478,"posz":2.588429648518739,"roty":79.46601812575142,"rotx":27.086684255874875},"locator8":{"posx":0.9949247042325818,"posy":-0.4136081016433045,"posz":2.3839930353747567,"roty":79.46601812575142,"rotx":27.086684255874875},"locator9":{"posx":1.3887958355128522,"posy":-0.1897421474443589,"posz":2.056503239358766,"roty":79.46601812575142,"rotx":27.086684255874875},"locator10":{"posx":-0.4055673369287925,"posy":-1.1516308373952144,"posz":2.7715423666306807,"roty":79.46601812575142,"rotx":27.086684255874875},"short_sword_hitbox":{"posx":-0.21970370658045288,"posy":-0.9221245514873462,"posz":0.9572414473665938,"roty":79.46601812575142,"rotx":27.086684255874875}}}
execute on vehicle unless entity @s[tag=aj.transforms_only] at @s run function animated_java:mage_hunter/animations/lunge1/zzz/frames/16_root_commands