# This file was generated by Animated Java via MC-Build. It is not recommended to edit this file directly.
$data merge entity $(bone_chest) {transformation: [-0.9711f,-0.2327f,0.0528f,-0.0532f,-0.1482f,0.7615f,0.631f,-0.8517f,-0.1871f,0.6049f,-0.774f,0.1495f,0f,0f,0f,1f],start_interpolation: 0,interpolation_duration: 1}
$data merge entity $(bone_cape) {transformation: [-0.9711f,-0.1883f,-0.1467f,0.1335f,-0.1482f,-0.0061f,0.9889f,-0.6716f,-0.1871f,0.9821f,-0.022f,0.2072f,0f,0f,0f,1f],start_interpolation: 0,interpolation_duration: 1}
$data merge entity $(bone_saber) {transformation: [-1.1996f,0.2313f,0.6309f,-0.5047f,0.6662f,0.2409f,1.1784f,-0.9605f,0.0877f,1.3338f,-0.3223f,0.7342f,0f,0f,0f,1f],start_interpolation: 0,interpolation_duration: 1}
$data merge entity $(bone_right_forearm) {transformation: [-0.8725f,0.1503f,-0.465f,-0.4758f,0.4845f,0.3902f,-0.7829f,-0.8386f,0.0637f,-0.9084f,-0.4133f,0.4477f,0f,0f,0f,1f],start_interpolation: 0,interpolation_duration: 1}
$data merge entity $(bone_right_arm) {transformation: [-0.9132f,0.1294f,-0.3864f,-0.3253f,0.4071f,0.3285f,-0.8523f,-0.7971f,0.0167f,-0.9356f,-0.3527f,0.1825f,0f,0f,0f,1f],start_interpolation: 0,interpolation_duration: 1}
$data merge entity $(bone_short_sword) {transformation: [-0.9914f,-0.0154f,0.6148f,0.0049f,0.5942f,0.2766f,0.9651f,-1.1348f,-0.1585f,1.1333f,-0.2272f,0.7668f,0f,0f,0f,1f],start_interpolation: 0,interpolation_duration: 1}
$data merge entity $(bone_left_forearm) {transformation: [-0.8498f,0.45f,-0.2745f,0.1188f,0.5093f,0.5668f,-0.6476f,-0.9944f,-0.1359f,-0.6901f,-0.7109f,0.5803f,0f,0f,0f,1f],start_interpolation: 0,interpolation_duration: 1}
$data merge entity $(bone_left_arm) {transformation: [-0.8355f,0.4889f,-0.2509f,0.1519f,0.5153f,0.5387f,-0.6665f,-0.7785f,-0.1907f,-0.6862f,-0.702f,0.3635f,0f,0f,0f,1f],start_interpolation: 0,interpolation_duration: 1}
$data merge entity $(bone_torso) {transformation: [-0.9711f,-0.2348f,0.0426f,0.002f,-0.1482f,0.7333f,0.6636f,-1.0215f,-0.1871f,0.6381f,-0.7469f,-0.0024f,0f,0f,0f,1f],start_interpolation: 0,interpolation_duration: 1}
$data merge entity $(bone_right_dress) {transformation: [-0.6422f,0.2236f,0.7332f,-0.1429f,0.4131f,0.9067f,0.0853f,-1.1783f,-0.6457f,0.3577f,-0.6747f,-0.1308f,0f,0f,0f,1f],start_interpolation: 0,interpolation_duration: 1}
$data merge entity $(bone_left_dress) {transformation: [-0.9222f,0.0159f,0.3863f,0.1052f,-0.1735f,0.8759f,-0.4501f,-1.1783f,-0.3456f,-0.4821f,-0.8051f,0.0785f,0f,0f,0f,1f],start_interpolation: 0,interpolation_duration: 1}
$data merge entity $(bone_lower_right_leg) {transformation: [-0.1622f,0.0032f,0.9868f,-0.2301f,0.6236f,0.7753f,0.1f,-1.5718f,-0.7647f,0.6316f,-0.1278f,-0.2842f,0f,0f,0f,1f],start_interpolation: 0,interpolation_duration: 1}
$data merge entity $(bone_right_leg) {transformation: [-0.1622f,0.3587f,0.9193f,-0.0956f,0.6236f,0.7592f,-0.1862f,-1.2871f,-0.7647f,0.5431f,-0.3468f,-0.0806f,0f,0f,0f,1f],start_interpolation: 0,interpolation_duration: 1}
$data merge entity $(bone_lower_left_leg) {transformation: [-0.9994f,-0.0327f,-0.0149f,0.1089f,-0.033f,0.9993f,0.0191f,-1.6083f,0.0143f,0.0196f,-0.9997f,0.2736f,0f,0f,0f,1f],start_interpolation: 0,interpolation_duration: 1}
$data merge entity $(bone_left_leg) {transformation: [-0.9994f,-0.0356f,0.0047f,0.0956f,-0.033f,0.8566f,-0.515f,-1.2871f,0.0143f,-0.5148f,-0.8572f,0.0806f,0f,0f,0f,1f],start_interpolation: 0,interpolation_duration: 1}
$data merge entity $(bone_waist) {transformation: [-0.7644f,0f,0.6447f,0f,0f,1f,0f,-0.9434f,-0.6447f,0f,-0.7644f,0f,0f,0f,0f,1f],start_interpolation: 0,interpolation_duration: 1}
$data merge entity $(bone_pony_tail) {transformation: [-0.9989f,-0.0476f,0.0025f,-0.0961f,0.0121f,-0.2027f,0.9792f,-0.5527f,-0.0461f,0.9781f,0.203f,0.1863f,0f,0f,0f,1f],start_interpolation: 0,interpolation_duration: 1}
$data merge entity $(bone_head) {transformation: [-0.9989f,-0.0226f,0.042f,-0.1053f,0.0121f,0.7319f,0.6813f,-0.7352f,-0.0461f,0.6811f,-0.7308f,0.3363f,0f,0f,0f,1f],start_interpolation: 0,interpolation_duration: 1}
execute on vehicle unless entity @s[tag=aj.transforms_only] at @s run function animated_java:mage_hunter/animations/lunge1/zzz/frames/17_root_commands