# This file was generated by Animated Java via MC-Build. It is not recommended to edit this file directly.
$data merge entity $(bone_chest) {transformation: [-0.9739f,-0.2232f,0.0406f,-0.0508f,-0.1482f,0.7615f,0.631f,1.1171f,-0.1717f,0.6085f,-0.7748f,0.1503f,0f,0f,0f,1f],start_interpolation: 0,interpolation_duration: 1}
$data merge entity $(bone_cape) {transformation: [-0.9739f,-0.1727f,-0.147f,0.1368f,-0.1482f,-0.0061f,0.9889f,1.2971f,-0.1717f,0.985f,-0.0197f,0.205f,0f,0f,0f,1f],start_interpolation: 0,interpolation_duration: 1}
$data merge entity $(bone_saber) {transformation: [-1.1981f,0.2523f,0.6257f,-0.493f,0.6662f,0.2409f,1.1784f,1.0083f,0.1066f,1.33f,-0.3322f,0.7421f,0f,0f,0f,1f],start_interpolation: 0,interpolation_duration: 1}
$data merge entity $(bone_right_forearm) {transformation: [-0.8713f,0.1359f,-0.4715f,-0.4687f,0.4845f,0.3902f,-0.7829f,1.1302f,0.0775f,-0.9106f,-0.4059f,0.4552f,0f,0f,0f,1f],start_interpolation: 0,interpolation_duration: 1}
$data merge entity $(bone_right_arm) {transformation: [-0.9129f,0.1145f,-0.3919f,-0.3224f,0.4071f,0.3285f,-0.8523f,1.1717f,0.0311f,-0.9375f,-0.3465f,0.1876f,0f,0f,0f,1f],start_interpolation: 0,interpolation_duration: 1}
$data merge entity $(bone_short_sword) {transformation: [-0.9938f,0.0025f,0.6111f,0.017f,0.5942f,0.2766f,0.9651f,0.834f,-0.1428f,1.1334f,-0.2369f,0.7667f,0f,0f,0f,1f],start_interpolation: 0,interpolation_duration: 1}
$data merge entity $(bone_left_forearm) {transformation: [-0.8518f,0.4391f,-0.2857f,0.128f,0.5093f,0.5668f,-0.6476f,0.9743f,-0.1224f,-0.6971f,-0.7064f,0.5784f,0f,0f,0f,1f],start_interpolation: 0,interpolation_duration: 1}
$data merge entity $(bone_left_arm) {transformation: [-0.8384f,0.4779f,-0.262f,0.1576f,0.5153f,0.5387f,-0.6665f,1.1903f,-0.1774f,-0.6938f,-0.698f,0.3611f,0f,0f,0f,1f],start_interpolation: 0,interpolation_duration: 1}
$data merge entity $(bone_torso) {transformation: [-0.9739f,-0.2247f,0.0308f,0.002f,-0.1482f,0.7333f,0.6636f,0.9473f,-0.1717f,0.6417f,-0.7475f,-0.0024f,0f,0f,0f,1f],start_interpolation: 0,interpolation_duration: 1}
$data merge entity $(bone_right_dress) {transformation: [-0.6524f,0.2293f,0.7224f,-0.145f,0.4131f,0.9067f,0.0853f,0.7905f,-0.6354f,0.3541f,-0.6862f,-0.1285f,0f,0f,0f,1f],start_interpolation: 0,interpolation_duration: 1}
$data merge entity $(bone_left_dress) {transformation: [-0.9276f,0.0083f,0.3736f,0.1065f,-0.1735f,0.8759f,-0.4501f,0.7905f,-0.331f,-0.4823f,-0.8111f,0.0769f,0f,0f,0f,1f],start_interpolation: 0,interpolation_duration: 1}
$data merge entity $(bone_lower_right_leg) {transformation: [-0.1743f,0.0132f,0.9846f,-0.2345f,0.6236f,0.7753f,0.1f,0.3969f,-0.7621f,0.6314f,-0.1434f,-0.2806f,0f,0f,0f,1f],start_interpolation: 0,interpolation_duration: 1}
$data merge entity $(bone_right_leg) {transformation: [-0.1743f,0.3672f,0.9137f,-0.0968f,0.6236f,0.7592f,-0.1862f,0.6816f,-0.7621f,0.5373f,-0.3613f,-0.0791f,0f,0f,0f,1f],start_interpolation: 0,interpolation_duration: 1}
$data merge entity $(bone_lower_left_leg) {transformation: [-0.999f,-0.0324f,-0.0307f,0.1132f,-0.033f,0.9993f,0.0191f,0.3604f,0.0301f,0.0201f,-0.9993f,0.2719f,0f,0f,0f,1f],start_interpolation: 0,interpolation_duration: 1}
$data merge entity $(bone_left_leg) {transformation: [-0.999f,-0.0437f,-0.0088f,0.0968f,-0.033f,0.8566f,-0.515f,0.6816f,0.0301f,-0.5142f,-0.8572f,0.0791f,0f,0f,0f,1f],start_interpolation: 0,interpolation_duration: 1}
$data merge entity $(bone_waist) {transformation: [-0.7745f,0f,0.6325f,0f,0f,1f,0f,1.0254f,-0.6325f,0f,-0.7745f,0f,0f,0f,0f,1f],start_interpolation: 0,interpolation_duration: 1}
$data merge entity $(bone_pony_tail) {transformation: [-0.9995f,-0.0322f,0.0057f,-0.0932f,0.0121f,-0.2027f,0.9792f,1.4161f,-0.0303f,0.9787f,0.203f,0.1878f,0f,0f,0f,1f],start_interpolation: 0,interpolation_duration: 1}
$data merge entity $(bone_head) {transformation: [-0.9995f,-0.0118f,0.0304f,-0.0999f,0.0121f,0.7319f,0.6813f,1.2335f,-0.0303f,0.6814f,-0.7313f,0.3379f,0f,0f,0f,1f],start_interpolation: 0,interpolation_duration: 1}
execute on vehicle unless entity @s[tag=aj.transforms_only] at @s run function animated_java:mage_hunter/animations/lunge1/zzz/frames/17_root_commands