# This file was generated by Animated Java via MC-Build. It is not recommended to edit this file directly.
$data merge entity $(bone_chest) {transformation: [-0.925f,-0.2825f,0.2542f,-0.0675f,-0.1035f,0.8309f,0.5467f,-0.81f,-0.3657f,0.4794f,-0.7978f,0.1204f,0f,0f,0f,1f],start_interpolation: 0,interpolation_duration: 1}
$data merge entity $(bone_cape) {transformation: [-0.925f,-0.3133f,0.2152f,0.1186f,-0.1035f,0.7524f,0.6505f,-0.6374f,-0.3657f,0.5794f,-0.7284f,0.1992f,0f,0f,0f,1f],start_interpolation: 0,interpolation_duration: 1}
$data merge entity $(bone_saber) {transformation: [-1.0439f,0.1733f,0.8779f,-0.7135f,0.8905f,0.3345f,0.9928f,-1.0167f,-0.0884f,1.3224f,-0.3662f,0.4586f,0f,0f,0f,1f],start_interpolation: 0,interpolation_duration: 1}
$data merge entity $(bone_right_forearm) {transformation: [-0.7592f,0.4635f,-0.4569f,-0.5851f,0.6476f,0.4686f,-0.6008f,-0.8661f,-0.0643f,-0.7521f,-0.6559f,0.2166f,0f,0f,0f,1f],start_interpolation: 0,interpolation_duration: 1}
$data merge entity $(bone_right_arm) {transformation: [-0.8308f,0.5186f,-0.2019f,-0.3354f,0.5501f,0.7103f,-0.4393f,-0.7351f,-0.0844f,-0.476f,-0.8754f,0.0932f,0f,0f,0f,1f],start_interpolation: 0,interpolation_duration: 1}
$data merge entity $(bone_short_sword) {transformation: [-0.8286f,0.0402f,0.8203f,-0.1503f,0.8036f,0.2803f,0.798f,-1.0665f,-0.1696f,1.1318f,-0.2268f,0.6781f,0f,0f,0f,1f],start_interpolation: 0,interpolation_duration: 1}
$data merge entity $(bone_left_forearm) {transformation: [-0.7102f,0.6435f,-0.2854f,0.0138f,0.6888f,0.5515f,-0.4705f,-0.9282f,-0.1454f,-0.5307f,-0.835f,0.5316f,0f,0f,0f,1f],start_interpolation: 0,interpolation_duration: 1}
$data merge entity $(bone_left_arm) {transformation: [-0.7446f,0.6656f,-0.05f,0.1079f,0.5219f,0.5338f,-0.6653f,-0.7129f,-0.4162f,-0.5215f,-0.7449f,0.3329f,0f,0f,0f,1f],start_interpolation: 0,interpolation_duration: 1}
$data merge entity $(bone_torso) {transformation: [-0.925f,-0.2933f,0.2416f,0.002f,-0.1035f,0.8063f,0.5824f,-0.9971f,-0.3657f,0.5137f,-0.7761f,-0.0024f,0f,0f,0f,1f],start_interpolation: 0,interpolation_duration: 1}
$data merge entity $(bone_right_dress) {transformation: [-0.6902f,0.187f,0.699f,-0.1427f,0.2814f,0.9594f,0.0211f,-1.1539f,-0.6667f,0.2113f,-0.7148f,-0.1311f,0f,0f,0f,1f],start_interpolation: 0,interpolation_duration: 1}
$data merge entity $(bone_left_dress) {transformation: [-0.9112f,0.0833f,0.4035f,0.1051f,-0.0679f,0.9356f,-0.3464f,-1.1539f,-0.4064f,-0.343f,-0.8469f,0.0787f,0f,0f,0f,1f],start_interpolation: 0,interpolation_duration: 1}
$data merge entity $(bone_lower_right_leg) {transformation: [-0.2383f,-0.0123f,0.9711f,-0.2172f,0.5023f,0.8542f,0.1341f,-1.5806f,-0.8312f,0.5198f,-0.1974f,-0.238f,0f,0f,0f,1f],start_interpolation: 0,interpolation_duration: 1}
$data merge entity $(bone_right_leg) {transformation: [-0.2383f,0.3249f,0.9152f,-0.0954f,0.5023f,0.8478f,-0.1701f,-1.2627f,-0.8312f,0.4192f,-0.3653f,-0.0808f,0f,0f,0f,1f],start_interpolation: 0,interpolation_duration: 1}
$data merge entity $(bone_lower_left_leg) {transformation: [-0.9994f,-0.0334f,0.004f,0.1062f,-0.0334f,0.9994f,0.0026f,-1.6053f,-0.0041f,0.0025f,-1f,0.2329f,0f,0f,0f,1f],start_interpolation: 0,interpolation_duration: 1}
$data merge entity $(bone_left_leg) {transformation: [-0.9994f,-0.0289f,0.0173f,0.0954f,-0.0334f,0.9136f,-0.4053f,-1.2627f,-0.0041f,-0.4056f,-0.914f,0.0808f,0f,0f,0f,1f],start_interpolation: 0,interpolation_duration: 1}
$data merge entity $(bone_waist) {transformation: [-0.7631f,0f,0.6462f,0f,0f,1f,0f,-0.919f,-0.6462f,0f,-0.7631f,0f,0f,0f,0f,1f],start_interpolation: 0,interpolation_duration: 1}
$data merge entity $(bone_pony_tail) {transformation: [-0.9991f,-0.0256f,0.0349f,-0.1035f,-0.0039f,0.8562f,0.5166f,-0.5154f,-0.0431f,0.5159f,-0.8555f,0.0827f,0f,0f,0f,1f],start_interpolation: 0,interpolation_duration: 1}
$data merge entity $(bone_head) {transformation: [-0.9991f,-0.0256f,0.0349f,-0.1109f,-0.0039f,0.8562f,0.5166f,-0.6632f,-0.0431f,0.5159f,-0.8555f,0.2671f,0f,0f,0f,1f],start_interpolation: 0,interpolation_duration: 1}
execute on vehicle unless entity @s[tag=aj.transforms_only] positioned ^-0.6286983705 ^-0.8578438183 ^1.0567812098 rotated ~67.3565175558 ~46.2256112456 run function animated_java:mage_hunter/animations/lunge1/zzz/frames/19_locator_commands
execute on vehicle unless entity @s[tag=aj.transforms_only] positioned ^-0.127534741 ^-0.9519561509 ^1.1097257408 rotated ~74.5480800705 ~43.1563291502 run function animated_java:mage_hunter/animations/lunge1/zzz/frames/19_locator_commands
data modify entity @s data merge value {"cameras":{},"locators":{"body_hitbox":{"posx":-0.055117142317716986,"posy":-1.0081272994624235,"posz":0.1452663732080361,"roty":17.673745928419947,"rotx":33.142121165562635},"flame":{"posx":-0.38846405506988235,"posy":-0.3611423775455058,"posz":2.9792325857712174,"roty":67.35651755584408,"rotx":46.22561124560896},"flame1":{"posx":-0.03718934488139525,"posy":0.02981604687121231,"posz":2.7693038160430263,"roty":67.35651755584408,"rotx":46.22561124560896},"flame2":{"posx":0.26630146144746025,"posy":0.36043943047459637,"posz":2.5159137833098693,"roty":67.35651755584408,"rotx":46.22561124560896},"flame3":{"posx":0.5540361828666766,"posy":0.6606514254973233,"posz":2.142307723222134,"roty":67.35651755584408,"rotx":46.22561124560896},"flame4":{"posx":-0.7554948501680083,"posy":-0.782512190542881,"posz":3.0689453281448316,"roty":67.35651755584408,"rotx":46.22561124560896},"saber_hitbox":{"posx":-0.6286983705052983,"posy":-0.8578438183226458,"posz":1.0567812097821676,"roty":67.35651755584408,"rotx":46.22561124560896},"flame5":{"posx":-0.06297599957636284,"posy":-0.501466372354211,"posz":2.928658430170021,"roty":74.5480800705372,"rotx":43.15632915022674},"flame6":{"posx":0.33037833294067964,"posy":-0.13173759927570639,"posz":2.7587010724359824,"roty":74.5480800705372,"rotx":43.15632915022674},"flame7":{"posx":0.6776355640130926,"posy":0.18022539240201607,"posz":2.540259988178908,"roty":74.5480800705372,"rotx":43.15632915022674},"flame8":{"posx":1.020588878988581,"posy":0.46215573217403105,"posz":2.200556724633561,"roty":74.5480800705372,"rotx":43.15632915022674},"flame9":{"posx":-0.4606342481903297,"posy":-0.9012277973384232,"posz":2.9773536086157852,"roty":74.5480800705372,"rotx":43.15632915022674},"short_sword_hitbox":{"posx":-0.12753474103022933,"posy":-0.9519561509398213,"posz":1.109725740845926,"roty":74.5480800705372,"rotx":43.15632915022674}}}
execute on vehicle unless entity @s[tag=aj.transforms_only] at @s run function animated_java:mage_hunter/animations/lunge1/zzz/frames/19_root_commands