# This file was generated by Animated Java via MC-Build. It is not recommended to edit this file directly.
$data merge entity $(bone_chest) {transformation: [-0.9784f,-0.2064f,0.0096f,-0.0465f,-0.1512f,0.7467f,0.6477f,1.1114f,-0.1408f,0.6323f,-0.7618f,0.1557f,0f,0f,0f,1f],start_interpolation: 0,interpolation_duration: 1}
$data merge entity $(bone_cape) {transformation: [-0.9784f,-0.1194f,-0.1686f,0.1418f,-0.1512f,-0.1422f,0.9782f,1.2915f,-0.1408f,0.9826f,0.1211f,0.2077f,0f,0f,0f,1f],start_interpolation: 0,interpolation_duration: 1}
$data merge entity $(bone_saber) {transformation: [-1.1734f,0.3375f,0.6323f,-0.4511f,0.6969f,0.2542f,1.1577f,1.0208f,0.1672f,1.3085f,-0.388f,0.7739f,0f,0f,0f,1f],start_interpolation: 0,interpolation_duration: 1}
$data merge entity $(bone_right_forearm) {transformation: [-0.8534f,0.0768f,-0.5156f,-0.4454f,0.5069f,0.353f,-0.7864f,1.1314f,0.1216f,-0.9325f,-0.3402f,0.4815f,0f,0f,0f,1f],start_interpolation: 0,interpolation_duration: 1}
$data merge entity $(bone_right_arm) {transformation: [-0.904f,0.055f,-0.4239f,-0.3169f,0.4199f,0.3001f,-0.8565f,1.1633f,0.0801f,-0.9523f,-0.2944f,0.2036f,0f,0f,0f,1f],start_interpolation: 0,interpolation_duration: 1}
$data merge entity $(bone_short_sword) {transformation: [-0.9829f,0.07f,0.6245f,0.0427f,0.6218f,0.2771f,0.9475f,0.8343f,-0.0915f,1.1311f,-0.2708f,0.7826f,0f,0f,0f,1f],start_interpolation: 0,interpolation_duration: 1}
$data merge entity $(bone_left_forearm) {transformation: [-0.8425f,0.4117f,-0.3473f,0.1459f,0.5329f,0.5433f,-0.6487f,0.9685f,-0.0784f,-0.7316f,-0.6772f,0.5857f,0f,0f,0f,1f],start_interpolation: 0,interpolation_duration: 1}
$data merge entity $(bone_left_arm) {transformation: [-0.8332f,0.451f,-0.32f,0.1686f,0.5355f,0.5134f,-0.6706f,1.1799f,-0.1382f,-0.7301f,-0.6693f,0.3631f,0f,0f,0f,1f],start_interpolation: 0,interpolation_duration: 1}
$data merge entity $(bone_torso) {transformation: [-0.9784f,-0.2066f,0.0005f,0.0019f,-0.1512f,0.7178f,0.6797f,0.9453f,-0.1408f,0.6649f,-0.7335f,-0.0025f,0f,0f,0f,1f],start_interpolation: 0,interpolation_duration: 1}
$data merge entity $(bone_right_dress) {transformation: [-0.6542f,0.248f,0.7145f,-0.1471f,0.432f,0.898f,0.0838f,0.7885f,-0.6209f,0.3635f,-0.6946f,-0.1261f,0f,0f,0f,1f],start_interpolation: 0,interpolation_duration: 1}
$data merge entity $(bone_left_dress) {transformation: [-0.935f,-0.0077f,0.3547f,0.1077f,-0.1842f,0.865f,-0.4668f,0.7885f,-0.3032f,-0.5017f,-0.8101f,0.0751f,0f,0f,0f,1f],start_interpolation: 0,interpolation_duration: 1}
$data merge entity $(bone_lower_right_leg) {transformation: [-0.1596f,0.0248f,0.9869f,-0.2422f,0.6312f,0.7712f,0.0827f,0.3992f,-0.759f,0.6361f,-0.1387f,-0.2804f,0f,0f,0f,1f],start_interpolation: 0,interpolation_duration: 1}
$data merge entity $(bone_right_leg) {transformation: [-0.1596f,0.3843f,0.9093f,-0.0981f,0.6312f,0.7479f,-0.2053f,0.6797f,-0.759f,0.5412f,-0.3619f,-0.0774f,0f,0f,0f,1f],start_interpolation: 0,interpolation_duration: 1}
$data merge entity $(bone_lower_left_leg) {transformation: [-0.9967f,-0.0306f,-0.0747f,0.123f,-0.0322f,0.9993f,0.0196f,0.3618f,0.074f,0.0219f,-0.997f,0.2749f,0f,0f,0f,1f],start_interpolation: 0,interpolation_duration: 1}
$data merge entity $(bone_left_leg) {transformation: [-0.9967f,-0.0664f,-0.0458f,0.0981f,-0.0322f,0.8476f,-0.5297f,0.6797f,0.074f,-0.5265f,-0.847f,0.0774f,0f,0f,0f,1f],start_interpolation: 0,interpolation_duration: 1}
$data merge entity $(bone_waist) {transformation: [-0.785f,0f,0.6195f,0f,0f,1f,0f,1.0234f,-0.6195f,0f,-0.785f,0f,0f,0f,0f,1f],start_interpolation: 0,interpolation_duration: 1}
$data merge entity $(bone_pony_tail) {transformation: [-0.9995f,-0.0192f,0.0253f,-0.0878f,0.03f,-0.3041f,0.9522f,1.415f,-0.0106f,0.9525f,0.3045f,0.1992f,0f,0f,0f,1f],start_interpolation: 0,interpolation_duration: 1}
$data merge entity $(bone_head) {transformation: [-0.9995f,0.0141f,0.0285f,-0.0949f,0.03f,0.7175f,0.6959f,1.2295f,-0.0106f,0.6964f,-0.7176f,0.3456f,0f,0f,0f,1f],start_interpolation: 0,interpolation_duration: 1}
execute on vehicle unless entity @s[tag=aj.transforms_only] at @s run function animated_java:mage_hunter/animations/lunge1/zzz/frames/19_root_commands