# This file was generated by Animated Java via MC-Build. It is not recommended to edit this file directly.
$data merge entity $(bone_chest) {transformation: [-0.98f,-0.1992f,0.0016f,-0.0447f,-0.1504f,0.7452f,0.6496f,1.1115f,-0.1306f,0.6363f,-0.7603f,0.1566f,0f,0f,0f,1f],start_interpolation: 0,interpolation_duration: 1}
$data merge entity $(bone_cape) {transformation: [-0.98f,-0.107f,-0.1681f,0.1441f,-0.1504f,-0.156f,0.9762f,1.2915f,-0.1306f,0.982f,0.1368f,0.207f,0f,0f,0f,1f],start_interpolation: 0,interpolation_duration: 1}
$data merge entity $(bone_saber) {transformation: [-1.1609f,0.3707f,0.6368f,-0.4413f,0.7128f,0.2635f,1.1459f,1.0193f,0.1869f,1.2976f,-0.4146f,0.7794f,0f,0f,0f,1f],start_interpolation: 0,interpolation_duration: 1}
$data merge entity $(bone_right_forearm) {transformation: [-0.8443f,0.0628f,-0.5322f,-0.44f,0.5184f,0.3476f,-0.7813f,1.1285f,0.136f,-0.9355f,-0.326f,0.4864f,0f,0f,0f,1f],start_interpolation: 0,interpolation_duration: 1}
$data merge entity $(bone_right_arm) {transformation: [-0.8978f,0.0468f,-0.438f,-0.3146f,0.4293f,0.3152f,-0.8464f,1.1634f,0.0984f,-0.9479f,-0.3031f,0.2075f,0f,0f,0f,1f],start_interpolation: 0,interpolation_duration: 1}
$data merge entity $(bone_short_sword) {transformation: [-0.973f,0.0998f,0.636f,0.0492f,0.6399f,0.2758f,0.9357f,0.8362f,-0.0703f,1.1292f,-0.2848f,0.7831f,0f,0f,0f,1f],start_interpolation: 0,interpolation_duration: 1}
$data merge entity $(bone_left_forearm) {transformation: [-0.834f,0.4073f,-0.3723f,0.151f,0.5485f,0.5382f,-0.64f,0.9692f,-0.0603f,-0.7379f,-0.6722f,0.5846f,0f,0f,0f,1f],start_interpolation: 0,interpolation_duration: 1}
$data merge entity $(bone_left_arm) {transformation: [-0.8307f,0.446f,-0.3332f,0.1726f,0.5415f,0.5082f,-0.6697f,1.1798f,-0.1293f,-0.7368f,-0.6637f,0.3612f,0f,0f,0f,1f],start_interpolation: 0,interpolation_duration: 1}
$data merge entity $(bone_torso) {transformation: [-0.98f,-0.1991f,-0.0071f,0.0019f,-0.1504f,0.7162f,0.6815f,0.9458f,-0.1306f,0.6689f,-0.7318f,-0.0025f,0f,0f,0f,1f],start_interpolation: 0,interpolation_duration: 1}
$data merge entity $(bone_right_dress) {transformation: [-0.6628f,0.2554f,0.7039f,-0.1489f,0.432f,0.8982f,0.0809f,0.789f,-0.6116f,0.3577f,-0.7057f,-0.124f,0f,0f,0f,1f],start_interpolation: 0,interpolation_duration: 1}
$data merge entity $(bone_left_dress) {transformation: [-0.9397f,-0.014f,0.3418f,0.1088f,-0.1829f,0.865f,-0.4673f,0.789f,-0.2891f,-0.5016f,-0.8154f,0.0735f,0f,0f,0f,1f],start_interpolation: 0,interpolation_duration: 1}
$data merge entity $(bone_lower_right_leg) {transformation: [-0.166f,0.0352f,0.9855f,-0.2466f,0.6286f,0.7738f,0.0782f,0.3994f,-0.7598f,0.6325f,-0.1505f,-0.2762f,0f,0f,0f,1f],start_interpolation: 0,interpolation_duration: 1}
$data merge entity $(bone_right_leg) {transformation: [-0.166f,0.393f,0.9044f,-0.0992f,0.6286f,0.7488f,-0.2101f,0.6802f,-0.7598f,0.5337f,-0.3713f,-0.076f,0f,0f,0f,1f],start_interpolation: 0,interpolation_duration: 1}
$data merge entity $(bone_lower_left_leg) {transformation: [-0.9949f,-0.03f,-0.0962f,0.1283f,-0.0319f,0.9993f,0.019f,0.3623f,0.0955f,0.022f,-0.9952f,0.2728f,0f,0f,0f,1f],start_interpolation: 0,interpolation_duration: 1}
$data merge entity $(bone_left_leg) {transformation: [-0.9949f,-0.0776f,-0.0642f,0.0992f,-0.0319f,0.8477f,-0.5294f,0.6802f,0.0955f,-0.5247f,-0.8459f,0.076f,0f,0f,0f,1f],start_interpolation: 0,interpolation_duration: 1}
$data merge entity $(bone_waist) {transformation: [-0.7936f,0f,0.6084f,0f,0f,1f,0f,1.0239f,-0.6084f,0f,-0.7936f,0f,0f,0f,0f,1f],start_interpolation: 0,interpolation_duration: 1}
$data merge entity $(bone_pony_tail) {transformation: [-0.9992f,-0.0124f,0.0368f,-0.0832f,0.0389f,-0.308f,0.9506f,1.4165f,-0.0005f,0.9513f,0.3083f,0.1987f,0f,0f,0f,1f],start_interpolation: 0,interpolation_duration: 1}
$data merge entity $(bone_head) {transformation: [-0.9992f,0.0277f,0.0273f,-0.0905f,0.0389f,0.7193f,0.6936f,1.2315f,-0.0005f,0.6941f,-0.7199f,0.3457f,0f,0f,0f,1f],start_interpolation: 0,interpolation_duration: 1}
execute on vehicle unless entity @s[tag=aj.transforms_only] at @s run function animated_java:mage_hunter/animations/lunge1/zzz/frames/20_root_commands