# This file was generated by Animated Java via MC-Build. It is not recommended to edit this file directly.
$data merge entity $(bone_chest) {transformation: [-0.9814f,-0.1917f,-0.0026f,-0.043f,-0.1482f,0.7498f,0.6449f,1.1141f,-0.1217f,0.6333f,-0.7643f,0.1559f,0f,0f,0f,1f],start_interpolation: 0,interpolation_duration: 1}
$data merge entity $(bone_cape) {transformation: [-0.9814f,-0.1021f,-0.1623f,0.1468f,-0.1482f,-0.1332f,0.98f,1.2938f,-0.1217f,0.9858f,0.1156f,0.2037f,0f,0f,0f,1f],start_interpolation: 0,interpolation_duration: 1}
$data merge entity $(bone_saber) {transformation: [-1.1542f,0.3894f,0.6379f,-0.4406f,0.7207f,0.2696f,1.1395f,1.0124f,0.1976f,1.2909f,-0.4304f,0.7777f,0f,0f,0f,1f],start_interpolation: 0,interpolation_duration: 1}
$data merge entity $(bone_right_forearm) {transformation: [-0.8394f,0.0629f,-0.5399f,-0.4392f,0.5242f,0.3564f,-0.7735f,1.1244f,0.1437f,-0.9322f,-0.3321f,0.4858f,0f,0f,0f,1f],start_interpolation: 0,interpolation_duration: 1}
$data merge entity $(bone_right_arm) {transformation: [-0.8931f,0.0544f,-0.4465f,-0.3123f,0.4363f,0.3461f,-0.8306f,1.1672f,0.1093f,-0.9366f,-0.3328f,0.2087f,0f,0f,0f,1f],start_interpolation: 0,interpolation_duration: 1}
$data merge entity $(bone_short_sword) {transformation: [-0.9666f,0.1172f,0.6427f,0.0526f,0.6509f,0.2712f,0.9295f,0.8374f,-0.056f,1.1286f,-0.2901f,0.7756f,0f,0f,0f,1f],start_interpolation: 0,interpolation_duration: 1}
$data merge entity $(bone_left_forearm) {transformation: [-0.8285f,0.4085f,-0.383f,0.1547f,0.5579f,0.5436f,-0.6271f,0.9719f,-0.048f,-0.7332f,-0.6783f,0.5782f,0f,0f,0f,1f],start_interpolation: 0,interpolation_duration: 1}
$data merge entity $(bone_left_arm) {transformation: [-0.8316f,0.4464f,-0.3303f,0.1763f,0.5406f,0.5144f,-0.6657f,1.1842f,-0.1273f,-0.7322f,-0.6691f,0.3564f,0f,0f,0f,1f],start_interpolation: 0,interpolation_duration: 1}
$data merge entity $(bone_torso) {transformation: [-0.9814f,-0.1914f,-0.011f,0.0019f,-0.1482f,0.7209f,0.677f,0.9473f,-0.1217f,0.666f,-0.7359f,-0.0025f,0f,0f,0f,1f],start_interpolation: 0,interpolation_duration: 1}
$data merge entity $(bone_right_dress) {transformation: [-0.6789f,0.2599f,0.6868f,-0.1514f,0.4241f,0.9023f,0.0778f,0.7905f,-0.5994f,0.344f,-0.7227f,-0.1209f,0f,0f,0f,1f],start_interpolation: 0,interpolation_duration: 1}
$data merge entity $(bone_left_dress) {transformation: [-0.9453f,-0.0196f,0.3255f,0.1103f,-0.1767f,0.8698f,-0.4608f,0.7905f,-0.2741f,-0.4931f,-0.8257f,0.0713f,0f,0f,0f,1f],start_interpolation: 0,interpolation_duration: 1}
$data merge entity $(bone_lower_right_leg) {transformation: [-0.1877f,0.05f,0.981f,-0.2513f,0.6222f,0.7789f,0.0794f,0.3986f,-0.7601f,0.6252f,-0.1772f,-0.2685f,0f,0f,0f,1f],start_interpolation: 0,interpolation_duration: 1}
$data merge entity $(bone_right_leg) {transformation: [-0.1877f,0.4016f,0.8964f,-0.1007f,0.6222f,0.7548f,-0.2079f,0.6816f,-0.7601f,0.5187f,-0.3915f,-0.074f,0f,0f,0f,1f],start_interpolation: 0,interpolation_duration: 1}
$data merge entity $(bone_lower_left_leg) {transformation: [-0.993f,-0.0297f,-0.1143f,0.1332f,-0.032f,0.9993f,0.0181f,0.3622f,0.1137f,0.0216f,-0.9933f,0.2678f,0f,0f,0f,1f],start_interpolation: 0,interpolation_duration: 1}
$data merge entity $(bone_left_leg) {transformation: [-0.993f,-0.0866f,-0.0803f,0.1007f,-0.032f,0.8518f,-0.5229f,0.6816f,0.1137f,-0.5166f,-0.8486f,0.074f,0f,0f,0f,1f],start_interpolation: 0,interpolation_duration: 1}
$data merge entity $(bone_waist) {transformation: [-0.8058f,0f,0.5921f,0f,0f,1f,0f,1.0254f,-0.5921f,0f,-0.8058f,0f,0f,0f,0f,1f],start_interpolation: 0,interpolation_duration: 1}
$data merge entity $(bone_pony_tail) {transformation: [-0.9989f,-0.0039f,0.0474f,-0.0767f,0.0467f,-0.2617f,0.964f,1.4188f,0.0087f,0.9651f,0.2616f,0.1939f,0f,0f,0f,1f],start_interpolation: 0,interpolation_duration: 1}
$data merge entity $(bone_head) {transformation: [-0.9989f,0.04f,0.0257f,-0.084f,0.0467f,0.7279f,0.6841f,1.2357f,0.0087f,0.6845f,-0.729f,0.3433f,0f,0f,0f,1f],start_interpolation: 0,interpolation_duration: 1}
execute on vehicle unless entity @s[tag=aj.transforms_only] at @s run function animated_java:mage_hunter/animations/lunge1/zzz/frames/21_root_commands