# This file was generated by Animated Java via MC-Build. It is not recommended to edit this file directly.
$data merge entity $(bone_chest) {transformation: [-0.9831f,-0.1828f,-0.0043f,-0.0409f,-0.1443f,0.7618f,0.6316f,1.1195f,-0.1122f,0.6215f,-0.7753f,0.1532f,0f,0f,0f,1f],start_interpolation: 0,interpolation_duration: 1}
$data merge entity $(bone_cape) {transformation: [-0.9831f,-0.1063f,-0.1488f,0.1503f,-0.1443f,-0.0481f,0.9884f,1.2988f,-0.1122f,0.9932f,0.032f,0.1965f,0f,0f,0f,1f],start_interpolation: 0,interpolation_duration: 1}
$data merge entity $(bone_saber) {transformation: [-1.1579f,0.3864f,0.6328f,-0.4494f,0.7148f,0.2699f,1.1432f,0.9999f,0.1971f,1.2917f,-0.4282f,0.7675f,0f,0f,0f,1f],start_interpolation: 0,interpolation_duration: 1}
$data merge entity $(bone_right_forearm) {transformation: [-0.8421f,0.0796f,-0.5333f,-0.4428f,0.5199f,0.3827f,-0.7637f,1.1202f,0.1433f,-0.9204f,-0.3637f,0.4789f,0f,0f,0f,1f],start_interpolation: 0,interpolation_duration: 1}
$data merge entity $(bone_right_arm) {transformation: [-0.8925f,0.0773f,-0.4444f,-0.3095f,0.4374f,0.3897f,-0.8105f,1.1751f,0.1105f,-0.9177f,-0.3816f,0.207f,0f,0f,0f,1f],start_interpolation: 0,interpolation_duration: 1}
$data merge entity $(bone_short_sword) {transformation: [-0.9694f,0.1162f,0.6386f,0.0548f,0.6472f,0.262f,0.9347f,0.8365f,-0.0503f,1.1309f,-0.2822f,0.7575f,0f,0f,0f,1f],start_interpolation: 0,interpolation_duration: 1}
$data merge entity $(bone_left_forearm) {transformation: [-0.8309f,0.4138f,-0.372f,0.1583f,0.5547f,0.5643f,-0.6114f,0.9766f,-0.0431f,-0.7144f,-0.6984f,0.5648f,0f,0f,0f,1f],start_interpolation: 0,interpolation_duration: 1}
$data merge entity $(bone_left_arm) {transformation: [-0.8382f,0.4507f,-0.3072f,0.1803f,0.5294f,0.5367f,-0.657f,1.1937f,-0.1312f,-0.7133f,-0.6884f,0.3478f,0f,0f,0f,1f],start_interpolation: 0,interpolation_duration: 1}
$data merge entity $(bone_torso) {transformation: [-0.9831f,-0.1824f,-0.0122f,0.0018f,-0.1443f,0.7335f,0.6642f,0.9497f,-0.1122f,0.6548f,-0.7475f,-0.0026f,0f,0f,0f,1f],start_interpolation: 0,interpolation_duration: 1}
$data merge entity $(bone_right_dress) {transformation: [-0.7037f,0.2595f,0.6614f,-0.1547f,0.4066f,0.9105f,0.0753f,0.7929f,-0.5827f,0.3219f,-0.7462f,-0.1166f,0f,0f,0f,1f],start_interpolation: 0,interpolation_duration: 1}
$data merge entity $(bone_left_dress) {transformation: [-0.9521f,-0.0241f,0.3048f,0.1122f,-0.165f,0.8797f,-0.4459f,0.7929f,-0.2574f,-0.4749f,-0.8416f,0.0682f,0f,0f,0f,1f],start_interpolation: 0,interpolation_duration: 1}
$data merge entity $(bone_lower_right_leg) {transformation: [-0.2291f,0.0697f,0.9709f,-0.2562f,0.6117f,0.7862f,0.0879f,0.3967f,-0.7572f,0.6141f,-0.2227f,-0.2569f,0f,0f,0f,1f],start_interpolation: 0,interpolation_duration: 1}
$data merge entity $(bone_right_leg) {transformation: [-0.2291f,0.4091f,0.8833f,-0.1028f,0.6117f,0.7663f,-0.1963f,0.6841f,-0.7572f,0.4953f,-0.4258f,-0.0711f,0f,0f,0f,1f],start_interpolation: 0,interpolation_duration: 1}
$data merge entity $(bone_lower_left_leg) {transformation: [-0.9915f,-0.0301f,-0.1268f,0.1373f,-0.0325f,0.9993f,0.0169f,0.3615f,0.1262f,0.0208f,-0.9918f,0.2592f,0f,0f,0f,1f],start_interpolation: 0,interpolation_duration: 1}
$data merge entity $(bone_left_leg) {transformation: [-0.9915f,-0.092f,-0.0923f,0.1028f,-0.0325f,0.8602f,-0.5089f,0.6841f,0.1262f,-0.5015f,-0.8559f,0.0711f,0f,0f,0f,1f],start_interpolation: 0,interpolation_duration: 1}
$data merge entity $(bone_waist) {transformation: [-0.8223f,0f,0.5691f,0f,0f,1f,0f,1.0278f,-0.5691f,0f,-0.8223f,0f,0f,0f,0f,1f],start_interpolation: 0,interpolation_duration: 1}
$data merge entity $(bone_pony_tail) {transformation: [-0.9985f,0.0088f,0.0544f,-0.0677f,0.0528f,-0.1331f,0.9897f,1.4215f,0.0159f,0.9911f,0.1324f,0.1846f,0f,0f,0f,1f],start_interpolation: 0,interpolation_duration: 1}
$data merge entity $(bone_head) {transformation: [-0.9985f,0.0499f,0.0234f,-0.0748f,0.0528f,0.7435f,0.6666f,1.242f,0.0159f,0.6669f,-0.745f,0.3384f,0f,0f,0f,1f],start_interpolation: 0,interpolation_duration: 1}
execute on vehicle unless entity @s[tag=aj.transforms_only] at @s run function animated_java:mage_hunter/animations/lunge1/zzz/frames/22_root_commands