# This file was generated by Animated Java via MC-Build. It is not recommended to edit this file directly.
$data merge entity $(bone_chest) {transformation: [-0.9721f,-0.231f,0.0395f,-0.0526f,-0.1512f,0.7467f,0.6477f,-0.8573f,-0.1791f,0.6237f,-0.7608f,0.1537f,0f,0f,0f,1f],start_interpolation: 0,interpolation_duration: 1}
$data merge entity $(bone_cape) {transformation: [-0.9721f,-0.1579f,-0.1732f,0.1335f,-0.1512f,-0.1422f,0.9782f,-0.6772f,-0.1791f,0.9772f,0.1144f,0.2131f,0f,0f,0f,1f],start_interpolation: 0,interpolation_duration: 1}
$data merge entity $(bone_saber) {transformation: [-1.1791f,0.2859f,0.647f,-0.4811f,0.6969f,0.2542f,1.1577f,-0.9479f,0.121f,1.3207f,-0.3629f,0.7556f,0f,0f,0f,1f],start_interpolation: 0,interpolation_duration: 1}
$data merge entity $(bone_right_forearm) {transformation: [-0.8575f,0.1133f,-0.5018f,-0.464f,0.5069f,0.353f,-0.7864f,-0.8373f,0.088f,-0.9287f,-0.3602f,0.4636f,0f,0f,0f,1f],start_interpolation: 0,interpolation_duration: 1}
$data merge entity $(bone_right_arm) {transformation: [-0.9065f,0.0924f,-0.412f,-0.3247f,0.4199f,0.3001f,-0.8565f,-0.8054f,0.0445f,-0.9494f,-0.3108f,0.191f,0f,0f,0f,1f],start_interpolation: 0,interpolation_duration: 1}
$data merge entity $(bone_short_sword) {transformation: [-0.9786f,0.0256f,0.6347f,0.0119f,0.6218f,0.2771f,0.9475f,-1.1345f,-0.13f,1.133f,-0.2461f,0.7837f,0f,0f,0f,1f],start_interpolation: 0,interpolation_duration: 1}
$data merge entity $(bone_left_forearm) {transformation: [-0.8388f,0.4402f,-0.3205f,0.1228f,0.5329f,0.5433f,-0.6487f,-1.0002f,-0.1114f,-0.7149f,-0.6903f,0.5909f,0f,0f,0f,1f],start_interpolation: 0,interpolation_duration: 1}
$data merge entity $(bone_left_arm) {transformation: [-0.8271f,0.4794f,-0.2935f,0.1542f,0.5355f,0.5134f,-0.6706f,-0.7889f,-0.1708f,-0.7118f,-0.6813f,0.3694f,0f,0f,0f,1f],start_interpolation: 0,interpolation_duration: 1}
$data merge entity $(bone_torso) {transformation: [-0.9721f,-0.2325f,0.0293f,0.002f,-0.1512f,0.7178f,0.6797f,-1.0234f,-0.1791f,0.6563f,-0.7329f,-0.0024f,0f,0f,0f,1f],start_interpolation: 0,interpolation_duration: 1}
$data merge entity $(bone_right_dress) {transformation: [-0.6293f,0.2336f,0.7413f,-0.142f,0.432f,0.898f,0.0838f,-1.1802f,-0.6461f,0.3729f,-0.666f,-0.1317f,0f,0f,0f,1f],start_interpolation: 0,interpolation_duration: 1}
$data merge entity $(bone_left_dress) {transformation: [-0.9223f,0.012f,0.3862f,0.1047f,-0.1842f,0.865f,-0.4668f,-1.1802f,-0.3397f,-0.5017f,-0.7956f,0.0792f,0f,0f,0f,1f],start_interpolation: 0,interpolation_duration: 1}
$data merge entity $(bone_lower_right_leg) {transformation: [-0.1296f,-0.0002f,0.9916f,-0.231f,0.6312f,0.7712f,0.0827f,-1.5695f,-0.7647f,0.6366f,-0.0998f,-0.2897f,0f,0f,0f,1f],start_interpolation: 0,interpolation_duration: 1}
$data merge entity $(bone_right_leg) {transformation: [-0.1296f,0.3627f,0.9228f,-0.095f,0.6312f,0.7479f,-0.2053f,-1.2891f,-0.7647f,0.5559f,-0.3259f,-0.0812f,0f,0f,0f,1f],start_interpolation: 0,interpolation_duration: 1}
$data merge entity $(bone_lower_left_leg) {transformation: [-0.9989f,-0.0315f,-0.0355f,0.1121f,-0.0322f,0.9993f,0.0196f,-1.6069f,0.0348f,0.0207f,-0.9992f,0.2795f,0f,0f,0f,1f],start_interpolation: 0,interpolation_duration: 1}
$data merge entity $(bone_left_leg) {transformation: [-0.9989f,-0.0457f,-0.0125f,0.095f,-0.0322f,0.8476f,-0.5297f,-1.2891f,0.0348f,-0.5287f,-0.8481f,0.0812f,0f,0f,0f,1f],start_interpolation: 0,interpolation_duration: 1}
$data merge entity $(bone_waist) {transformation: [-0.7601f,0f,0.6499f,0f,0f,1f,0f,-0.9453f,-0.6499f,0f,-0.7601f,0f,0f,0f,0f,1f],start_interpolation: 0,interpolation_duration: 1}
$data merge entity $(bone_pony_tail) {transformation: [-0.9983f,-0.0566f,0.0133f,-0.0955f,0.03f,-0.3041f,0.9522f,-0.5537f,-0.0498f,0.951f,0.3053f,0.1956f,0f,0f,0f,1f],start_interpolation: 0,interpolation_duration: 1}
$data merge entity $(bone_head) {transformation: [-0.9983f,-0.0132f,0.0566f,-0.1084f,0.03f,0.7175f,0.6959f,-0.7393f,-0.0498f,0.6964f,-0.7159f,0.3416f,0f,0f,0f,1f],start_interpolation: 0,interpolation_duration: 1}
data modify entity @s data merge value {"cameras":{},"locators":{"body_hitbox":{"posx":-0.02139311254870931,"posy":-1.0549787038572498,"posz":0.1513889122897594,"roty":2.968572273090615,"rotx":40.370749179683834},"saber_hitbox":{"posx":-0.3467791975177381,"posy":-0.8243915745232301,"posz":1.353004025979562,"roty":60.71249333048526,"rotx":57.348710033341185},"short_sword_hitbox":{"posx":0.02736680903500517,"posy":-1.0198340277078362,"posz":1.2156211505386127,"roty":68.80834185282487,"rotx":54.30457253870035}}}
execute on vehicle unless entity @s[tag=aj.transforms_only] at @s run function animated_java:mage_hunter/animations/lunge1/zzz/frames/24_root_commands