# This file was generated by Animated Java via MC-Build. It is not recommended to edit this file directly.
$data merge entity $(bone_chest) {transformation: [-0.9892f,-0.1465f,0.0102f,-0.033f,-0.1198f,0.8453f,0.5207f,1.1544f,-0.0849f,0.5138f,-0.8537f,0.1288f,0f,0f,0f,1f],start_interpolation: 0,interpolation_duration: 1}
$data merge entity $(bone_cape) {transformation: [-0.9892f,-0.143f,-0.0335f,0.1654f,-0.1198f,0.6539f,0.747f,1.3303f,-0.0849f,0.743f,-0.6639f,0.1462f,0f,0f,0f,1f],start_interpolation: 0,interpolation_duration: 1}
$data merge entity $(bone_saber) {transformation: [-1.2454f,0.2034f,0.546f,-0.5214f,0.5755f,0.2275f,1.2279f,0.9265f,0.0913f,1.3407f,-0.2912f,0.6502f,0f,0f,0f,1f],start_interpolation: 0,interpolation_duration: 1}
$data merge entity $(bone_right_forearm) {transformation: [-0.9058f,0.2118f,-0.3671f,-0.473f,0.4185f,0.5828f,-0.6965f,1.1083f,0.0664f,-0.7845f,-0.6165f,0.4005f,0f,0f,0f,1f],start_interpolation: 0,interpolation_duration: 1}
$data merge entity $(bone_right_arm) {transformation: [-0.9226f,0.2099f,-0.3235f,-0.2986f,0.3832f,0.5929f,-0.7082f,1.2272f,0.0432f,-0.7774f,-0.6275f,0.1764f,0f,0f,0f,1f],start_interpolation: 0,interpolation_duration: 1}
$data merge entity $(bone_short_sword) {transformation: [-1.0469f,-0.0062f,0.5149f,0.0809f,0.5066f,0.1965f,1.0324f,0.8164f,-0.0923f,1.15f,-0.1736f,0.6233f,0f,0f,0f,1f],start_interpolation: 0,interpolation_duration: 1}
$data merge entity $(bone_left_forearm) {transformation: [-0.8973f,0.4022f,-0.1817f,0.1834f,0.4342f,0.7308f,-0.5266f,1.0006f,-0.0791f,-0.5515f,-0.8304f,0.4716f,0f,0f,0f,1f],start_interpolation: 0,interpolation_duration: 1}
$data merge entity $(bone_left_arm) {transformation: [-0.8954f,0.4343f,-0.0981f,0.1936f,0.4086f,0.7139f,-0.5687f,1.2524f,-0.1769f,-0.5493f,-0.8167f,0.2949f,0f,0f,0f,1f],start_interpolation: 0,interpolation_duration: 1}
$data merge entity $(bone_torso) {transformation: [-0.9892f,-0.1468f,0.0038f,0.0014f,-0.1198f,0.8218f,0.5571f,0.9635f,-0.0849f,0.5506f,-0.8305f,-0.0028f,0f,0f,0f,1f],start_interpolation: 0,interpolation_duration: 1}
$data merge entity $(bone_right_dress) {transformation: [-0.8237f,0.2046f,0.5288f,-0.1688f,0.283f,0.9565f,0.0707f,0.8068f,-0.4913f,0.2079f,-0.8458f,-0.0951f,0f,0f,0f,1f],start_interpolation: 0,interpolation_duration: 1}
$data merge entity $(bone_left_dress) {transformation: [-0.9751f,-0.0131f,0.2212f,0.1203f,-0.0901f,0.9355f,-0.3417f,0.8068f,-0.2024f,-0.3532f,-0.9134f,0.0527f,0f,0f,0f,1f],start_interpolation: 0,interpolation_duration: 1}
$data merge entity $(bone_lower_right_leg) {transformation: [-0.4805f,0.1492f,0.8642f,-0.2626f,0.5377f,0.8286f,0.1559f,0.384f,-0.6929f,0.5395f,-0.4783f,-0.1956f,0f,0f,0f,1f],start_interpolation: 0,interpolation_duration: 1}
$data merge entity $(bone_right_leg) {transformation: [-0.4805f,0.4034f,0.7787f,-0.1113f,0.5377f,0.837f,-0.1019f,0.6979f,-0.6929f,0.3697f,-0.619f,-0.0569f,0f,0f,0f,1f],start_interpolation: 0,interpolation_duration: 1}
$data merge entity $(bone_lower_left_leg) {transformation: [-0.9933f,-0.0349f,-0.1097f,0.1405f,-0.0364f,0.9993f,0.0124f,0.3563f,0.1092f,0.0163f,-0.9939f,0.2089f,0f,0f,0f,1f],start_interpolation: 0,interpolation_duration: 1}
$data merge entity $(bone_left_leg) {transformation: [-0.9933f,-0.078f,-0.0847f,0.1113f,-0.0364f,0.9109f,-0.4111f,0.6979f,0.1092f,-0.4053f,-0.9076f,0.0569f,0f,0f,0f,1f],start_interpolation: 0,interpolation_duration: 1}
$data merge entity $(bone_waist) {transformation: [-0.8903f,0f,0.4553f,0f,0f,1f,0f,1.0417f,-0.4553f,0f,-0.8903f,0f,0f,0f,0f,1f],start_interpolation: 0,interpolation_duration: 1}
$data merge entity $(bone_pony_tail) {transformation: [-0.9986f,0.0379f,0.036f,-0.0361f,0.0495f,0.4656f,0.8836f,1.4369f,0.0167f,0.8842f,-0.4669f,0.1071f,0f,0f,0f,1f],start_interpolation: 0,interpolation_duration: 1}
$data merge entity $(bone_head) {transformation: [-0.9986f,0.0504f,0.0136f,-0.0409f,0.0495f,0.8299f,0.5557f,1.2807f,0.0167f,0.5556f,-0.8313f,0.2846f,0f,0f,0f,1f],start_interpolation: 0,interpolation_duration: 1}
execute on vehicle unless entity @s[tag=aj.transforms_only] at @s run function animated_java:mage_hunter/animations/lunge1/zzz/frames/24_root_commands