# This file was generated by Animated Java via MC-Build. It is not recommended to edit this file directly.
$data merge entity $(bone_chest) {transformation: [-0.9721f,-0.2313f,0.0402f,-0.0526f,-0.1504f,0.7452f,0.6496f,-0.8572f,-0.1802f,0.6254f,-0.7592f,0.1541f,0f,0f,0f,1f],start_interpolation: 0,interpolation_duration: 1}
$data merge entity $(bone_cape) {transformation: [-0.9721f,-0.1567f,-0.1748f,0.1334f,-0.1504f,-0.156f,0.9762f,-0.6773f,-0.1802f,0.9753f,0.128f,0.2141f,0f,0f,0f,1f],start_interpolation: 0,interpolation_duration: 1}
$data merge entity $(bone_saber) {transformation: [-1.1689f,0.3044f,0.657f,-0.4803f,0.7128f,0.2635f,1.1459f,-0.9494f,0.1278f,1.3148f,-0.3817f,0.756f,0f,0f,0f,1f],start_interpolation: 0,interpolation_duration: 1}
$data merge entity $(bone_right_forearm) {transformation: [-0.8501f,0.1102f,-0.515f,-0.4641f,0.5184f,0.3476f,-0.7813f,-0.8403f,0.0929f,-0.9311f,-0.3526f,0.4635f,0f,0f,0f,1f],start_interpolation: 0,interpolation_duration: 1}
$data merge entity $(bone_right_arm) {transformation: [-0.9016f,0.0949f,-0.422f,-0.3248f,0.4293f,0.3152f,-0.8464f,-0.8053f,0.0527f,-0.9443f,-0.3249f,0.1913f,0f,0f,0f,1f],start_interpolation: 0,interpolation_duration: 1}
$data merge entity $(bone_short_sword) {transformation: [-0.9682f,0.0423f,0.6496f,0.0094f,0.6399f,0.2758f,0.9357f,-1.1326f,-0.1197f,1.1328f,-0.2521f,0.7846f,0f,0f,0f,1f],start_interpolation: 0,interpolation_duration: 1}
$data merge entity $(bone_left_forearm) {transformation: [-0.8299f,0.4442f,-0.3377f,0.1211f,0.5485f,0.5382f,-0.64f,-0.9996f,-0.1026f,-0.7163f,-0.6902f,0.5915f,0f,0f,0f,1f],start_interpolation: 0,interpolation_duration: 1}
$data merge entity $(bone_left_arm) {transformation: [-0.8231f,0.4828f,-0.2991f,0.1541f,0.5415f,0.5082f,-0.6697f,-0.789f,-0.1714f,-0.7132f,-0.6797f,0.3695f,0f,0f,0f,1f],start_interpolation: 0,interpolation_duration: 1}
$data merge entity $(bone_torso) {transformation: [-0.9721f,-0.2328f,0.0301f,0.002f,-0.1504f,0.7162f,0.6815f,-1.0229f,-0.1802f,0.6579f,-0.7312f,-0.0024f,0f,0f,0f,1f],start_interpolation: 0,interpolation_duration: 1}
$data merge entity $(bone_right_dress) {transformation: [-0.6309f,0.2369f,0.7388f,-0.1424f,0.432f,0.8982f,0.0809f,-1.1797f,-0.6445f,0.3702f,-0.6691f,-0.1314f,0f,0f,0f,1f],start_interpolation: 0,interpolation_duration: 1}
$data merge entity $(bone_left_dress) {transformation: [-0.9238f,0.0115f,0.3827f,0.1049f,-0.1829f,0.865f,-0.4673f,-1.1797f,-0.3364f,-0.5017f,-0.797f,0.079f,0f,0f,0f,1f],start_interpolation: 0,interpolation_duration: 1}
$data merge entity $(bone_lower_right_leg) {transformation: [-0.1272f,0.0031f,0.9919f,-0.2323f,0.6286f,0.7738f,0.0782f,-1.5694f,-0.7673f,0.6334f,-0.1003f,-0.2883f,0f,0f,0f,1f],start_interpolation: 0,interpolation_duration: 1}
$data merge entity $(bone_right_leg) {transformation: [-0.1272f,0.3654f,0.9221f,-0.0952f,0.6286f,0.7488f,-0.2101f,-1.2886f,-0.7673f,0.5529f,-0.3249f,-0.081f,0f,0f,0f,1f],start_interpolation: 0,interpolation_duration: 1}
$data merge entity $(bone_lower_left_leg) {transformation: [-0.9985f,-0.031f,-0.0455f,0.1143f,-0.0319f,0.9993f,0.019f,-1.6065f,0.0449f,0.0204f,-0.9988f,0.279f,0f,0f,0f,1f],start_interpolation: 0,interpolation_duration: 1}
$data merge entity $(bone_left_leg) {transformation: [-0.9985f,-0.0508f,-0.0212f,0.0952f,-0.0319f,0.8477f,-0.5294f,-1.2886f,0.0449f,-0.528f,-0.8481f,0.081f,0f,0f,0f,1f],start_interpolation: 0,interpolation_duration: 1}
$data merge entity $(bone_waist) {transformation: [-0.7617f,0f,0.6479f,0f,0f,1f,0f,-0.9448f,-0.6479f,0f,-0.7617f,0f,0f,0f,0f,1f],start_interpolation: 0,interpolation_duration: 1}
$data merge entity $(bone_pony_tail) {transformation: [-0.9979f,-0.0607f,0.0211f,-0.0932f,0.0389f,-0.308f,0.9506f,-0.5523f,-0.0512f,0.9494f,0.3098f,0.1942f,0f,0f,0f,1f],start_interpolation: 0,interpolation_duration: 1}
$data merge entity $(bone_head) {transformation: [-0.9979f,-0.0076f,0.0638f,-0.1079f,0.0389f,0.7193f,0.6936f,-0.7373f,-0.0512f,0.6946f,-0.7176f,0.3407f,0f,0f,0f,1f],start_interpolation: 0,interpolation_duration: 1}
data modify entity @s data merge value {"cameras":{},"locators":{"body_hitbox":{"posx":-0.021528029852097116,"posy":-1.0548636202118,"posz":0.15128696845351508,"roty":3.033811623258714,"rotx":40.511360622354324},"flame":{"posx":0.09193989427502358,"posy":-0.43043861061673916,"posz":3.26444498366846,"roty":59.84274826322577,"rotx":56.451244139088836},"flame1":{"posx":0.34689313710901293,"posy":0.0263818656529764,"posz":3.0485135213264867,"roty":59.84274826322577,"rotx":56.451244139088836},"flame2":{"posx":0.5581461117041158,"posy":0.4191379124023915,"posz":2.790172915794773,"roty":59.84274826322577,"rotx":56.451244139088836},"flame3":{"posx":0.741729252036021,"posy":0.7879420812692086,"posz":2.4123095600531346,"roty":59.84274826322577,"rotx":56.451244139088836},"flame4":{"posx":-0.1906831828221635,"posy":-0.9112109647690525,"posz":3.360853695800509,"roty":59.84274826322577,"rotx":56.451244139088836},"saber_hitbox":{"posx":-0.33749469755991945,"posy":-0.8217681013013423,"posz":1.3506290829922527,"roty":59.84274826322577,"rotx":56.451244139088836},"flame5":{"posx":0.09936737939448786,"posy":-0.5752464082171975,"posz":3.0369650438162887,"roty":68.78941886386961,"rotx":53.32621033428569},"flame6":{"posx":0.41030008020739095,"posy":-0.13887038691428888,"posz":2.854730789086183,"roty":68.78941886386961,"rotx":53.32621033428569},"flame7":{"posx":0.684166582696106,"posy":0.2326010632363178,"posz":2.6253160978878998,"roty":68.78941886386961,"rotx":53.32621033428569},"flame8":{"posx":0.9535004683638633,"posy":0.5745194895733634,"posz":2.274529770100875,"roty":68.78941886386961,"rotx":53.32621033428569},"flame9":{"posx":-0.21609793823937312,"posy":-1.0411754533336675,"posz":3.0978276619576537,"roty":68.78941886386961,"rotx":53.32621033428569},"short_sword_hitbox":{"posx":0.0313781270801199,"posy":-1.018541765420618,"posz":1.2163904949851723,"roty":68.78941886386961,"rotx":53.32621033428569}}}
execute on vehicle unless entity @s[tag=aj.transforms_only] at @s run function animated_java:mage_hunter/animations/lunge1/zzz/frames/25_root_commands