# This file was generated by Animated Java via MC-Build. It is not recommended to edit this file directly.
$data merge entity $(bone_chest) {transformation: [-0.9927f,-0.1185f,0.0207f,-0.0269f,-0.0986f,0.9001f,0.4243f,1.1789f,-0.0689f,0.4192f,-0.9053f,0.1073f,0f,0f,0f,1f],start_interpolation: 0,interpolation_duration: 1}
$data merge entity $(bone_cape) {transformation: [-0.9927f,-0.1202f,0.005f,0.1767f,-0.0986f,0.837f,0.5382f,1.3497f,-0.0689f,0.5338f,-0.8428f,0.1049f,0f,0f,0f,1f],start_interpolation: 0,interpolation_duration: 1}
$data merge entity $(bone_saber) {transformation: [-1.2956f,0.0632f,0.4562f,-0.5436f,0.4605f,0.1922f,1.2813f,0.8772f,-0.0049f,1.36f,-0.2023f,0.5351f,0f,0f,0f,1f],start_interpolation: 0,interpolation_duration: 1}
$data merge entity $(bone_right_forearm) {transformation: [-0.9422f,0.2583f,-0.2133f,-0.4797f,0.3349f,0.7197f,-0.6082f,1.1013f,-0.0036f,-0.6445f,-0.7646f,0.3265f,0f,0f,0f,1f],start_interpolation: 0,interpolation_duration: 1}
$data merge entity $(bone_right_arm) {transformation: [-0.9438f,0.2553f,-0.2099f,-0.29f,0.3305f,0.7267f,-0.6022f,1.2644f,-0.0012f,-0.6377f,-0.7703f,0.1473f,0f,0f,0f,1f],start_interpolation: 0,interpolation_duration: 1}
$data merge entity $(bone_short_sword) {transformation: [-1.0971f,-0.0627f,0.3918f,0.133f,0.3822f,0.1427f,1.093f,0.8085f,-0.1066f,1.1562f,-0.1137f,0.5112f,0f,0f,0f,1f],start_interpolation: 0,interpolation_duration: 1}
$data merge entity $(bone_left_forearm) {transformation: [-0.9404f,0.3339f,-0.0644f,0.219f,0.3276f,0.8385f,-0.4354f,1.0216f,-0.0914f,-0.4305f,-0.898f,0.3901f,0f,0f,0f,1f],start_interpolation: 0,interpolation_duration: 1}
$data merge entity $(bone_left_arm) {transformation: [-0.9321f,0.361f,0.0302f,0.2041f,0.3056f,0.8283f,-0.4695f,1.2928f,-0.1945f,-0.4284f,-0.8824f,0.2453f,0f,0f,0f,1f],start_interpolation: 0,interpolation_duration: 1}
$data merge entity $(bone_torso) {transformation: [-0.9927f,-0.1193f,0.0155f,0.0012f,-0.0986f,0.8808f,0.4632f,0.974f,-0.0689f,0.4583f,-0.8861f,-0.0029f,0f,0f,0f,1f],start_interpolation: 0,interpolation_duration: 1}
$data merge entity $(bone_right_dress) {transformation: [-0.8937f,0.1412f,0.4259f,-0.177f,0.1851f,0.9807f,0.0633f,0.8172f,-0.4088f,0.1354f,-0.9025f,-0.0787f,0f,0f,0f,1f],start_interpolation: 0,interpolation_duration: 1}
$data merge entity $(bone_left_dress) {transformation: [-0.986f,0.0142f,0.1659f,0.1247f,-0.0305f,0.9641f,-0.2637f,0.8172f,-0.1637f,-0.2651f,-0.9502f,0.0411f,0f,0f,0f,1f],start_interpolation: 0,interpolation_duration: 1}
$data merge entity $(bone_lower_right_leg) {transformation: [-0.6493f,0.1997f,0.7339f,-0.2557f,0.462f,0.8701f,0.1719f,0.3762f,-0.6042f,0.4507f,-0.6572f,-0.1502f,0f,0f,0f,1f],start_interpolation: 0,interpolation_duration: 1}
$data merge entity $(bone_right_leg) {transformation: [-0.6493f,0.3722f,0.6633f,-0.1162f,0.462f,0.8858f,-0.0448f,0.7083f,-0.6042f,0.2773f,-0.747f,-0.0462f,0f,0f,0f,1f],start_interpolation: 0,interpolation_duration: 1}
$data merge entity $(bone_lower_left_leg) {transformation: [-0.9954f,-0.038f,-0.0879f,0.1408f,-0.039f,0.9992f,0.0095f,0.355f,0.0875f,0.0129f,-0.9961f,0.1694f,0f,0f,0f,1f],start_interpolation: 0,interpolation_duration: 1}
$data merge entity $(bone_left_leg) {transformation: [-0.9954f,-0.0658f,-0.0696f,0.1162f,-0.039f,0.9422f,-0.3328f,0.7083f,0.0875f,-0.3286f,-0.9404f,0.0462f,0f,0f,0f,1f],start_interpolation: 0,interpolation_duration: 1}
$data merge entity $(bone_waist) {transformation: [-0.9293f,0f,0.3692f,0f,0f,1f,0f,1.0521f,-0.3692f,0f,-0.9293f,0f,0f,0f,0f,1f],start_interpolation: 0,interpolation_duration: 1}
$data merge entity $(bone_pony_tail) {transformation: [-0.9991f,0.0428f,0.0077f,-0.0302f,0.0415f,0.8837f,0.4663f,1.4569f,0.0132f,0.4661f,-0.8846f,0.0244f,0f,0f,0f,1f],start_interpolation: 0,interpolation_duration: 1}
$data merge entity $(bone_head) {transformation: [-0.9991f,0.0428f,0.0077f,-0.0333f,0.0415f,0.8837f,0.4663f,1.32f,0.0132f,0.4661f,-0.8846f,0.2172f,0f,0f,0f,1f],start_interpolation: 0,interpolation_duration: 1}
execute on vehicle unless entity @s[tag=aj.transforms_only] at @s run function animated_java:mage_hunter/animations/lunge1/zzz/frames/25_root_commands