# This file was generated by Animated Java via MC-Build. It is not recommended to edit this file directly.
$data merge entity $(bone_chest) {transformation: [-0.9933f,-0.0993f,0.0586f,-0.023f,-0.0756f,0.9449f,0.3187f,-0.7675f,-0.087f,0.3121f,-0.9461f,0.0827f,0f,0f,0f,1f],start_interpolation: 0,interpolation_duration: 1}
$data merge entity $(bone_cape) {transformation: [-0.9933f,-0.1061f,0.0452f,0.1861f,-0.0756f,0.8952f,0.4393f,-0.6044f,-0.087f,0.4329f,-0.8972f,0.0673f,0f,0f,0f,1f],start_interpolation: 0,interpolation_duration: 1}
$data merge entity $(bone_saber) {transformation: [-1.3221f,-0.105f,0.3628f,-0.5493f,0.3502f,0.1532f,1.3208f,-1.1318f,-0.1413f,1.3624f,-0.1206f,0.3899f,0f,0f,0f,1f],start_interpolation: 0,interpolation_duration: 1}
$data merge entity $(bone_right_forearm) {transformation: [-0.9615f,0.2722f,-0.0364f,-0.4797f,0.2547f,0.8343f,-0.4889f,-0.872f,-0.1028f,-0.4793f,-0.8716f,0.2304f,0f,0f,0f,1f],start_interpolation: 0,interpolation_duration: 1}
$data merge entity $(bone_right_arm) {transformation: [-0.9602f,0.2688f,-0.0756f,-0.2841f,0.2719f,0.8386f,-0.472f,-0.6702f,-0.0634f,-0.4738f,-0.8783f,0.1051f,0f,0f,0f,1f],start_interpolation: 0,interpolation_duration: 1}
$data merge entity $(bone_short_sword) {transformation: [-1.1315f,-0.1143f,0.2604f,0.192f,0.2521f,0.0914f,1.1354f,-1.1594f,-0.1316f,1.1575f,-0.0639f,0.3994f,0f,0f,0f,1f],start_interpolation: 0,interpolation_duration: 1}
$data merge entity $(bone_left_forearm) {transformation: [-0.9698f,0.2409f,0.0369f,0.2549f,0.2161f,0.9198f,-0.3275f,-0.9241f,-0.1128f,-0.3097f,-0.9441f,0.3092f,0f,0f,0f,1f],start_interpolation: 0,interpolation_duration: 1}
$data merge entity $(bone_left_arm) {transformation: [-0.9546f,0.262f,0.1415f,0.2092f,0.1989f,0.9147f,-0.3517f,-0.6419f,-0.2216f,-0.3076f,-0.9254f,0.195f,0f,0f,0f,1f],start_interpolation: 0,interpolation_duration: 1}
$data merge entity $(bone_torso) {transformation: [-0.9933f,-0.1017f,0.0542f,0.001f,-0.0756f,0.9301f,0.3596f,-0.9844f,-0.087f,0.3531f,-0.9315f,-0.003f,0f,0f,0f,1f],start_interpolation: 0,interpolation_duration: 1}
$data merge entity $(bone_right_dress) {transformation: [-0.9339f,0.0615f,0.3523f,-0.1814f,0.0851f,0.995f,0.052f,-1.1412f,-0.3474f,0.0785f,-0.9344f,-0.068f,0f,0f,0f,1f],start_interpolation: 0,interpolation_duration: 1}
$data merge entity $(bone_left_dress) {transformation: [-0.987f,0.0596f,0.1491f,0.1269f,0.0307f,0.9815f,-0.1891f,-1.1412f,-0.1576f,-0.1821f,-0.9706f,0.0336f,0f,0f,0f,1f],start_interpolation: 0,interpolation_duration: 1}
$data merge entity $(bone_lower_right_leg) {transformation: [-0.7747f,0.2127f,0.5955f,-0.236f,0.3716f,0.9151f,0.1567f,-1.5981f,-0.5116f,0.3427f,-0.7879f,-0.1144f,0f,0f,0f,1f],start_interpolation: 0,interpolation_duration: 1}
$data merge entity $(bone_right_leg) {transformation: [-0.7747f,0.3129f,0.5495f,-0.1187f,0.3716f,0.9284f,-0.0046f,-1.25f,-0.5116f,0.2006f,-0.8355f,-0.0391f,0f,0f,0f,1f],start_interpolation: 0,interpolation_duration: 1}
$data merge entity $(bone_lower_left_leg) {transformation: [-0.9987f,-0.0408f,-0.0311f,0.1365f,-0.041f,0.9991f,0.0069f,-1.6126f,0.0308f,0.0081f,-0.9995f,0.1332f,0f,0f,0f,1f],start_interpolation: 0,interpolation_duration: 1}
$data merge entity $(bone_left_leg) {transformation: [-0.9987f,-0.0474f,-0.0195f,0.1187f,-0.041f,0.9669f,-0.252f,-1.25f,0.0308f,-0.2508f,-0.9675f,0.0391f,0f,0f,0f,1f],start_interpolation: 0,interpolation_duration: 1}
$data merge entity $(bone_waist) {transformation: [-0.9497f,0f,0.3132f,0f,0f,1f,0f,-0.9062f,-0.3132f,0f,-0.9497f,0f,0f,0f,0f,1f],start_interpolation: 0,interpolation_duration: 1}
$data merge entity $(bone_pony_tail) {transformation: [-0.9992f,0.0205f,0.0353f,-0.0252f,0.0322f,0.9271f,0.3734f,-0.4929f,-0.0251f,0.3742f,-0.927f,-0.0523f,0f,0f,0f,1f],start_interpolation: 0,interpolation_duration: 1}
$data merge entity $(bone_head) {transformation: [-0.9992f,0.0205f,0.0353f,-0.0341f,0.0322f,0.9271f,0.3734f,-0.6094f,-0.0251f,0.3742f,-0.927f,0.1533f,0f,0f,0f,1f],start_interpolation: 0,interpolation_duration: 1}
execute on vehicle unless entity @s[tag=aj.transforms_only] at @s run function animated_java:mage_hunter/animations/lunge1/zzz/frames/26_root_commands