# This file was generated by Animated Java via MC-Build. It is not recommended to edit this file directly.
$data merge entity $(bone_chest) {transformation: [-0.9734f,-0.2241f,0.0479f,-0.0511f,-0.1443f,0.7618f,0.6316f,-0.8492f,-0.178f,0.6078f,-0.7738f,0.1501f,0f,0f,0f,1f],start_interpolation: 0,interpolation_duration: 1}
$data merge entity $(bone_cape) {transformation: [-0.9734f,-0.1728f,-0.1506f,0.1367f,-0.1443f,-0.0481f,0.9884f,-0.6699f,-0.178f,0.9838f,0.0219f,0.2062f,0f,0f,0f,1f],start_interpolation: 0,interpolation_duration: 1}
$data merge entity $(bone_saber) {transformation: [-1.1686f,0.2987f,0.6602f,-0.5f,0.7148f,0.2699f,1.1432f,-0.9688f,0.1188f,1.3147f,-0.3847f,0.7355f,0f,0f,0f,1f],start_interpolation: 0,interpolation_duration: 1}
$data merge entity $(bone_right_forearm) {transformation: [-0.8499f,0.1413f,-0.5077f,-0.474f,0.5199f,0.3827f,-0.7637f,-0.8485f,0.0864f,-0.913f,-0.3988f,0.4481f,0f,0f,0f,1f],start_interpolation: 0,interpolation_duration: 1}
$data merge entity $(bone_right_arm) {transformation: [-0.8979f,0.1389f,-0.4178f,-0.3227f,0.4374f,0.3897f,-0.8105f,-0.7936f,0.0503f,-0.9104f,-0.4106f,0.1857f,0f,0f,0f,1f],start_interpolation: 0,interpolation_duration: 1}
$data merge entity $(bone_short_sword) {transformation: [-0.9638f,0.0399f,0.6562f,0.0037f,0.6472f,0.262f,0.9347f,-1.1322f,-0.1153f,1.1362f,-0.2386f,0.7595f,0f,0f,0f,1f],start_interpolation: 0,interpolation_duration: 1}
$data merge entity $(bone_left_forearm) {transformation: [-0.8261f,0.4609f,-0.3242f,0.1199f,0.5547f,0.5643f,-0.6114f,-0.9921f,-0.0989f,-0.685f,-0.7218f,0.5742f,0f,0f,0f,1f],start_interpolation: 0,interpolation_duration: 1}
$data merge entity $(bone_left_arm) {transformation: [-0.8275f,0.4976f,-0.2602f,0.1565f,0.5294f,0.5367f,-0.657f,-0.775f,-0.1873f,-0.6814f,-0.7075f,0.3591f,0f,0f,0f,1f],start_interpolation: 0,interpolation_duration: 1}
$data merge entity $(bone_torso) {transformation: [-0.9734f,-0.226f,0.0381f,0.0019f,-0.1443f,0.7335f,0.6642f,-1.019f,-0.178f,0.641f,-0.7466f,-0.0024f,0f,0f,0f,1f],start_interpolation: 0,interpolation_duration: 1}
$data merge entity $(bone_right_dress) {transformation: [-0.6629f,0.2373f,0.7101f,-0.1465f,0.4066f,0.9105f,0.0753f,-1.1758f,-0.6287f,0.3386f,-0.7f,-0.1267f,0f,0f,0f,1f],start_interpolation: 0,interpolation_duration: 1}
$data merge entity $(bone_left_dress) {transformation: [-0.9326f,0.0079f,0.3607f,0.1074f,-0.165f,0.8797f,-0.4459f,-1.1758f,-0.3209f,-0.4754f,-0.8192f,0.0756f,0f,0f,0f,1f],start_interpolation: 0,interpolation_duration: 1}
$data merge entity $(bone_lower_right_leg) {transformation: [-0.1776f,0.0282f,0.9837f,-0.2384f,0.6117f,0.7862f,0.0879f,-1.572f,-0.7709f,0.6174f,-0.1569f,-0.2735f,0f,0f,0f,1f],start_interpolation: 0,interpolation_duration: 1}
$data merge entity $(bone_right_leg) {transformation: [-0.1776f,0.3749f,0.9099f,-0.0978f,0.6117f,0.7663f,-0.1963f,-1.2847f,-0.7709f,0.5217f,-0.3655f,-0.0779f,0f,0f,0f,1f],start_interpolation: 0,interpolation_duration: 1}
$data merge entity $(bone_lower_left_leg) {transformation: [-0.9977f,-0.0314f,-0.0599f,0.1196f,-0.0325f,0.9993f,0.0169f,-1.6073f,0.0593f,0.0188f,-0.9981f,0.2679f,0f,0f,0f,1f],start_interpolation: 0,interpolation_duration: 1}
$data merge entity $(bone_left_leg) {transformation: [-0.9977f,-0.0581f,-0.0346f,0.0978f,-0.0325f,0.8602f,-0.5089f,-1.2847f,0.0593f,-0.5066f,-0.8602f,0.0779f,0f,0f,0f,1f],start_interpolation: 0,interpolation_duration: 1}
$data merge entity $(bone_waist) {transformation: [-0.7822f,0f,0.6231f,0f,0f,1f,0f,-0.9409f,-0.6231f,0f,-0.7822f,0f,0f,0f,0f,1f],start_interpolation: 0,interpolation_duration: 1}
$data merge entity $(bone_pony_tail) {transformation: [-0.9973f,-0.0579f,0.0454f,-0.08f,0.0528f,-0.1331f,0.9897f,-0.5473f,-0.0513f,0.9894f,0.1358f,0.1797f,0f,0f,0f,1f],start_interpolation: 0,interpolation_duration: 1}
$data merge entity $(bone_head) {transformation: [-0.9973f,0.005f,0.0734f,-0.0974f,0.0528f,0.7435f,0.6666f,-0.7268f,-0.0513f,0.6687f,-0.7418f,0.3326f,0f,0f,0f,1f],start_interpolation: 0,interpolation_duration: 1}
data modify entity @s data merge value {"cameras":{},"locators":{"locator":{"posx":0.06146187377562007,"posy":-0.4375742489675507,"posz":3.2438187469920177,"roty":59.772098889002464,"rotx":56.24183111092782},"locator2":{"posx":0.31795848228230694,"posy":0.017814711701917507,"posz":3.0266946250595415,"roty":59.772098889002464,"rotx":56.24183111092782},"locator3":{"posx":0.5308694308355005,"posy":0.4089736368059983,"posz":2.767294117547318,"roty":59.772098889002464,"rotx":56.24183111092782},"locator4":{"posx":0.7166255131737435,"posy":0.7755962900262755,"posz":2.3883712916050532,"roty":59.772098889002464,"rotx":56.24183111092782},"locator5":{"posx":-0.22218960094601736,"posy":-0.9174994815208227,"posz":3.341420550494452,"roty":59.772098889002464,"rotx":56.24183111092782},"saber_hitbox":{"posx":-0.34615931681057494,"posy":-0.8260093622334583,"posz":1.389873354486566,"roty":59.772098889002464,"rotx":56.24183111092782},"locator6":{"posx":0.08905825564750859,"posy":-0.6025059689346676,"posz":3.01873351914768,"roty":70.01949091994379,"rotx":53.241420619017376},"locator7":{"posx":0.40328180123592006,"posy":-0.16588455870998775,"posz":2.8428420539446764,"roty":70.01949091994379,"rotx":53.241420619017376},"locator8":{"posx":0.6802141772353271,"posy":0.20663062954384226,"posz":2.6188646139121214,"roty":70.01949091994379,"rotx":53.241420619017376},"locator9":{"posx":0.9528671570922082,"posy":0.5510789002950784,"posz":2.2731541261457737,"roty":70.01949091994379,"rotx":53.241420619017376},"locator10":{"posx":-0.2294446860834287,"posy":-1.067194296661941,"posz":3.0728919366168905,"roty":70.01949091994379,"rotx":53.241420619017376},"short_sword_hitbox":{"posx":0.027007011580884217,"posy":-1.0094762727222761,"posz":1.2536043270076809,"roty":70.01949091994379,"rotx":53.241420619017376}}}
execute on vehicle unless entity @s[tag=aj.transforms_only] at @s run function animated_java:mage_hunter/animations/lunge1/zzz/frames/27_root_commands