# This file was generated by Animated Java via MC-Build. It is not recommended to edit this file directly.
$data merge entity $(bone_chest) {transformation: [-0.9825f,-0.1761f,0.0598f,-0.0404f,-0.1198f,0.8453f,0.5207f,-0.8143f,-0.1423f,0.5044f,-0.8517f,0.1267f,0f,0f,0f,1f],start_interpolation: 0,interpolation_duration: 1}
$data merge entity $(bone_cape) {transformation: [-0.9825f,-0.1859f,0.0052f,0.1566f,-0.1198f,0.6539f,0.747f,-0.6384f,-0.1423f,0.7334f,-0.6648f,0.1555f,0f,0f,0f,1f],start_interpolation: 0,interpolation_duration: 1}
$data merge entity $(bone_saber) {transformation: [-1.2486f,0.1251f,0.562f,-0.5584f,0.5755f,0.2275f,1.2279f,-1.0422f,0.0188f,1.3503f,-0.259f,0.6188f,0f,0f,0f,1f],start_interpolation: 0,interpolation_duration: 1}
$data merge entity $(bone_right_forearm) {transformation: [-0.9081f,0.257f,-0.3306f,-0.4955f,0.4185f,0.5828f,-0.6965f,-0.8604f,0.0136f,-0.7709f,-0.6368f,0.3723f,0f,0f,0f,1f],start_interpolation: 0,interpolation_duration: 1}
$data merge entity $(bone_right_arm) {transformation: [-0.9236f,0.2547f,-0.2865f,-0.3084f,0.3832f,0.5929f,-0.7082f,-0.7416f,-0.0106f,-0.7639f,-0.6453f,0.1588f,0f,0f,0f,1f],start_interpolation: 0,interpolation_duration: 1}
$data merge entity $(bone_short_sword) {transformation: [-1.0398f,-0.0731f,0.5241f,0.0445f,0.5066f,0.1965f,1.0324f,-1.1524f,-0.153f,1.1477f,-0.1434f,0.627f,0f,0f,0f,1f],start_interpolation: 0,interpolation_duration: 1}
$data merge entity $(bone_left_forearm) {transformation: [-0.8912f,0.4336f,-0.1331f,0.1557f,0.4342f,0.7308f,-0.5266f,-0.9682f,-0.1311f,-0.5271f,-0.8396f,0.4814f,0f,0f,0f,1f],start_interpolation: 0,interpolation_duration: 1}
$data merge entity $(bone_left_arm) {transformation: [-0.8836f,0.4655f,-0.0505f,0.1761f,0.4086f,0.7139f,-0.5687f,-0.7163f,-0.2287f,-0.5231f,-0.821f,0.3057f,0f,0f,0f,1f],start_interpolation: 0,interpolation_duration: 1}
$data merge entity $(bone_torso) {transformation: [-0.9825f,-0.1786f,0.0521f,0.0016f,-0.1198f,0.8218f,0.5571f,-1.0052f,-0.1423f,0.5411f,-0.8288f,-0.0027f,0f,0f,0f,1f],start_interpolation: 0,interpolation_duration: 1}
$data merge entity $(bone_right_dress) {transformation: [-0.7938f,0.1922f,0.5771f,-0.163f,0.283f,0.9565f,0.0707f,-1.162f,-0.5384f,0.2195f,-0.8136f,-0.1047f,0f,0f,0f,1f],start_interpolation: 0,interpolation_duration: 1}
$data merge entity $(bone_left_dress) {transformation: [-0.9617f,0.0074f,0.2739f,0.117f,-0.0901f,0.9355f,-0.3417f,-1.162f,-0.2588f,-0.3533f,-0.899f,0.0596f,0f,0f,0f,1f],start_interpolation: 0,interpolation_duration: 1}
$data merge entity $(bone_lower_right_leg) {transformation: [-0.4394f,0.1176f,0.8906f,-0.2508f,0.5377f,0.8286f,0.1559f,-1.5847f,-0.7196f,0.5473f,-0.4273f,-0.2105f,0f,0f,0f,1f],start_interpolation: 0,interpolation_duration: 1}
$data merge entity $(bone_right_leg) {transformation: [-0.4394f,0.3812f,0.8134f,-0.1078f,0.5377f,0.837f,-0.1019f,-1.2708f,-0.7196f,0.3926f,-0.5727f,-0.0633f,0f,0f,0f,1f],start_interpolation: 0,interpolation_duration: 1}
$data merge entity $(bone_lower_left_leg) {transformation: [-0.998f,-0.0358f,-0.0518f,0.1282f,-0.0364f,0.9993f,0.0124f,-1.6124f,0.0513f,0.0142f,-0.9986f,0.2167f,0f,0f,0f,1f],start_interpolation: 0,interpolation_duration: 1}
$data merge entity $(bone_left_leg) {transformation: [-0.998f,-0.0543f,-0.0318f,0.1078f,-0.0364f,0.9109f,-0.4111f,-1.2708f,0.0513f,-0.4091f,-0.911f,0.0633f,0f,0f,0f,1f],start_interpolation: 0,interpolation_duration: 1}
$data merge entity $(bone_waist) {transformation: [-0.8624f,0f,0.5063f,0f,0f,1f,0f,-0.9271f,-0.5063f,0f,-0.8624f,0f,0f,0f,0f,1f],start_interpolation: 0,interpolation_duration: 1}
$data merge entity $(bone_pony_tail) {transformation: [-0.9979f,-0.0136f,0.0631f,-0.0423f,0.0495f,0.4656f,0.8836f,-0.5319f,-0.0414f,0.8849f,-0.464f,0.1048f,0f,0f,0f,1f],start_interpolation: 0,interpolation_duration: 1}
$data merge entity $(bone_head) {transformation: [-0.9979f,0.018f,0.0619f,-0.0574f,0.0495f,0.8299f,0.5557f,-0.6881f,-0.0414f,0.5576f,-0.8291f,0.2817f,0f,0f,0f,1f],start_interpolation: 0,interpolation_duration: 1}
data modify entity @s data merge value {"cameras":{},"locators":{"body_hitbox":{"posx":-0.0203925963136523,"posy":-1.0115060791317154,"posz":0.15435403971183712,"roty":4.019447673964123,"rotx":31.37778272208726},"saber_hitbox":{"posx":-0.4976102339618573,"posy":-0.9303591813133892,"posz":1.230401157379963,"roty":65.26121065460224,"rotx":63.25412648472848},"short_sword_hitbox":{"posx":0.021173776421582507,"posy":-1.0678390392660015,"posz":1.065481490648723,"roty":74.69744718768649,"rotx":62.24149793102599}}}
execute on vehicle unless entity @s[tag=aj.transforms_only] at @s run function animated_java:mage_hunter/animations/lunge1/zzz/frames/29_root_commands