# This file was generated by Animated Java via MC-Build. It is not recommended to edit this file directly.
$data merge entity $(bone_chest) {transformation: [-0.9885f,-0.1379f,0.0628f,-0.0318f,-0.0986f,0.9001f,0.4243f,-0.7898f,-0.115f,0.4132f,-0.9033f,0.1059f,0f,0f,0f,1f],start_interpolation: 0,interpolation_duration: 1}
$data merge entity $(bone_cape) {transformation: [-0.9885f,-0.1449f,0.0442f,0.1716f,-0.0986f,0.837f,0.5382f,-0.6191f,-0.115f,0.5276f,-0.8417f,0.113f,0f,0f,0f,1f],start_interpolation: 0,interpolation_duration: 1}
$data merge entity $(bone_saber) {transformation: [-1.2939f,-0.0002f,0.4651f,-0.5679f,0.4605f,0.1922f,1.2813f,-1.0915f,-0.0652f,1.3615f,-0.1808f,0.5092f,0f,0f,0f,1f],start_interpolation: 0,interpolation_duration: 1}
$data merge entity $(bone_right_forearm) {transformation: [-0.9411f,0.288f,-0.1775f,-0.4944f,0.3349f,0.7197f,-0.6082f,-0.8675f,-0.0474f,-0.6317f,-0.7737f,0.3039f,0f,0f,0f,1f],start_interpolation: 0,interpolation_duration: 1}
$data merge entity $(bone_right_arm) {transformation: [-0.9427f,0.2847f,-0.1738f,-0.2965f,0.3305f,0.7267f,-0.6022f,-0.7044f,-0.0451f,-0.6251f,-0.7792f,0.1337f,0f,0f,0f,1f],start_interpolation: 0,interpolation_duration: 1}
$data merge entity $(bone_short_sword) {transformation: [-1.091f,-0.1164f,0.3967f,0.1091f,0.3822f,0.1427f,1.093f,-1.1602f,-0.1575f,1.152f,-0.0953f,0.5168f,0f,0f,0f,1f],start_interpolation: 0,interpolation_duration: 1}
$data merge entity $(bone_left_forearm) {transformation: [-0.9351f,0.3536f,-0.0225f,0.2007f,0.3276f,0.8385f,-0.4354f,-0.9471f,-0.135f,-0.4145f,-0.9f,0.3999f,0f,0f,0f,1f],start_interpolation: 0,interpolation_duration: 1}
$data merge entity $(bone_left_arm) {transformation: [-0.922f,0.3806f,0.0712f,0.1924f,0.3056f,0.8283f,-0.4695f,-0.6759f,-0.2377f,-0.4112f,-0.88f,0.2545f,0f,0f,0f,1f],start_interpolation: 0,interpolation_duration: 1}
$data merge entity $(bone_torso) {transformation: [-0.9885f,-0.1405f,0.0567f,0.0013f,-0.0986f,0.8808f,0.4632f,-0.9948f,-0.115f,0.4522f,-0.8844f,-0.0028f,0f,0f,0f,1f],start_interpolation: 0,interpolation_duration: 1}
$data merge entity $(bone_right_dress) {transformation: [-0.8737f,0.1347f,0.4675f,-0.1732f,0.1851f,0.9807f,0.0633f,-1.1516f,-0.4499f,0.1418f,-0.8818f,-0.0869f,0f,0f,0f,1f],start_interpolation: 0,interpolation_duration: 1}
$data merge entity $(bone_left_dress) {transformation: [-0.9773f,0.0265f,0.21f,0.1226f,-0.0305f,0.9641f,-0.2637f,-1.1516f,-0.2094f,-0.2642f,-0.9415f,0.0469f,0f,0f,0f,1f],start_interpolation: 0,interpolation_duration: 1}
$data merge entity $(bone_lower_right_leg) {transformation: [-0.6204f,0.1785f,0.7637f,-0.2485f,0.462f,0.8701f,0.1719f,-1.5926f,-0.6337f,0.4595f,-0.6223f,-0.1619f,0f,0f,0f,1f],start_interpolation: 0,interpolation_duration: 1}
$data merge entity $(bone_right_leg) {transformation: [-0.6204f,0.3589f,0.6973f,-0.1139f,0.462f,0.8858f,-0.0448f,-1.2604f,-0.6337f,0.2944f,-0.7154f,-0.0515f,0f,0f,0f,1f],start_interpolation: 0,interpolation_duration: 1}
$data merge entity $(bone_lower_left_leg) {transformation: [-0.9984f,-0.0386f,-0.0415f,0.1328f,-0.039f,0.9992f,0.0095f,-1.6137f,0.0411f,0.0111f,-0.9991f,0.1757f,0f,0f,0f,1f],start_interpolation: 0,interpolation_duration: 1}
$data merge entity $(bone_left_leg) {transformation: [-0.9984f,-0.0504f,-0.0258f,0.1139f,-0.039f,0.9422f,-0.3328f,-1.2604f,0.0411f,-0.3313f,-0.9426f,0.0515f,0f,0f,0f,1f],start_interpolation: 0,interpolation_duration: 1}
$data merge entity $(bone_waist) {transformation: [-0.9112f,0f,0.412f,0f,0f,1f,0f,-0.9167f,-0.412f,0f,-0.9112f,0f,0f,0f,0f,1f],start_interpolation: 0,interpolation_duration: 1}
$data merge entity $(bone_pony_tail) {transformation: [-0.9986f,0.0211f,0.0488f,-0.0313f,0.0415f,0.8837f,0.4663f,-0.5118f,-0.0333f,0.4676f,-0.8833f,0.023f,0f,0f,0f,1f],start_interpolation: 0,interpolation_duration: 1}
$data merge entity $(bone_head) {transformation: [-0.9986f,0.0211f,0.0488f,-0.0434f,0.0415f,0.8837f,0.4663f,-0.6487f,-0.0333f,0.4676f,-0.8833f,0.2154f,0f,0f,0f,1f],start_interpolation: 0,interpolation_duration: 1}
data modify entity @s data merge value {"cameras":{},"locators":{"body_hitbox":{"posx":-0.018120908102216143,"posy":-0.9834959760457058,"posz":0.15425969220149272,"roty":3.9751949699698343,"rotx":25.10776457870762},"flame":{"posx":-0.5797357179549649,"posy":-0.7105142505956537,"posz":3.106061515263471,"roty":68.75685251614809,"rotx":68.72026260343216},"flame1":{"posx":-0.38945490688639306,"posy":-0.195102107001645,"posz":2.970208524221994,"roty":68.75685251614809,"rotx":68.72026260343216},"flame2":{"posx":-0.22030680002022224,"posy":0.25333490968157846,"posz":2.780687654627533,"roty":68.75685251614809,"rotx":68.72026260343216},"flame3":{"posx":-0.05114139850465871,"posy":0.6842991266441896,"posz":2.4673940054294015,"roty":68.75685251614809,"rotx":68.72026260343216},"flame4":{"posx":-0.769999234374144,"posy":-1.2433991939102746,"posz":3.118141726701278,"roty":68.75685251614809,"rotx":68.72026260343216},"saber_hitbox":{"posx":-0.5647550645073427,"posy":-0.995312209539081,"posz":1.1264378532436057,"roty":68.75685251614809,"rotx":68.72026260343216},"flame5":{"posx":-0.11897860440341726,"posy":-0.8664526393494469,"posz":2.8089191690721043,"roty":76.48953965171387,"rotx":69.53276178990257},"flame6":{"posx":0.07850341028036154,"posy":-0.347105986828263,"posz":2.701251121855317,"roty":76.48953965171387,"rotx":69.53276178990257},"flame7":{"posx":0.26097033496616706,"posy":0.10604214003990609,"posz":2.536972101552741,"roty":76.48953965171387,"rotx":69.53276178990257},"flame8":{"posx":0.4559065005923764,"posy":0.5439022512368854,"posz":2.249259720252388,"roty":76.48953965171387,"rotx":69.53276178990257},"flame9":{"posx":-0.3039913781467923,"posy":-1.4010873075418206,"posz":2.7931538552911146,"roty":76.48953965171387,"rotx":69.53276178990257},"short_sword_hitbox":{"posx":0.06806000970263992,"posy":-1.0957728744172939,"posz":0.9574187541054453,"roty":76.48953965171387,"rotx":69.53276178990257}}}
execute on vehicle unless entity @s[tag=aj.transforms_only] at @s run function animated_java:mage_hunter/animations/lunge1/zzz/frames/30_root_commands