# This file was generated by Animated Java via MC-Build. It is not recommended to edit this file directly.
$data merge entity $(bone_chest) {transformation: [-0.9551f,-0.0371f,0.2939f,-0.0117f,0f,0.9921f,0.1252f,-0.7226f,-0.2962f,0.1196f,-0.9476f,0.0376f,0f,0f,0f,1f],start_interpolation: 0,interpolation_duration: 1}
$data merge entity $(bone_cape) {transformation: [-0.9551f,-0.0751f,0.2865f,0.2157f,0f,0.9673f,0.2536f,-0.5852f,-0.2962f,0.2422f,-0.9239f,0.0431f,0f,0f,0f,1f],start_interpolation: 0,interpolation_duration: 1}
$data merge entity $(bone_saber) {transformation: [-1.0421f,-0.1682f,0.8811f,-0.6604f,0.8196f,0.3704f,1.0401f,-1.0253f,-0.3646f,1.3134f,-0.1805f,-0.0856f,0f,0f,0f,1f],start_interpolation: 0,interpolation_duration: 1}
$data merge entity $(bone_right_forearm) {transformation: [-0.7579f,0.6408f,0.1223f,-0.4711f,0.5961f,0.7564f,-0.2694f,-0.7824f,-0.2651f,-0.1313f,-0.9552f,-0.1399f,0f,0f,0f,1f],start_interpolation: 0,interpolation_duration: 1}
$data merge entity $(bone_right_arm) {transformation: [-0.8488f,0.385f,0.3624f,-0.2567f,0.472f,0.8606f,0.1914f,-0.5994f,-0.2382f,0.3335f,-0.9122f,-0.0163f,0f,0f,0f,1f],start_interpolation: 0,interpolation_duration: 1}
$data merge entity $(bone_short_sword) {transformation: [-1.1169f,0.0844f,0.3262f,0.1821f,0.3369f,0.2961f,1.077f,-1.1147f,-0.0049f,1.1253f,-0.3078f,0.3375f,0f,0f,0f,1f],start_interpolation: 0,interpolation_duration: 1}
$data merge entity $(bone_left_forearm) {transformation: [-0.9574f,0.2796f,-0.0723f,0.2539f,0.2888f,0.9231f,-0.2538f,-0.8777f,-0.0042f,-0.2638f,-0.9646f,0.259f,0f,0f,0f,1f],start_interpolation: 0,interpolation_duration: 1}
$data merge entity $(bone_left_arm) {transformation: [-0.8934f,0.2796f,0.3517f,0.2209f,0.1495f,0.9231f,-0.3542f,-0.5994f,-0.4237f,-0.2638f,-0.8665f,0.1318f,0f,0f,0f,1f],start_interpolation: 0,interpolation_duration: 1}
$data merge entity $(bone_torso) {transformation: [-0.9551f,-0.0499f,0.292f,0.0009f,0f,0.9857f,0.1683f,-0.9531f,-0.2962f,0.1608f,-0.9415f,-0.003f,0f,0f,0f,1f],start_interpolation: 0,interpolation_duration: 1}
$data merge entity $(bone_right_dress) {transformation: [-0.9453f,-0.0843f,0.315f,-0.1826f,-0.1061f,0.993f,-0.0526f,-1.1099f,-0.3084f,-0.0832f,-0.9476f,-0.0648f,0f,0f,0f,1f],start_interpolation: 0,interpolation_duration: 1}
$data merge entity $(bone_left_dress) {transformation: [-0.9609f,0.19f,0.2015f,0.1275f,0.1792f,0.9813f,-0.0708f,-1.1099f,-0.2112f,-0.0319f,-0.9769f,0.0314f,0f,0f,0f,1f],start_interpolation: 0,interpolation_duration: 1}
$data merge entity $(bone_lower_right_leg) {transformation: [-0.854f,0.0743f,0.5149f,-0.1758f,0.1471f,0.9838f,0.1021f,-1.5893f,-0.499f,0.1629f,-0.8512f,-0.0496f,0f,0f,0f,1f],start_interpolation: 0,interpolation_duration: 1}
$data merge entity $(bone_right_leg) {transformation: [-0.854f,0.1505f,0.498f,-0.1194f,0.1471f,0.988f,-0.0464f,-1.2187f,-0.499f,0.0336f,-0.866f,-0.037f,0f,0f,0f,1f],start_interpolation: 0,interpolation_duration: 1}
$data merge entity $(bone_lower_left_leg) {transformation: [-0.9991f,-0.0417f,0.0003f,0.135f,-0.0417f,0.999f,-0.0129f,-1.592f,0.0003f,-0.0129f,-0.9999f,0.07f,0f,0f,0f,1f],start_interpolation: 0,interpolation_duration: 1}
$data merge entity $(bone_left_leg) {transformation: [-0.9991f,-0.0415f,0.0034f,0.1194f,-0.0417f,0.9953f,-0.0879f,-1.2187f,0.0003f,-0.088f,-0.9961f,0.037f,0f,0f,0f,1f],start_interpolation: 0,interpolation_duration: 1}
$data merge entity $(bone_waist) {transformation: [-0.9551f,0f,0.2962f,0f,0f,1f,0f,-0.875f,-0.2962f,0f,-0.9551f,0f,0f,0f,0f,1f],start_interpolation: 0,interpolation_duration: 1}
$data merge entity $(bone_pony_tail) {transformation: [-0.9998f,-0.0023f,0.0186f,-0.0196f,0f,0.9922f,0.1245f,-0.4533f,-0.0188f,0.1245f,-0.992f,-0.1515f,0f,0f,0f,1f],start_interpolation: 0,interpolation_duration: 1}
$data merge entity $(bone_head) {transformation: [-0.9998f,-0.0023f,0.0186f,-0.0239f,0f,0.9922f,0.1245f,-0.5135f,-0.0188f,0.1245f,-0.992f,0.0771f,0f,0f,0f,1f],start_interpolation: 0,interpolation_duration: 1}
data modify entity @s data merge value {"cameras":{},"locators":{"body_hitbox":{"posx":-0.04261238519768144,"posy":-0.8932896833970356,"posz":0.13741143900197172,"roty":17.229080932784655,"rotx":7.191358024691358},"saber_hitbox":{"posx":-0.7306858681126399,"posy":-0.8497910749987894,"posz":0.5097805085248992,"roty":78.42412870057902,"rotx":49.1488668393046},"short_sword_hitbox":{"posx":0.21731527578978185,"posy":-0.9916253656281898,"posz":0.765934672210261,"roty":46.66523889142724,"rotx":67.39021051917017}}}