# This file was generated by Animated Java via MC-Build. It is not recommended to edit this file directly.
$data merge entity $(bone_chest) {transformation: [-0.8024f,-0.1855f,0.5672f,-0.0491f,0f,0.9505f,0.3108f,-0.7349f,-0.5968f,0.2494f,-0.7626f,0.066f,0f,0f,0f,1f],start_interpolation: 0,interpolation_duration: 1}
$data merge entity $(bone_cape) {transformation: [-0.8024f,-0.258f,0.5382f,0.1473f,0f,0.9018f,0.4322f,-0.5882f,-0.5968f,0.3468f,-0.7236f,0.1685f,0f,0f,0f,1f],start_interpolation: 0,interpolation_duration: 1}
$data merge entity $(bone_saber) {transformation: [-0.604f,0.308f,1.1962f,-0.7352f,1.235f,0.1233f,0.5918f,-0.811f,0.0253f,1.3344f,-0.3308f,-0.1961f,0f,0f,0f,1f],start_interpolation: 0,interpolation_duration: 1}
$data merge entity $(bone_right_forearm) {transformation: [-0.4392f,0.87f,-0.224f,-0.4727f,0.8982f,0.4304f,-0.0897f,-0.6635f,0.0184f,-0.2406f,-0.9705f,-0.2801f,0f,0f,0f,1f],start_interpolation: 0,interpolation_duration: 1}
$data merge entity $(bone_right_arm) {transformation: [-0.5709f,0.4457f,0.6895f,-0.276f,0.7936f,0.5149f,0.3242f,-0.6179f,-0.2106f,0.7323f,-0.6476f,-0.0479f,0f,0f,0f,1f],start_interpolation: 0,interpolation_duration: 1}
$data merge entity $(bone_short_sword) {transformation: [-0.7107f,0.2566f,0.8889f,-0.2121f,0.925f,0.1742f,0.6893f,-0.9906f,0.0189f,1.1247f,-0.3096f,0.49f,0f,0f,0f,1f],start_interpolation: 0,interpolation_duration: 1}
$data merge entity $(bone_left_forearm) {transformation: [-0.6092f,0.7619f,-0.2199f,-0.0167f,0.7928f,0.5908f,-0.1493f,-0.8388f,0.0162f,-0.2653f,-0.964f,0.4111f,0f,0f,0f,1f],start_interpolation: 0,interpolation_duration: 1}
$data merge entity $(bone_left_arm) {transformation: [-0.5792f,0.7619f,0.2898f,0.1252f,0.4383f,0.5908f,-0.6774f,-0.6179f,-0.6873f,-0.2653f,-0.6762f,0.2505f,0f,0f,0f,1f],start_interpolation: 0,interpolation_duration: 1}
$data merge entity $(bone_torso) {transformation: [-0.8024f,-0.2101f,0.5586f,0.0019f,0f,0.936f,0.352f,-0.9531f,-0.5968f,0.2825f,-0.751f,-0.0025f,0f,0f,0f,1f],start_interpolation: 0,interpolation_duration: 1}
$data merge entity $(bone_right_dress) {transformation: [-0.7834f,0.0875f,0.6153f,-0.1507f,0.0197f,0.993f,-0.1162f,-1.1099f,-0.6212f,-0.0789f,-0.7796f,-0.1218f,0f,0f,0f,1f],start_interpolation: 0,interpolation_duration: 1}
$data merge entity $(bone_left_dress) {transformation: [-0.8872f,0.1915f,0.4198f,0.1098f,0.1361f,0.9779f,-0.1586f,-1.1099f,-0.4409f,-0.0836f,-0.8936f,0.072f,0f,0f,0f,1f],start_interpolation: 0,interpolation_duration: 1}
$data merge entity $(bone_lower_right_leg) {transformation: [-0.4101f,-0.0483f,0.9108f,-0.1905f,0.2392f,0.958f,0.1585f,-1.5785f,-0.8801f,0.2828f,-0.3813f,-0.1303f,0f,0f,0f,1f],start_interpolation: 0,interpolation_duration: 1}
$data merge entity $(bone_right_leg) {transformation: [-0.4101f,0.2404f,0.8798f,-0.1003f,0.2392f,0.9592f,-0.1507f,-1.2187f,-0.8801f,0.1487f,-0.4508f,-0.0746f,0f,0f,0f,1f],start_interpolation: 0,interpolation_duration: 1}
$data merge entity $(bone_lower_left_leg) {transformation: [-0.9994f,-0.035f,0.0005f,0.1132f,-0.035f,0.999f,-0.026f,-1.5871f,0.0005f,-0.026f,-0.9997f,0.1439f,0f,0f,0f,1f],start_interpolation: 0,interpolation_duration: 1}
$data merge entity $(bone_left_leg) {transformation: [-0.9994f,-0.0345f,0.006f,0.1003f,-0.035f,0.9822f,-0.1847f,-1.2187f,0.0005f,-0.1848f,-0.9828f,0.0746f,0f,0f,0f,1f],start_interpolation: 0,interpolation_duration: 1}
$data merge entity $(bone_waist) {transformation: [-0.8024f,0f,0.5968f,0f,0f,1f,0f,-0.875f,-0.5968f,0f,-0.8024f,0f,0f,0f,0f,1f],start_interpolation: 0,interpolation_duration: 1}
$data merge entity $(bone_pony_tail) {transformation: [-0.9992f,-0.0067f,0.0394f,-0.0935f,0f,0.9861f,0.1664f,-0.4588f,-0.04f,0.1663f,-0.9853f,-0.0879f,0f,0f,0f,1f],start_interpolation: 0,interpolation_duration: 1}
$data merge entity $(bone_head) {transformation: [-0.9992f,-0.0067f,0.0394f,-0.1025f,0f,0.9861f,0.1664f,-0.5286f,-0.04f,0.1663f,-0.9853f,0.1378f,0f,0f,0f,1f],start_interpolation: 0,interpolation_duration: 1}