# This file was generated by Animated Java via MC-Build. It is not recommended to edit this file directly.
$data merge entity $(bone_chest) {transformation: [-0.7977f,-0.19f,0.5724f,-0.0502f,0f,0.9491f,0.3151f,-0.7352f,-0.6031f,0.2513f,-0.757f,0.0664f,0f,0f,0f,1f],start_interpolation: 0,interpolation_duration: 1}
$data merge entity $(bone_cape) {transformation: [-0.7977f,-0.2631f,0.5427f,0.145f,0f,0.8998f,0.4362f,-0.5884f,-0.6031f,0.348f,-0.7178f,0.171f,0f,0f,0f,1f],start_interpolation: 0,interpolation_duration: 1}
$data merge entity $(bone_saber) {transformation: [-0.5964f,0.3193f,1.1971f,-0.7348f,1.2383f,0.1115f,0.5872f,-0.8073f,0.0392f,1.3328f,-0.3359f,-0.1977f,0f,0f,0f,1f],start_interpolation: 0,interpolation_duration: 1}
$data merge entity $(bone_right_forearm) {transformation: [-0.4337f,0.8706f,-0.2322f,-0.472f,0.9006f,0.427f,-0.0811f,-0.6607f,0.0285f,-0.2443f,-0.9693f,-0.2827f,0f,0f,0f,1f],start_interpolation: 0,interpolation_duration: 1}
$data merge entity $(bone_right_arm) {transformation: [-0.5649f,0.4441f,0.6954f,-0.2765f,0.7989f,0.5053f,0.3263f,-0.6184f,-0.2065f,0.7399f,-0.6403f,-0.0488f,0f,0f,0f,1f],start_interpolation: 0,interpolation_duration: 1}
$data merge entity $(bone_short_sword) {transformation: [-0.6964f,0.2602f,0.8991f,-0.2208f,0.9357f,0.1645f,0.6771f,-0.9865f,0.0242f,1.1253f,-0.3069f,0.4913f,0f,0f,0f,1f],start_interpolation: 0,interpolation_duration: 1}
$data merge entity $(bone_left_forearm) {transformation: [-0.5969f,0.7707f,-0.223f,-0.0231f,0.802f,0.5804f,-0.141f,-0.8373f,0.0207f,-0.263f,-0.9646f,0.413f,0f,0f,0f,1f],start_interpolation: 0,interpolation_duration: 1}
$data merge entity $(bone_left_arm) {transformation: [-0.5706f,0.7707f,0.2836f,0.1223f,0.4449f,0.5804f,-0.682f,-0.6184f,-0.6902f,-0.263f,-0.6741f,0.2527f,0f,0f,0f,1f],start_interpolation: 0,interpolation_duration: 1}
$data merge entity $(bone_torso) {transformation: [-0.7977f,-0.2148f,0.5635f,0.0019f,0f,0.9344f,0.3562f,-0.9531f,-0.6031f,0.2841f,-0.7454f,-0.0025f,0f,0f,0f,1f],start_interpolation: 0,interpolation_duration: 1}
$data merge entity $(bone_right_dress) {transformation: [-0.7782f,0.0914f,0.6214f,-0.1497f,0.0226f,0.9928f,-0.1177f,-1.1099f,-0.6276f,-0.0775f,-0.7746f,-0.123f,0f,0f,0f,1f],start_interpolation: 0,interpolation_duration: 1}
$data merge entity $(bone_left_dress) {transformation: [-0.8848f,0.192f,0.4246f,0.1093f,0.1351f,0.9777f,-0.1608f,-1.1099f,-0.4461f,-0.0849f,-0.891f,0.0728f,0f,0f,0f,1f],start_interpolation: 0,interpolation_duration: 1}
$data merge entity $(bone_lower_right_leg) {transformation: [-0.3973f,-0.0523f,0.9162f,-0.1904f,0.2409f,0.9574f,0.1591f,-1.5781f,-0.8855f,0.2839f,-0.3678f,-0.1325f,0f,0f,0f,1f],start_interpolation: 0,interpolation_duration: 1}
$data merge entity $(bone_right_leg) {transformation: [-0.3973f,0.2418f,0.8853f,-0.0997f,0.2409f,0.9583f,-0.1536f,-1.2187f,-0.8855f,0.1522f,-0.439f,-0.0754f,0f,0f,0f,1f],start_interpolation: 0,interpolation_duration: 1}
$data merge entity $(bone_lower_left_leg) {transformation: [-0.9994f,-0.0348f,0.0005f,0.1126f,-0.0348f,0.999f,-0.0263f,-1.5869f,0.0005f,-0.0263f,-0.9997f,0.1455f,0f,0f,0f,1f],start_interpolation: 0,interpolation_duration: 1}
$data merge entity $(bone_left_leg) {transformation: [-0.9994f,-0.0343f,0.0061f,0.0997f,-0.0348f,0.9818f,-0.1869f,-1.2187f,0.0005f,-0.187f,-0.9824f,0.0754f,0f,0f,0f,1f],start_interpolation: 0,interpolation_duration: 1}
$data merge entity $(bone_waist) {transformation: [-0.7977f,0f,0.6031f,0f,0f,1f,0f,-0.875f,-0.6031f,0f,-0.7977f,0f,0f,0f,0f,1f],start_interpolation: 0,interpolation_duration: 1}
$data merge entity $(bone_pony_tail) {transformation: [-0.9992f,-0.0068f,0.0399f,-0.0957f,0f,0.9859f,0.1674f,-0.4589f,-0.0404f,0.1673f,-0.9851f,-0.087f,0f,0f,0f,1f],start_interpolation: 0,interpolation_duration: 1}
$data merge entity $(bone_head) {transformation: [-0.9992f,-0.0068f,0.0399f,-0.1049f,0f,0.9859f,0.1674f,-0.529f,-0.0404f,0.1673f,-0.9851f,0.1387f,0f,0f,0f,1f],start_interpolation: 0,interpolation_duration: 1}
data modify entity @s data merge value {"cameras":{},"locators":{"body_hitbox":{"posx":-0.09207778574797981,"posy":-0.9229062780114354,"posz":0.1217844088014694,"roty":37.09190672153633,"rotx":18.364197530864196},"saber_hitbox":{"posx":-0.5814202366834293,"posy":-0.7525122222961386,"posz":0.405444159586996,"roty":74.32576613057338,"rotx":25.27886028638859},"short_sword_hitbox":{"posx":-0.11305375632203782,"posy":-0.9173603375168484,"posz":0.9197519098538702,"roty":71.15446624021432,"rotx":35.47875733489977}}}