# This file was generated by Animated Java via MC-Build. It is not recommended to edit this file directly.
$data merge entity $(bone_chest) {transformation: [-0.7262f,-0.2447f,0.6425f,-0.0637f,0.0036f,0.9331f,0.3595f,-0.7396f,-0.6875f,0.2634f,-0.6768f,0.0684f,0f,0f,0f,1f],start_interpolation: 0,interpolation_duration: 1}
$data merge entity $(bone_cape) {transformation: [-0.7262f,-0.3264f,0.605f,0.1143f,0.0036f,0.8782f,0.4782f,-0.592f,-0.6875f,0.3495f,-0.6366f,0.1993f,0f,0f,0f,1f],start_interpolation: 0,interpolation_duration: 1}
$data merge entity $(bone_saber) {transformation: [-0.51f,0.4385f,1.1993f,-0.7108f,1.2539f,-0.0722f,0.5597f,-0.758f,0.2415f,1.3012f,-0.3731f,-0.2336f,0f,0f,0f,1f],start_interpolation: 0,interpolation_duration: 1}
$data merge entity $(bone_right_forearm) {transformation: [-0.3709f,0.8722f,-0.3189f,-0.4474f,0.9119f,0.407f,0.0525f,-0.6162f,0.1756f,-0.2713f,-0.9463f,-0.3246f,0f,0f,0f,1f],start_interpolation: 0,interpolation_duration: 1}
$data merge entity $(bone_right_arm) {transformation: [-0.4824f,0.3833f,0.7876f,-0.2793f,0.8641f,0.3559f,0.356f,-0.6241f,-0.1438f,0.8523f,-0.5029f,-0.0669f,0f,0f,0f,1f],start_interpolation: 0,interpolation_duration: 1}
$data merge entity $(bone_short_sword) {transformation: [-0.4849f,0.2727f,1.0255f,-0.3348f,1.0539f,-0.0076f,0.5003f,-0.9249f,0.1237f,1.1343f,-0.2432f,0.4904f,0f,0f,0f,1f],start_interpolation: 0,interpolation_duration: 1}
$data merge entity $(bone_left_forearm) {transformation: [-0.4156f,0.879f,-0.2338f,-0.1091f,0.9034f,0.4288f,0.0065f,-0.8136f,0.106f,-0.2084f,-0.9723f,0.4262f,0f,0f,0f,1f],start_interpolation: 0,interpolation_duration: 1}
$data merge entity $(bone_left_arm) {transformation: [-0.434f,0.8786f,0.1992f,0.0838f,0.5353f,0.4294f,-0.7274f,-0.6259f,-0.7246f,-0.2091f,-0.6567f,0.2768f,0f,0f,0f,1f],start_interpolation: 0,interpolation_duration: 1}
$data merge entity $(bone_torso) {transformation: [-0.7262f,-0.2725f,0.6312f,0.0021f,0.0036f,0.9166f,0.3998f,-0.9531f,-0.6875f,0.2927f,-0.6646f,-0.0023f,0f,0f,0f,1f],start_interpolation: 0,interpolation_duration: 1}
$data merge entity $(bone_right_dress) {transformation: [-0.7082f,0.1365f,0.6927f,-0.1367f,0.0516f,0.9885f,-0.1421f,-1.1099f,-0.7041f,-0.0649f,-0.7071f,-0.1373f,0f,0f,0f,1f],start_interpolation: 0,interpolation_duration: 1}
$data merge entity $(bone_left_dress) {transformation: [-0.8494f,0.2036f,0.4868f,0.1015f,0.1289f,0.9747f,-0.1827f,-1.1099f,-0.5117f,-0.0925f,-0.8542f,0.0833f,0f,0f,0f,1f],start_interpolation: 0,interpolation_duration: 1}
$data merge entity $(bone_lower_right_leg) {transformation: [-0.2314f,-0.1078f,0.9669f,-0.1864f,0.2511f,0.9536f,0.1664f,-1.5744f,-0.9399f,0.2813f,-0.1936f,-0.1567f,0f,0f,0f,1f],start_interpolation: 0,interpolation_duration: 1}
$data merge entity $(bone_right_leg) {transformation: [-0.2314f,0.2526f,0.9395f,-0.0917f,0.2511f,0.9485f,-0.1931f,-1.2187f,-0.9399f,0.1912f,-0.2829f,-0.085f,0f,0f,0f,1f],start_interpolation: 0,interpolation_duration: 1}
$data merge entity $(bone_lower_left_leg) {transformation: [-0.9995f,-0.032f,0.0005f,0.1035f,-0.032f,0.999f,-0.0307f,-1.5854f,0.0005f,-0.0307f,-0.9995f,0.1629f,0f,0f,0f,1f],start_interpolation: 0,interpolation_duration: 1}
$data merge entity $(bone_left_leg) {transformation: [-0.9995f,-0.0314f,0.0062f,0.0917f,-0.032f,0.9777f,-0.2077f,-1.2187f,0.0005f,-0.2078f,-0.9782f,0.085f,0f,0f,0f,1f],start_interpolation: 0,interpolation_duration: 1}
$data merge entity $(bone_waist) {transformation: [-0.7336f,0f,0.6796f,0f,0f,1f,0f,-0.875f,-0.6796f,0f,-0.7336f,0f,0f,0f,0f,1f],start_interpolation: 0,interpolation_duration: 1}
$data merge entity $(bone_pony_tail) {transformation: [-0.9989f,-0.0078f,0.046f,-0.126f,0f,0.9859f,0.1676f,-0.4604f,-0.0467f,0.1674f,-0.9848f,-0.0825f,0f,0f,0f,1f],start_interpolation: 0,interpolation_duration: 1}
$data merge entity $(bone_head) {transformation: [-0.9989f,-0.0078f,0.046f,-0.1365f,0f,0.9859f,0.1676f,-0.5305f,-0.0467f,0.1674f,-0.9848f,0.1431f,0f,0f,0f,1f],start_interpolation: 0,interpolation_duration: 1}