# This file was generated by Animated Java via MC-Build. It is not recommended to edit this file directly.
$data merge entity $(bone_chest) {transformation: [-0.766f,-0.2198f,0.604f,-0.0575f,0f,0.9397f,0.342f,-0.7378f,-0.6428f,0.262f,-0.7198f,0.0685f,0f,0f,0f,1f],start_interpolation: 0,interpolation_duration: 1}
$data merge entity $(bone_cape) {transformation: [-0.766f,-0.2968f,0.5702f,0.1294f,0f,0.887f,0.4617f,-0.59f,-0.6428f,0.3537f,-0.6795f,0.1861f,0f,0f,0f,1f],start_interpolation: 0,interpolation_duration: 1}
$data merge entity $(bone_saber) {transformation: [-0.5518f,0.3911f,1.1972f,-0.7301f,1.2525f,0.0334f,0.5664f,-0.7854f,0.132f,1.3178f,-0.3696f,-0.2072f,0f,0f,0f,1f],start_interpolation: 0,interpolation_duration: 1}
$data merge entity $(bone_right_forearm) {transformation: [-0.4013f,0.8707f,-0.2844f,-0.4673f,0.9109f,0.4119f,-0.0243f,-0.6429f,0.096f,-0.2688f,-0.9584f,-0.2987f,0f,0f,0f,1f],start_interpolation: 0,interpolation_duration: 1}
$data merge entity $(bone_right_arm) {transformation: [-0.5282f,0.432f,0.731f,-0.2798f,0.8305f,0.4422f,0.3387f,-0.6223f,-0.177f,0.786f,-0.5923f,-0.0555f,0f,0f,0f,1f],start_interpolation: 0,interpolation_duration: 1}
$data merge entity $(bone_short_sword) {transformation: [-0.5996f,0.2793f,0.961f,-0.2755f,0.9987f,0.0949f,0.5955f,-0.9585f,0.0644f,1.1288f,-0.2878f,0.4976f,0f,0f,0f,1f],start_interpolation: 0,interpolation_duration: 1}
$data merge entity $(bone_left_forearm) {transformation: [-0.5139f,0.8237f,-0.2394f,-0.0642f,0.856f,0.5105f,-0.0813f,-0.8269f,0.0552f,-0.2467f,-0.9675f,0.4235f,0f,0f,0f,1f],start_interpolation: 0,interpolation_duration: 1}
$data merge entity $(bone_left_arm) {transformation: [-0.5137f,0.8237f,0.2398f,0.1033f,0.4879f,0.5105f,-0.7081f,-0.6223f,-0.7057f,-0.2467f,-0.6642f,0.2659f,0f,0f,0f,1f],start_interpolation: 0,interpolation_duration: 1}
$data merge entity $(bone_torso) {transformation: [-0.766f,-0.246f,0.5939f,0.002f,0f,0.9239f,0.3827f,-0.9531f,-0.6428f,0.2932f,-0.7077f,-0.0024f,0f,0f,0f,1f],start_interpolation: 0,interpolation_duration: 1}
$data merge entity $(bone_right_dress) {transformation: [-0.7432f,0.1158f,0.6589f,-0.1433f,0.0415f,0.991f,-0.1274f,-1.1099f,-0.6677f,-0.0674f,-0.7413f,-0.1304f,0f,0f,0f,1f],start_interpolation: 0,interpolation_duration: 1}
$data merge entity $(bone_left_dress) {transformation: [-0.8685f,0.1958f,0.4553f,0.1054f,0.1286f,0.9762f,-0.1746f,-1.1099f,-0.4787f,-0.0931f,-0.873f,0.0783f,0f,0f,0f,1f],start_interpolation: 0,interpolation_duration: 1}
$data merge entity $(bone_lower_right_leg) {transformation: [-0.3135f,-0.079f,0.9463f,-0.1893f,0.251f,0.9542f,0.1628f,-1.5759f,-0.9158f,0.2885f,-0.2793f,-0.1462f,0f,0f,0f,1f],start_interpolation: 0,interpolation_duration: 1}
$data merge entity $(bone_right_leg) {transformation: [-0.3135f,0.2494f,0.9162f,-0.0958f,0.251f,0.9523f,-0.1734f,-1.2187f,-0.9158f,0.1756f,-0.3612f,-0.0803f,0f,0f,0f,1f],start_interpolation: 0,interpolation_duration: 1}
$data merge entity $(bone_lower_left_leg) {transformation: [-0.9994f,-0.0334f,0.0005f,0.1081f,-0.0334f,0.999f,-0.028f,-1.5859f,0.0005f,-0.028f,-0.9996f,0.1558f,0f,0f,0f,1f],start_interpolation: 0,interpolation_duration: 1}
$data merge entity $(bone_left_leg) {transformation: [-0.9994f,-0.0328f,0.0063f,0.0958f,-0.0334f,0.979f,-0.2011f,-1.2187f,0.0005f,-0.2012f,-0.9796f,0.0803f,0f,0f,0f,1f],start_interpolation: 0,interpolation_duration: 1}
$data merge entity $(bone_waist) {transformation: [-0.766f,0f,0.6428f,0f,0f,1f,0f,-0.875f,-0.6428f,0f,-0.766f,0f,0f,0f,0f,1f],start_interpolation: 0,interpolation_duration: 1}
$data merge entity $(bone_pony_tail) {transformation: [-0.999f,-0.0076f,0.043f,-0.1107f,0f,0.9848f,0.1736f,-0.4598f,-0.0436f,0.1735f,-0.9839f,-0.0815f,0f,0f,0f,1f],start_interpolation: 0,interpolation_duration: 1}
$data merge entity $(bone_head) {transformation: [-0.999f,-0.0076f,0.043f,-0.1205f,0f,0.9848f,0.1736f,-0.5312f,-0.0436f,0.1735f,-0.9839f,0.1436f,0f,0f,0f,1f],start_interpolation: 0,interpolation_duration: 1}
data modify entity @s data merge value {"cameras":{},"locators":{"locator":{"posx":0.018461945748910358,"posy":-0.7035436771924226,"posz":2.3072197453086885,"roty":72.84235857960715,"rotx":24.326052049870427},"locator2":{"posx":0.4904348376472629,"posy":-0.47335126019903334,"posz":2.096114225551749,"roty":72.84235857960715,"rotx":24.326052049870427},"locator3":{"posx":0.8902156447479164,"posy":-0.2704218797720299,"posz":1.8419096370143613,"roty":72.84235857960715,"rotx":24.326052049870427},"locator4":{"posx":1.2544452775923827,"posy":-0.07052748176584323,"posz":1.4679056207207801,"roty":72.84235857960715,"rotx":24.326052049870427},"locator5":{"posx":-0.48906212040562935,"posy":-0.9367710766066284,"posz":2.398525837309435,"roty":72.84235857960715,"rotx":24.326052049870427},"saber_hitbox":{"posx":-0.526310672695101,"posy":-0.7648186006006763,"posz":0.4488283525768008,"roty":72.84235857960715,"rotx":24.326052049870427},"locator6":{"posx":0.2888864790323886,"posy":-0.7643083771247277,"posz":2.7416282869586652,"roty":73.32711259927513,"rotx":30.69448387242941},"locator7":{"posx":0.7372854325115276,"posy":-0.48225836714665193,"posz":2.5423830350950873,"roty":73.32711259927513,"rotx":30.69448387242941},"locator8":{"posx":1.119239739042548,"posy":-0.23719593070451794,"posz":2.2980874969298313,"roty":73.32711259927513,"rotx":30.69448387242941},"locator9":{"posx":1.4712734717627836,"posy":-0.0023011246314640355,"posz":1.9328523930488375,"roty":73.32711259927513,"rotx":30.69448387242941},"locator10":{"posx":-0.18943304825753526,"posy":-1.0565260174718836,"posz":2.8199339731065054,"roty":73.32711259927513,"rotx":30.69448387242941},"short_sword_hitbox":{"posx":-0.14496184122399444,"posy":-0.9117390174763894,"posz":0.9880045840804752,"roty":73.32711259927513,"rotx":30.69448387242941}}}