# This file was generated by Animated Java via MC-Build. It is not recommended to edit this file directly.
$data merge entity $(bone_right_leg1) {transformation: [-1f,0f,0f,-0.1562f,0f,0.9089f,0.417f,-0.172f,0f,0.417f,-0.9089f,-0.3286f,0f,0f,0f,1f],start_interpolation: 0,interpolation_duration: 1}
$data merge entity $(bone_right_leg) {transformation: [-1f,0f,0f,-0.1562f,0f,0.9089f,0.417f,-0.0016f,0f,0.417f,-0.9089f,-0.2504f,0f,0f,0f,1f],start_interpolation: 0,interpolation_duration: 1}
$data merge entity $(bone_left_leg1) {transformation: [-1f,0f,0f,0.1563f,0f,0.9089f,0.417f,-0.172f,0f,0.417f,-0.9089f,-0.3286f,0f,0f,0f,1f],start_interpolation: 0,interpolation_duration: 1}
$data merge entity $(bone_left_leg) {transformation: [-1f,0f,0f,0.1563f,0f,0.9089f,0.417f,-0.0016f,0f,0.417f,-0.9089f,-0.2504f,0f,0f,0f,1f],start_interpolation: 0,interpolation_duration: 1}
$data merge entity $(bone_tail) {transformation: [-1f,0f,0f,-0.0312f,0f,1f,0.0062f,0.1207f,0f,0.0062f,-1f,-0.6887f,0f,0f,0f,1f],start_interpolation: 0,interpolation_duration: 1}
$data merge entity $(bone_head) {transformation: [-1f,0f,0f,0f,0f,0.9859f,0.1675f,0.2055f,0f,0.1675f,-0.9859f,0.3733f,0f,0f,0f,1f],start_interpolation: 0,interpolation_duration: 1}
$data merge entity $(bone_right_wing1) {transformation: [-0.9871f,0.1601f,0f,-1.0925f,0.1601f,0.9871f,-0.0062f,0.4044f,-0.001f,-0.0062f,-1f,0.2158f,0f,0f,0f,1f],start_interpolation: 0,interpolation_duration: 1}
$data merge entity $(bone_right_wing) {transformation: [-0.9946f,0.1041f,0f,-0.2653f,0.1041f,0.9945f,-0.0062f,0.3092f,-0.0006f,-0.0062f,-1f,-0.1202f,0f,0f,0f,1f],start_interpolation: 0,interpolation_duration: 1}
$data merge entity $(bone_left_wing1) {transformation: [-0.9871f,-0.1601f,0f,1.0925f,-0.1601f,0.9871f,-0.0062f,0.4044f,0.001f,-0.0062f,-1f,0.2158f,0f,0f,0f,1f],start_interpolation: 0,interpolation_duration: 1}
$data merge entity $(bone_left_wing) {transformation: [-0.9946f,-0.1041f,0f,0.2653f,-0.1041f,0.9945f,-0.0062f,0.3092f,0.0006f,-0.0062f,-1f,-0.1202f,0f,0f,0f,1f],start_interpolation: 0,interpolation_duration: 1}
$data merge entity $(bone_body) {transformation: [-1f,0f,0f,0.0313f,0f,1f,-0.0062f,-0.0625f,0f,-0.0062f,-1f,0f,0f,0f,0f,1f],start_interpolation: 0,interpolation_duration: 1}