# This file was generated by Animated Java via MC-Build. It is not recommended to edit this file directly.
$data merge entity $(bone_right_leg1) {transformation: [-1f,0f,0f,-0.1562f,0f,0.9083f,0.4182f,-0.1715f,0f,0.4182f,-0.9083f,-0.3287f,0f,0f,0f,1f],start_interpolation: 0,interpolation_duration: 1}
$data merge entity $(bone_right_leg) {transformation: [-1f,0f,0f,-0.1562f,0f,0.9083f,0.4182f,-0.0012f,0f,0.4182f,-0.9083f,-0.2503f,0f,0f,0f,1f],start_interpolation: 0,interpolation_duration: 1}
$data merge entity $(bone_left_leg1) {transformation: [-1f,0f,0f,0.1563f,0f,0.9083f,0.4182f,-0.1715f,0f,0.4182f,-0.9083f,-0.3287f,0f,0f,0f,1f],start_interpolation: 0,interpolation_duration: 1}
$data merge entity $(bone_left_leg) {transformation: [-1f,0f,0f,0.1563f,0f,0.9083f,0.4182f,-0.0012f,0f,0.4182f,-0.9083f,-0.2503f,0f,0f,0f,1f],start_interpolation: 0,interpolation_duration: 1}
$data merge entity $(bone_tail) {transformation: [-1f,0f,0f,-0.0312f,0f,1f,0.0048f,0.1217f,0f,0.0048f,-1f,-0.6884f,0f,0f,0f,1f],start_interpolation: 0,interpolation_duration: 1}
$data merge entity $(bone_head) {transformation: [-1f,0f,0f,0f,0f,0.9856f,0.1689f,0.2049f,0f,0.1689f,-0.9856f,0.3737f,0f,0f,0f,1f],start_interpolation: 0,interpolation_duration: 1}
$data merge entity $(bone_right_wing1) {transformation: [-0.9751f,-0.2216f,0f,-1.0896f,-0.2216f,0.9751f,-0.0048f,0.1954f,0.0011f,-0.0047f,-1f,0.2175f,0f,0f,0f,1f],start_interpolation: 0,interpolation_duration: 1}
$data merge entity $(bone_right_wing) {transformation: [-0.9892f,-0.1465f,0f,-0.2653f,-0.1465f,0.9892f,-0.0048f,0.3093f,0.0007f,-0.0048f,-1f,-0.1197f,0f,0f,0f,1f],start_interpolation: 0,interpolation_duration: 1}
$data merge entity $(bone_left_wing1) {transformation: [-0.9751f,0.2216f,0f,1.0896f,0.2216f,0.9751f,-0.0048f,0.1954f,-0.0011f,-0.0047f,-1f,0.2175f,0f,0f,0f,1f],start_interpolation: 0,interpolation_duration: 1}
$data merge entity $(bone_left_wing) {transformation: [-0.9892f,0.1465f,0f,0.2653f,0.1465f,0.9892f,-0.0048f,0.3093f,-0.0007f,-0.0048f,-1f,-0.1197f,0f,0f,0f,1f],start_interpolation: 0,interpolation_duration: 1}
$data merge entity $(bone_body) {transformation: [-1f,0f,0f,0.0313f,0f,1f,-0.0048f,-0.0625f,0f,-0.0048f,-1f,0f,0f,0f,0f,1f],start_interpolation: 0,interpolation_duration: 1}