# This file was generated by Animated Java via MC-Build. It is not recommended to edit this file directly.
$data merge entity $(bone_right_leg1) {transformation: [-1f,0f,0f,-0.1562f,0f,0.9042f,0.427f,-0.1683f,0f,0.427f,-0.9042f,-0.3298f,0f,0f,0f,1f],start_interpolation: 0,interpolation_duration: 1}
$data merge entity $(bone_right_leg) {transformation: [-1f,0f,0f,-0.1562f,0f,0.9042f,0.427f,0.0012f,0f,0.427f,-0.9042f,-0.2497f,0f,0f,0f,1f],start_interpolation: 0,interpolation_duration: 1}
$data merge entity $(bone_left_leg1) {transformation: [-1f,0f,0f,0.1563f,0f,0.9042f,0.427f,-0.1683f,0f,0.427f,-0.9042f,-0.3298f,0f,0f,0f,1f],start_interpolation: 0,interpolation_duration: 1}
$data merge entity $(bone_left_leg) {transformation: [-1f,0f,0f,0.1563f,0f,0.9042f,0.427f,0.0012f,0f,0.427f,-0.9042f,-0.2497f,0f,0f,0f,1f],start_interpolation: 0,interpolation_duration: 1}
$data merge entity $(bone_tail) {transformation: [-1f,0f,0f,-0.0312f,0f,1f,-0.0048f,0.1283f,0f,-0.0048f,-1f,-0.6866f,0f,0f,0f,1f],start_interpolation: 0,interpolation_duration: 1}
$data merge entity $(bone_head) {transformation: [-1f,0f,0f,0f,0f,0.984f,0.1784f,0.2013f,0f,0.1784f,-0.984f,0.3763f,0f,0f,0f,1f],start_interpolation: 0,interpolation_duration: 1}
$data merge entity $(bone_right_wing1) {transformation: [-0.913f,-0.4079f,0f,-1.0703f,-0.4079f,0.913f,0.0048f,0.0971f,-0.002f,0.0044f,-1f,0.2195f,0f,0f,0f,1f],start_interpolation: 0,interpolation_duration: 1}
$data merge entity $(bone_right_wing) {transformation: [-0.9651f,-0.2619f,0f,-0.2653f,-0.2619f,0.9651f,0.0048f,0.3105f,-0.0013f,0.0047f,-1f,-0.1161f,0f,0f,0f,1f],start_interpolation: 0,interpolation_duration: 1}
$data merge entity $(bone_left_wing1) {transformation: [-0.913f,0.4079f,0f,1.0703f,0.4079f,0.913f,0.0048f,0.0971f,0.002f,0.0044f,-1f,0.2195f,0f,0f,0f,1f],start_interpolation: 0,interpolation_duration: 1}
$data merge entity $(bone_left_wing) {transformation: [-0.9651f,0.2619f,0f,0.2653f,0.2619f,0.9651f,0.0048f,0.3105f,0.0013f,0.0047f,-1f,-0.1161f,0f,0f,0f,1f],start_interpolation: 0,interpolation_duration: 1}
$data merge entity $(bone_body) {transformation: [-1f,0f,0f,0.0313f,0f,1f,0.0048f,-0.0625f,0f,0.0048f,-1f,0f,0f,0f,0f,1f],start_interpolation: 0,interpolation_duration: 1}