# This file was generated by Animated Java via MC-Build. It is not recommended to edit this file directly.
$data merge entity $(bone_right_leg1) {transformation: [-1f,0f,0f,-0.1562f,0f,0.7566f,0.6539f,-0.1382f,0f,0.6539f,-0.7566f,-0.3717f,0f,0f,0f,1f],start_interpolation: 0,interpolation_duration: 1}
$data merge entity $(bone_right_leg) {transformation: [-1f,0f,0f,-0.1562f,0f,0.7566f,0.6539f,0.0036f,0f,0.6539f,-0.7566f,-0.2491f,0f,0f,0f,1f],start_interpolation: 0,interpolation_duration: 1}
$data merge entity $(bone_left_leg1) {transformation: [-1f,0f,0f,0.1563f,0f,0.7566f,0.6539f,-0.1382f,0f,0.6539f,-0.7566f,-0.3717f,0f,0f,0f,1f],start_interpolation: 0,interpolation_duration: 1}
$data merge entity $(bone_left_leg) {transformation: [-1f,0f,0f,0.1563f,0f,0.7566f,0.6539f,0.0036f,0f,0.6539f,-0.7566f,-0.2491f,0f,0f,0f,1f],start_interpolation: 0,interpolation_duration: 1}
$data merge entity $(bone_tail) {transformation: [-1f,0f,0f,-0.0312f,0f,0.9999f,-0.0145f,0.135f,0f,-0.0145f,-0.9999f,-0.6847f,0f,0f,0f,1f],start_interpolation: 0,interpolation_duration: 1}
$data merge entity $(bone_head) {transformation: [-1f,0f,0f,0f,0f,0.9822f,0.188f,0.1976f,0f,0.188f,-0.9822f,0.3788f,0f,0f,0f,1f],start_interpolation: 0,interpolation_duration: 1}
$data merge entity $(bone_right_wing1) {transformation: [-0.8375f,-0.5465f,0f,-1.0497f,-0.5464f,0.8374f,0.0145f,0.0281f,-0.0079f,0.0122f,-0.9999f,0.2201f,0f,0f,0f,1f],start_interpolation: 0,interpolation_duration: 1}
$data merge entity $(bone_right_wing) {transformation: [-0.9397f,-0.342f,0f,-0.2653f,-0.342f,0.9396f,0.0145f,0.3116f,-0.005f,0.0137f,-0.9999f,-0.1125f,0f,0f,0f,1f],start_interpolation: 0,interpolation_duration: 1}
$data merge entity $(bone_left_wing1) {transformation: [-0.8375f,0.5465f,0f,1.0497f,0.5464f,0.8374f,0.0145f,0.0281f,0.0079f,0.0122f,-0.9999f,0.2201f,0f,0f,0f,1f],start_interpolation: 0,interpolation_duration: 1}
$data merge entity $(bone_left_wing) {transformation: [-0.9397f,0.342f,0f,0.2653f,0.342f,0.9396f,0.0145f,0.3116f,0.005f,0.0137f,-0.9999f,-0.1125f,0f,0f,0f,1f],start_interpolation: 0,interpolation_duration: 1}
$data merge entity $(bone_body) {transformation: [-1f,0f,0f,0.0313f,0f,0.9999f,0.0145f,-0.0625f,0f,0.0145f,-0.9999f,0f,0f,0f,0f,1f],start_interpolation: 0,interpolation_duration: 1}