# This file was generated by Animated Java via MC-Build. It is not recommended to edit this file directly.
$data merge entity $(bone_right_leg1) {transformation: [-1f,0f,0f,-0.1562f,0f,0.8914f,0.4531f,-0.1587f,0f,0.4531f,-0.8914f,-0.3327f,0f,0f,0f,1f],start_interpolation: 0,interpolation_duration: 1}
$data merge entity $(bone_right_leg) {transformation: [-1f,0f,0f,-0.1562f,0f,0.8914f,0.4531f,0.0084f,0f,0.4531f,-0.8914f,-0.2477f,0f,0f,0f,1f],start_interpolation: 0,interpolation_duration: 1}
$data merge entity $(bone_left_leg1) {transformation: [-1f,0f,0f,0.1563f,0f,0.8914f,0.4531f,-0.1587f,0f,0.4531f,-0.8914f,-0.3327f,0f,0f,0f,1f],start_interpolation: 0,interpolation_duration: 1}
$data merge entity $(bone_left_leg) {transformation: [-1f,0f,0f,0.1563f,0f,0.8914f,0.4531f,0.0084f,0f,0.4531f,-0.8914f,-0.2477f,0f,0f,0f,1f],start_interpolation: 0,interpolation_duration: 1}
$data merge entity $(bone_tail) {transformation: [-1f,0f,0f,-0.0312f,0f,0.9994f,-0.0339f,0.1482f,0f,-0.0339f,-0.9994f,-0.6807f,0f,0f,0f,1f],start_interpolation: 0,interpolation_duration: 1}
$data merge entity $(bone_head) {transformation: [-1f,0f,0f,0f,0f,0.9783f,0.207f,0.1902f,0f,0.207f,-0.9783f,0.3838f,0f,0f,0f,1f],start_interpolation: 0,interpolation_duration: 1}
$data merge entity $(bone_right_wing1) {transformation: [-0.7282f,-0.6854f,0f,-1.0274f,-0.685f,0.7278f,0.0339f,-0.0324f,-0.0233f,0.0247f,-0.9994f,0.2199f,0f,0f,0f,1f],start_interpolation: 0,interpolation_duration: 1}
$data merge entity $(bone_right_wing) {transformation: [-0.9124f,-0.4094f,0f,-0.2653f,-0.4092f,0.9118f,0.0339f,0.3137f,-0.0139f,0.031f,-0.9994f,-0.1052f,0f,0f,0f,1f],start_interpolation: 0,interpolation_duration: 1}
$data merge entity $(bone_left_wing1) {transformation: [-0.7282f,0.6854f,0f,1.0274f,0.685f,0.7278f,0.0339f,-0.0324f,0.0233f,0.0247f,-0.9994f,0.2199f,0f,0f,0f,1f],start_interpolation: 0,interpolation_duration: 1}
$data merge entity $(bone_left_wing) {transformation: [-0.9124f,0.4094f,0f,0.2653f,0.4092f,0.9118f,0.0339f,0.3137f,0.0139f,0.031f,-0.9994f,-0.1052f,0f,0f,0f,1f],start_interpolation: 0,interpolation_duration: 1}
$data merge entity $(bone_body) {transformation: [-1f,0f,0f,0.0313f,0f,0.9994f,0.0339f,-0.0625f,0f,0.0339f,-0.9994f,0f,0f,0f,0f,1f],start_interpolation: 0,interpolation_duration: 1}