# This file was generated by Animated Java via MC-Build. It is not recommended to edit this file directly.
$data merge entity $(bone_right_leg1) {transformation: [-1f,0f,0f,-0.1562f,0f,0.8949f,0.4462f,-0.1613f,0f,0.4462f,-0.8949f,-0.3319f,0f,0f,0f,1f],start_interpolation: 0,interpolation_duration: 1}
$data merge entity $(bone_right_leg) {transformation: [-1f,0f,0f,-0.1562f,0f,0.8949f,0.4462f,0.0065f,0f,0.4462f,-0.8949f,-0.2483f,0f,0f,0f,1f],start_interpolation: 0,interpolation_duration: 1}
$data merge entity $(bone_left_leg1) {transformation: [-1f,0f,0f,0.1563f,0f,0.8949f,0.4462f,-0.1613f,0f,0.4462f,-0.8949f,-0.3319f,0f,0f,0f,1f],start_interpolation: 0,interpolation_duration: 1}
$data merge entity $(bone_left_leg) {transformation: [-1f,0f,0f,0.1563f,0f,0.8949f,0.4462f,0.0065f,0f,0.4462f,-0.8949f,-0.2483f,0f,0f,0f,1f],start_interpolation: 0,interpolation_duration: 1}
$data merge entity $(bone_tail) {transformation: [-1f,0f,0f,-0.0312f,0f,0.9997f,-0.0262f,0.1429f,0f,-0.0262f,-0.9997f,-0.6824f,0f,0f,0f,1f],start_interpolation: 0,interpolation_duration: 1}
$data merge entity $(bone_head) {transformation: [-1f,0f,0f,0f,0f,0.9799f,0.1994f,0.1932f,0f,0.1994f,-0.9799f,0.3818f,0f,0f,0f,1f],start_interpolation: 0,interpolation_duration: 1}
$data merge entity $(bone_right_wing1) {transformation: [-0.8818f,-0.4716f,0f,-1.0738f,-0.4715f,0.8815f,0.0262f,0.106f,-0.0123f,0.0231f,-0.9997f,0.2232f,0f,0f,0f,1f],start_interpolation: 0,interpolation_duration: 1}
$data merge entity $(bone_right_wing) {transformation: [-0.9694f,-0.2456f,0f,-0.2653f,-0.2456f,0.969f,0.0262f,0.3129f,-0.0064f,0.0254f,-0.9997f,-0.1081f,0f,0f,0f,1f],start_interpolation: 0,interpolation_duration: 1}
$data merge entity $(bone_left_wing1) {transformation: [-0.8818f,0.4716f,0f,1.0738f,0.4715f,0.8815f,0.0262f,0.106f,0.0123f,0.0231f,-0.9997f,0.2232f,0f,0f,0f,1f],start_interpolation: 0,interpolation_duration: 1}
$data merge entity $(bone_left_wing) {transformation: [-0.9694f,0.2456f,0f,0.2653f,0.2456f,0.969f,0.0262f,0.3129f,0.0064f,0.0254f,-0.9997f,-0.1081f,0f,0f,0f,1f],start_interpolation: 0,interpolation_duration: 1}
$data merge entity $(bone_body) {transformation: [-1f,0f,0f,0.0313f,0f,0.9997f,0.0262f,-0.0625f,0f,0.0262f,-0.9997f,0f,0f,0f,0f,1f],start_interpolation: 0,interpolation_duration: 1}