# This file was generated by Animated Java via MC-Build. It is not recommended to edit this file directly.
$data merge entity $(bone_right_leg1) {transformation: [-1f,0f,0f,-0.1562f,0f,0.9026f,0.4305f,-0.1671f,0f,0.4305f,-0.9026f,-0.3302f,0f,0f,0f,1f],start_interpolation: 0,interpolation_duration: 1}
$data merge entity $(bone_right_leg) {transformation: [-1f,0f,0f,-0.1562f,0f,0.9026f,0.4305f,0.0022f,0f,0.4305f,-0.9026f,-0.2494f,0f,0f,0f,1f],start_interpolation: 0,interpolation_duration: 1}
$data merge entity $(bone_left_leg1) {transformation: [-1f,0f,0f,0.1563f,0f,0.9026f,0.4305f,-0.1671f,0f,0.4305f,-0.9026f,-0.3302f,0f,0f,0f,1f],start_interpolation: 0,interpolation_duration: 1}
$data merge entity $(bone_left_leg) {transformation: [-1f,0f,0f,0.1563f,0f,0.9026f,0.4305f,0.0022f,0f,0.4305f,-0.9026f,-0.2494f,0f,0f,0f,1f],start_interpolation: 0,interpolation_duration: 1}
$data merge entity $(bone_tail) {transformation: [-1f,0f,0f,-0.0312f,0f,1f,-0.0087f,0.131f,0f,-0.0087f,-1f,-0.6858f,0f,0f,0f,1f],start_interpolation: 0,interpolation_duration: 1}
$data merge entity $(bone_head) {transformation: [-1f,0f,0f,0f,0f,0.9833f,0.1822f,0.1998f,0f,0.1822f,-0.9833f,0.3773f,0f,0f,0f,1f],start_interpolation: 0,interpolation_duration: 1}
$data merge entity $(bone_right_wing1) {transformation: [-0.9929f,-0.1188f,0f,-1.0965f,-0.1187f,0.9929f,0.0087f,0.2642f,-0.001f,0.0087f,-1f,0.2216f,0f,0f,0f,1f],start_interpolation: 0,interpolation_duration: 1}
$data merge entity $(bone_right_wing) {transformation: [-0.9982f,-0.0604f,0f,-0.2653f,-0.0603f,0.9981f,0.0087f,0.3109f,-0.0005f,0.0087f,-1f,-0.1147f,0f,0f,0f,1f],start_interpolation: 0,interpolation_duration: 1}
$data merge entity $(bone_left_wing1) {transformation: [-0.9929f,0.1188f,0f,1.0965f,0.1187f,0.9929f,0.0087f,0.2642f,0.001f,0.0087f,-1f,0.2216f,0f,0f,0f,1f],start_interpolation: 0,interpolation_duration: 1}
$data merge entity $(bone_left_wing) {transformation: [-0.9982f,0.0604f,0f,0.2653f,0.0603f,0.9981f,0.0087f,0.3109f,0.0005f,0.0087f,-1f,-0.1147f,0f,0f,0f,1f],start_interpolation: 0,interpolation_duration: 1}
$data merge entity $(bone_body) {transformation: [-1f,0f,0f,0.0313f,0f,1f,0.0087f,-0.0625f,0f,0.0087f,-1f,0f,0f,0f,0f,1f],start_interpolation: 0,interpolation_duration: 1}