# This file was generated by Animated Java via MC-Build. It is not recommended to edit this file directly.
$data merge entity $(bone_right_leg1) {transformation: [-1f,0f,0f,-0.1562f,0f,0.919f,0.3942f,-0.1801f,0f,0.3942f,-0.919f,-0.3257f,0f,0f,0f,1f],start_interpolation: 0,interpolation_duration: 1}
$data merge entity $(bone_right_leg) {transformation: [-1f,0f,0f,-0.1562f,0f,0.919f,0.3942f,-0.0078f,0f,0.3942f,-0.919f,-0.2518f,0f,0f,0f,1f],start_interpolation: 0,interpolation_duration: 1}
$data merge entity $(bone_left_leg1) {transformation: [-1f,0f,0f,0.1563f,0f,0.919f,0.3942f,-0.1801f,0f,0.3942f,-0.919f,-0.3257f,0f,0f,0f,1f],start_interpolation: 0,interpolation_duration: 1}
$data merge entity $(bone_left_leg) {transformation: [-1f,0f,0f,0.1563f,0f,0.919f,0.3942f,-0.0078f,0f,0.3942f,-0.919f,-0.2518f,0f,0f,0f,1f],start_interpolation: 0,interpolation_duration: 1}
$data merge entity $(bone_tail) {transformation: [-1f,0f,0f,-0.0312f,0f,0.9995f,0.0312f,0.1035f,0f,0.0312f,-0.9995f,-0.693f,0f,0f,0f,1f],start_interpolation: 0,interpolation_duration: 1}
$data merge entity $(bone_head) {transformation: [-1f,0f,0f,0f,0f,0.9897f,0.1429f,0.2147f,0f,0.1429f,-0.9897f,0.3665f,0f,0f,0f,1f],start_interpolation: 0,interpolation_duration: 1}
$data merge entity $(bone_right_wing1) {transformation: [-0.5011f,0.8654f,0f,-0.9434f,0.865f,0.5009f,-0.0312f,0.7991f,-0.027f,-0.0156f,-0.9995f,0.192f,0f,0f,0f,1f],start_interpolation: 0,interpolation_duration: 1}
$data merge entity $(bone_right_wing) {transformation: [-0.8192f,0.5736f,0f,-0.2653f,0.5733f,0.8188f,-0.0312f,0.306f,-0.0179f,-0.0255f,-0.9995f,-0.1295f,0f,0f,0f,1f],start_interpolation: 0,interpolation_duration: 1}
$data merge entity $(bone_left_wing1) {transformation: [-0.5011f,-0.8654f,0f,0.9434f,-0.865f,0.5009f,-0.0312f,0.7991f,0.027f,-0.0156f,-0.9995f,0.192f,0f,0f,0f,1f],start_interpolation: 0,interpolation_duration: 1}
$data merge entity $(bone_left_wing) {transformation: [-0.8192f,-0.5736f,0f,0.2653f,-0.5733f,0.8188f,-0.0312f,0.306f,0.0179f,-0.0255f,-0.9995f,-0.1295f,0f,0f,0f,1f],start_interpolation: 0,interpolation_duration: 1}
$data merge entity $(bone_body) {transformation: [-1f,0f,0f,0.0313f,0f,0.9995f,-0.0312f,-0.0625f,0f,-0.0312f,-0.9995f,0f,0f,0f,0f,1f],start_interpolation: 0,interpolation_duration: 1}