# This file was generated by Animated Java via MC-Build. It is not recommended to edit this file directly.
$data merge entity $(bone_chest) {transformation: [-0.9575f,0.0405f,0.2857f,0.0057f,-0.0257f,0.9742f,-0.2241f,-0.7353f,-0.2874f,-0.2219f,-0.9317f,-0.0426f,0f,0f,0f,1f],start_interpolation: 0,interpolation_duration: 1}
$data merge entity $(bone_cape) {transformation: [-0.9575f,0.0028f,0.2886f,0.2428f,-0.0257f,0.9951f,-0.095f,-0.6221f,-0.2874f,-0.0984f,-0.9527f,-0.0817f,0f,0f,0f,1f],start_interpolation: 0,interpolation_duration: 1}
$data merge entity $(bone_saber) {transformation: [-0.7628f,-1.0302f,0.4974f,-0.5798f,-0.3479f,0.7784f,1.0787f,-1.0302f,-1.0898f,0.4726f,-0.6925f,0.1371f,0f,0f,0f,1f],start_interpolation: 0,interpolation_duration: 1}
$data merge entity $(bone_right_forearm) {transformation: [-0.5548f,0.4044f,0.7271f,-0.4553f,-0.253f,0.7505f,-0.6105f,-0.8057f,-0.7926f,-0.5226f,-0.3141f,-0.0415f,0f,0f,0f,1f],start_interpolation: 0,interpolation_duration: 1}
$data merge entity $(bone_right_arm) {transformation: [-0.8909f,0.4044f,0.2069f,-0.2302f,0.194f,0.7505f,-0.6317f,-0.6189f,-0.4107f,-0.5226f,-0.7471f,-0.1371f,0f,0f,0f,1f],start_interpolation: 0,interpolation_duration: 1}
$data merge entity $(bone_short_sword) {transformation: [-1.021f,0.519f,-0.222f,0.49f,0.2458f,0.8218f,0.7908f,-0.9024f,0.5082f,0.6453f,-0.8286f,0.4112f,0f,0f,0f,1f],start_interpolation: 0,interpolation_duration: 1}
$data merge entity $(bone_left_forearm) {transformation: [-0.8751f,-0.2179f,-0.432f,0.429f,0.2107f,0.6321f,-0.7457f,-0.7461f,0.4356f,-0.7436f,-0.5073f,0.2129f,0f,0f,0f,1f],start_interpolation: 0,interpolation_duration: 1}
$data merge entity $(bone_left_arm) {transformation: [-0.9532f,-0.2179f,0.2097f,0.2485f,-0.3015f,0.6321f,-0.7138f,-0.606f,0.023f,-0.7436f,-0.6682f,0.0066f,0f,0f,0f,1f],start_interpolation: 0,interpolation_duration: 1}
$data merge entity $(bone_torso) {transformation: [-0.9575f,0.028f,0.2872f,0f,-0.0257f,0.9831f,-0.1814f,-0.9663f,-0.2874f,-0.1811f,-0.9405f,-0.0031f,0f,0f,0f,1f],start_interpolation: 0,interpolation_duration: 1}
$data merge entity $(bone_right_dress) {transformation: [-0.9763f,-0.2164f,0f,-0.1936f,-0.2164f,0.9763f,0f,-1.1231f,0f,0f,-1f,-0.0078f,0f,0f,0f,1f],start_interpolation: 0,interpolation_duration: 1}
$data merge entity $(bone_left_dress) {transformation: [-0.9763f,0.2164f,0f,0.1311f,0.2164f,0.9763f,0f,-1.1231f,0f,0f,-1f,-0.0078f,0f,0f,0f,1f],start_interpolation: 0,interpolation_duration: 1}
$data merge entity $(bone_lower_right_leg) {transformation: [-0.999f,0.0433f,0.0053f,-0.1413f,0.0436f,0.9918f,0.1204f,-1.6064f,0f,0.1205f,-0.9927f,-0.0118f,0f,0f,0f,1f],start_interpolation: 0,interpolation_duration: 1}
$data merge entity $(bone_right_leg) {transformation: [-0.999f,0.0436f,0.0014f,-0.125f,0.0436f,0.9986f,0.0315f,-1.2319f,0f,0.0315f,-0.9995f,0f,0f,0f,0f,1f],start_interpolation: 0,interpolation_duration: 1}
$data merge entity $(bone_lower_left_leg) {transformation: [-0.999f,-0.0445f,-0.0016f,0.1413f,-0.0445f,0.999f,-0.0054f,-1.6055f,0.0018f,-0.0054f,-1f,0.0275f,0f,0f,0f,1f],start_interpolation: 0,interpolation_duration: 1}
$data merge entity $(bone_left_leg) {transformation: [-0.999f,-0.0435f,0.0032f,0.125f,-0.0436f,0.9963f,-0.0734f,-1.2319f,0f,-0.0735f,-0.9973f,0f,0f,0f,0f,1f],start_interpolation: 0,interpolation_duration: 1}
$data merge entity $(bone_waist) {transformation: [-1f,0f,0f,0f,0f,1f,0f,-0.8882f,0f,0f,-1f,0f,0f,0f,0f,1f],start_interpolation: 0,interpolation_duration: 1}
$data merge entity $(bone_pony_tail) {transformation: [-0.9837f,0.0476f,0.1734f,0.0421f,0.007f,0.9737f,-0.2279f,-0.538f,-0.1797f,-0.223f,-0.9581f,-0.3438f,0f,0f,0f,1f],start_interpolation: 0,interpolation_duration: 1}
$data merge entity $(bone_head) {transformation: [-0.9837f,0.0476f,0.1734f,0f,0.007f,0.9737f,-0.2279f,-0.515f,-0.1797f,-0.223f,-0.9581f,-0.1123f,0f,0f,0f,1f],start_interpolation: 0,interpolation_duration: 1}