# This file was generated by Animated Java via MC-Build. It is not recommended to edit this file directly.
$data merge entity $(bone_chest) {transformation: [-0.9482f,0.0412f,0.3151f,0.0054f,0.0048f,0.9933f,-0.1153f,-0.7515f,-0.3178f,-0.1078f,-0.942f,-0.0158f,0f,0f,0f,1f],start_interpolation: 0,interpolation_duration: 1}
$data merge entity $(bone_cape) {transformation: [-0.9482f,-0.0003f,0.3178f,0.243f,0.0048f,0.9999f,0.0153f,-0.634f,-0.3178f,0.0161f,-0.948f,-0.0344f,0f,0f,0f,1f],start_interpolation: 0,interpolation_duration: 1}
$data merge entity $(bone_saber) {transformation: [-0.8699f,-1.0028f,0.3582f,-0.5515f,-0.1477f,0.5717f,1.2418f,-1.0904f,-1.0546f,0.7471f,-0.4693f,0.1098f,0f,0f,0f,1f],start_interpolation: 0,interpolation_duration: 1}
$data merge entity $(bone_right_forearm) {transformation: [-0.6326f,0.3613f,0.685f,-0.442f,-0.1074f,0.8351f,-0.5396f,-0.8365f,-0.767f,-0.4149f,-0.4895f,-0.0363f,0f,0f,0f,1f],start_interpolation: 0,interpolation_duration: 1}
$data merge entity $(bone_right_arm) {transformation: [-0.8981f,0.3613f,0.2509f,-0.2282f,0.1919f,0.8351f,-0.5156f,-0.6257f,-0.3958f,-0.4149f,-0.8193f,-0.1036f,0f,0f,0f,1f],start_interpolation: 0,interpolation_duration: 1}
$data merge entity $(bone_short_sword) {transformation: [-1.0928f,0.3573f,-0.1979f,0.4839f,0.0239f,0.6203f,0.9878f,-0.9911f,0.4077f,0.9212f,-0.5884f,0.4032f,0f,0f,0f,1f],start_interpolation: 0,interpolation_duration: 1}
$data merge entity $(bone_left_forearm) {transformation: [-0.9367f,-0.2149f,-0.2763f,0.4253f,0.0205f,0.7544f,-0.6561f,-0.8022f,0.3495f,-0.6203f,-0.7022f,0.2349f,0f,0f,0f,1f],start_interpolation: 0,interpolation_duration: 1}
$data merge entity $(bone_left_arm) {transformation: [-0.9516f,-0.2149f,0.2198f,0.2459f,-0.3047f,0.7544f,-0.5815f,-0.6281f,-0.0409f,-0.6203f,-0.7833f,0.0553f,0f,0f,0f,1f],start_interpolation: 0,interpolation_duration: 1}
$data merge entity $(bone_torso) {transformation: [-0.9482f,0.0274f,0.3166f,0f,0.0048f,0.9974f,-0.0719f,-0.9855f,-0.3178f,-0.0666f,-0.9458f,-0.0031f,0f,0f,0f,1f],start_interpolation: 0,interpolation_duration: 1}
$data merge entity $(bone_right_dress) {transformation: [-0.9763f,-0.2164f,0f,-0.1936f,-0.2164f,0.9763f,0f,-1.1423f,0f,0f,-1f,-0.0078f,0f,0f,0f,1f],start_interpolation: 0,interpolation_duration: 1}
$data merge entity $(bone_left_dress) {transformation: [-0.9763f,0.2164f,0f,0.1311f,0.2164f,0.9763f,0f,-1.1423f,0f,0f,-1f,-0.0078f,0f,0f,0f,1f],start_interpolation: 0,interpolation_duration: 1}
$data merge entity $(bone_lower_right_leg) {transformation: [-0.999f,0.0417f,0.0128f,-0.1413f,0.0436f,0.9552f,0.2927f,-1.6247f,0f,0.293f,-0.9561f,-0.0291f,0f,0f,0f,1f],start_interpolation: 0,interpolation_duration: 1}
$data merge entity $(bone_right_leg) {transformation: [-0.999f,0.0435f,0.0034f,-0.125f,0.0436f,0.996f,0.0774f,-1.2512f,0f,0.0775f,-0.997f,0f,0f,0f,0f,1f],start_interpolation: 0,interpolation_duration: 1}
$data merge entity $(bone_lower_left_leg) {transformation: [-0.999f,-0.0453f,-0.004f,0.1411f,-0.0452f,0.9989f,-0.0134f,-1.6197f,0.0046f,-0.0132f,-0.9999f,0.0675f,0f,0f,0f,1f],start_interpolation: 0,interpolation_duration: 1}
$data merge entity $(bone_left_leg) {transformation: [-0.999f,-0.0429f,0.0079f,0.125f,-0.0436f,0.9827f,-0.1798f,-1.2512f,0f,-0.18f,-0.9837f,0f,0f,0f,0f,1f],start_interpolation: 0,interpolation_duration: 1}
$data merge entity $(bone_waist) {transformation: [-1f,0f,0f,0f,0f,1f,0f,-0.9074f,0f,0f,-1f,0f,0f,0f,0f,1f],start_interpolation: 0,interpolation_duration: 1}
$data merge entity $(bone_pony_tail) {transformation: [-0.9831f,0.0373f,0.1792f,0.0432f,0.0412f,0.999f,0.018f,-0.5016f,-0.1784f,0.0251f,-0.9836f,-0.2963f,0f,0f,0f,1f],start_interpolation: 0,interpolation_duration: 1}
$data merge entity $(bone_head) {transformation: [-0.9831f,0.0373f,0.1792f,0f,0.0412f,0.999f,0.018f,-0.537f,-0.1784f,0.0251f,-0.9836f,-0.0666f,0f,0f,0f,1f],start_interpolation: 0,interpolation_duration: 1}