# This file was generated by Animated Java via MC-Build. It is not recommended to edit this file directly.
$data merge entity $(bone_chest) {transformation: [-0.9152f,-0.0008f,0.4029f,-0.0056f,0.107f,0.9636f,0.2449f,-0.8271f,-0.3884f,0.2673f,-0.8819f,0.0712f,0f,0f,0f,1f],start_interpolation: 0,interpolation_duration: 1}
$data merge entity $(bone_cape) {transformation: [-0.9152f,-0.0533f,0.3994f,0.2263f,0.107f,0.9234f,0.3686f,-0.7073f,-0.3884f,0.3801f,-0.8394f,0.121f,0f,0f,0f,1f],start_interpolation: 0,interpolation_duration: 1}
$data merge entity $(bone_saber) {transformation: [-1.1961f,-0.6755f,-0.0611f,-0.4367f,0.1851f,-0.4443f,1.288f,-1.2504f,-0.6525f,1.1122f,0.4774f,-0.0118f,0f,0f,0f,1f],start_interpolation: 0,interpolation_duration: 1}
$data merge entity $(bone_right_forearm) {transformation: [-0.8699f,0.1608f,0.4663f,-0.3956f,0.1346f,0.9869f,-0.0891f,-0.9411f,-0.4745f,-0.0147f,-0.8801f,-0.0322f,0f,0f,0f,1f],start_interpolation: 0,interpolation_duration: 1}
$data merge entity $(bone_right_arm) {transformation: [-0.91f,0.1608f,0.3821f,-0.2367f,0.1424f,0.9869f,-0.076f,-0.6813f,-0.3893f,-0.0147f,-0.921f,0.0123f,0f,0f,0f,1f],start_interpolation: 0,interpolation_duration: 1}
$data merge entity $(bone_short_sword) {transformation: [-1.0751f,-0.1594f,-0.424f,0.4771f,-0.3306f,-0.4704f,1.0152f,-1.2177f,-0.3097f,1.0557f,0.3883f,0.3034f,0f,0f,0f,1f],start_interpolation: 0,interpolation_duration: 1}
$data merge entity $(bone_left_forearm) {transformation: [-0.9215f,-0.2648f,0.284f,0.4113f,-0.2834f,0.9587f,-0.0256f,-0.9691f,-0.2654f,-0.104f,-0.9585f,0.2665f,0f,0f,0f,1f],start_interpolation: 0,interpolation_duration: 1}
$data merge entity $(bone_left_arm) {transformation: [-0.9272f,-0.2648f,0.2649f,0.221f,-0.2828f,0.9587f,-0.0314f,-0.7349f,-0.2456f,-0.104f,-0.9638f,0.2065f,0f,0f,0f,1f],start_interpolation: 0,interpolation_duration: 1}
$data merge entity $(bone_torso) {transformation: [-0.9152f,-0.0183f,0.4025f,0f,0.107f,0.952f,0.2867f,-1.0493f,-0.3884f,0.3055f,-0.8694f,-0.0031f,0f,0f,0f,1f],start_interpolation: 0,interpolation_duration: 1}
$data merge entity $(bone_right_dress) {transformation: [-0.9763f,-0.2164f,0f,-0.1936f,-0.2164f,0.9763f,0f,-1.2061f,0f,0f,-1f,-0.0078f,0f,0f,0f,1f],start_interpolation: 0,interpolation_duration: 1}
$data merge entity $(bone_left_dress) {transformation: [-0.9763f,0.2164f,0f,0.1311f,0.2164f,0.9763f,0f,-1.2061f,0f,0f,-1f,-0.0078f,0f,0f,0f,1f],start_interpolation: 0,interpolation_duration: 1}
$data merge entity $(bone_lower_right_leg) {transformation: [-0.999f,0.0277f,0.0337f,-0.1409f,0.0436f,0.6344f,0.7718f,-1.6797f,0f,0.7725f,-0.635f,-0.0856f,0f,0f,0f,1f],start_interpolation: 0,interpolation_duration: 1}
$data merge entity $(bone_right_leg) {transformation: [-0.999f,0.0425f,0.01f,-0.125f,0.0436f,0.9727f,0.228f,-1.315f,0f,0.2283f,-0.9736f,0f,0f,0f,0f,1f],start_interpolation: 0,interpolation_duration: 1}
$data merge entity $(bone_lower_left_leg) {transformation: [-0.999f,-0.0438f,-0.0128f,0.1391f,-0.0432f,0.9983f,-0.0399f,-1.6368f,0.0145f,-0.0393f,-0.9991f,0.1919f,0f,0f,0f,1f],start_interpolation: 0,interpolation_duration: 1}
$data merge entity $(bone_left_leg) {transformation: [-0.999f,-0.0375f,0.0223f,0.125f,-0.0436f,0.8583f,-0.5114f,-1.315f,0f,-0.5118f,-0.8591f,0f,0f,0f,0f,1f],start_interpolation: 0,interpolation_duration: 1}
$data merge entity $(bone_waist) {transformation: [-1f,0f,0f,0f,0f,1f,0f,-0.9712f,0f,0f,-1f,0f,0f,0f,0f,1f],start_interpolation: 0,interpolation_duration: 1}
$data merge entity $(bone_pony_tail) {transformation: [-0.9773f,-0.0184f,0.2109f,0.0489f,0.1499f,0.6434f,0.7507f,-0.4139f,-0.1495f,0.7653f,-0.626f,-0.0305f,0f,0f,0f,1f],start_interpolation: 0,interpolation_duration: 1}
$data merge entity $(bone_head) {transformation: [-0.9773f,-0.0184f,0.2109f,0f,0.1499f,0.6434f,0.7507f,-0.61f,-0.1495f,0.7653f,-0.626f,0.0923f,0f,0f,0f,1f],start_interpolation: 0,interpolation_duration: 1}