# This file was generated by Animated Java via MC-Build. It is not recommended to edit this file directly.
$data merge entity $(bone_chest) {transformation: [-0.9007f,-0.0298f,0.4335f,-0.0127f,0.1372f,0.9271f,0.3488f,1.1115f,-0.4122f,0.3736f,-0.8309f,0.0954f,0f,0f,0f,1f],start_interpolation: 0,interpolation_duration: 1}
$data merge entity $(bone_cape) {transformation: [-0.9007f,-0.0861f,0.4259f,0.2146f,0.1372f,0.8736f,0.4668f,1.2282f,-0.4122f,0.4789f,-0.7751f,0.1681f,0f,0f,0f,1f],start_interpolation: 0,interpolation_duration: 1}
$data merge entity $(bone_saber) {transformation: [-1.2688f,-0.5062f,-0.1569f,-0.3937f,0.1581f,-0.7501f,1.1415f,0.6841f,-0.5058f,1.0353f,0.7504f,-0.0577f,0f,0f,0f,1f],start_interpolation: 0,interpolation_duration: 1}
$data merge entity $(bone_right_forearm) {transformation: [-0.9228f,0.0804f,0.3769f,-0.3794f,0.115f,0.9909f,0.0702f,0.9958f,-0.3678f,0.1081f,-0.9236f,-0.0386f,0f,0f,0f,1f],start_interpolation: 0,interpolation_duration: 1}
$data merge entity $(bone_right_arm) {transformation: [-0.9027f,0.0804f,0.4228f,-0.244f,0.1184f,0.9909f,0.0643f,1.2597f,-0.4138f,0.1081f,-0.9039f,0.0435f,0f,0f,0f,1f],start_interpolation: 0,interpolation_duration: 1}
$data merge entity $(bone_short_sword) {transformation: [-0.9816f,-0.2605f,-0.5743f,0.4776f,-0.272f,-0.7836f,0.8204f,0.7075f,-0.5689f,0.8241f,0.5985f,0.2646f,0f,0f,0f,1f],start_interpolation: 0,interpolation_duration: 1}
$data merge entity $(bone_left_forearm) {transformation: [-0.8413f,-0.2998f,0.4498f,0.4045f,-0.2332f,0.952f,0.1983f,0.9567f,-0.4876f,0.062f,-0.8709f,0.2716f,0f,0f,0f,1f],start_interpolation: 0,interpolation_duration: 1}
$data merge entity $(bone_left_arm) {transformation: [-0.911f,-0.2998f,0.2832f,0.2063f,-0.2664f,0.952f,0.1508f,1.1911f,-0.3148f,0.062f,-0.9471f,0.2497f,0f,0f,0f,1f],start_interpolation: 0,interpolation_duration: 1}
$data merge entity $(bone_torso) {transformation: [-0.9007f,-0.0486f,0.4318f,0f,0.1372f,0.911f,0.3889f,0.8993f,-0.4122f,0.4095f,-0.8138f,-0.0031f,0f,0f,0f,1f],start_interpolation: 0,interpolation_duration: 1}
$data merge entity $(bone_right_dress) {transformation: [-0.9763f,-0.2164f,0f,-0.1936f,-0.2164f,0.9763f,0f,0.7425f,0f,0f,-1f,-0.0078f,0f,0f,0f,1f],start_interpolation: 0,interpolation_duration: 1}
$data merge entity $(bone_left_dress) {transformation: [-0.9763f,0.2164f,0f,0.1311f,0.2164f,0.9763f,0f,0.7425f,0f,0f,-1f,-0.0078f,0f,0f,0f,1f],start_interpolation: 0,interpolation_duration: 1}
$data merge entity $(bone_lower_right_leg) {transformation: [-0.999f,0.021f,0.0382f,-0.1407f,0.0436f,0.4816f,0.8753f,0.2734f,0f,0.8761f,-0.4821f,-0.1031f,0f,0f,0f,1f],start_interpolation: 0,interpolation_duration: 1}
$data merge entity $(bone_right_leg) {transformation: [-0.999f,0.0419f,0.012f,-0.125f,0.0436f,0.9605f,0.2747f,0.6336f,0f,0.275f,-0.9615f,0f,0f,0f,0f,1f],start_interpolation: 0,interpolation_duration: 1}
$data merge entity $(bone_lower_left_leg) {transformation: [-0.999f,-0.042f,-0.0154f,0.138f,-0.0412f,0.998f,-0.0482f,0.3354f,0.0174f,-0.0475f,-0.9987f,0.2269f,0f,0f,0f,1f],start_interpolation: 0,interpolation_duration: 1}
$data merge entity $(bone_left_leg) {transformation: [-0.999f,-0.0347f,0.0264f,0.125f,-0.0436f,0.7953f,-0.6046f,0.6336f,0f,-0.6052f,-0.7961f,0f,0f,0f,0f,1f],start_interpolation: 0,interpolation_duration: 1}
$data merge entity $(bone_waist) {transformation: [-1f,0f,0f,0f,0f,1f,0f,0.9774f,0f,0f,-1f,0f,0f,0f,0f,1f],start_interpolation: 0,interpolation_duration: 1}
$data merge entity $(bone_pony_tail) {transformation: [-0.9788f,-0.0455f,0.1996f,0.0454f,0.1615f,0.4273f,0.8895f,1.5576f,-0.1258f,0.9029f,-0.4109f,0.0739f,0f,0f,0f,1f],start_interpolation: 0,interpolation_duration: 1}
$data merge entity $(bone_head) {transformation: [-0.9788f,-0.0455f,0.1996f,0f,0.1615f,0.4273f,0.8895f,1.3358f,-0.1258f,0.9029f,-0.4109f,0.142f,0f,0f,0f,1f],start_interpolation: 0,interpolation_duration: 1}