# This file was generated by Animated Java via MC-Build. It is not recommended to edit this file directly.
$data merge entity $(bone_chest) {transformation: [-0.9f,-0.0312f,0.4348f,-0.0131f,0.1385f,0.9253f,0.3531f,-0.8586f,-0.4134f,0.378f,-0.8284f,0.0964f,0f,0f,0f,1f],start_interpolation: 0,interpolation_duration: 1}
$data merge entity $(bone_cape) {transformation: [-0.9f,-0.0877f,0.427f,0.214f,0.1385f,0.8713f,0.4709f,-0.7421f,-0.4134f,0.4829f,-0.772f,0.1701f,0f,0f,0f,1f],start_interpolation: 0,interpolation_duration: 1}
$data merge entity $(bone_saber) {transformation: [-1.2714f,-0.4983f,-0.1605f,-0.3918f,0.1555f,-0.7622f,1.1338f,-1.286f,-0.4999f,1.0303f,0.7611f,-0.0598f,0f,0f,0f,1f],start_interpolation: 0,interpolation_duration: 1}
$data merge entity $(bone_right_forearm) {transformation: [-0.9247f,0.0767f,0.3729f,-0.3787f,0.1131f,0.9906f,0.0768f,-0.9743f,-0.3635f,0.1132f,-0.9247f,-0.039f,0f,0f,0f,1f],start_interpolation: 0,interpolation_duration: 1}
$data merge entity $(bone_right_arm) {transformation: [-0.9021f,0.0767f,0.4246f,-0.2444f,0.1173f,0.9906f,0.0702f,-0.7103f,-0.4152f,0.1132f,-0.9027f,0.0448f,0f,0f,0f,1f],start_interpolation: 0,interpolation_duration: 1}
$data merge entity $(bone_short_sword) {transformation: [-0.9765f,-0.2637f,-0.5813f,0.4777f,-0.2677f,-0.7954f,0.8104f,-1.2628f,-0.5795f,0.8117f,0.6053f,0.263f,0f,0f,0f,1f],start_interpolation: 0,interpolation_duration: 1}
$data merge entity $(bone_left_forearm) {transformation: [-0.837f,-0.3015f,0.4566f,0.4042f,-0.2294f,0.951f,0.2074f,-1.0138f,-0.4967f,0.0689f,-0.8652f,0.2718f,0f,0f,0f,1f],start_interpolation: 0,interpolation_duration: 1}
$data merge entity $(bone_left_arm) {transformation: [-0.9102f,-0.3015f,0.284f,0.2056f,-0.2656f,0.951f,0.1585f,-0.7796f,-0.3179f,0.0689f,-0.9456f,0.2515f,0f,0f,0f,1f],start_interpolation: 0,interpolation_duration: 1}
$data merge entity $(bone_torso) {transformation: [-0.9f,-0.0502f,0.4331f,0f,0.1385f,0.909f,0.3931f,-1.0704f,-0.4134f,0.4138f,-0.8111f,-0.0031f,0f,0f,0f,1f],start_interpolation: 0,interpolation_duration: 1}
$data merge entity $(bone_right_dress) {transformation: [-0.9763f,-0.2164f,0f,-0.1936f,-0.2164f,0.9763f,0f,-1.2272f,0f,0f,-1f,-0.0078f,0f,0f,0f,1f],start_interpolation: 0,interpolation_duration: 1}
$data merge entity $(bone_left_dress) {transformation: [-0.9763f,0.2164f,0f,0.1311f,0.2164f,0.9763f,0f,-1.2272f,0f,0f,-1f,-0.0078f,0f,0f,0f,1f],start_interpolation: 0,interpolation_duration: 1}
$data merge entity $(bone_lower_right_leg) {transformation: [-0.999f,0.0207f,0.0384f,-0.1407f,0.0436f,0.4746f,0.8791f,-1.696f,0f,0.88f,-0.475f,-0.1039f,0f,0f,0f,1f],start_interpolation: 0,interpolation_duration: 1}
$data merge entity $(bone_right_leg) {transformation: [-0.999f,0.0419f,0.0121f,-0.125f,0.0436f,0.96f,0.2767f,-1.336f,0f,0.277f,-0.9609f,0f,0f,0f,0f,1f],start_interpolation: 0,interpolation_duration: 1}
$data merge entity $(bone_lower_left_leg) {transformation: [-0.999f,-0.0419f,-0.0155f,0.138f,-0.0411f,0.998f,-0.0486f,-1.6331f,0.0176f,-0.0479f,-0.9987f,0.2284f,0f,0f,0f,1f],start_interpolation: 0,interpolation_duration: 1}
$data merge entity $(bone_left_leg) {transformation: [-0.999f,-0.0346f,0.0266f,0.125f,-0.0436f,0.7924f,-0.6085f,-1.336f,0f,-0.609f,-0.7931f,0f,0f,0f,0f,1f],start_interpolation: 0,interpolation_duration: 1}
$data merge entity $(bone_waist) {transformation: [-1f,0f,0f,0f,0f,1f,0f,-0.9922f,0f,0f,-1f,0f,0f,0f,0f,1f],start_interpolation: 0,interpolation_duration: 1}
$data merge entity $(bone_pony_tail) {transformation: [-0.9842f,-0.0399f,0.1724f,0.0392f,0.1395f,0.4246f,0.8946f,-0.4111f,-0.1089f,0.9045f,-0.4123f,0.0758f,0f,0f,0f,1f],start_interpolation: 0,interpolation_duration: 1}
$data merge entity $(bone_head) {transformation: [-0.9842f,-0.0399f,0.1724f,0f,0.1395f,0.4246f,0.8946f,-0.634f,-0.1089f,0.9045f,-0.4123f,0.1441f,0f,0f,0f,1f],start_interpolation: 0,interpolation_duration: 1}