# This file was generated by Animated Java via MC-Build. It is not recommended to edit this file directly.
$data merge entity $(bone_chest) {transformation: [-0.9021f,-0.0268f,0.4307f,-0.012f,0.1347f,0.9307f,0.3401f,-0.8545f,-0.4099f,0.3649f,-0.836f,0.0934f,0f,0f,0f,1f],start_interpolation: 0,interpolation_duration: 1}
$data merge entity $(bone_cape) {transformation: [-0.9021f,-0.0828f,0.4235f,0.2158f,0.1347f,0.8783f,0.4587f,-0.7375f,-0.4099f,0.4709f,-0.7812f,0.1641f,0f,0f,0f,1f],start_interpolation: 0,interpolation_duration: 1}
$data merge entity $(bone_saber) {transformation: [-1.2633f,-0.5218f,-0.1494f,-0.3976f,0.1629f,-0.7256f,1.1565f,-1.282f,-0.5177f,1.0449f,0.7285f,-0.0537f,0f,0f,0f,1f],start_interpolation: 0,interpolation_duration: 1}
$data merge entity $(bone_right_forearm) {transformation: [-0.9188f,0.0877f,0.3848f,-0.3809f,0.1185f,0.9913f,0.0569f,-0.9702f,-0.3765f,0.0979f,-0.9212f,-0.0378f,0f,0f,0f,1f],start_interpolation: 0,interpolation_duration: 1}
$data merge entity $(bone_right_arm) {transformation: [-0.9036f,0.0877f,0.4192f,-0.2433f,0.1206f,0.9913f,0.0524f,-0.7065f,-0.411f,0.0979f,-0.9064f,0.0411f,0f,0f,0f,1f],start_interpolation: 0,interpolation_duration: 1}
$data merge entity $(bone_short_sword) {transformation: [-0.9914f,-0.2537f,-0.5602f,0.4776f,-0.2803f,-0.7595f,0.84f,-1.2581f,-0.5474f,0.8485f,0.5844f,0.2678f,0f,0f,0f,1f],start_interpolation: 0,interpolation_duration: 1}
$data merge entity $(bone_left_forearm) {transformation: [-0.8498f,-0.2963f,0.436f,0.4052f,-0.2403f,0.9539f,0.1799f,-1.0086f,-0.4692f,0.0481f,-0.8818f,0.2711f,0f,0f,0f,1f],start_interpolation: 0,interpolation_duration: 1}
$data merge entity $(bone_left_arm) {transformation: [-0.9127f,-0.2963f,0.2815f,0.2078f,-0.2679f,0.9539f,0.1353f,-0.7738f,-0.3086f,0.0481f,-0.95f,0.246f,0f,0f,0f,1f],start_interpolation: 0,interpolation_duration: 1}
$data merge entity $(bone_torso) {transformation: [-0.9021f,-0.0456f,0.4291f,0f,0.1347f,0.9149f,0.3804f,-1.0678f,-0.4099f,0.401f,-0.8192f,-0.0031f,0f,0f,0f,1f],start_interpolation: 0,interpolation_duration: 1}
$data merge entity $(bone_right_dress) {transformation: [-0.9763f,-0.2164f,0f,-0.1936f,-0.2164f,0.9763f,0f,-1.2245f,0f,0f,-1f,-0.0078f,0f,0f,0f,1f],start_interpolation: 0,interpolation_duration: 1}
$data merge entity $(bone_left_dress) {transformation: [-0.9763f,0.2164f,0f,0.1311f,0.2164f,0.9763f,0f,-1.2245f,0f,0f,-1f,-0.0078f,0f,0f,0f,1f],start_interpolation: 0,interpolation_duration: 1}
$data merge entity $(bone_lower_right_leg) {transformation: [-0.999f,0.0216f,0.0379f,-0.1407f,0.0436f,0.4956f,0.8675f,-1.694f,0f,0.8683f,-0.4961f,-0.1016f,0f,0f,0f,1f],start_interpolation: 0,interpolation_duration: 1}
$data merge entity $(bone_right_leg) {transformation: [-0.999f,0.042f,0.0118f,-0.125f,0.0436f,0.9617f,0.2707f,-1.3334f,0f,0.2709f,-0.9626f,0f,0f,0f,0f,1f],start_interpolation: 0,interpolation_duration: 1}
$data merge entity $(bone_lower_left_leg) {transformation: [-0.999f,-0.0422f,-0.0152f,0.1381f,-0.0414f,0.998f,-0.0475f,-1.6338f,0.0172f,-0.0468f,-0.9988f,0.224f,0f,0f,0f,1f],start_interpolation: 0,interpolation_duration: 1}
$data merge entity $(bone_left_leg) {transformation: [-0.999f,-0.035f,0.0261f,0.125f,-0.0436f,0.8012f,-0.5968f,-1.3334f,0f,-0.5973f,-0.802f,0f,0f,0f,0f,1f],start_interpolation: 0,interpolation_duration: 1}
$data merge entity $(bone_waist) {transformation: [-1f,0f,0f,0f,0f,1f,0f,-0.9896f,0f,0f,-1f,0f,0f,0f,0f,1f],start_interpolation: 0,interpolation_duration: 1}
$data merge entity $(bone_pony_tail) {transformation: [-0.9898f,-0.0306f,0.1389f,0.0316f,0.1089f,0.4644f,0.8789f,-0.4105f,-0.0914f,0.8851f,-0.4563f,0.0585f,0f,0f,0f,1f],start_interpolation: 0,interpolation_duration: 1}
$data merge entity $(bone_head) {transformation: [-0.9898f,-0.0306f,0.1389f,0f,0.1089f,0.4644f,0.8789f,-0.631f,-0.0914f,0.8851f,-0.4563f,0.1378f,0f,0f,0f,1f],start_interpolation: 0,interpolation_duration: 1}
data modify entity @s data merge value {"cameras":{},"locators":{"body_hitbox":{"posx":-0.06166919163948564,"posy":-1.0424336949191497,"posz":0.14089900509105477,"roty":27.257377250665257,"rotx":19.88596268374441},"saber_hitbox":{"posx":-0.6356693142698402,"posy":-1.6036107882431723,"posz":0.426046908941164,"roty":191.5883401164314,"rotx":57.258436331256156},"short_sword_hitbox":{"posx":0.37535393035691955,"posy":-1.5415812981765153,"posz":0.5981355167589402,"roty":223.78866859582405,"rotx":46.05746413391248}}}