# This file was generated by Animated Java via MC-Build. It is not recommended to edit this file directly.
$data merge entity $(bone_chest) {transformation: [-0.902f,-0.0229f,0.4312f,-0.0111f,0.1295f,0.9383f,0.3206f,1.119f,-0.4119f,0.345f,-0.8434f,0.0889f,0f,0f,0f,1f],start_interpolation: 0,interpolation_duration: 1}
$data merge entity $(bone_cape) {transformation: [-0.902f,-0.079f,0.4245f,0.2173f,0.1295f,0.8884f,0.4403f,1.2366f,-0.4119f,0.4521f,-0.7911f,0.1568f,0f,0f,0f,1f],start_interpolation: 0,interpolation_duration: 1}
$data merge entity $(bone_saber) {transformation: [-1.2424f,-0.5732f,-0.1358f,-0.4094f,0.1753f,-0.6625f,1.192f,0.6921f,-0.5624f,1.0598f,0.6717f,-0.0428f,0f,0f,0f,1f],start_interpolation: 0,interpolation_duration: 1}
$data merge entity $(bone_right_forearm) {transformation: [-0.9036f,0.1095f,0.4142f,-0.3853f,0.1275f,0.9917f,0.0159f,1.0038f,-0.409f,0.0672f,-0.9101f,-0.0369f,0f,0f,0f,1f],start_interpolation: 0,interpolation_duration: 1}
$data merge entity $(bone_right_arm) {transformation: [-0.9019f,0.1095f,0.4179f,-0.2418f,0.1276f,0.9917f,0.0154f,1.2668f,-0.4127f,0.0672f,-0.9084f,0.0336f,0f,0f,0f,1f],start_interpolation: 0,interpolation_duration: 1}
$data merge entity $(bone_short_sword) {transformation: [-1.01f,-0.2343f,-0.5348f,0.4768f,-0.3071f,-0.6957f,0.8848f,0.7182f,-0.4966f,0.9068f,0.5406f,0.2854f,0f,0f,0f,1f],start_interpolation: 0,interpolation_duration: 1}
$data merge entity $(bone_left_forearm) {transformation: [-0.8658f,-0.2916f,0.4067f,0.4053f,-0.2632f,0.9565f,0.1255f,0.9678f,-0.4256f,0.0016f,-0.9049f,0.2763f,0f,0f,0f,1f],start_interpolation: 0,interpolation_duration: 1}
$data merge entity $(bone_left_arm) {transformation: [-0.9132f,-0.2916f,0.2846f,0.2092f,-0.2779f,0.9565f,0.0884f,1.202f,-0.298f,0.0016f,-0.9546f,0.2395f,0f,0f,0f,1f],start_interpolation: 0,interpolation_duration: 1}
$data merge entity $(bone_torso) {transformation: [-0.902f,-0.0417f,0.4298f,0f,0.1295f,0.9234f,0.3612f,0.9037f,-0.4119f,0.3815f,-0.8275f,-0.0031f,0f,0f,0f,1f],start_interpolation: 0,interpolation_duration: 1}
$data merge entity $(bone_right_dress) {transformation: [-0.9763f,-0.2164f,0f,-0.1936f,-0.2164f,0.9763f,0f,0.7469f,0f,0f,-1f,-0.0078f,0f,0f,0f,1f],start_interpolation: 0,interpolation_duration: 1}
$data merge entity $(bone_left_dress) {transformation: [-0.9763f,0.2164f,0f,0.1311f,0.2164f,0.9763f,0f,0.7469f,0f,0f,-1f,-0.0078f,0f,0f,0f,1f],start_interpolation: 0,interpolation_duration: 1}
$data merge entity $(bone_lower_right_leg) {transformation: [-0.999f,0.0226f,0.0373f,-0.1408f,0.0436f,0.5168f,0.855f,0.2768f,0f,0.8558f,-0.5173f,-0.0993f,0f,0f,0f,1f],start_interpolation: 0,interpolation_duration: 1}
$data merge entity $(bone_right_leg) {transformation: [-0.999f,0.0421f,0.0115f,-0.125f,0.0436f,0.9634f,0.2645f,0.6381f,0f,0.2647f,-0.9643f,0f,0f,0f,0f,1f],start_interpolation: 0,interpolation_duration: 1}
$data merge entity $(bone_lower_left_leg) {transformation: [-0.999f,-0.0424f,-0.0149f,0.1383f,-0.0417f,0.9981f,-0.0464f,0.3343f,0.0168f,-0.0457f,-0.9988f,0.2195f,0f,0f,0f,1f],start_interpolation: 0,interpolation_duration: 1}
$data merge entity $(bone_left_leg) {transformation: [-0.999f,-0.0354f,0.0255f,0.125f,-0.0436f,0.8101f,-0.5847f,0.6381f,0f,-0.5852f,-0.8109f,0f,0f,0f,0f,1f],start_interpolation: 0,interpolation_duration: 1}
$data merge entity $(bone_waist) {transformation: [-1f,0f,0f,0f,0f,1f,0f,0.9818f,0f,0f,-1f,0f,0f,0f,0f,1f],start_interpolation: 0,interpolation_duration: 1}
$data merge entity $(bone_pony_tail) {transformation: [-0.9959f,-0.0251f,0.0872f,0.0196f,0.0614f,0.5207f,0.8515f,1.5567f,-0.0667f,0.8533f,-0.5171f,0.0334f,0f,0f,0f,1f],start_interpolation: 0,interpolation_duration: 1}
$data merge entity $(bone_head) {transformation: [-0.9959f,-0.0251f,0.0872f,0f,0.0614f,0.5207f,0.8515f,1.3408f,-0.0667f,0.8533f,-0.5171f,0.1279f,0f,0f,0f,1f],start_interpolation: 0,interpolation_duration: 1}