# This file was generated by Animated Java via MC-Build. It is not recommended to edit this file directly.
$data merge entity $(bone_chest) {transformation: [-0.893f,-0.0322f,0.4489f,-0.0135f,0.1342f,0.933f,0.3339f,-0.8563f,-0.4296f,0.3584f,-0.8289f,0.0918f,0f,0f,0f,1f],start_interpolation: 0,interpolation_duration: 1}
$data merge entity $(bone_cape) {transformation: [-0.893f,-0.0906f,0.4408f,0.2131f,0.1342f,0.8815f,0.4528f,-0.7394f,-0.4296f,0.4635f,-0.775f,0.1665f,0f,0f,0f,1f],start_interpolation: 0,interpolation_duration: 1}
$data merge entity $(bone_saber) {transformation: [-1.2347f,-0.5845f,-0.1564f,-0.4101f,0.1765f,-0.6878f,1.1775f,-1.2826f,-0.5788f,1.0373f,0.6927f,-0.0455f,0f,0f,0f,1f],start_interpolation: 0,interpolation_duration: 1}
$data merge entity $(bone_right_forearm) {transformation: [-0.898f,0.1098f,0.4261f,-0.3857f,0.1283f,0.9916f,0.0148f,-0.9709f,-0.4209f,0.068f,-0.9045f,-0.0394f,0f,0f,0f,1f],start_interpolation: 0,interpolation_duration: 1}
$data merge entity $(bone_right_arm) {transformation: [-0.8927f,0.1098f,0.4371f,-0.2433f,0.1285f,0.9916f,0.0133f,-0.7081f,-0.432f,0.068f,-0.8993f,0.0337f,0f,0f,0f,1f],start_interpolation: 0,interpolation_duration: 1}
$data merge entity $(bone_short_sword) {transformation: [-0.991f,-0.2404f,-0.5668f,0.4751f,-0.3182f,-0.7195f,0.8615f,-1.2559f,-0.5271f,0.8863f,0.5456f,0.3012f,0f,0f,0f,1f],start_interpolation: 0,interpolation_duration: 1}
$data merge entity $(bone_left_forearm) {transformation: [-0.8494f,-0.302f,0.4328f,0.4012f,-0.2728f,0.9533f,0.1299f,-1.0071f,-0.4518f,-0.0077f,-0.8921f,0.2899f,0f,0f,0f,1f],start_interpolation: 0,interpolation_duration: 1}
$data merge entity $(bone_left_arm) {transformation: [-0.9043f,-0.302f,0.3016f,0.2032f,-0.2891f,0.9533f,0.0879f,-0.7751f,-0.3141f,-0.0077f,-0.9494f,0.2485f,0f,0f,0f,1f],start_interpolation: 0,interpolation_duration: 1}
$data merge entity $(bone_torso) {transformation: [-0.893f,-0.0518f,0.447f,0f,0.1342f,0.9176f,0.3743f,-1.0702f,-0.4296f,0.3942f,-0.8124f,-0.0031f,0f,0f,0f,1f],start_interpolation: 0,interpolation_duration: 1}
$data merge entity $(bone_right_dress) {transformation: [-0.9763f,-0.2164f,0f,-0.1936f,-0.2164f,0.9763f,0f,-1.227f,0f,0f,-1f,-0.0078f,0f,0f,0f,1f],start_interpolation: 0,interpolation_duration: 1}
$data merge entity $(bone_left_dress) {transformation: [-0.9763f,0.2164f,0f,0.1311f,0.2164f,0.9763f,0f,-1.227f,0f,0f,-1f,-0.0078f,0f,0f,0f,1f],start_interpolation: 0,interpolation_duration: 1}
$data merge entity $(bone_lower_right_leg) {transformation: [-0.999f,0.0208f,0.0383f,-0.1407f,0.0436f,0.476f,0.8783f,-1.6958f,0f,0.8792f,-0.4765f,-0.1037f,0f,0f,0f,1f],start_interpolation: 0,interpolation_duration: 1}
$data merge entity $(bone_right_leg) {transformation: [-0.999f,0.0419f,0.0121f,-0.125f,0.0436f,0.9601f,0.2763f,-1.3358f,0f,0.2766f,-0.961f,0f,0f,0f,0f,1f],start_interpolation: 0,interpolation_duration: 1}
$data merge entity $(bone_lower_left_leg) {transformation: [-0.999f,-0.0419f,-0.0155f,0.138f,-0.0411f,0.998f,-0.0485f,-1.6332f,0.0175f,-0.0478f,-0.9987f,0.2281f,0f,0f,0f,1f],start_interpolation: 0,interpolation_duration: 1}
$data merge entity $(bone_left_leg) {transformation: [-0.999f,-0.0346f,0.0265f,0.125f,-0.0436f,0.793f,-0.6076f,-1.3358f,0f,-0.6082f,-0.7938f,0f,0f,0f,0f,1f],start_interpolation: 0,interpolation_duration: 1}
$data merge entity $(bone_waist) {transformation: [-1f,0f,0f,0f,0f,1f,0f,-0.9921f,0f,0f,-1f,0f,0f,0f,0f,1f],start_interpolation: 0,interpolation_duration: 1}
$data merge entity $(bone_pony_tail) {transformation: [-0.9955f,-0.0301f,0.0899f,0.0201f,0.0642f,0.4839f,0.8728f,-0.4141f,-0.0698f,0.8746f,-0.4798f,0.0487f,0f,0f,0f,1f],start_interpolation: 0,interpolation_duration: 1}
$data merge entity $(bone_head) {transformation: [-0.9955f,-0.0301f,0.0899f,0f,0.0642f,0.4839f,0.8728f,-0.6338f,-0.0698f,0.8746f,-0.4798f,0.1338f,0f,0f,0f,1f],start_interpolation: 0,interpolation_duration: 1}
data modify entity @s data merge value {"cameras":{},"locators":{"body_hitbox":{"posx":-0.06460778208470264,"posy":-1.0438263738249078,"posz":0.1394151332799018,"roty":28.43820527291959,"rotx":19.505228237571803},"flame":{"posx":-1.54092146949966,"posy":-2.5852921792885786,"posz":1.9327101130086037,"roty":192.7228127875653,"rotx":58.90709439921109},"flame1":{"posx":-1.578328675193798,"posy":-2.072341945252783,"posz":2.168920312544481,"roty":192.7228127875653,"rotx":58.90709439921109},"flame2":{"posx":-1.582058610182504,"posy":-1.5816483743784833,"posz":2.3264985695712945,"roty":192.7228127875653,"rotx":58.90709439921109},"flame3":{"posx":-1.5326508990402608,"posy":-1.0284267503877162,"posz":2.3897813699889676,"roty":192.7228127875653,"rotx":58.90709439921109},"flame4":{"posx":-1.4503766176745727,"posy":-3.0357143602079066,"posz":1.6022044568635858,"roty":192.7228127875653,"rotx":58.90709439921109},"saber_hitbox":{"posx":-0.6766883224179331,"posy":-1.58684873485934,"posz":0.4305596889875961,"roty":192.7228127875653,"rotx":58.90709439921109},"flame5":{"posx":-0.008453725697968761,"posy":-2.680276786818193,"posz":2.0701945418716305,"roty":226.09566760587887,"rotx":47.59600543723536},"flame6":{"posx":-0.2688769901976638,"posy":-2.226376642451113,"posz":2.285756324780537,"roty":226.09566760587887,"rotx":47.59600543723536},"flame7":{"posx":-0.486054099247392,"posy":-1.7800815584880096,"posz":2.4246080490592403,"roty":226.09566760587887,"rotx":47.59600543723536},"flame8":{"posx":-0.6774727813871189,"posy":-1.2566955543786473,"posz":2.4684940243853593,"roty":226.09566760587887,"rotx":47.59600543723536},"flame9":{"posx":0.2777279657117276,"posy":-3.0570860110390132,"posz":1.7596670100101401,"roty":226.09566760587887,"rotx":47.59600543723536},"short_sword_hitbox":{"posx":0.37792267795205114,"posy":-1.5239129846243067,"posz":0.6457083075828687,"roty":226.09566760587887,"rotx":47.59600543723536}}}