# This file was generated by Animated Java via MC-Build. It is not recommended to edit this file directly.
$data merge entity $(bone_chest) {transformation: [-0.9271f,0.0018f,0.3747f,-0.0046f,0.1142f,0.9537f,0.2781f,-0.8299f,-0.3569f,0.3006f,-0.8845f,0.079f,0f,0f,0f,1f],start_interpolation: 0,interpolation_duration: 1}
$data merge entity $(bone_cape) {transformation: [-0.9271f,-0.0472f,0.3717f,0.228f,0.1142f,0.9093f,0.4002f,-0.7103f,-0.3569f,0.4135f,-0.8377f,0.126f,0f,0f,0f,1f],start_interpolation: 0,interpolation_duration: 1}
$data merge entity $(bone_saber) {transformation: [-1.2643f,-0.535f,-0.0767f,-0.4078f,0.1711f,-0.5814f,1.2342f,-1.259f,-0.5126f,1.1253f,0.6012f,-0.035f,0f,0f,0f,1f],start_interpolation: 0,interpolation_duration: 1}
$data merge entity $(bone_right_forearm) {transformation: [-0.9195f,0.1085f,0.3778f,-0.3846f,0.1245f,0.9921f,0.0179f,-0.9472f,-0.3728f,0.0635f,-0.9257f,-0.0299f,0f,0f,0f,1f],start_interpolation: 0,interpolation_duration: 1}
$data merge entity $(bone_right_arm) {transformation: [-0.9272f,0.1085f,0.3584f,-0.2382f,0.1241f,0.9921f,0.0205f,-0.6837f,-0.3533f,0.0635f,-0.9334f,0.0322f,0f,0f,0f,1f],start_interpolation: 0,interpolation_duration: 1}
$data merge entity $(bone_short_sword) {transformation: [-1.0607f,-0.2068f,-0.4396f,0.479f,-0.274f,-0.6171f,0.9514f,-1.2336f,-0.4012f,0.9682f,0.5125f,0.2382f,0f,0f,0f,1f],start_interpolation: 0,interpolation_duration: 1}
$data merge entity $(bone_left_forearm) {transformation: [-0.9092f,-0.2587f,0.3263f,0.4153f,-0.2348f,0.9656f,0.1114f,-0.9818f,-0.3439f,0.0247f,-0.9387f,0.2348f,0f,0f,0f,1f],start_interpolation: 0,interpolation_duration: 1}
$data merge entity $(bone_left_arm) {transformation: [-0.9371f,-0.2587f,0.2344f,0.2254f,-0.2447f,0.9656f,0.0875f,-0.7408f,-0.249f,0.0247f,-0.9682f,0.2106f,0f,0f,0f,1f],start_interpolation: 0,interpolation_duration: 1}
$data merge entity $(bone_torso) {transformation: [-0.9271f,-0.0146f,0.3744f,0f,0.1142f,0.9407f,0.3194f,-1.0493f,-0.3569f,0.3389f,-0.8705f,-0.0031f,0f,0f,0f,1f],start_interpolation: 0,interpolation_duration: 1}
$data merge entity $(bone_right_dress) {transformation: [-0.9763f,-0.2164f,0f,-0.1936f,-0.2164f,0.9763f,0f,-1.2061f,0f,0f,-1f,-0.0078f,0f,0f,0f,1f],start_interpolation: 0,interpolation_duration: 1}
$data merge entity $(bone_left_dress) {transformation: [-0.9763f,0.2164f,0f,0.1311f,0.2164f,0.9763f,0f,-1.2061f,0f,0f,-1f,-0.0078f,0f,0f,0f,1f],start_interpolation: 0,interpolation_duration: 1}
$data merge entity $(bone_lower_right_leg) {transformation: [-0.999f,0.0277f,0.0337f,-0.1409f,0.0436f,0.6344f,0.7718f,-1.6797f,0f,0.7725f,-0.635f,-0.0856f,0f,0f,0f,1f],start_interpolation: 0,interpolation_duration: 1}
$data merge entity $(bone_right_leg) {transformation: [-0.999f,0.0425f,0.01f,-0.125f,0.0436f,0.9727f,0.228f,-1.315f,0f,0.2283f,-0.9736f,0f,0f,0f,0f,1f],start_interpolation: 0,interpolation_duration: 1}
$data merge entity $(bone_lower_left_leg) {transformation: [-0.999f,-0.0438f,-0.0128f,0.1391f,-0.0432f,0.9983f,-0.0399f,-1.6368f,0.0145f,-0.0393f,-0.9991f,0.1919f,0f,0f,0f,1f],start_interpolation: 0,interpolation_duration: 1}
$data merge entity $(bone_left_leg) {transformation: [-0.999f,-0.0375f,0.0223f,0.125f,-0.0436f,0.8583f,-0.5114f,-1.315f,0f,-0.5118f,-0.8591f,0f,0f,0f,0f,1f],start_interpolation: 0,interpolation_duration: 1}
$data merge entity $(bone_waist) {transformation: [-1f,0f,0f,0f,0f,1f,0f,-0.9712f,0f,0f,-1f,0f,0f,0f,0f,1f],start_interpolation: 0,interpolation_duration: 1}
$data merge entity $(bone_pony_tail) {transformation: [-0.997f,-0.0115f,0.0771f,0.0177f,0.0528f,0.6277f,0.7767f,-0.4083f,-0.0574f,0.7784f,-0.6252f,-0.0122f,0f,0f,0f,1f],start_interpolation: 0,interpolation_duration: 1}
$data merge entity $(bone_head) {transformation: [-0.997f,-0.0115f,0.0771f,0f,0.0528f,0.6277f,0.7767f,-0.61f,-0.0574f,0.7784f,-0.6252f,0.11f,0f,0f,0f,1f],start_interpolation: 0,interpolation_duration: 1}
data modify entity @s data merge value {"cameras":{},"locators":{"body_hitbox":{"posx":-0.05170054127541334,"posy":-1.013636935964367,"posz":0.14261331739696853,"roty":22.959414053534772,"rotx":16.145671900446718},"flame":{"posx":-1.443832234853041,"posy":-2.358324311764665,"posz":2.1114152424560317,"roty":187.2704016886059,"rotx":63.84555084118732},"flame1":{"posx":-1.4508932359698568,"posy":-1.8269908019088459,"posz":2.306216021631899,"roty":187.2704016886059,"rotx":63.84555084118732},"flame2":{"posx":-1.4301507121502164,"posy":-1.32532946257449,"posz":2.422537336629848,"roty":187.2704016886059,"rotx":63.84555084118732},"flame3":{"posx":-1.360774043668318,"posy":-0.770811328207604,"posz":2.4365557719427193,"roty":187.2704016886059,"rotx":63.84555084118732},"flame4":{"posx":-1.3881370890739673,"posy":-2.8368010265879535,"posz":1.8143115835950863,"roty":187.2704016886059,"rotx":63.84555084118732},"saber_hitbox":{"posx":-0.6513184773705782,"posy":-1.5145603931390816,"posz":0.4803945391994389,"roty":187.2704016886059,"rotx":63.84555084118732},"flame5":{"posx":0.06345591247863719,"posy":-2.453389953323342,"posz":2.16987147136127,"roty":220.61948416577604,"rotx":54.63758649914959},"flame6":{"posx":-0.1374044484909055,"posy":-1.9616064733243805,"posz":2.3651062638325304,"roty":220.61948416577604,"rotx":54.63758649914959},"flame7":{"posx":-0.30363605036912544,"posy":-1.4877317842552666,"posz":2.481014993428931,"roty":220.61948416577604,"rotx":54.63758649914959},"flame8":{"posx":-0.4477079580768729,"posy":-0.947736222860086,"posz":2.493183768344837,"roty":220.61948416577604,"rotx":54.63758649914959},"flame9":{"posx":0.2864759676186522,"posy":-2.879052560996237,"posz":1.870896724209515,"roty":220.61948416577604,"rotx":54.63758649914959},"short_sword_hitbox":{"posx":0.39585132503572257,"posy":-1.4615768684323425,"posz":0.6137721511538474,"roty":220.61948416577604,"rotx":54.63758649914959}}}