# This file was generated by Animated Java via MC-Build. It is not recommended to edit this file directly.
$data merge entity $(bone_chest) {transformation: [-0.9531f,0.023f,0.3018f,0.0013f,0.0937f,0.9705f,0.2222f,1.1628f,-0.2878f,0.2401f,-0.9271f,0.0654f,0f,0f,0f,1f],start_interpolation: 0,interpolation_duration: 1}
$data merge entity $(bone_cape) {transformation: [-0.9531f,-0.0166f,0.3022f,0.2366f,0.0937f,0.9332f,0.347f,1.2846f,-0.2878f,0.359f,-0.8878f,0.0862f,0f,0f,0f,1f],start_interpolation: 0,interpolation_duration: 1}
$data merge entity $(bone_saber) {transformation: [-1.2877f,-0.4819f,-0.0134f,-0.4068f,0.1644f,-0.475f,1.2798f,0.73f,-0.4532f,1.197f,0.5024f,-0.0258f,0f,0f,0f,1f],start_interpolation: 0,interpolation_duration: 1}
$data merge entity $(bone_right_forearm) {transformation: [-0.9365f,0.1069f,0.3339f,-0.3848f,0.1196f,0.9927f,0.0175f,1.0418f,-0.3296f,0.0563f,-0.9424f,-0.0224f,0f,0f,0f,1f],start_interpolation: 0,interpolation_duration: 1}
$data merge entity $(bone_right_arm) {transformation: [-0.9525f,0.1069f,0.2851f,-0.2357f,0.1185f,0.9927f,0.0236f,1.3062f,-0.2805f,0.0563f,-0.9582f,0.0285f,0f,0f,0f,1f],start_interpolation: 0,interpolation_duration: 1}
$data merge entity $(bone_short_sword) {transformation: [-1.1071f,-0.1569f,-0.333f,0.4762f,-0.2353f,-0.5103f,1.0224f,0.7568f,-0.2831f,1.0374f,0.4526f,0.1838f,0f,0f,0f,1f],start_interpolation: 0,interpolation_duration: 1}
$data merge entity $(bone_left_forearm) {transformation: [-0.9489f,-0.2179f,0.2283f,0.4221f,-0.2016f,0.9751f,0.0924f,1.0109f,-0.2427f,0.0416f,-0.9692f,0.1845f,0f,0f,0f,1f],start_interpolation: 0,interpolation_duration: 1}
$data merge entity $(bone_left_arm) {transformation: [-0.9597f,-0.2179f,0.1774f,0.2408f,-0.2063f,0.9751f,0.0815f,1.2594f,-0.1907f,0.0416f,-0.9808f,0.1724f,0f,0f,0f,1f],start_interpolation: 0,interpolation_duration: 1}
$data merge entity $(bone_torso) {transformation: [-0.9531f,0.0098f,0.3025f,0f,0.0937f,0.9599f,0.2643f,0.9387f,-0.2878f,0.2803f,-0.9158f,-0.0031f,0f,0f,0f,1f],start_interpolation: 0,interpolation_duration: 1}
$data merge entity $(bone_right_dress) {transformation: [-0.9763f,-0.2164f,0f,-0.1936f,-0.2164f,0.9763f,0f,0.7819f,0f,0f,-1f,-0.0078f,0f,0f,0f,1f],start_interpolation: 0,interpolation_duration: 1}
$data merge entity $(bone_left_dress) {transformation: [-0.9763f,0.2164f,0f,0.1311f,0.2164f,0.9763f,0f,0.7819f,0f,0f,-1f,-0.0078f,0f,0f,0f,1f],start_interpolation: 0,interpolation_duration: 1}
$data merge entity $(bone_lower_right_leg) {transformation: [-0.999f,0.0332f,0.0283f,-0.1411f,0.0436f,0.7601f,0.6483f,0.3047f,0f,0.649f,-0.7608f,-0.0687f,0f,0f,0f,1f],start_interpolation: 0,interpolation_duration: 1}
$data merge entity $(bone_right_leg) {transformation: [-0.999f,0.0429f,0.008f,-0.125f,0.0436f,0.9821f,0.183f,0.673f,0f,0.1832f,-0.9831f,0f,0f,0f,0f,1f],start_interpolation: 0,interpolation_duration: 1}
$data merge entity $(bone_lower_left_leg) {transformation: [-0.9989f,-0.0449f,-0.0102f,0.1399f,-0.0446f,0.9985f,-0.0319f,0.3325f,0.0116f,-0.0314f,-0.9994f,0.1563f,0f,0f,0f,1f],start_interpolation: 0,interpolation_duration: 1}
$data merge entity $(bone_left_leg) {transformation: [-0.999f,-0.0397f,0.0182f,0.125f,-0.0436f,0.9082f,-0.4164f,0.673f,0f,-0.4168f,-0.909f,0f,0f,0f,0f,1f],start_interpolation: 0,interpolation_duration: 1}
$data merge entity $(bone_waist) {transformation: [-1f,0f,0f,0f,0f,1f,0f,1.0168f,0f,0f,-1f,0f,0f,0f,0f,1f],start_interpolation: 0,interpolation_duration: 1}
$data merge entity $(bone_pony_tail) {transformation: [-0.9981f,0.0008f,0.0624f,0.0147f,0.0423f,0.744f,0.6669f,1.5603f,-0.0459f,0.6682f,-0.7426f,-0.0652f,0f,0f,0f,1f],start_interpolation: 0,interpolation_duration: 1}
$data merge entity $(bone_head) {transformation: [-0.9981f,0.0008f,0.0624f,0f,0.0423f,0.744f,0.6669f,1.3808f,-0.0459f,0.6682f,-0.7426f,0.088f,0f,0f,0f,1f],start_interpolation: 0,interpolation_duration: 1}