# This file was generated by Animated Java via MC-Build. It is not recommended to edit this file directly.
$data merge entity $(bone_chest) {transformation: [-0.9762f,0.0344f,0.2142f,0.0052f,0.0681f,0.986f,0.1521f,-0.7791f,-0.2059f,0.163f,-0.9649f,0.0479f,0f,0f,0f,1f],start_interpolation: 0,interpolation_duration: 1}
$data merge entity $(bone_cape) {transformation: [-0.9762f,0.0061f,0.2168f,0.24f,0.0681f,0.9577f,0.2795f,-0.6552f,-0.2059f,0.2876f,-0.9353f,0.0378f,0f,0f,0f,1f],start_interpolation: 0,interpolation_duration: 1}
$data merge entity $(bone_saber) {transformation: [-1.3104f,-0.4141f,0.0458f,-0.407f,0.1544f,-0.3421f,1.3228f,-1.2174f,-0.387f,1.2657f,0.3725f,-0.0153f,0f,0f,0f,1f],start_interpolation: 0,interpolation_duration: 1}
$data merge entity $(bone_right_forearm) {transformation: [-0.953f,0.104f,0.2846f,-0.3867f,0.1123f,0.9936f,0.013f,-0.9054f,-0.2814f,0.0444f,-0.9586f,-0.015f,0f,0f,0f,1f],start_interpolation: 0,interpolation_duration: 1}
$data merge entity $(bone_right_arm) {transformation: [-0.9742f,0.104f,0.2005f,-0.2357f,0.1107f,0.9936f,0.0228f,-0.6398f,-0.1968f,0.0444f,-0.9794f,0.022f,0f,0f,0f,1f],start_interpolation: 0,interpolation_duration: 1}
$data merge entity $(bone_short_sword) {transformation: [-1.141f,-0.0803f,-0.2298f,0.4666f,-0.1929f,-0.373f,1.0885f,-1.186f,-0.1484f,1.1025f,0.3515f,0.1261f,0f,0f,0f,1f],start_interpolation: 0,interpolation_duration: 1}
$data merge entity $(bone_left_forearm) {transformation: [-0.978f,-0.1724f,0.1175f,0.4231f,-0.1654f,0.9839f,0.0673f,-0.9299f,-0.1272f,0.0464f,-0.9908f,0.1279f,0f,0f,0f,1f],start_interpolation: 0,interpolation_duration: 1}
$data merge entity $(bone_left_arm) {transformation: [-0.978f,-0.1724f,0.1175f,0.2524f,-0.1654f,0.9839f,0.0673f,-0.6738f,-0.1272f,0.0464f,-0.9908f,0.125f,0f,0f,0f,1f],start_interpolation: 0,interpolation_duration: 1}
$data merge entity $(bone_torso) {transformation: [-0.9762f,0.025f,0.2155f,0f,0.0681f,0.9784f,0.1949f,-1.0078f,-0.2059f,0.205f,-0.9569f,-0.0031f,0f,0f,0f,1f],start_interpolation: 0,interpolation_duration: 1}
$data merge entity $(bone_right_dress) {transformation: [-0.9763f,-0.2164f,0f,-0.1936f,-0.2164f,0.9763f,0f,-1.1646f,0f,0f,-1f,-0.0078f,0f,0f,0f,1f],start_interpolation: 0,interpolation_duration: 1}
$data merge entity $(bone_left_dress) {transformation: [-0.9763f,0.2164f,0f,0.1311f,0.2164f,0.9763f,0f,-1.1646f,0f,0f,-1f,-0.0078f,0f,0f,0f,1f],start_interpolation: 0,interpolation_duration: 1}
$data merge entity $(bone_lower_right_leg) {transformation: [-0.999f,0.0382f,0.021f,-0.1412f,0.0436f,0.8759f,0.4805f,-1.6449f,0f,0.481f,-0.8767f,-0.0489f,0f,0f,0f,1f],start_interpolation: 0,interpolation_duration: 1}
$data merge entity $(bone_right_leg) {transformation: [-0.999f,0.0432f,0.0057f,-0.125f,0.0436f,0.9905f,0.1304f,-1.2734f,0f,0.1305f,-0.9914f,0f,0f,0f,0f,1f],start_interpolation: 0,interpolation_duration: 1}
$data merge entity $(bone_lower_left_leg) {transformation: [-0.9989f,-0.0455f,-0.0071f,0.1406f,-0.0453f,0.9987f,-0.0227f,-1.6307f,0.0081f,-0.0223f,-0.9997f,0.1128f,0f,0f,0f,1f],start_interpolation: 0,interpolation_duration: 1}
$data merge entity $(bone_left_leg) {transformation: [-0.999f,-0.0416f,0.0131f,0.125f,-0.0436f,0.9528f,-0.3004f,-1.2734f,0f,-0.3007f,-0.9537f,0f,0f,0f,0f,1f],start_interpolation: 0,interpolation_duration: 1}
$data merge entity $(bone_waist) {transformation: [-1f,0f,0f,0f,0f,1f,0f,-0.9297f,0f,0f,-1f,0f,0f,0f,0f,1f],start_interpolation: 0,interpolation_duration: 1}
$data merge entity $(bone_pony_tail) {transformation: [-0.999f,0.0088f,0.0435f,0.0105f,0.0301f,0.8548f,0.5181f,-0.4144f,-0.0326f,0.5189f,-0.8542f,-0.1215f,0f,0f,0f,1f],start_interpolation: 0,interpolation_duration: 1}
$data merge entity $(bone_head) {transformation: [-0.999f,0.0088f,0.0435f,0f,0.0301f,0.8548f,0.5181f,-0.5625f,-0.0326f,0.5189f,-0.8542f,0.0625f,0f,0f,0f,1f],start_interpolation: 0,interpolation_duration: 1}
data modify entity @s data merge value {"cameras":{},"locators":{"locator":{"posx":-1.2120157793968924,"posy":-1.8594763349558368,"posz":2.39895829327101,"roty":172.9839259042107,"rotx":74.15883191080603},"locator2":{"posx":-1.1744382487601714,"posy":-1.302788374229304,"posz":2.4938210550555,"roty":172.9839259042107,"rotx":74.15883191080603},"locator3":{"posx":-1.1201224826592675,"posy":-0.7906762694727392,"posz":2.514216880968489,"roty":172.9839259042107,"rotx":74.15883191080603},"locator4":{"posx":-1.0281623865954899,"posy":-0.2474631133168096,"posz":2.4195447746696734,"roty":172.9839259042107,"rotx":74.15883191080603},"locator5":{"posx":-1.2119489800707401,"posy":-2.385063244283004,"posz":2.189027599274716,"roty":172.9839259042107,"rotx":74.15883191080603},"saber_hitbox":{"posx":-0.613638161826097,"posy":-1.3791644857887473,"posz":0.6198025538920795,"roty":172.9839259042107,"rotx":74.15883191080603},"locator6":{"posx":0.3047246222197629,"posy":-1.9185941804935829,"posz":2.323638089813755,"roty":213.17255526624183,"rotx":68.90354849748559},"locator7":{"posx":0.19824574814769402,"posy":-1.3738141095455938,"posz":2.4340438128277735,"roty":213.17255526624183,"rotx":68.90354849748559},"locator8":{"posx":0.1083786773211397,"posy":-0.8673638605907367,"posz":2.4665561937713227,"roty":213.17255526624183,"rotx":68.90354849748559},"locator9":{"posx":0.027117077522097743,"posy":-0.32095127703392,"posz":2.3809417035908313,"roty":213.17255526624183,"rotx":68.90354849748559},"locator10":{"posx":0.41980896731934403,"posy":-2.423411916839613,"posz":2.0951054956756967,"roty":213.17255526624183,"rotx":68.90354849748559},"short_sword_hitbox":{"posx":0.4295039521186919,"posy":-1.3391403287651709,"posz":0.6107984585151678,"roty":213.17255526624183,"rotx":68.90354849748559}}}