# This file was generated by Animated Java via MC-Build. It is not recommended to edit this file directly.
$data merge entity $(bone_chest) {transformation: [-0.9762f,0.0344f,0.2142f,0.0052f,0.0681f,0.986f,0.1521f,1.1897f,-0.2059f,0.163f,-0.9649f,0.0479f,0f,0f,0f,1f],start_interpolation: 0,interpolation_duration: 1}
$data merge entity $(bone_cape) {transformation: [-0.9762f,0.0061f,0.2168f,0.24f,0.0681f,0.9577f,0.2795f,1.3135f,-0.2059f,0.2876f,-0.9353f,0.0378f,0f,0f,0f,1f],start_interpolation: 0,interpolation_duration: 1}
$data merge entity $(bone_saber) {transformation: [-1.3104f,-0.4141f,0.0458f,-0.407f,0.1544f,-0.3421f,1.3228f,0.7514f,-0.387f,1.2657f,0.3725f,-0.0153f,0f,0f,0f,1f],start_interpolation: 0,interpolation_duration: 1}
$data merge entity $(bone_right_forearm) {transformation: [-0.953f,0.104f,0.2846f,-0.3867f,0.1123f,0.9936f,0.013f,1.0634f,-0.2814f,0.0444f,-0.9586f,-0.015f,0f,0f,0f,1f],start_interpolation: 0,interpolation_duration: 1}
$data merge entity $(bone_right_arm) {transformation: [-0.9742f,0.104f,0.2005f,-0.2357f,0.1107f,0.9936f,0.0228f,1.329f,-0.1968f,0.0444f,-0.9794f,0.022f,0f,0f,0f,1f],start_interpolation: 0,interpolation_duration: 1}
$data merge entity $(bone_short_sword) {transformation: [-1.141f,-0.0803f,-0.2298f,0.4666f,-0.1929f,-0.373f,1.0885f,0.7828f,-0.1484f,1.1025f,0.3515f,0.1261f,0f,0f,0f,1f],start_interpolation: 0,interpolation_duration: 1}
$data merge entity $(bone_left_forearm) {transformation: [-0.978f,-0.1724f,0.1175f,0.4231f,-0.1654f,0.9839f,0.0673f,1.0389f,-0.1272f,0.0464f,-0.9908f,0.1279f,0f,0f,0f,1f],start_interpolation: 0,interpolation_duration: 1}
$data merge entity $(bone_left_arm) {transformation: [-0.978f,-0.1724f,0.1175f,0.2524f,-0.1654f,0.9839f,0.0673f,1.2949f,-0.1272f,0.0464f,-0.9908f,0.125f,0f,0f,0f,1f],start_interpolation: 0,interpolation_duration: 1}
$data merge entity $(bone_torso) {transformation: [-0.9762f,0.025f,0.2155f,0f,0.0681f,0.9784f,0.1949f,0.9609f,-0.2059f,0.205f,-0.9569f,-0.0031f,0f,0f,0f,1f],start_interpolation: 0,interpolation_duration: 1}
$data merge entity $(bone_right_dress) {transformation: [-0.9763f,-0.2164f,0f,-0.1936f,-0.2164f,0.9763f,0f,0.8042f,0f,0f,-1f,-0.0078f,0f,0f,0f,1f],start_interpolation: 0,interpolation_duration: 1}
$data merge entity $(bone_left_dress) {transformation: [-0.9763f,0.2164f,0f,0.1311f,0.2164f,0.9763f,0f,0.8042f,0f,0f,-1f,-0.0078f,0f,0f,0f,1f],start_interpolation: 0,interpolation_duration: 1}
$data merge entity $(bone_lower_right_leg) {transformation: [-0.999f,0.0382f,0.021f,-0.1412f,0.0436f,0.8759f,0.4805f,0.3239f,0f,0.481f,-0.8767f,-0.0489f,0f,0f,0f,1f],start_interpolation: 0,interpolation_duration: 1}
$data merge entity $(bone_right_leg) {transformation: [-0.999f,0.0432f,0.0057f,-0.125f,0.0436f,0.9905f,0.1304f,0.6953f,0f,0.1305f,-0.9914f,0f,0f,0f,0f,1f],start_interpolation: 0,interpolation_duration: 1}
$data merge entity $(bone_lower_left_leg) {transformation: [-0.9989f,-0.0455f,-0.0071f,0.1406f,-0.0453f,0.9987f,-0.0227f,0.338f,0.0081f,-0.0223f,-0.9997f,0.1128f,0f,0f,0f,1f],start_interpolation: 0,interpolation_duration: 1}
$data merge entity $(bone_left_leg) {transformation: [-0.999f,-0.0416f,0.0131f,0.125f,-0.0436f,0.9528f,-0.3004f,0.6953f,0f,-0.3007f,-0.9537f,0f,0f,0f,0f,1f],start_interpolation: 0,interpolation_duration: 1}
$data merge entity $(bone_waist) {transformation: [-1f,0f,0f,0f,0f,1f,0f,1.0391f,0f,0f,-1f,0f,0f,0f,0f,1f],start_interpolation: 0,interpolation_duration: 1}
$data merge entity $(bone_pony_tail) {transformation: [-0.999f,0.0088f,0.0435f,0.0105f,0.0301f,0.8548f,0.5181f,1.5544f,-0.0326f,0.5189f,-0.8542f,-0.1215f,0f,0f,0f,1f],start_interpolation: 0,interpolation_duration: 1}
$data merge entity $(bone_head) {transformation: [-0.999f,0.0088f,0.0435f,0f,0.0301f,0.8548f,0.5181f,1.4063f,-0.0326f,0.5189f,-0.8542f,0.0625f,0f,0f,0f,1f],start_interpolation: 0,interpolation_duration: 1}