# This file was generated by Animated Java via MC-Build. It is not recommended to edit this file directly.
$data merge entity $(bone_chest) {transformation: [-0.9916f,0.0312f,0.1255f,0.0056f,0.041f,0.9962f,0.0762f,-0.7534f,-0.1226f,0.0807f,-0.9892f,0.029f,0f,0f,0f,1f],start_interpolation: 0,interpolation_duration: 1}
$data merge entity $(bone_cape) {transformation: [-0.9916f,0.0145f,0.1285f,0.2364f,0.041f,0.9778f,0.2056f,-0.6283f,-0.1226f,0.2091f,-0.9702f,-0.0118f,0f,0f,0f,1f],start_interpolation: 0,interpolation_duration: 1}
$data merge entity $(bone_saber) {transformation: [-1.3288f,-0.3423f,0.0886f,-0.4086f,0.1417f,-0.1998f,1.353f,-1.1983f,-0.3239f,1.3166f,0.2284f,-0.0046f,0f,0f,0f,1f],start_interpolation: 0,interpolation_duration: 1}
$data merge entity $(bone_right_forearm) {transformation: [-0.9664f,0.0991f,0.2373f,-0.3905f,0.1031f,0.9947f,0.0044f,-0.8862f,-0.2356f,0.0287f,-0.9714f,-0.0086f,0f,0f,0f,1f],start_interpolation: 0,interpolation_duration: 1}
$data merge entity $(bone_right_arm) {transformation: [-0.9882f,0.0991f,0.1171f,-0.2391f,0.1018f,0.9947f,0.017f,-0.6192f,-0.1148f,0.0287f,-0.993f,0.0138f,0f,0f,0f,1f],start_interpolation: 0,interpolation_duration: 1}
$data merge entity $(bone_short_sword) {transformation: [-1.1564f,0.0103f,-0.1542f,0.4516f,-0.1533f,-0.2229f,1.1349f,-1.1596f,-0.0194f,1.1451f,0.2223f,0.0744f,0f,0f,0f,1f],start_interpolation: 0,interpolation_duration: 1}
$data merge entity $(bone_left_forearm) {transformation: [-0.9912f,-0.1319f,0.0117f,0.4175f,-0.1314f,0.9906f,0.0385f,-0.9021f,-0.0166f,0.0366f,-0.9992f,0.0735f,0f,0f,0f,1f],start_interpolation: 0,interpolation_duration: 1}
$data merge entity $(bone_left_arm) {transformation: [-0.9892f,-0.1319f,0.0645f,0.2567f,-0.1292f,0.9906f,0.0454f,-0.6397f,-0.0699f,0.0366f,-0.9969f,0.0751f,0f,0f,0f,1f],start_interpolation: 0,interpolation_duration: 1}
$data merge entity $(bone_torso) {transformation: [-0.9916f,0.0257f,0.1267f,0f,0.041f,0.992f,0.1196f,-0.9855f,-0.1226f,0.1238f,-0.9847f,-0.0031f,0f,0f,0f,1f],start_interpolation: 0,interpolation_duration: 1}
$data merge entity $(bone_right_dress) {transformation: [-0.9763f,-0.2164f,0f,-0.1936f,-0.2164f,0.9763f,0f,-1.1423f,0f,0f,-1f,-0.0078f,0f,0f,0f,1f],start_interpolation: 0,interpolation_duration: 1}
$data merge entity $(bone_left_dress) {transformation: [-0.9763f,0.2164f,0f,0.1311f,0.2164f,0.9763f,0f,-1.1423f,0f,0f,-1f,-0.0078f,0f,0f,0f,1f],start_interpolation: 0,interpolation_duration: 1}
$data merge entity $(bone_lower_right_leg) {transformation: [-0.999f,0.0417f,0.0128f,-0.1413f,0.0436f,0.9552f,0.2927f,-1.6247f,0f,0.293f,-0.9561f,-0.0291f,0f,0f,0f,1f],start_interpolation: 0,interpolation_duration: 1}
$data merge entity $(bone_right_leg) {transformation: [-0.999f,0.0435f,0.0034f,-0.125f,0.0436f,0.996f,0.0774f,-1.2512f,0f,0.0775f,-0.997f,0f,0f,0f,0f,1f],start_interpolation: 0,interpolation_duration: 1}
$data merge entity $(bone_lower_left_leg) {transformation: [-0.999f,-0.0453f,-0.004f,0.1411f,-0.0452f,0.9989f,-0.0134f,-1.6197f,0.0046f,-0.0132f,-0.9999f,0.0675f,0f,0f,0f,1f],start_interpolation: 0,interpolation_duration: 1}
$data merge entity $(bone_left_leg) {transformation: [-0.999f,-0.0429f,0.0079f,0.125f,-0.0436f,0.9827f,-0.1798f,-1.2512f,0f,-0.18f,-0.9837f,0f,0f,0f,0f,1f],start_interpolation: 0,interpolation_duration: 1}
$data merge entity $(bone_waist) {transformation: [-1f,0f,0f,0f,0f,1f,0f,-0.9074f,0f,0f,-1f,0f,0f,0f,0f,1f],start_interpolation: 0,interpolation_duration: 1}
$data merge entity $(bone_pony_tail) {transformation: [-0.9997f,0.0099f,0.0244f,0.006f,0.0178f,0.9362f,0.351f,-0.4255f,-0.0193f,0.3513f,-0.9361f,-0.1714f,0f,0f,0f,1f],start_interpolation: 0,interpolation_duration: 1}
$data merge entity $(bone_head) {transformation: [-0.9997f,0.0099f,0.0244f,0f,0.0178f,0.9362f,0.351f,-0.537f,-0.0193f,0.3513f,-0.9361f,0.037f,0f,0f,0f,1f],start_interpolation: 0,interpolation_duration: 1}