# This file was generated by Animated Java via MC-Build. It is not recommended to edit this file directly.
$data merge entity $(bone_chest) {transformation: [-0.9986f,0.0164f,0.05f,0.0032f,0.0167f,0.9998f,0.0063f,-0.7324f,-0.0499f,0.0072f,-0.9987f,0.0119f,0f,0f,0f,1f],start_interpolation: 0,interpolation_duration: 1}
$data merge entity $(bone_cape) {transformation: [-0.9986f,0.0097f,0.0517f,0.2277f,0.0167f,0.9905f,0.1368f,-0.607f,-0.0499f,0.1375f,-0.9892f,-0.055f,0f,0f,0f,1f],start_interpolation: 0,interpolation_duration: 1}
$data merge entity $(bone_saber) {transformation: [-1.3416f,-0.2797f,0.1116f,-0.4107f,0.1285f,-0.0705f,1.3672f,-1.1839f,-0.2724f,1.3444f,0.0949f,0.0051f,0f,0f,0f,1f],start_interpolation: 0,interpolation_duration: 1}
$data merge entity $(bone_right_forearm) {transformation: [-0.9757f,0.0928f,0.1984f,-0.3951f,0.0934f,0.9956f,-0.0062f,-0.8717f,-0.1981f,0.0125f,-0.9801f,-0.0035f,0f,0f,0f,1f],start_interpolation: 0,interpolation_duration: 1}
$data merge entity $(bone_right_arm) {transformation: [-0.9946f,0.0928f,0.0468f,-0.2447f,0.0933f,0.9956f,0.0081f,-0.6034f,-0.0459f,0.0125f,-0.9989f,0.0057f,0f,0f,0f,1f],start_interpolation: 0,interpolation_duration: 1}
$data merge entity $(bone_short_sword) {transformation: [-1.1572f,0.0942f,-0.1145f,0.4354f,-0.1214f,-0.0848f,1.1572f,-1.1369f,0.0851f,1.1598f,0.0939f,0.0348f,0f,0f,0f,1f],start_interpolation: 0,interpolation_duration: 1}
$data merge entity $(bone_left_forearm) {transformation: [-0.9919f,-0.103f,-0.0744f,0.4079f,-0.104f,0.9945f,0.0101f,-0.8787f,0.073f,0.0177f,-0.9972f,0.029f,0f,0f,0f,1f],start_interpolation: 0,interpolation_duration: 1}
$data merge entity $(bone_left_arm) {transformation: [-0.9944f,-0.103f,0.0244f,0.2546f,-0.1025f,0.9945f,0.0203f,-0.6118f,-0.0263f,0.0177f,-0.9995f,0.0307f,0f,0f,0f,1f],start_interpolation: 0,interpolation_duration: 1}
$data merge entity $(bone_torso) {transformation: [-0.9986f,0.0142f,0.0507f,0f,0.0167f,0.9986f,0.0499f,-0.9663f,-0.0499f,0.0507f,-0.9975f,-0.0031f,0f,0f,0f,1f],start_interpolation: 0,interpolation_duration: 1}
$data merge entity $(bone_right_dress) {transformation: [-0.9763f,-0.2164f,0f,-0.1936f,-0.2164f,0.9763f,0f,-1.1231f,0f,0f,-1f,-0.0078f,0f,0f,0f,1f],start_interpolation: 0,interpolation_duration: 1}
$data merge entity $(bone_left_dress) {transformation: [-0.9763f,0.2164f,0f,0.1311f,0.2164f,0.9763f,0f,-1.1231f,0f,0f,-1f,-0.0078f,0f,0f,0f,1f],start_interpolation: 0,interpolation_duration: 1}
$data merge entity $(bone_lower_right_leg) {transformation: [-0.999f,0.0433f,0.0053f,-0.1413f,0.0436f,0.9918f,0.1204f,-1.6064f,0f,0.1205f,-0.9927f,-0.0118f,0f,0f,0f,1f],start_interpolation: 0,interpolation_duration: 1}
$data merge entity $(bone_right_leg) {transformation: [-0.999f,0.0436f,0.0014f,-0.125f,0.0436f,0.9986f,0.0315f,-1.2319f,0f,0.0315f,-0.9995f,0f,0f,0f,0f,1f],start_interpolation: 0,interpolation_duration: 1}
$data merge entity $(bone_lower_left_leg) {transformation: [-0.999f,-0.0445f,-0.0016f,0.1413f,-0.0445f,0.999f,-0.0054f,-1.6055f,0.0018f,-0.0054f,-1f,0.0275f,0f,0f,0f,1f],start_interpolation: 0,interpolation_duration: 1}
$data merge entity $(bone_left_leg) {transformation: [-0.999f,-0.0435f,0.0032f,0.125f,-0.0436f,0.9963f,-0.0734f,-1.2319f,0f,-0.0735f,-0.9973f,0f,0f,0f,0f,1f],start_interpolation: 0,interpolation_duration: 1}
$data merge entity $(bone_waist) {transformation: [-1f,0f,0f,0f,0f,1f,0f,-0.8882f,0f,0f,-1f,0f,0f,0f,0f,1f],start_interpolation: 0,interpolation_duration: 1}
$data merge entity $(bone_pony_tail) {transformation: [-0.9999f,0.0056f,0.0091f,0.0023f,0.0072f,0.9805f,0.1963f,-0.4384f,-0.0079f,0.1964f,-0.9805f,-0.2086f,0f,0f,0f,1f],start_interpolation: 0,interpolation_duration: 1}
$data merge entity $(bone_head) {transformation: [-0.9999f,0.0056f,0.0091f,0f,0.0072f,0.9805f,0.1963f,-0.515f,-0.0079f,0.1964f,-0.9805f,0.015f,0f,0f,0f,1f],start_interpolation: 0,interpolation_duration: 1}
data modify entity @s data merge value {"cameras":{},"locators":{"locator":{"posx":-0.9590884504457674,"posy":-1.3074969022262284,"posz":2.5688829664756985,"roty":130.3690243229961,"rotx":83.88266706677234},"locator2":{"posx":-0.9007056956182897,"posy":-0.7449959014120473,"posz":2.54659893583043,"roty":130.3690243229961,"rotx":83.88266706677234},"locator3":{"posx":-0.8346842850724989,"posy":-0.24143499476660768,"posz":2.458891543622208,"roty":130.3690243229961,"rotx":83.88266706677234},"locator4":{"posx":-0.7432367432682494,"posy":0.2685339425379336,"posz":2.248965294471615,"roty":130.3690243229961,"rotx":83.88266706677234},"locator5":{"posx":-0.9920450740147865,"posy":-1.8635898723813076,"posz":2.468948140178596,"roty":130.3690243229961,"rotx":83.88266706677234},"saber_hitbox":{"posx":-0.5497377642514629,"posy":-1.209632177426153,"posz":0.6775858184904706,"roty":130.3690243229961,"rotx":83.88266706677234},"locator6":{"posx":0.6218530813859905,"posy":-1.2953020804111801,"posz":2.343943772745416,"roty":230.63471961768573,"rotx":82.70995910795408},"locator7":{"posx":0.561623592451364,"posy":-0.7328070131106226,"posz":2.3270853052820017,"roty":230.63471961768573,"rotx":82.70995910795408},"locator8":{"posx":0.50247877002963,"posy":-0.22776469968295443,"posz":2.243066547683888,"roty":230.63471961768573,"rotx":82.70995910795408},"locator9":{"posx":0.43324044954417773,"posy":0.28636167023362424,"posz":2.0347875743506316,"roty":230.63471961768573,"rotx":82.70995910795408},"locator10":{"posx":0.6719890722568986,"posy":-1.8487130912228271,"posz":2.236542024473689,"roty":230.63471961768573,"rotx":82.70995910795408},"short_sword_hitbox":{"posx":0.4754973594620734,"posy":-1.1635832613219763,"posz":0.5421706445858592,"roty":230.63471961768573,"rotx":82.70995910795408}}}