# This file was generated by Animated Java via MC-Build. It is not recommended to edit this file directly.
$data merge entity $(bone_chest) {transformation: [-1f,0f,0f,0f,0f,0.9763f,-0.2164f,-0.7218f,0f,-0.2164f,-0.9763f,-0.0407f,0f,0f,0f,1f],start_interpolation: 0,interpolation_duration: 1}
$data merge entity $(bone_cape) {transformation: [-1f,0f,0f,0.2188f,0f,0.9962f,-0.0872f,-0.6133f,0f,-0.0872f,-0.9962f,-0.1455f,0f,0f,0f,1f],start_interpolation: 0,interpolation_duration: 1}
$data merge entity $(bone_saber) {transformation: [-0.9721f,-0.8874f,0.3978f,-0.5363f,-0.3811f,0.8651f,0.9984f,-0.9881f,-0.8946f,0.5956f,-0.8576f,0.3027f,0f,0f,0f,1f],start_interpolation: 0,interpolation_duration: 1}
$data merge entity $(bone_right_forearm) {transformation: [-0.707f,0.2893f,0.6454f,-0.4509f,-0.2772f,0.7261f,-0.6292f,-0.7718f,-0.6506f,-0.6237f,-0.4332f,0.0937f,0f,0f,0f,1f],start_interpolation: 0,interpolation_duration: 1}
$data merge entity $(bone_right_arm) {transformation: [-0.9562f,0.2893f,-0.0436f,-0.25f,0.2489f,0.7261f,-0.6409f,-0.5987f,-0.1538f,-0.6237f,-0.7664f,-0.0625f,0f,0f,0f,1f],start_interpolation: 0,interpolation_duration: 1}
$data merge entity $(bone_short_sword) {transformation: [-0.7617f,0.7459f,-0.4739f,0.5905f,0.3775f,0.8403f,0.716f,-0.888f,0.799f,0.3141f,-0.7899f,0.2698f,0f,0f,0f,1f],start_interpolation: 0,interpolation_duration: 1}
$data merge entity $(bone_left_forearm) {transformation: [-0.6529f,-0.4062f,-0.6394f,0.4785f,0.3235f,0.6137f,-0.7202f,-0.7362f,0.6849f,-0.6771f,-0.2693f,0.0912f,0f,0f,0f,1f],start_interpolation: 0,interpolation_duration: 1}
$data merge entity $(bone_left_arm) {transformation: [-0.9138f,-0.4062f,0.0096f,0.25f,-0.2805f,0.6137f,-0.738f,-0.5987f,0.2939f,-0.6771f,-0.6747f,-0.0625f,0f,0f,0f,1f],start_interpolation: 0,interpolation_duration: 1}
$data merge entity $(bone_torso) {transformation: [-1f,0f,0f,0f,0f,0.9848f,-0.1736f,-0.9531f,0f,-0.1736f,-0.9848f,-0.0031f,0f,0f,0f,1f],start_interpolation: 0,interpolation_duration: 1}
$data merge entity $(bone_pony_tail) {transformation: [-1f,0f,0f,0f,0f,0.9763f,-0.2164f,-0.5202f,0f,-0.2164f,-0.9763f,-0.3137f,0f,0f,0f,1f],start_interpolation: 0,interpolation_duration: 1}
$data merge entity $(bone_head) {transformation: [-1f,0f,0f,0f,0f,0.9763f,-0.2164f,-0.5f,0f,-0.2164f,-0.9763f,-0.0781f,0f,0f,0f,1f],start_interpolation: 0,interpolation_duration: 1}
data modify entity @s data merge value {"cameras":{},"locators":{"body_hitbox":{"posx":-1.409683866188322e-17,"posy":-0.8472593317027813,"posz":0.11510942315529658,"roty":0,"rotx":-12.499999999999998},"saber_hitbox":{"posx":-0.936668643919304,"posy":-0.5881414122130132,"posz":0.5673542501223467,"roty":24.88384877448388,"rotx":46.56378759035484},"short_sword_hitbox":{"posx":0.8721269009860861,"posy":-0.5596200907779773,"posz":0.3830894545491914,"roty":329.0410885698505,"rotx":37.856818559001034}}}