# This file was generated by Animated Java via MC-Build. It is not recommended to edit this file directly.
$data merge entity $(bone_chest) {transformation: [-0.9993f,-0.0005f,0.038f,-0.0006f,-0.01f,0.9678f,-0.2514f,1.2455f,-0.0367f,-0.2516f,-0.9671f,-0.0491f,0f,0f,0f,1f],start_interpolation: 0,interpolation_duration: 1}
$data merge entity $(bone_cape) {transformation: [-0.9993f,-0.0054f,0.0376f,0.2209f,-0.01f,0.9924f,-0.123f,1.3523f,-0.0367f,-0.1233f,-0.9917f,-0.1497f,0f,0f,0f,1f],start_interpolation: 0,interpolation_duration: 1}
$data merge entity $(bone_saber) {transformation: [-0.8448f,-0.9895f,0.4448f,-0.5582f,-0.4915f,0.8516f,0.9612f,0.9928f,-0.9672f,0.4315f,-0.8769f,0.2819f,0f,0f,0f,1f],start_interpolation: 0,interpolation_duration: 1}
$data merge entity $(bone_right_forearm) {transformation: [-0.6144f,0.3235f,0.7197f,-0.46f,-0.3574f,0.699f,-0.6193f,1.1995f,-0.7034f,-0.6377f,-0.3138f,0.0688f,0f,0f,0f,1f],start_interpolation: 0,interpolation_duration: 1}
$data merge entity $(bone_right_arm) {transformation: [-0.9462f,0.3235f,-0.0113f,-0.2507f,0.247f,0.699f,-0.6711f,1.3652f,-0.2091f,-0.6377f,-0.7413f,-0.0844f,0f,0f,0f,1f],start_interpolation: 0,interpolation_duration: 1}
$data merge entity $(bone_short_sword) {transformation: [-0.7277f,0.7792f,-0.4737f,0.5896f,0.462f,0.8375f,0.668f,1.1042f,0.7862f,0.2291f,-0.831f,0.2851f,0f,0f,0f,1f],start_interpolation: 0,interpolation_duration: 1}
$data merge entity $(bone_left_forearm) {transformation: [-0.6237f,-0.406f,-0.6679f,0.4772f,0.396f,0.5726f,-0.7179f,1.2453f,0.6739f,-0.7123f,-0.1963f,0.0982f,0f,0f,0f,1f],start_interpolation: 0,interpolation_duration: 1}
$data merge entity $(bone_left_arm) {transformation: [-0.913f,-0.406f,0.0408f,0.2489f,-0.2889f,0.5726f,-0.7673f,1.3702f,0.2881f,-0.7123f,-0.64f,-0.0661f,0f,0f,0f,1f],start_interpolation: 0,interpolation_duration: 1}
$data merge entity $(bone_torso) {transformation: [-0.9993f,-0.0021f,0.0379f,0f,-0.01f,0.9779f,-0.209f,1.0156f,-0.0367f,-0.2092f,-0.9772f,-0.0031f,0f,0f,0f,1f],start_interpolation: 0,interpolation_duration: 1}
$data merge entity $(bone_pony_tail) {transformation: [-0.9996f,0.0026f,0.0274f,0.0065f,-0.0053f,0.9589f,-0.2836f,1.4325f,-0.027f,-0.2836f,-0.9586f,-0.3304f,0f,0f,0f,1f],start_interpolation: 0,interpolation_duration: 1}
$data merge entity $(bone_head) {transformation: [-0.9996f,0.0026f,0.0274f,0f,-0.0053f,0.9589f,-0.2836f,1.469f,-0.027f,-0.2836f,-0.9586f,-0.0969f,0f,0f,0f,1f],start_interpolation: 0,interpolation_duration: 1}