# This file was generated by Animated Java via MC-Build. It is not recommended to edit this file directly.
$data merge entity $(bone_chest) {transformation: [-0.9957f,0.001f,0.093f,-0.001f,-0.0263f,0.956f,-0.2921f,-0.7255f,-0.0892f,-0.2933f,-0.9518f,-0.0591f,0f,0f,0f,1f],start_interpolation: 0,interpolation_duration: 1}
$data merge entity $(bone_cape) {transformation: [-0.9957f,-0.0111f,0.0924f,0.2243f,-0.0263f,0.986f,-0.1649f,-0.6199f,-0.0892f,-0.1666f,-0.982f,-0.1523f,0f,0f,0f,1f],start_interpolation: 0,interpolation_duration: 1}
$data merge entity $(bone_saber) {transformation: [-0.7498f,-1.0414f,0.4939f,-0.5787f,-0.5717f,0.8476f,0.9194f,-0.9664f,-1.0008f,0.296f,-0.8952f,0.2524f,0f,0f,0f,1f],start_interpolation: 0,interpolation_duration: 1}
$data merge entity $(bone_right_forearm) {transformation: [-0.5453f,0.3592f,0.7574f,-0.4679f,-0.4158f,0.6687f,-0.6165f,-0.7701f,-0.7279f,-0.6511f,-0.2153f,0.0358f,0f,0f,0f,1f],start_interpolation: 0,interpolation_duration: 1}
$data merge entity $(bone_right_arm) {transformation: [-0.9327f,0.3592f,0.0333f,-0.2503f,0.2323f,0.6687f,-0.7064f,-0.6111f,-0.276f,-0.6511f,-0.7071f,-0.1128f,0f,0f,0f,1f],start_interpolation: 0,interpolation_duration: 1}
$data merge entity $(bone_short_sword) {transformation: [-0.7491f,0.7797f,-0.4382f,0.573f,0.5218f,0.8453f,0.6119f,-0.8377f,0.7264f,0.1969f,-0.8915f,0.3151f,0f,0f,0f,1f],start_interpolation: 0,interpolation_duration: 1}
$data merge entity $(bone_left_forearm) {transformation: [-0.6421f,-0.3756f,-0.6683f,0.4685f,0.4472f,0.5244f,-0.7245f,-0.7091f,0.6226f,-0.7641f,-0.1688f,0.115f,0f,0f,0f,1f],start_interpolation: 0,interpolation_duration: 1}
$data merge entity $(bone_left_arm) {transformation: [-0.9225f,-0.3756f,0.0891f,0.2475f,-0.2908f,0.5244f,-0.8002f,-0.5979f,0.2539f,-0.7641f,-0.593f,-0.0682f,0f,0f,0f,1f],start_interpolation: 0,interpolation_duration: 1}
$data merge entity $(bone_torso) {transformation: [-0.9957f,-0.003f,0.093f,0f,-0.0263f,0.9678f,-0.2502f,-0.9531f,-0.0892f,-0.2515f,-0.9637f,-0.0031f,0f,0f,0f,1f],start_interpolation: 0,interpolation_duration: 1}
$data merge entity $(bone_pony_tail) {transformation: [-0.9976f,0.011f,0.0676f,0.0162f,-0.0146f,0.9304f,-0.3663f,-0.556f,-0.067f,-0.3664f,-0.928f,-0.349f,0f,0f,0f,1f],start_interpolation: 0,interpolation_duration: 1}
$data merge entity $(bone_head) {transformation: [-0.9976f,0.011f,0.0676f,0f,-0.0146f,0.9304f,-0.3663f,-0.4992f,-0.067f,-0.3664f,-0.928f,-0.12f,0f,0f,0f,1f],start_interpolation: 0,interpolation_duration: 1}
data modify entity @s data merge value {"cameras":{},"locators":{"body_hitbox":{"posx":-0.01278927682054287,"posy":-0.8383638677256818,"posz":0.10574756523296601,"roty":5.582334692442487,"rotx":-16.986069395347698},"saber_hitbox":{"posx":-1.0483796339658562,"posy":-0.5749883074687776,"posz":0.38070682459673394,"roty":28.885477674134478,"rotx":41.963485627642314},"short_sword_hitbox":{"posx":0.8677889893826702,"posy":-0.5083095093339653,"posz":0.3825471547070922,"roty":333.8219128295065,"rotx":31.631030629412077}}}