# This file was generated by Animated Java via MC-Build. It is not recommended to edit this file directly.
$data merge entity $(bone_chest) {transformation: [-0.988f,0.0088f,0.1545f,0f,-0.0419f,0.9458f,-0.322f,-0.7275f,-0.149f,-0.3246f,-0.9341f,-0.0666f,0f,0f,0f,1f],start_interpolation: 0,interpolation_duration: 1}
$data merge entity $(bone_cape) {transformation: [-0.988f,-0.0114f,0.1543f,0.2294f,-0.0419f,0.9798f,-0.1958f,-0.6221f,-0.149f,-0.1999f,-0.9684f,-0.1494f,0f,0f,0f,1f],start_interpolation: 0,interpolation_duration: 1}
$data merge entity $(bone_saber) {transformation: [-0.6942f,-1.0565f,0.5409f,-0.5941f,-0.6061f,0.8543f,0.8908f,-0.9631f,-1.0205f,0.2114f,-0.897f,0.2183f,0f,0f,0f,1f],start_interpolation: 0,interpolation_duration: 1}
$data merge entity $(bone_right_forearm) {transformation: [-0.5049f,0.3934f,0.7684f,-0.4718f,-0.4408f,0.6479f,-0.6213f,-0.7737f,-0.7422f,-0.6523f,-0.1537f,0.0016f,0f,0f,0f,1f],start_interpolation: 0,interpolation_duration: 1}
$data merge entity $(bone_right_arm) {transformation: [-0.9158f,0.3934f,0.0816f,-0.2467f,0.2131f,0.6479f,-0.7313f,-0.6181f,-0.3405f,-0.6523f,-0.6771f,-0.1393f,0f,0f,0f,1f],start_interpolation: 0,interpolation_duration: 1}
$data merge entity $(bone_short_sword) {transformation: [-0.805f,0.7548f,-0.3788f,0.5465f,0.5398f,0.8623f,0.5711f,-0.8178f,0.6494f,0.2188f,-0.9442f,0.3499f,0f,0f,0f,1f],start_interpolation: 0,interpolation_duration: 1}
$data merge entity $(bone_left_forearm) {transformation: [-0.69f,-0.3246f,-0.6469f,0.4555f,0.4627f,0.4895f,-0.7391f,-0.6984f,0.5566f,-0.8093f,-0.1875f,0.1379f,0f,0f,0f,1f],start_interpolation: 0,interpolation_duration: 1}
$data merge entity $(bone_left_arm) {transformation: [-0.9357f,-0.3246f,0.1379f,0.2472f,-0.291f,0.4895f,-0.822f,-0.5971f,0.1994f,-0.8093f,-0.5525f,-0.0648f,0f,0f,0f,1f],start_interpolation: 0,interpolation_duration: 1}
$data merge entity $(bone_torso) {transformation: [-0.988f,0.0021f,0.1547f,0f,-0.0419f,0.959f,-0.2804f,-0.9531f,-0.149f,-0.2835f,-0.9473f,-0.0031f,0f,0f,0f,1f],start_interpolation: 0,interpolation_duration: 1}
$data merge entity $(bone_pony_tail) {transformation: [-0.9936f,0.0273f,0.1097f,0.0266f,-0.0227f,0.9025f,-0.43f,-0.5715f,-0.1107f,-0.4298f,-0.8961f,-0.3635f,0f,0f,0f,1f],start_interpolation: 0,interpolation_duration: 1}
$data merge entity $(bone_head) {transformation: [-0.9936f,0.0273f,0.1097f,0f,-0.0227f,0.9025f,-0.43f,-0.4989f,-0.1107f,-0.4298f,-0.8961f,-0.14f,0f,0f,0f,1f],start_interpolation: 0,interpolation_duration: 1}
data modify entity @s data merge value {"cameras":{},"locators":{"locator":{"posx":-2.6148459688614882,"posy":0.6669001808206593,"posz":0.6039169431096899,"roty":31.089166236428923,"rotx":40.380330497174825},"locator2":{"posx":-2.3455635741860434,"posy":0.9924898642567052,"posz":0.22736568503467908,"roty":31.089166236428923,"rotx":40.380330497174825},"locator3":{"posx":-2.052843459816726,"posy":1.2387577132452186,"posz":-0.11802117226910513,"roty":31.089166236428923,"rotx":40.380330497174825},"locator4":{"posx":-1.6640789710633483,"posy":1.4073641969153812,"posz":-0.4826223597996839,"roty":31.089166236428923,"rotx":40.380330497174825},"locator5":{"posx":-2.7880839891528733,"posy":0.26364913206626317,"posz":0.9612538709579062,"roty":31.089166236428923,"rotx":40.380330497174825},"saber_hitbox":{"posx":-1.1182693942395774,"posy":-0.5299639706915931,"posz":0.31769124590064457,"roty":31.089166236428923,"rotx":40.380330497174825},"locator6":{"posx":2.0453417482576044,"posy":0.9036132484066839,"posz":0.7769220379110767,"roty":338.1429650240185,"rotx":29.306707669273354},"locator7":{"posx":1.8222969363438657,"posy":1.1327526111837196,"posz":0.3099545183719776,"roty":338.1429650240185,"rotx":29.306707669273354},"locator8":{"posx":1.579109190081767,"posy":1.285103497774211,"posz":-0.11815052413868055,"roty":338.1429650240185,"rotx":29.306707669273354},"locator9":{"posx":1.2550551996098722,"posy":1.3450629997843286,"posz":-0.5696966119059645,"roty":338.1429650240185,"rotx":29.306707669273354},"locator10":{"posx":2.187520315961547,"posy":0.5820825010492747,"posz":1.22044851219355,"roty":338.1429650240185,"rotx":29.306707669273354},"short_sword_hitbox":{"posx":0.8727812072155627,"posy":-0.4360618280087294,"posz":0.4370268816900002,"roty":338.1429650240185,"rotx":29.306707669273354}}}