# This file was generated by Animated Java via MC-Build. It is not recommended to edit this file directly.
$data merge entity $(bone_chest) {transformation: [-0.9771f,0.0215f,0.2119f,0.0022f,-0.0502f,0.9437f,-0.327f,1.2408f,-0.207f,-0.3302f,-0.921f,-0.0681f,0f,0f,0f,1f],start_interpolation: 0,interpolation_duration: 1}
$data merge entity $(bone_cape) {transformation: [-0.9771f,-0.0064f,0.2129f,0.2354f,-0.0502f,0.9783f,-0.2011f,1.3473f,-0.207f,-0.2071f,-0.9562f,-0.1379f,0f,0f,0f,1f],start_interpolation: 0,interpolation_duration: 1}
$data merge entity $(bone_saber) {transformation: [-0.6785f,-1.0486f,0.5751f,-0.6007f,-0.5833f,0.8674f,0.8933f,0.9998f,-1.0441f,0.1969f,-0.8728f,0.1851f,0f,0f,0f,1f],start_interpolation: 0,interpolation_duration: 1}
$data merge entity $(bone_right_forearm) {transformation: [-0.4935f,0.4183f,0.7626f,-0.4706f,-0.4242f,0.6497f,-0.6308f,1.1899f,-0.7593f,-0.6348f,-0.1432f,-0.0263f,0f,0f,0f,1f],start_interpolation: 0,interpolation_duration: 1}
$data merge entity $(bone_right_arm) {transformation: [-0.8993f,0.4183f,0.1279f,-0.2405f,0.1978f,0.6497f,-0.734f,1.3479f,-0.3901f,-0.6348f,-0.667f,-0.1561f,0f,0f,0f,1f],start_interpolation: 0,interpolation_duration: 1}
$data merge entity $(bone_short_sword) {transformation: [-0.8766f,0.7027f,-0.3146f,0.5184f,0.5045f,0.8844f,0.5695f,1.1535f,0.5815f,0.2918f,-0.9684f,0.382f,0f,0f,0f,1f],start_interpolation: 0,interpolation_duration: 1}
$data merge entity $(bone_left_forearm) {transformation: [-0.7513f,-0.2697f,-0.6023f,0.4422f,0.4325f,0.4882f,-0.7581f,1.2723f,0.4985f,-0.83f,-0.2501f,0.1639f,0f,0f,0f,1f],start_interpolation: 0,interpolation_duration: 1}
$data merge entity $(bone_left_arm) {transformation: [-0.9466f,-0.2697f,0.1765f,0.248f,-0.2924f,0.4882f,-0.8223f,1.373f,0.1356f,-0.83f,-0.541f,-0.0526f,0f,0f,0f,1f],start_interpolation: 0,interpolation_duration: 1}
$data merge entity $(bone_torso) {transformation: [-0.9771f,0.0122f,0.2126f,0f,-0.0502f,0.957f,-0.2856f,1.0156f,-0.207f,-0.2897f,-0.9345f,-0.0031f,0f,0f,0f,1f],start_interpolation: 0,interpolation_duration: 1}
$data merge entity $(bone_pony_tail) {transformation: [-0.9885f,0.0447f,0.1443f,0.0352f,-0.0245f,0.8951f,-0.4452f,1.3934f,-0.1491f,-0.4436f,-0.8838f,-0.3704f,0f,0f,0f,1f],start_interpolation: 0,interpolation_duration: 1}
$data merge entity $(bone_head) {transformation: [-0.9885f,0.0447f,0.1443f,0f,-0.0245f,0.8951f,-0.4452f,1.4697f,-0.1491f,-0.4436f,-0.8838f,-0.1494f,0f,0f,0f,1f],start_interpolation: 0,interpolation_duration: 1}