# This file was generated by Animated Java via MC-Build. It is not recommended to edit this file directly.
$data merge entity $(bone_hat) {transformation: [-1f,0f,0f,0f,0f,0.9971f,-0.0763f,2.1232f,0f,-0.0763f,-0.9971f,-0.0477f,0f,0f,0f,1f],start_interpolation: 0,interpolation_duration: 1}
$data merge entity $(bone_nose) {transformation: [-1f,0f,0f,0f,0f,0.9971f,-0.0763f,1.6246f,0f,-0.0763f,-0.9971f,-0.0095f,0f,0f,0f,1f],start_interpolation: 0,interpolation_duration: 1}
$data merge entity $(bone_head) {transformation: [-1f,0f,0f,0f,0f,0.9971f,-0.0763f,1.5f,0f,-0.0763f,-0.9971f,0f,0f,0f,0f,1f],start_interpolation: 0,interpolation_duration: 1}
$data merge entity $(bone_arms_flipped) {transformation: [-0.2083f,0f,0f,0f,0f,0.3207f,-0.1066f,0.8039f,0f,0.1011f,-0.3043f,-0.2223f,0f,0f,0f,1f],start_interpolation: 0,interpolation_duration: 1}
$data merge entity $(bone_arms_rotation) {transformation: [-0.2083f,0f,0f,0f,0f,0.3207f,-0.1066f,1.2849f,0f,0.1011f,-0.3043f,-0.0706f,0f,0f,0f,1f],start_interpolation: 0,interpolation_duration: 1}
$data merge entity $(bone_left_arm) {transformation: [-0.6862f,-0.7274f,0f,0.3125f,-0.7274f,0.6862f,0f,1.375f,0f,0f,-1f,0f,0f,0f,0f,1f],start_interpolation: 0,interpolation_duration: 1}
$data merge entity $(bone_wand) {transformation: [-0.9977f,-0.0023f,0.0683f,-0.4111f,-0.0338f,0.8849f,-0.4645f,1.5198f,-0.0594f,-0.4657f,-0.8829f,0.5221f,0f,0f,0f,1f],start_interpolation: 0,interpolation_duration: 1}
$data merge entity $(bone_right_arm) {transformation: [-0.9977f,0.0658f,0.0184f,-0.3125f,-0.0338f,-0.2408f,-0.97f,1.375f,-0.0594f,-0.9683f,0.2425f,0f,0f,0f,0f,1f],start_interpolation: 0,interpolation_duration: 1}
data modify entity @s data merge value {"cameras":{},"locators":{"cast_point":{"posx":-0.4189938135751908,"posy":1.6799545423739537,"posz":0.8264954010593178,"roty":4.4215972354509745,"rotx":-27.677499492303046}}}