# This file was generated by Animated Java via MC-Build. It is not recommended to edit this file directly.
$data merge entity $(bone_hat) {transformation: [-1f,0f,0f,0f,0f,0.9979f,-0.0654f,2.1237f,0f,-0.0654f,-0.9979f,-0.0409f,0f,0f,0f,1f],start_interpolation: 0,interpolation_duration: 1}
$data merge entity $(bone_nose) {transformation: [-1f,0f,0f,0f,0f,0.9979f,-0.0654f,1.6247f,0f,-0.0654f,-0.9979f,-0.0082f,0f,0f,0f,1f],start_interpolation: 0,interpolation_duration: 1}
$data merge entity $(bone_head) {transformation: [-1f,0f,0f,0f,0f,0.9979f,-0.0654f,1.5f,0f,-0.0654f,-0.9979f,0f,0f,0f,0f,1f],start_interpolation: 0,interpolation_duration: 1}
$data merge entity $(bone_arms_flipped) {transformation: [-0.25f,0f,0f,0f,0f,0.3848f,-0.1279f,0.7084f,0f,0.1213f,-0.3652f,-0.238f,0f,0f,0f,1f],start_interpolation: 0,interpolation_duration: 1}
$data merge entity $(bone_arms_rotation) {transformation: [-0.25f,0f,0f,0f,0f,0.3848f,-0.1279f,1.2856f,0f,0.1213f,-0.3652f,-0.056f,0f,0f,0f,1f],start_interpolation: 0,interpolation_duration: 1}
$data merge entity $(bone_left_arm) {transformation: [-0.7274f,-0.6862f,0f,0.3125f,-0.6862f,0.7274f,0f,1.375f,0f,0f,-1f,0f,0f,0f,0f,1f],start_interpolation: 0,interpolation_duration: 1}
$data merge entity $(bone_wand) {transformation: [-0.9987f,-0.0167f,0.0478f,-0.3998f,-0.0276f,0.971f,-0.2375f,1.4383f,-0.0425f,-0.2385f,-0.9702f,0.54f,0f,0f,0f,1f],start_interpolation: 0,interpolation_duration: 1}
$data merge entity $(bone_right_arm) {transformation: [-0.9987f,0.0448f,0.0236f,-0.3125f,-0.0276f,-0.0904f,-0.9955f,1.375f,-0.0425f,-0.9949f,0.0915f,0f,0f,0f,0f,1f],start_interpolation: 0,interpolation_duration: 1}
data modify entity @s data merge value {"cameras":{},"locators":{"cast_point":{"posx":-0.40063899626067284,"posy":1.5203203369471374,"posz":0.8741754742496343,"roty":2.8225485857605292,"rotx":-13.73705479740773}}}