# This file was generated by Animated Java via MC-Build. It is not recommended to edit this file directly.
$data merge entity $(bone_hat) {transformation: [-1f,0f,0f,0f,0f,0.9985f,-0.0545f,2.1241f,0f,-0.0545f,-0.9985f,-0.0341f,0f,0f,0f,1f],start_interpolation: 0,interpolation_duration: 1}
$data merge entity $(bone_nose) {transformation: [-1f,0f,0f,0f,0f,0.9985f,-0.0545f,1.6248f,0f,-0.0545f,-0.9985f,-0.0068f,0f,0f,0f,1f],start_interpolation: 0,interpolation_duration: 1}
$data merge entity $(bone_head) {transformation: [-1f,0f,0f,0f,0f,0.9985f,-0.0545f,1.5f,0f,-0.0545f,-0.9985f,0f,0f,0f,0f,1f],start_interpolation: 0,interpolation_duration: 1}
$data merge entity $(bone_arms_flipped) {transformation: [-0.2917f,0f,0f,0f,0f,0.4489f,-0.1492f,0.613f,0f,0.1416f,-0.426f,-0.2537f,0f,0f,0f,1f],start_interpolation: 0,interpolation_duration: 1}
$data merge entity $(bone_arms_rotation) {transformation: [-0.2917f,0f,0f,0f,0f,0.4489f,-0.1492f,1.2864f,0f,0.1416f,-0.426f,-0.0414f,0f,0f,0f,1f],start_interpolation: 0,interpolation_duration: 1}
$data merge entity $(bone_left_arm) {transformation: [-0.766f,-0.6428f,0f,0.3125f,-0.6428f,0.766f,0f,1.375f,0f,0f,-1f,0f,0f,0f,0f,1f],start_interpolation: 0,interpolation_duration: 1}
$data merge entity $(bone_wand) {transformation: [-0.9983f,0.0002f,-0.0587f,-0.3428f,0.0044f,0.9975f,-0.0702f,1.3816f,0.0585f,-0.0703f,-0.9958f,0.5498f,0f,0f,0f,1f],start_interpolation: 0,interpolation_duration: 1}
$data merge entity $(bone_right_arm) {transformation: [-0.9983f,-0.0585f,-0.0054f,-0.3125f,0.0044f,0.017f,-0.9998f,1.375f,0.0585f,-0.9981f,-0.0167f,0f,0f,0f,0f,1f],start_interpolation: 0,interpolation_duration: 1}
execute on vehicle unless entity @s[tag=aj.transforms_only] positioned ^-0.3070677755 ^1.4056360339 ^0.8911743714 rotated ~356.6266984566 ~-4.0240810551 run function animated_java:wizard/animations/single/zzz/frames/14_locator_commands
data modify entity @s data merge value {"cameras":{},"locators":{"cast_point":{"posx":-0.3070677755103053,"posy":1.4056360338960283,"posz":0.891174371399207,"roty":356.6266984565634,"rotx":-4.024081055120884}}}