# This file was generated by Animated Java via MC-Build. It is not recommended to edit this file directly.
$data merge entity $(bone_arms_flipped) {transformation: [-0.0417f,0f,0f,0f,0f,0.0641f,-0.0213f,1.1858f,0f,0.0202f,-0.0609f,-0.1595f,0f,0f,0f,1f],start_interpolation: 0,interpolation_duration: 1}
$data merge entity $(bone_arms_rotation) {transformation: [-0.0417f,0f,0f,0f,0f,0.0641f,-0.0213f,1.282f,0f,0.0202f,-0.0609f,-0.1291f,0f,0f,0f,1f],start_interpolation: 0,interpolation_duration: 1}
$data merge entity $(bone_left_arm) {transformation: [-0.9763f,-0.2164f,0f,0.3125f,-0.2164f,0.9763f,0f,1.375f,0f,0f,-1f,0f,0f,0f,0f,1f],start_interpolation: 0,interpolation_duration: 1}
$data merge entity $(bone_wand) {transformation: [-0.9933f,0.0972f,-0.0628f,-0.3621f,0.0409f,0.8027f,0.595f,0.9137f,0.1083f,0.5884f,-0.8013f,0.2965f,0f,0f,0f,1f],start_interpolation: 0,interpolation_duration: 1}
$data merge entity $(bone_right_arm) {transformation: [-0.9933f,-0.0196f,-0.1141f,-0.3125f,0.0409f,0.8627f,-0.5041f,1.375f,0.1083f,-0.5054f,-0.8561f,0f,0f,0f,0f,1f],start_interpolation: 0,interpolation_duration: 1}
data modify entity @s data merge value {"cameras":{},"locators":{"cast_point":{"posx":-0.32498374177654177,"posy":0.7084964604876346,"posz":0.5702850401006663,"roty":355.5162127662498,"rotx":36.513811232185475}}}