# This file was generated by Animated Java via MC-Build. It is not recommended to edit this file directly.
$data merge entity $(bone_arms_flipped) {transformation: [-0.0833f,0f,0f,0f,0f,0.1283f,-0.0426f,1.0903f,0f,0.0404f,-0.1217f,-0.1752f,0f,0f,0f,1f],start_interpolation: 0,interpolation_duration: 1}
$data merge entity $(bone_arms_rotation) {transformation: [-0.0833f,0f,0f,0f,0f,0.1283f,-0.0426f,1.2827f,0f,0.0404f,-0.1217f,-0.1145f,0f,0f,0f,1f],start_interpolation: 0,interpolation_duration: 1}
$data merge entity $(bone_left_arm) {transformation: [-0.9063f,-0.4226f,0f,0.3125f,-0.4226f,0.9063f,0f,1.375f,0f,0f,-1f,0f,0f,0f,0f,1f],start_interpolation: 0,interpolation_duration: 1}
$data merge entity $(bone_wand) {transformation: [-0.9635f,0.0671f,-0.259f,-0.2553f,0.0929f,0.9917f,-0.0884f,1.221f,0.251f,-0.1093f,-0.9618f,0.5256f,0f,0f,0f,1f],start_interpolation: 0,interpolation_duration: 1}
$data merge entity $(bone_right_arm) {transformation: [-0.9635f,-0.2099f,-0.1659f,-0.3125f,0.0929f,0.3192f,-0.9431f,1.375f,0.251f,-0.9241f,-0.2881f,0f,0f,0f,0f,1f],start_interpolation: 0,interpolation_duration: 1}
data modify entity @s data merge value {"cameras":{},"locators":{"cast_point":{"posx":-0.1512308988316412,"posy":1.2499107326172814,"posz":0.8522735524285605,"roty":344.92729734054194,"rotx":-5.073967993759199}}}