# This file was generated by Animated Java via MC-Build. It is not recommended to edit this file directly.
$data merge entity $(bone_hat) {transformation: [-1f,0f,0f,0f,0f,0.9983f,-0.0581f,2.1239f,0f,-0.0581f,-0.9983f,-0.0363f,0f,0f,0f,1f],start_interpolation: 0,interpolation_duration: 1}
$data merge entity $(bone_nose) {transformation: [-1f,0f,0f,0f,0f,0.9983f,-0.0581f,1.6248f,0f,-0.0581f,-0.9983f,-0.0073f,0f,0f,0f,1f],start_interpolation: 0,interpolation_duration: 1}
$data merge entity $(bone_head) {transformation: [-1f,0f,0f,0f,0f,0.9983f,-0.0581f,1.5f,0f,-0.0581f,-0.9983f,0f,0f,0f,0f,1f],start_interpolation: 0,interpolation_duration: 1}
$data merge entity $(bone_arms_flipped) {transformation: [-0.1458f,0f,0f,0f,0f,0.2245f,-0.0746f,0.9471f,0f,0.0708f,-0.213f,-0.1987f,0f,0f,0f,1f],start_interpolation: 0,interpolation_duration: 1}
$data merge entity $(bone_arms_rotation) {transformation: [-0.1458f,0f,0f,0f,0f,0.2245f,-0.0746f,1.2838f,0f,0.0708f,-0.213f,-0.0926f,0f,0f,0f,1f],start_interpolation: 0,interpolation_duration: 1}
$data merge entity $(bone_left_arm) {transformation: [-0.7224f,-0.6915f,0f,0.3125f,-0.6915f,0.7224f,0f,1.375f,0f,0f,-1f,0f,0f,0f,0f,1f],start_interpolation: 0,interpolation_duration: 1}
$data merge entity $(bone_wand) {transformation: [-0.9747f,-0.1039f,-0.1978f,-0.2525f,0.07f,0.6987f,-0.7119f,1.6198f,0.2121f,-0.7078f,-0.6738f,0.4896f,0f,0f,0f,1f],start_interpolation: 0,interpolation_duration: 1}
$data merge entity $(bone_right_arm) {transformation: [-0.9747f,-0.2219f,0.026f,-0.3125f,0.07f,-0.4138f,-0.9077f,1.375f,0.2121f,-0.8829f,0.4189f,0f,0f,0f,0f,1f],start_interpolation: 0,interpolation_duration: 1}
data modify entity @s data merge value {"cameras":{},"locators":{"cast_point":{"posx":-0.16927346264858334,"posy":1.8634814879608317,"posz":0.7178703241318516,"roty":343.64187380702174,"rotx":-45.393689216633284}}}