# This file was generated by Animated Java via MC-Build. It is not recommended to edit this file directly.
$data merge entity $(bone_hat) {transformation: [-1f,0f,0f,0f,0f,0.9996f,-0.0273f,2.1248f,0f,-0.0273f,-0.9996f,-0.017f,0f,0f,0f,1f],start_interpolation: 0,interpolation_duration: 1}
$data merge entity $(bone_nose) {transformation: [-1f,0f,0f,0f,0f,0.9996f,-0.0273f,1.625f,0f,-0.0273f,-0.9996f,-0.0034f,0f,0f,0f,1f],start_interpolation: 0,interpolation_duration: 1}
$data merge entity $(bone_head) {transformation: [-1f,0f,0f,0f,0f,0.9996f,-0.0273f,1.5f,0f,-0.0273f,-0.9996f,0f,0f,0f,0f,1f],start_interpolation: 0,interpolation_duration: 1}
$data merge entity $(bone_left_arm) {transformation: [-0.9999f,-0.0066f,0.0131f,0.3125f,-0.0108f,0.9348f,-0.355f,1.375f,-0.0099f,-0.3551f,-0.9348f,0f,0f,0f,0f,1f],start_interpolation: 0,interpolation_duration: 1}
$data merge entity $(bone_wand) {transformation: [-0.9994f,0.036f,0.0008f,-0.3824f,0.0249f,0.6757f,0.7368f,0.8682f,0.026f,0.7363f,-0.6761f,0.2038f,0f,0f,0f,1f],start_interpolation: 0,interpolation_duration: 1}
$data merge entity $(bone_right_arm) {transformation: [-0.9994f,0.0145f,-0.0329f,-0.3125f,0.0249f,0.9393f,-0.3423f,1.375f,0.026f,-0.3429f,-0.939f,0f,0f,0f,0f,1f],start_interpolation: 0,interpolation_duration: 1}
data modify entity @s data merge value {"cameras":{},"locators":{"cast_point":{"posx":-0.3670298538340831,"posy":0.6145782016262153,"posz":0.4358105390592599,"roty":0.06740184504383251,"rotx":47.458911318830346}}}