# This file was generated by Animated Java via MC-Build. It is not recommended to edit this file directly.
$data merge entity $(bone_hat) {transformation: [-1f,0f,0f,0f,0f,0.9941f,-0.1089f,2.1213f,0f,-0.1089f,-0.9941f,-0.068f,0f,0f,0f,1f],start_interpolation: 0,interpolation_duration: 1}
$data merge entity $(bone_nose) {transformation: [-1f,0f,0f,0f,0f,0.9941f,-0.1089f,1.6243f,0f,-0.1089f,-0.9941f,-0.0136f,0f,0f,0f,1f],start_interpolation: 0,interpolation_duration: 1}
$data merge entity $(bone_head) {transformation: [-1f,0f,0f,0f,0f,0.9941f,-0.1089f,1.5f,0f,-0.1089f,-0.9941f,0f,0f,0f,0f,1f],start_interpolation: 0,interpolation_duration: 1}
$data merge entity $(bone_left_arm) {transformation: [-0.9966f,0.0519f,0.0645f,0.3125f,-0.0827f,-0.6669f,-0.7405f,1.375f,0.0046f,-0.7433f,0.6689f,0f,0f,0f,0f,1f],start_interpolation: 0,interpolation_duration: 1}
$data merge entity $(bone_wand) {transformation: [-0.9959f,-0.0166f,-0.0886f,-0.3262f,0.0693f,0.4873f,-0.8705f,1.7294f,0.0576f,-0.873f,-0.4842f,0.4213f,0f,0f,0f,1f],start_interpolation: 0,interpolation_duration: 1}
$data merge entity $(bone_right_arm) {transformation: [-0.9959f,-0.0882f,-0.0186f,-0.3125f,0.0693f,-0.6177f,-0.7834f,1.375f,0.0576f,-0.7815f,0.6213f,0f,0f,0f,0f,1f],start_interpolation: 0,interpolation_duration: 1}
data modify entity @s data merge value {"cameras":{},"locators":{"cast_point":{"posx":-0.2801950925680024,"posy":2.0275067140055794,"posz":0.5868023717485815,"roty":349.6299898573235,"rotx":-60.511017156889444}}}