# This file was generated by Animated Java via MC-Build. It is not recommended to edit this file directly.
$data merge entity $(bone_hat) {transformation: [-1f,0f,0f,0f,0f,0.9914f,-0.1305f,2.1197f,0f,-0.1305f,-0.9914f,-0.0816f,0f,0f,0f,1f],start_interpolation: 0,interpolation_duration: 1}
$data merge entity $(bone_nose) {transformation: [-1f,0f,0f,0f,0f,0.9914f,-0.1305f,1.6239f,0f,-0.1305f,-0.9914f,-0.0163f,0f,0f,0f,1f],start_interpolation: 0,interpolation_duration: 1}
$data merge entity $(bone_head) {transformation: [-1f,0f,0f,0f,0f,0.9914f,-0.1305f,1.5f,0f,-0.1305f,-0.9914f,0f,0f,0f,0f,1f],start_interpolation: 0,interpolation_duration: 1}
$data merge entity $(bone_left_arm) {transformation: [-0.9964f,0.08f,0.0295f,0.3125f,-0.0772f,-0.7004f,-0.7095f,1.375f,-0.0361f,-0.7092f,0.7041f,0f,0f,0f,0f,1f],start_interpolation: 0,interpolation_duration: 1}
$data merge entity $(bone_wand) {transformation: [-0.9847f,-0.0522f,-0.1661f,-0.279f,0.1234f,0.4638f,-0.8773f,1.7408f,0.1228f,-0.8844f,-0.4503f,0.4102f,0f,0f,0f,1f],start_interpolation: 0,interpolation_duration: 1}
$data merge entity $(bone_right_arm) {transformation: [-0.9847f,-0.1734f,-0.0153f,-0.3125f,0.1234f,-0.633f,-0.7643f,1.375f,0.1228f,-0.7545f,0.6447f,0f,0f,0f,0f,1f],start_interpolation: 0,interpolation_duration: 1}
data modify entity @s data merge value {"cameras":{},"locators":{"cast_point":{"posx":-0.20647932257904622,"posy":2.0404653530359536,"posz":0.5630818077546504,"roty":339.753717628957,"rotx":-61.31662862806634}}}