# This file was generated by Animated Java via MC-Build. It is not recommended to edit this file directly.
$data merge entity $(bone_hat) {transformation: [-1f,0f,0f,0f,0f,0.9985f,-0.0545f,2.1241f,0f,-0.0545f,-0.9985f,-0.0341f,0f,0f,0f,1f],start_interpolation: 0,interpolation_duration: 1}
$data merge entity $(bone_nose) {transformation: [-1f,0f,0f,0f,0f,0.9985f,-0.0545f,1.6248f,0f,-0.0545f,-0.9985f,-0.0068f,0f,0f,0f,1f],start_interpolation: 0,interpolation_duration: 1}
$data merge entity $(bone_head) {transformation: [-1f,0f,0f,0f,0f,0.9985f,-0.0545f,1.5f,0f,-0.0545f,-0.9985f,0f,0f,0f,0f,1f],start_interpolation: 0,interpolation_duration: 1}
$data merge entity $(bone_left_arm) {transformation: [-0.9993f,0.0025f,0.0369f,0.3125f,-0.0273f,0.6244f,-0.7807f,1.375f,-0.025f,-0.7811f,-0.6239f,0f,0f,0f,0f,1f],start_interpolation: 0,interpolation_duration: 1}
$data merge entity $(bone_wand) {transformation: [-0.9959f,0.0797f,-0.0423f,-0.3686f,0.0626f,0.948f,0.3119f,1.0347f,0.065f,0.308f,-0.9492f,0.4293f,0f,0f,0f,1f],start_interpolation: 0,interpolation_duration: 1}
$data merge entity $(bone_right_arm) {transformation: [-0.9959f,-0.0086f,-0.0899f,-0.3125f,0.0626f,0.651f,-0.7565f,1.375f,0.065f,-0.759f,-0.6478f,0f,0f,0f,0f,1f],start_interpolation: 0,interpolation_duration: 1}
data modify entity @s data merge value {"cameras":{},"locators":{"cast_point":{"posx":-0.3385328440784684,"posy":0.9265219038565412,"posz":0.7545431271074137,"roty":357.44674302158967,"rotx":18.17574777524701}}}