# This file was generated by Animated Java via MC-Build. It is not recommended to edit this file directly.
$data merge entity $(bone_hat) {transformation: [-1f,0f,0f,0f,0f,0.9914f,-0.1305f,2.1197f,0f,-0.1305f,-0.9914f,-0.0816f,0f,0f,0f,1f],start_interpolation: 0,interpolation_duration: 1}
$data merge entity $(bone_nose) {transformation: [-1f,0f,0f,0f,0f,0.9914f,-0.1305f,1.6239f,0f,-0.1305f,-0.9914f,-0.0163f,0f,0f,0f,1f],start_interpolation: 0,interpolation_duration: 1}
$data merge entity $(bone_head) {transformation: [-1f,0f,0f,0f,0f,0.9914f,-0.1305f,1.5f,0f,-0.1305f,-0.9914f,0f,0f,0f,0f,1f],start_interpolation: 0,interpolation_duration: 1}
$data merge entity $(bone_left_arm) {transformation: [-0.9993f,0.0223f,0.0307f,0.3125f,-0.0371f,-0.7416f,-0.6698f,1.375f,0.0078f,-0.6705f,0.7419f,0f,0f,0f,0f,1f],start_interpolation: 0,interpolation_duration: 1}
$data merge entity $(bone_wand) {transformation: [-0.9997f,-0.001f,-0.0251f,-0.3626f,0.0239f,0.2719f,-0.962f,1.769f,0.0078f,-0.9623f,-0.2718f,0.3815f,0f,0f,0f,1f],start_interpolation: 0,interpolation_duration: 1}
$data merge entity $(bone_right_arm) {transformation: [-0.9997f,-0.0222f,-0.0117f,-0.3125f,0.0239f,-0.6972f,-0.7165f,1.375f,0.0078f,-0.7166f,0.6975f,0f,0f,0f,0f,1f],start_interpolation: 0,interpolation_duration: 1}
data modify entity @s data merge value {"cameras":{},"locators":{"cast_point":{"posx":-0.3383887679139383,"posy":2.09927466412579,"posz":0.47477369880704134,"roty":354.7250454189715,"rotx":-74.15866381601667}}}