# This file was generated by Animated Java via MC-Build. It is not recommended to edit this file directly.
$data merge entity $(bone_hat) {transformation: [-1f,0f,0f,0f,0f,0.9763f,-0.2164f,2.1102f,0f,-0.2164f,-0.9763f,-0.1353f,0f,0f,0f,1f],start_interpolation: 0,interpolation_duration: 1}
$data merge entity $(bone_nose) {transformation: [-1f,0f,0f,0f,0f,0.9763f,-0.2164f,1.622f,0f,-0.2164f,-0.9763f,-0.0271f,0f,0f,0f,1f],start_interpolation: 0,interpolation_duration: 1}
$data merge entity $(bone_head) {transformation: [-1f,0f,0f,0f,0f,0.9763f,-0.2164f,1.5f,0f,-0.2164f,-0.9763f,0f,0f,0f,0f,1f],start_interpolation: 0,interpolation_duration: 1}
$data merge entity $(bone_left_arm) {transformation: [-0.9983f,0.0112f,-0.0575f,0.3125f,0.0303f,-0.7413f,-0.6705f,1.375f,-0.0501f,-0.6711f,0.7397f,0f,0f,0f,0f,1f],start_interpolation: 0,interpolation_duration: 1}
$data merge entity $(bone_wand) {transformation: [-0.9999f,-0.0066f,-0.0118f,-0.3678f,0.0127f,-0.1712f,-0.9852f,1.832f,0.0045f,-0.9852f,0.1713f,0.3022f,0f,0f,0f,1f],start_interpolation: 0,interpolation_duration: 1}
$data merge entity $(bone_right_arm) {transformation: [-0.9999f,-0.013f,-0.0037f,-0.3125f,0.0127f,-0.8177f,-0.5755f,1.375f,0.0045f,-0.5755f,0.8178f,0f,0f,0f,0f,1f],start_interpolation: 0,interpolation_duration: 1}
data modify entity @s data merge value {"cameras":{},"locators":{"cast_point":{"posx":-0.34817513951715706,"posy":2.1703999485720478,"posz":0.24330102988684718,"roty":183.92849018198407,"rotx":-80.11425907277564}}}