# This file was generated by Animated Java via MC-Build. It is not recommended to edit this file directly.
$data merge entity $(bone_hat) {transformation: [-1f,0f,0f,0f,0f,0.9979f,-0.0654f,2.1237f,0f,-0.0654f,-0.9979f,-0.0409f,0f,0f,0f,1f],start_interpolation: 0,interpolation_duration: 1}
$data merge entity $(bone_nose) {transformation: [-1f,0f,0f,0f,0f,0.9979f,-0.0654f,1.6247f,0f,-0.0654f,-0.9979f,-0.0082f,0f,0f,0f,1f],start_interpolation: 0,interpolation_duration: 1}
$data merge entity $(bone_head) {transformation: [-1f,0f,0f,0f,0f,0.9979f,-0.0654f,1.5f,0f,-0.0654f,-0.9979f,0f,0f,0f,0f,1f],start_interpolation: 0,interpolation_duration: 1}
$data merge entity $(bone_left_arm) {transformation: [-0.9851f,-0.0459f,0.166f,0.3125f,-0.1685f,0.455f,-0.8744f,1.375f,-0.0354f,-0.8893f,-0.4559f,0f,0f,0f,0f,1f],start_interpolation: 0,interpolation_duration: 1}
$data merge entity $(bone_wand) {transformation: [-0.9999f,0.004f,-0.0129f,-0.3692f,0.0127f,0.5954f,-0.8033f,1.6704f,0.0045f,-0.8034f,-0.5954f,0.4612f,0f,0f,0f,1f],start_interpolation: 0,interpolation_duration: 1}
$data merge entity $(bone_right_arm) {transformation: [-0.9999f,-0.0104f,-0.0086f,-0.3125f,0.0127f,-0.5143f,-0.8575f,1.375f,0.0045f,-0.8576f,0.5144f,0f,0f,0f,0f,1f],start_interpolation: 0,interpolation_duration: 1}
data modify entity @s data merge value {"cameras":{},"locators":{"cast_point":{"posx":-0.3491335401621611,"posy":1.946383047785398,"posz":0.6658265831242893,"roty":358.7607906710365,"rotx":-53.44662047772178}}}