# This file was generated by Animated Java via MC-Build. It is not recommended to edit this file directly.
$data merge entity $(bone_hat) {transformation: [-1f,0f,0f,0f,0f,0.9999f,0.0109f,2.125f,0f,0.0109f,-0.9999f,0.0068f,0f,0f,0f,1f],start_interpolation: 0,interpolation_duration: 1}
$data merge entity $(bone_nose) {transformation: [-1f,0f,0f,0f,0f,0.9999f,0.0109f,1.625f,0f,0.0109f,-0.9999f,0.0014f,0f,0f,0f,1f],start_interpolation: 0,interpolation_duration: 1}
$data merge entity $(bone_head) {transformation: [-1f,0f,0f,0f,0f,0.9999f,0.0109f,1.5f,0f,0.0109f,-0.9999f,0f,0f,0f,0f,1f],start_interpolation: 0,interpolation_duration: 1}
$data merge entity $(bone_left_arm) {transformation: [-0.9566f,-0.2711f,0.1067f,0.3125f,-0.2907f,0.9127f,-0.2871f,1.375f,-0.0196f,-0.3056f,-0.9519f,0f,0f,0f,0f,1f],start_interpolation: 0,interpolation_duration: 1}
$data merge entity $(bone_wand) {transformation: [-0.9999f,0.0094f,-0.0097f,-0.3706f,0.0127f,0.8935f,-0.4489f,1.5363f,0.0045f,-0.449f,-0.8935f,0.5233f,0f,0f,0f,1f],start_interpolation: 0,interpolation_duration: 1}
$data merge entity $(bone_right_arm) {transformation: [-0.9999f,-0.0077f,-0.0111f,-0.3125f,0.0127f,-0.266f,-0.9639f,1.375f,0.0045f,-0.964f,0.266f,0f,0f,0f,0f,1f],start_interpolation: 0,interpolation_duration: 1}
data modify entity @s data merge value {"cameras":{},"locators":{"cast_point":{"posx":-0.35165259936319004,"posy":1.6904158602124368,"posz":0.8303647503113869,"roty":359.37758997081403,"rotx":-26.673198748864372}}}