# This file was generated by Animated Java via MC-Build. It is not recommended to edit this file directly.
$data merge entity $(bone_left_arm) {transformation: [-0.9114f,-0.3903f,-0.1307f,0.3125f,-0.4115f,0.8577f,0.3082f,1.375f,-0.0082f,0.3346f,-0.9423f,0f,0f,0f,0f,1f],start_interpolation: 0,interpolation_duration: 1}
$data merge entity $(bone_wand) {transformation: [-0.9999f,0.0126f,-0.0071f,-0.3709f,0.0137f,0.9846f,-0.1742f,1.4865f,0.0048f,-0.1743f,-0.9847f,0.5361f,0f,0f,0f,1f],start_interpolation: 0,interpolation_duration: 1}
$data merge entity $(bone_right_arm) {transformation: [-0.9999f,-0.0071f,-0.0126f,-0.3125f,0.0137f,-0.1742f,-0.9846f,1.375f,0.0048f,-0.9847f,0.1743f,0f,0f,0f,0f,1f],start_interpolation: 0,interpolation_duration: 1}
data modify entity @s data merge value {"cameras":{},"locators":{"cast_point":{"posx":-0.35283899083224546,"posy":1.546180240293227,"posz":0.8744852131550249,"roty":359.5861868845161,"rotx":-10.032664639973746}}}