# This file was generated by Animated Java via MC-Build. It is not recommended to edit this file directly.
$data merge entity $(bone_left_arm) {transformation: [-0.9284f,-0.3639f,-0.0754f,0.3125f,-0.3716f,0.9038f,0.2122f,1.375f,-0.0091f,0.225f,-0.9743f,0f,0f,0f,0f,1f],start_interpolation: 0,interpolation_duration: 1}
$data merge entity $(bone_wand) {transformation: [-0.9999f,0.0123f,-0.0055f,-0.3718f,0.0127f,0.9963f,-0.0847f,1.4377f,0.0045f,-0.0848f,-0.9964f,0.5439f,0f,0f,0f,1f],start_interpolation: 0,interpolation_duration: 1}
$data merge entity $(bone_right_arm) {transformation: [-0.9999f,-0.0055f,-0.0123f,-0.3125f,0.0127f,-0.0847f,-0.9963f,1.375f,0.0045f,-0.9964f,0.0848f,0f,0f,0f,0f,1f],start_interpolation: 0,interpolation_duration: 1}
data modify entity @s data merge value {"cameras":{},"locators":{"cast_point":{"posx":-0.354248734828466,"posy":1.4665988614156675,"posz":0.886296219445043,"roty":359.68170046862815,"rotx":-4.858726172373151}}}