# This file was generated by Animated Java via MC-Build. It is not recommended to edit this file directly.
$data merge entity $(bone_hat) {transformation: [-1f,0f,0f,0f,0f,0.9983f,0.0581f,2.1239f,0f,0.0581f,-0.9983f,0.0363f,0f,0f,0f,1f],start_interpolation: 0,interpolation_duration: 1}
$data merge entity $(bone_nose) {transformation: [-1f,0f,0f,0f,0f,0.9983f,0.0581f,1.6248f,0f,0.0581f,-0.9983f,0.0073f,0f,0f,0f,1f],start_interpolation: 0,interpolation_duration: 1}
$data merge entity $(bone_head) {transformation: [-1f,0f,0f,0f,0f,0.9983f,0.0581f,1.5f,0f,0.0581f,-0.9983f,0f,0f,0f,0f,1f],start_interpolation: 0,interpolation_duration: 1}
$data merge entity $(bone_left_arm) {transformation: [-0.9643f,-0.2623f,-0.036f,0.3125f,-0.2647f,0.9518f,0.155f,1.375f,-0.0064f,0.159f,-0.9873f,0f,0f,0f,0f,1f],start_interpolation: 0,interpolation_duration: 1}
$data merge entity $(bone_wand) {transformation: [-1f,0.0095f,-0.0006f,-0.3752f,0.0089f,0.9624f,0.2714f,1.1741f,0.0031f,0.2714f,-0.9625f,0.5088f,0f,0f,0f,1f],start_interpolation: 0,interpolation_duration: 1}
$data merge entity $(bone_right_arm) {transformation: [-1f,0.0006f,-0.0095f,-0.3125f,0.0089f,0.3947f,-0.9188f,1.375f,0.0031f,-0.9188f,-0.3947f,0f,0f,0f,0f,1f],start_interpolation: 0,interpolation_duration: 1}
data modify entity @s data merge value {"cameras":{},"locators":{"cast_point":{"posx":-0.3593676306803022,"posy":1.0806539110987108,"posz":0.8396449888113623,"roty":359.9641751769508,"rotx":15.745959286283117}}}