# This file was generated by Animated Java via MC-Build. It is not recommended to edit this file directly.
$data merge entity $(bone_hat) {transformation: [-1f,0f,0f,0f,0f,0.9996f,0.0291f,2.1247f,0f,0.0291f,-0.9996f,0.0182f,0f,0f,0f,1f],start_interpolation: 0,interpolation_duration: 1}
$data merge entity $(bone_nose) {transformation: [-1f,0f,0f,0f,0f,0.9996f,0.0291f,1.6249f,0f,0.0291f,-0.9996f,0.0036f,0f,0f,0f,1f],start_interpolation: 0,interpolation_duration: 1}
$data merge entity $(bone_head) {transformation: [-1f,0f,0f,0f,0f,0.9996f,0.0291f,1.5f,0f,0.0291f,-0.9996f,0f,0f,0f,0f,1f],start_interpolation: 0,interpolation_duration: 1}
$data merge entity $(bone_left_arm) {transformation: [-0.9936f,-0.1125f,-0.0049f,0.3125f,-0.1126f,0.9914f,0.0671f,1.375f,-0.0027f,0.0672f,-0.9977f,0f,0f,0f,0f,1f],start_interpolation: 0,interpolation_duration: 1}
$data merge entity $(bone_wand) {transformation: [-1f,0.0035f,0.0018f,-0.3764f,0.0038f,0.6834f,0.7301f,0.9002f,0.0013f,0.7301f,-0.6834f,0.2715f,0f,0f,0f,1f],start_interpolation: 0,interpolation_duration: 1}
$data merge entity $(bone_right_arm) {transformation: [-1f,0.0027f,-0.0029f,-0.3125f,0.0038f,0.8821f,-0.4711f,1.375f,0.0013f,-0.4711f,-0.8821f,0f,0f,0f,0f,1f],start_interpolation: 0,interpolation_duration: 1}
data modify entity @s data merge value {"cameras":{},"locators":{"cast_point":{"posx":-0.36143887310418776,"posy":0.6491975353704239,"posz":0.5063983194296005,"roty":0.15469000904931818,"rotx":46.89247980851415}}}