# This file was generated by Animated Java via MC-Build. It is not recommended to edit this file directly.
$data merge entity $(bone_hat) {transformation: [-1f,0f,0f,0f,0f,0.9866f,-0.1629f,2.1167f,0f,-0.1629f,-0.9866f,-0.1018f,0f,0f,0f,1f],start_interpolation: 0,interpolation_duration: 1}
$data merge entity $(bone_nose) {transformation: [-1f,0f,0f,0f,0f,0.9866f,-0.1629f,1.6233f,0f,-0.1629f,-0.9866f,-0.0204f,0f,0f,0f,1f],start_interpolation: 0,interpolation_duration: 1}
$data merge entity $(bone_head) {transformation: [-1f,0f,0f,0f,0f,0.9866f,-0.1629f,1.5f,0f,-0.1629f,-0.9866f,0f,0f,0f,0f,1f],start_interpolation: 0,interpolation_duration: 1}
$data merge entity $(bone_left_arm) {transformation: [-0.9971f,0.0742f,-0.0158f,0.3125f,-0.0567f,-0.867f,-0.4952f,1.375f,-0.0504f,-0.4928f,0.8687f,0f,0f,0f,0f,1f],start_interpolation: 0,interpolation_duration: 1}
$data merge entity $(bone_wand) {transformation: [-0.9819f,-0.1202f,-0.1462f,-0.2757f,0.1206f,0.1976f,-0.9728f,1.8414f,0.1458f,-0.9729f,-0.1796f,0.2905f,0f,0f,0f,1f],start_interpolation: 0,interpolation_duration: 1}
$data merge entity $(bone_right_arm) {transformation: [-0.9819f,-0.181f,0.0551f,-0.3125f,0.1206f,-0.8231f,-0.5549f,1.375f,0.1458f,-0.5382f,0.8301f,0f,0f,0f,0f,1f],start_interpolation: 0,interpolation_duration: 1}
data modify entity @s data merge value {"cameras":{},"locators":{"cast_point":{"posx":-0.2101366451383963,"posy":2.173889900220944,"posz":0.34991758067116074,"roty":320.8528332773925,"rotx":-76.6123957189651}}}