# This file was generated by Animated Java via MC-Build. It is not recommended to edit this file directly.
$data merge entity $(bone_hat) {transformation: [-1f,0f,0f,0f,0f,0.9808f,-0.1951f,2.113f,0f,-0.1951f,-0.9808f,-0.1219f,0f,0f,0f,1f],start_interpolation: 0,interpolation_duration: 1}
$data merge entity $(bone_nose) {transformation: [-1f,0f,0f,0f,0f,0.9808f,-0.1951f,1.6226f,0f,-0.1951f,-0.9808f,-0.0244f,0f,0f,0f,1f],start_interpolation: 0,interpolation_duration: 1}
$data merge entity $(bone_head) {transformation: [-1f,0f,0f,0f,0f,0.9808f,-0.1951f,1.5f,0f,-0.1951f,-0.9808f,0f,0f,0f,0f,1f],start_interpolation: 0,interpolation_duration: 1}
$data merge entity $(bone_left_arm) {transformation: [-0.9968f,-0.0799f,-0.0062f,0.3125f,0.0668f,-0.7859f,-0.6147f,1.375f,0.0442f,-0.6131f,0.7887f,0f,0f,0f,0f,1f],start_interpolation: 0,interpolation_duration: 1}
$data merge entity $(bone_wand) {transformation: [-0.9983f,-0.0358f,0.0458f,-0.3913f,-0.0539f,0.2783f,-0.959f,1.8076f,0.0216f,-0.9598f,-0.2798f,0.3314f,0f,0f,0f,1f],start_interpolation: 0,interpolation_duration: 1}
$data merge entity $(bone_right_arm) {transformation: [-0.9983f,0.0286f,0.0506f,-0.3125f,-0.0539f,-0.7795f,-0.6241f,1.375f,0.0216f,-0.6258f,0.7797f,0f,0f,0f,0f,1f],start_interpolation: 0,interpolation_duration: 1}
data modify entity @s data merge value {"cameras":{},"locators":{"cast_point":{"posx":-0.3914520667273547,"posy":2.1381329151559676,"posz":0.42724743102954205,"roty":9.290113381202104,"rotx":-73.5297935897988}}}