# This file was generated by Animated Java via MC-Build. It is not recommended to edit this file directly.
$data merge entity $(bone_chest) {transformation: [-1f,0f,0f,0f,0f,0.9941f,-0.1089f,-0.719f,0f,-0.1089f,-0.9941f,-0.0153f,0f,0f,0f,1f],start_interpolation: 0,interpolation_duration: 1}
$data merge entity $(bone_cape) {transformation: [-1f,0f,0f,0.2188f,0f,0.8969f,0.4423f,-0.5998f,0f,0.4423f,-0.8969f,-0.1077f,0f,0f,0f,1f],start_interpolation: 0,interpolation_duration: 1}
$data merge entity $(bone_saber) {transformation: [-1.3434f,0.0518f,0.2883f,-0.4486f,0.2919f,0.3486f,1.2977f,-1.158f,-0.0242f,1.3291f,-0.3516f,0.0405f,0f,0f,0f,1f],start_interpolation: 0,interpolation_duration: 1}
$data merge entity $(bone_right_forearm) {transformation: [-0.9771f,0.2096f,-0.0377f,-0.3988f,0.2123f,0.9438f,-0.2535f,-0.8626f,-0.0176f,-0.2557f,-0.9666f,-0.0488f,0f,0f,0f,1f],start_interpolation: 0,interpolation_duration: 1}
$data merge entity $(bone_right_arm) {transformation: [-0.9962f,0.0861f,0.0133f,-0.25f,0.087f,0.9924f,0.0866f,-0.5943f,-0.0057f,0.0874f,-0.9962f,-0.0235f,0f,0f,0f,1f],start_interpolation: 0,interpolation_duration: 1}
$data merge entity $(bone_short_sword) {transformation: [-1.1537f,-0.0111f,-0.1728f,0.4372f,-0.1722f,0.2016f,1.1362f,-1.114f,0.019f,1.1491f,-0.201f,0.0123f,0f,0f,0f,1f],start_interpolation: 0,interpolation_duration: 1}
$data merge entity $(bone_left_forearm) {transformation: [-0.9889f,-0.1482f,0.0095f,0.3988f,-0.1476f,0.9738f,-0.1728f,-0.863f,0.0163f,-0.1723f,-0.9849f,-0.0427f,0f,0f,0f,1f],start_interpolation: 0,interpolation_duration: 1}
$data merge entity $(bone_left_arm) {transformation: [-0.9962f,-0.0864f,-0.0114f,0.25f,-0.087f,0.9941f,0.0649f,-0.5943f,0.0057f,0.0656f,-0.9978f,-0.0235f,0f,0f,0f,1f],start_interpolation: 0,interpolation_duration: 1}
$data merge entity $(bone_torso) {transformation: [-1f,0f,0f,0f,0f,0.9979f,-0.0654f,-0.9531f,0f,-0.0654f,-0.9979f,-0.0031f,0f,0f,0f,1f],start_interpolation: 0,interpolation_duration: 1}
$data merge entity $(bone_right_dress) {transformation: [-0.9763f,-0.2164f,0f,-0.1936f,-0.2156f,0.9726f,-0.0872f,-1.1097f,0.0189f,-0.0851f,-0.9962f,0.0127f,0f,0f,0f,1f],start_interpolation: 0,interpolation_duration: 1}
$data merge entity $(bone_left_dress) {transformation: [-0.9763f,0.2164f,0f,0.1311f,0.2156f,0.9726f,-0.0872f,-1.1097f,-0.0189f,-0.0851f,-0.9962f,0.0127f,0f,0f,0f,1f],start_interpolation: 0,interpolation_duration: 1}
$data merge entity $(bone_lower_right_leg) {transformation: [-0.999f,0.0387f,0.0201f,-0.1413f,0.0435f,0.923f,0.3822f,-1.592f,-0.0038f,0.3828f,-0.9238f,0.0217f,0f,0f,0f,1f],start_interpolation: 0,interpolation_duration: 1}
$data merge entity $(bone_right_leg) {transformation: [-0.999f,0.0434f,0.0047f,-0.125f,0.0435f,0.9988f,0.0217f,-1.2174f,-0.0038f,0.0219f,-0.9998f,0.03f,0f,0f,0f,1f],start_interpolation: 0,interpolation_duration: 1}
$data merge entity $(bone_lower_left_leg) {transformation: [-0.999f,-0.0436f,0.001f,0.1414f,-0.0435f,0.9931f,-0.1088f,-1.5899f,0.0038f,-0.1088f,-0.9941f,0.0708f,0f,0f,0f,1f],start_interpolation: 0,interpolation_duration: 1}
$data merge entity $(bone_left_leg) {transformation: [-0.999f,-0.0436f,0.001f,0.125f,-0.0435f,0.9931f,-0.1088f,-1.2174f,0.0038f,-0.1088f,-0.9941f,0.03f,0f,0f,0f,1f],start_interpolation: 0,interpolation_duration: 1}
$data merge entity $(bone_waist) {transformation: [-1f,0f,0f,0f,0f,0.9962f,-0.0872f,-0.875f,0f,-0.0872f,-0.9962f,0f,0f,0f,0f,1f],start_interpolation: 0,interpolation_duration: 1}
$data merge entity $(bone_pony_tail) {transformation: [-1f,0f,0f,0f,0f,0.9914f,0.1305f,-0.4384f,0f,0.1305f,-0.9914f,-0.2595f,0f,0f,0f,1f],start_interpolation: 0,interpolation_duration: 1}
$data merge entity $(bone_head) {transformation: [-1f,0f,0f,0f,0f,0.9914f,0.1305f,-0.5f,0f,0.1305f,-0.9914f,-0.0312f,0f,0f,0f,1f],start_interpolation: 0,interpolation_duration: 1}
data modify entity @s data merge value {"cameras":{},"locators":{"locator":{"posx":-0.3629684440605726,"posy":-0.48037661054006797,"posz":2.5747757407189433,"roty":39.35029280076796,"rotx":70.69268090791127},"locator2":{"posx":-0.2473987006677085,"posy":0.03464413516586662,"posz":2.3705460516318504,"roty":39.35029280076796,"rotx":70.69268090791127},"locator3":{"posx":-0.1472856893912617,"posy":0.47483642455965436,"posz":2.1218833617658035,"roty":39.35029280076796,"rotx":70.69268090791127},"locator4":{"posx":-0.05188084724579317,"posy":0.8833416417327653,"posz":1.752395332680222,"roty":39.35029280076796,"rotx":70.69268090791127},"locator5":{"posx":-0.483246356584415,"posy":-1.0270844284666794,"posz":2.658180090586501,"roty":39.35029280076796,"rotx":70.69268090791127},"saber_hitbox":{"posx":-0.42067862176568577,"posy":-0.9748429635976146,"posz":0.7022579299336323,"roty":39.35029280076796,"rotx":70.69268090791127},"locator6":{"posx":0.41347252609090807,"posy":-0.7026317211356067,"posz":2.2975089753708704,"roty":319.305928281041,"rotx":76.8664787503075},"locator7":{"posx":0.33073322181838205,"posy":-0.16564402611379825,"posz":2.1390447115014934,"roty":319.305928281041,"rotx":76.8664787503075},"locator8":{"posx":0.25785004547922624,"posy":0.2996793658999328,"posz":1.9297908382958793,"roty":319.305928281041,"rotx":76.8664787503075},"locator9":{"posx":0.18616003856563162,"posy":0.7434045515034864,"posz":1.597422815511165,"roty":319.305928281041,"rotx":76.8664787503075},"locator10":{"posx":0.4974049997889953,"posy":-1.2612176225675926,"posz":2.3328590896611465,"roty":319.305928281041,"rotx":76.8664787503075},"short_sword_hitbox":{"posx":0.4307734827615455,"posy":-1.0158057140831804,"posz":0.5123538064739047,"roty":319.305928281041,"rotx":76.8664787503075}}}
execute on vehicle unless entity @s[tag=aj.transforms_only] at @s run function animated_java:mage_hunter/animations/dodge_back/zzz/frames/11_root_commands