# This file was generated by Animated Java via MC-Build. It is not recommended to edit this file directly.
$data merge entity $(bone_chest) {transformation: [-1f,0f,0f,0f,0f,0.9848f,-0.1736f,1.2484f,0f,-0.1736f,-0.9848f,-0.0306f,0f,0f,0f,1f],start_interpolation: 0,interpolation_duration: 1}
$data merge entity $(bone_cape) {transformation: [-1f,0f,0f,0.2188f,0f,0.6756f,0.7373f,1.3613f,0f,0.7373f,-0.6756f,-0.1306f,0f,0f,0f,1f],start_interpolation: 0,interpolation_duration: 1}
$data merge entity $(bone_saber) {transformation: [-1.2925f,0.3882f,0.2633f,-0.4403f,0.4156f,0.5899f,1.1704f,0.8409f,0.2175f,1.1798f,-0.6719f,0.0609f,0f,0f,0f,1f],start_interpolation: 0,interpolation_duration: 1}
$data merge entity $(bone_right_forearm) {transformation: [-0.94f,0.1915f,-0.2824f,-0.3979f,0.3023f,0.8512f,-0.4291f,1.1072f,0.1582f,-0.4887f,-0.858f,-0.0973f,0f,0f,0f,1f],start_interpolation: 0,interpolation_duration: 1}
$data merge entity $(bone_right_arm) {transformation: [-0.9962f,0.0831f,0.0262f,-0.25f,0.0864f,0.9812f,0.1725f,1.3723f,-0.0114f,0.1741f,-0.9847f,-0.0469f,0f,0f,0f,1f],start_interpolation: 0,interpolation_duration: 1}
$data merge entity $(bone_short_sword) {transformation: [-1.1388f,-0.1888f,-0.1692f,0.4342f,-0.2219f,0.3659f,1.0853f,0.8671f,-0.1226f,1.0916f,-0.3931f,0.012f,0f,0f,0f,1f],start_interpolation: 0,interpolation_duration: 1}
$data merge entity $(bone_left_forearm) {transformation: [-0.9761f,-0.145f,0.1618f,0.3982f,-0.1902f,0.9303f,-0.3136f,1.1053f,-0.1051f,-0.3369f,-0.9356f,-0.0852f,0f,0f,0f,1f],start_interpolation: 0,interpolation_duration: 1}
$data merge entity $(bone_left_arm) {transformation: [-0.9962f,-0.0842f,-0.0226f,0.25f,-0.0864f,0.9878f,0.1295f,1.3723f,0.0114f,0.131f,-0.9913f,-0.0469f,0f,0f,0f,1f],start_interpolation: 0,interpolation_duration: 1}
$data merge entity $(bone_torso) {transformation: [-1f,0f,0f,0f,0f,0.9914f,-0.1305f,1.0156f,0f,-0.1305f,-0.9914f,-0.0031f,0f,0f,0f,1f],start_interpolation: 0,interpolation_duration: 1}
$data merge entity $(bone_right_dress) {transformation: [-0.9763f,-0.2164f,0f,-0.1936f,-0.2132f,0.9615f,-0.1736f,0.8611f,0.0376f,-0.1695f,-0.9848f,0.0331f,0f,0f,0f,1f],start_interpolation: 0,interpolation_duration: 1}
$data merge entity $(bone_left_dress) {transformation: [-0.9763f,0.2164f,0f,0.1311f,0.2132f,0.9615f,-0.1736f,0.8611f,-0.0376f,-0.1695f,-0.9848f,0.0331f,0f,0f,0f,1f],start_interpolation: 0,interpolation_duration: 1}
$data merge entity $(bone_lower_right_leg) {transformation: [-0.999f,0.025f,0.0357f,-0.141f,0.043f,0.7066f,0.7063f,0.3809f,-0.0076f,0.7072f,-0.707f,0.0433f,0f,0f,0f,1f],start_interpolation: 0,interpolation_duration: 1}
$data merge entity $(bone_right_leg) {transformation: [-0.999f,0.0426f,0.0094f,-0.125f,0.043f,0.9981f,0.0434f,0.7552f,-0.0076f,0.0438f,-0.999f,0.0597f,0f,0f,0f,1f],start_interpolation: 0,interpolation_duration: 1}
$data merge entity $(bone_lower_left_leg) {transformation: [-0.999f,-0.0436f,0.0019f,0.1413f,-0.043f,0.9754f,-0.2164f,0.3895f,0.0076f,-0.2163f,-0.9763f,0.1408f,0f,0f,0f,1f],start_interpolation: 0,interpolation_duration: 1}
$data merge entity $(bone_left_leg) {transformation: [-0.999f,-0.0436f,0.0019f,0.125f,-0.043f,0.9754f,-0.2164f,0.7552f,0.0076f,-0.2163f,-0.9763f,0.0597f,0f,0f,0f,1f],start_interpolation: 0,interpolation_duration: 1}
$data merge entity $(bone_waist) {transformation: [-1f,0f,0f,0f,0f,0.9848f,-0.1736f,1.0938f,0f,-0.1736f,-0.9848f,0f,0f,0f,0f,1f],start_interpolation: 0,interpolation_duration: 1}
$data merge entity $(bone_pony_tail) {transformation: [-1f,0f,0f,0f,0f,0.9848f,0.1736f,1.5402f,0f,0.1736f,-0.9848f,-0.2879f,0f,0f,0f,1f],start_interpolation: 0,interpolation_duration: 1}
$data merge entity $(bone_head) {transformation: [-1f,0f,0f,0f,0f,0.9848f,0.1736f,1.4688f,0f,0.1736f,-0.9848f,-0.0625f,0f,0f,0f,1f],start_interpolation: 0,interpolation_duration: 1}