# This file was generated by Animated Java via MC-Build. It is not recommended to edit this file directly.
$data merge entity $(bone_chest) {transformation: [-1f,0f,0f,0f,0f,0.9832f,-0.1826f,1.2481f,0f,-0.1826f,-0.9832f,-0.0327f,0f,0f,0f,1f],start_interpolation: 0,interpolation_duration: 1}
$data merge entity $(bone_cape) {transformation: [-1f,0f,0f,0.2188f,0f,0.6367f,0.7711f,1.3601f,0f,0.7711f,-0.6367f,-0.1337f,0f,0f,0f,1f],start_interpolation: 0,interpolation_duration: 1}
$data merge entity $(bone_saber) {transformation: [-1.2821f,0.4326f,0.2444f,-0.4357f,0.4279f,0.6176f,1.1516f,0.8454f,0.2525f,1.1498f,-0.7105f,0.0624f,0f,0f,0f,1f],start_interpolation: 0,interpolation_duration: 1}
$data merge entity $(bone_right_forearm) {transformation: [-0.9324f,0.1778f,-0.3146f,-0.3977f,0.3112f,0.8375f,-0.4491f,1.1073f,0.1836f,-0.5167f,-0.8362f,-0.104f,0f,0f,0f,1f],start_interpolation: 0,interpolation_duration: 1}
$data merge entity $(bone_right_arm) {transformation: [-0.9962f,0.0825f,0.028f,-0.25f,0.0863f,0.9791f,0.1844f,1.3719f,-0.0122f,0.1861f,-0.9825f,-0.0502f,0f,0f,0f,1f],start_interpolation: 0,interpolation_duration: 1}
$data merge entity $(bone_short_sword) {transformation: [-1.1354f,-0.2131f,-0.1627f,0.4324f,-0.227f,0.387f,1.077f,0.8691f,-0.1427f,1.0798f,-0.4181f,0.0116f,0f,0f,0f,1f],start_interpolation: 0,interpolation_duration: 1}
$data merge entity $(bone_left_forearm) {transformation: [-0.9732f,-0.1395f,0.1826f,0.3981f,-0.1945f,0.9231f,-0.3317f,1.1052f,-0.1223f,-0.3584f,-0.9255f,-0.0911f,0f,0f,0f,1f],start_interpolation: 0,interpolation_duration: 1}
$data merge entity $(bone_left_arm) {transformation: [-0.9962f,-0.0838f,-0.0241f,0.25f,-0.0863f,0.9866f,0.1385f,1.3719f,0.0122f,0.14f,-0.9901f,-0.0502f,0f,0f,0f,1f],start_interpolation: 0,interpolation_duration: 1}
$data merge entity $(bone_torso) {transformation: [-1f,0f,0f,0f,0f,0.9902f,-0.1395f,1.0156f,0f,-0.1395f,-0.9902f,-0.0031f,0f,0f,0f,1f],start_interpolation: 0,interpolation_duration: 1}
$data merge entity $(bone_right_dress) {transformation: [-0.9763f,-0.2164f,0f,-0.1936f,-0.2127f,0.9593f,-0.1856f,0.8615f,0.0402f,-0.1812f,-0.9826f,0.0359f,0f,0f,0f,1f],start_interpolation: 0,interpolation_duration: 1}
$data merge entity $(bone_left_dress) {transformation: [-0.9763f,0.2164f,0f,0.1311f,0.2127f,0.9593f,-0.1856f,0.8615f,-0.0402f,-0.1812f,-0.9826f,0.0359f,0f,0f,0f,1f],start_interpolation: 0,interpolation_duration: 1}
$data merge entity $(bone_lower_right_leg) {transformation: [-0.999f,0.0226f,0.0373f,-0.1409f,0.0429f,0.667f,0.7438f,0.3817f,-0.0081f,0.7447f,-0.6674f,0.0462f,0f,0f,0f,1f],start_interpolation: 0,interpolation_duration: 1}
$data merge entity $(bone_right_leg) {transformation: [-0.999f,0.0424f,0.0101f,-0.125f,0.0429f,0.998f,0.0464f,0.756f,-0.0081f,0.0468f,-0.9989f,0.0638f,0f,0f,0f,1f],start_interpolation: 0,interpolation_duration: 1}
$data merge entity $(bone_lower_left_leg) {transformation: [-0.999f,-0.0436f,0.002f,0.1413f,-0.0429f,0.972f,-0.2312f,0.3915f,0.0081f,-0.231f,-0.9729f,0.1504f,0f,0f,0f,1f],start_interpolation: 0,interpolation_duration: 1}
$data merge entity $(bone_left_leg) {transformation: [-0.999f,-0.0436f,0.002f,0.125f,-0.0429f,0.972f,-0.2312f,0.756f,0.0081f,-0.231f,-0.9729f,0.0638f,0f,0f,0f,1f],start_interpolation: 0,interpolation_duration: 1}
$data merge entity $(bone_waist) {transformation: [-1f,0f,0f,0f,0f,0.9826f,-0.1856f,1.0938f,0f,-0.1856f,-0.9826f,0f,0f,0f,0f,1f],start_interpolation: 0,interpolation_duration: 1}
$data merge entity $(bone_pony_tail) {transformation: [-1f,0f,0f,0f,0f,0.9837f,0.1796f,1.5416f,0f,0.1796f,-0.9837f,-0.2918f,0f,0f,0f,1f],start_interpolation: 0,interpolation_duration: 1}
$data merge entity $(bone_head) {transformation: [-1f,0f,0f,0f,0f,0.9837f,0.1796f,1.4688f,0f,0.1796f,-0.9837f,-0.0668f,0f,0f,0f,1f],start_interpolation: 0,interpolation_duration: 1}