# This file was generated by Animated Java via MC-Build. It is not recommended to edit this file directly.
$data merge entity $(bone_chest) {transformation: [-1f,0f,0f,0f,0f,0.9822f,-0.188f,-0.7208f,0f,-0.188f,-0.9822f,-0.034f,0f,0f,0f,1f],start_interpolation: 0,interpolation_duration: 1}
$data merge entity $(bone_cape) {transformation: [-1f,0f,0f,0.2188f,0f,0.6126f,0.7904f,-0.6093f,0f,0.7904f,-0.6126f,-0.1356f,0f,0f,0f,1f],start_interpolation: 0,interpolation_duration: 1}
$data merge entity $(bone_saber) {transformation: [-1.2755f,0.4585f,0.2315f,-0.4325f,0.4347f,0.6336f,1.1403f,-1.1207f,0.2736f,1.1309f,-0.7327f,0.063f,0f,0f,0f,1f],start_interpolation: 0,interpolation_duration: 1}
$data merge entity $(bone_right_forearm) {transformation: [-0.9276f,0.1683f,-0.3335f,-0.3976f,0.3161f,0.8293f,-0.4608f,-0.8613f,0.199f,-0.5328f,-0.8225f,-0.108f,0f,0f,0f,1f],start_interpolation: 0,interpolation_duration: 1}
$data merge entity $(bone_right_arm) {transformation: [-0.9962f,0.0822f,0.029f,-0.25f,0.0862f,0.9777f,0.1915f,-0.5971f,-0.0126f,0.1932f,-0.9811f,-0.0521f,0f,0f,0f,1f],start_interpolation: 0,interpolation_duration: 1}
$data merge entity $(bone_short_sword) {transformation: [-1.1333f,-0.2274f,-0.1582f,0.4312f,-0.2297f,0.3995f,1.0718f,-1.0985f,-0.1548f,1.0723f,-0.4328f,0.0113f,0f,0f,0f,1f],start_interpolation: 0,interpolation_duration: 1}
$data merge entity $(bone_left_forearm) {transformation: [-0.9714f,-0.1356f,0.1949f,0.398f,-0.1969f,0.9187f,-0.3424f,-0.8636f,-0.1327f,-0.371f,-0.9191f,-0.0946f,0f,0f,0f,1f],start_interpolation: 0,interpolation_duration: 1}
$data merge entity $(bone_left_arm) {transformation: [-0.9962f,-0.0835f,-0.025f,0.25f,-0.0862f,0.9858f,0.1439f,-0.5971f,0.0126f,0.1455f,-0.9893f,-0.0521f,0f,0f,0f,1f],start_interpolation: 0,interpolation_duration: 1}
$data merge entity $(bone_torso) {transformation: [-1f,0f,0f,0f,0f,0.9894f,-0.1449f,-0.9531f,0f,-0.1449f,-0.9894f,-0.0031f,0f,0f,0f,1f],start_interpolation: 0,interpolation_duration: 1}
$data merge entity $(bone_right_dress) {transformation: [-0.9763f,-0.2164f,0f,-0.1936f,-0.2124f,0.958f,-0.1927f,-1.107f,0.0417f,-0.1881f,-0.9813f,0.0376f,0f,0f,0f,1f],start_interpolation: 0,interpolation_duration: 1}
$data merge entity $(bone_left_dress) {transformation: [-0.9763f,0.2164f,0f,0.1311f,0.2124f,0.958f,-0.1927f,-1.107f,-0.0417f,-0.1881f,-0.9813f,0.0376f,0f,0f,0f,1f],start_interpolation: 0,interpolation_duration: 1}
$data merge entity $(bone_lower_right_leg) {transformation: [-0.999f,0.0211f,0.0382f,-0.1409f,0.0428f,0.6423f,0.7652f,-1.5865f,-0.0084f,0.7661f,-0.6426f,0.048f,0f,0f,0f,1f],start_interpolation: 0,interpolation_duration: 1}
$data merge entity $(bone_right_leg) {transformation: [-0.999f,0.0423f,0.0105f,-0.125f,0.0428f,0.9979f,0.0482f,-1.2123f,-0.0084f,0.0486f,-0.9988f,0.0662f,0f,0f,0f,1f],start_interpolation: 0,interpolation_duration: 1}
$data merge entity $(bone_lower_left_leg) {transformation: [-0.999f,-0.0436f,0.0021f,0.1413f,-0.0428f,0.9698f,-0.24f,-1.576f,0.0084f,-0.2399f,-0.9708f,0.1562f,0f,0f,0f,1f],start_interpolation: 0,interpolation_duration: 1}
$data merge entity $(bone_left_leg) {transformation: [-0.999f,-0.0436f,0.0021f,0.125f,-0.0428f,0.9698f,-0.24f,-1.2123f,0.0084f,-0.2399f,-0.9708f,0.0662f,0f,0f,0f,1f],start_interpolation: 0,interpolation_duration: 1}
$data merge entity $(bone_waist) {transformation: [-1f,0f,0f,0f,0f,0.9813f,-0.1927f,-0.875f,0f,-0.1927f,-0.9813f,0f,0f,0f,0f,1f],start_interpolation: 0,interpolation_duration: 1}
$data merge entity $(bone_pony_tail) {transformation: [-1f,0f,0f,0f,0f,0.9831f,0.1832f,-0.4263f,0f,0.1832f,-0.9831f,-0.2941f,0f,0f,0f,1f],start_interpolation: 0,interpolation_duration: 1}
$data merge entity $(bone_head) {transformation: [-1f,0f,0f,0f,0f,0.9831f,0.1832f,-0.5f,0f,0.1832f,-0.9831f,-0.0694f,0f,0f,0f,1f],start_interpolation: 0,interpolation_duration: 1}
execute on vehicle unless entity @s[tag=aj.transforms_only] at @s run function animated_java:mage_hunter/animations/dodge_back/zzz/frames/5_root_commands