# This file was generated by Animated Java via MC-Build. It is not recommended to edit this file directly.
$data merge entity $(bone_chest) {transformation: [-1f,0f,0f,0f,0f,0.9818f,-0.1897f,-0.7208f,0f,-0.1897f,-0.9818f,-0.0344f,0f,0f,0f,1f],start_interpolation: 0,interpolation_duration: 1}
$data merge entity $(bone_cape) {transformation: [-1f,0f,0f,0.2188f,0f,0.6044f,0.7967f,-0.6096f,0f,0.7967f,-0.6044f,-0.1362f,0f,0f,0f,1f],start_interpolation: 0,interpolation_duration: 1}
$data merge entity $(bone_saber) {transformation: [-1.2732f,0.467f,0.2269f,-0.4314f,0.4368f,0.6388f,1.1365f,-1.1198f,0.2806f,1.1245f,-0.7399f,0.0632f,0f,0f,0f,1f],start_interpolation: 0,interpolation_duration: 1}
$data merge entity $(bone_right_forearm) {transformation: [-0.926f,0.165f,-0.3397f,-0.3976f,0.3177f,0.8266f,-0.4646f,-0.8613f,0.2041f,-0.5381f,-0.8178f,-0.1094f,0f,0f,0f,1f],start_interpolation: 0,interpolation_duration: 1}
$data merge entity $(bone_right_arm) {transformation: [-0.9962f,0.0821f,0.0294f,-0.25f,0.0862f,0.9772f,0.1938f,-0.5972f,-0.0128f,0.1956f,-0.9806f,-0.0528f,0f,0f,0f,1f],start_interpolation: 0,interpolation_duration: 1}
$data merge entity $(bone_short_sword) {transformation: [-1.1326f,-0.2322f,-0.1565f,0.4307f,-0.2306f,0.4036f,1.0701f,-1.0981f,-0.1588f,1.0697f,-0.4377f,0.0111f,0f,0f,0f,1f],start_interpolation: 0,interpolation_duration: 1}
$data merge entity $(bone_left_forearm) {transformation: [-0.9708f,-0.1342f,0.199f,0.398f,-0.1977f,0.9172f,-0.3459f,-0.8636f,-0.1361f,-0.3752f,-0.9169f,-0.0958f,0f,0f,0f,1f],start_interpolation: 0,interpolation_duration: 1}
$data merge entity $(bone_left_arm) {transformation: [-0.9962f,-0.0834f,-0.0253f,0.25f,-0.0862f,0.9856f,0.1456f,-0.5972f,0.0128f,0.1473f,-0.989f,-0.0528f,0f,0f,0f,1f],start_interpolation: 0,interpolation_duration: 1}
$data merge entity $(bone_torso) {transformation: [-1f,0f,0f,0f,0f,0.9892f,-0.1467f,-0.9531f,0f,-0.1467f,-0.9892f,-0.0031f,0f,0f,0f,1f],start_interpolation: 0,interpolation_duration: 1}
$data merge entity $(bone_right_dress) {transformation: [-0.9763f,-0.2164f,0f,-0.1936f,-0.2123f,0.9575f,-0.1951f,-1.1069f,0.0422f,-0.1905f,-0.9808f,0.0382f,0f,0f,0f,1f],start_interpolation: 0,interpolation_duration: 1}
$data merge entity $(bone_left_dress) {transformation: [-0.9763f,0.2164f,0f,0.1311f,0.2123f,0.9575f,-0.1951f,-1.1069f,-0.0422f,-0.1905f,-0.9808f,0.0382f,0f,0f,0f,1f],start_interpolation: 0,interpolation_duration: 1}
$data merge entity $(bone_lower_right_leg) {transformation: [-0.999f,0.0206f,0.0385f,-0.1409f,0.0428f,0.634f,0.7722f,-1.5864f,-0.0085f,0.7731f,-0.6342f,0.0486f,0f,0f,0f,1f],start_interpolation: 0,interpolation_duration: 1}
$data merge entity $(bone_right_leg) {transformation: [-0.999f,0.0423f,0.0106f,-0.125f,0.0428f,0.9979f,0.0488f,-1.2121f,-0.0085f,0.0492f,-0.9988f,0.0671f,0f,0f,0f,1f],start_interpolation: 0,interpolation_duration: 1}
$data merge entity $(bone_lower_left_leg) {transformation: [-0.999f,-0.0436f,0.0021f,0.1413f,-0.0428f,0.9691f,-0.2429f,-1.5756f,0.0085f,-0.2428f,-0.97f,0.1581f,0f,0f,0f,1f],start_interpolation: 0,interpolation_duration: 1}
$data merge entity $(bone_left_leg) {transformation: [-0.999f,-0.0436f,0.0021f,0.125f,-0.0428f,0.9691f,-0.2429f,-1.2121f,0.0085f,-0.2428f,-0.97f,0.0671f,0f,0f,0f,1f],start_interpolation: 0,interpolation_duration: 1}
$data merge entity $(bone_waist) {transformation: [-1f,0f,0f,0f,0f,0.9808f,-0.1951f,-0.875f,0f,-0.1951f,-0.9808f,0f,0f,0f,0f,1f],start_interpolation: 0,interpolation_duration: 1}
$data merge entity $(bone_pony_tail) {transformation: [-1f,0f,0f,0f,0f,0.9829f,0.1844f,-0.4261f,0f,0.1844f,-0.9829f,-0.2949f,0f,0f,0f,1f],start_interpolation: 0,interpolation_duration: 1}
$data merge entity $(bone_head) {transformation: [-1f,0f,0f,0f,0f,0.9829f,0.1844f,-0.5f,0f,0.1844f,-0.9829f,-0.0703f,0f,0f,0f,1f],start_interpolation: 0,interpolation_duration: 1}
data modify entity @s data merge value {"cameras":{},"locators":{"body_hitbox":{"posx":-1.4444971208119826e-17,"posy":-0.8505226392089293,"posz":0.11795214112491026,"roty":0,"rotx":-10.9375},"saber_hitbox":{"posx":-0.2176493190636349,"posy":-0.8216811292206565,"posz":0.5688908900577272,"roty":17.045944517676276,"rotx":55.74786360929934},"short_sword_hitbox":{"posx":0.3403572399966298,"posy":-0.9338475701571706,"posz":0.4171371057177662,"roty":340.3234344176991,"rotx":66.51995096083536}}}
execute on vehicle unless entity @s[tag=aj.transforms_only] at @s run function animated_java:mage_hunter/animations/dodge_back/zzz/frames/6_root_commands