# This file was generated by Animated Java via MC-Build. It is not recommended to edit this file directly.
$data merge entity $(bone_hat) {transformation: [-1f,0f,0f,0f,0f,0.9903f,0.1392f,2.1189f,0f,0.1392f,-0.9903f,0.087f,0f,0f,0f,1f],start_interpolation: 0,interpolation_duration: 1}
$data merge entity $(bone_nose) {transformation: [-1f,0f,0f,0f,0f,0.9903f,0.1392f,1.6238f,0f,0.1392f,-0.9903f,0.0174f,0f,0f,0f,1f],start_interpolation: 0,interpolation_duration: 1}
$data merge entity $(bone_head) {transformation: [-1f,0f,0f,0f,0f,0.9903f,0.1392f,1.5f,0f,0.1392f,-0.9903f,0f,0f,0f,0f,1f],start_interpolation: 0,interpolation_duration: 1}
$data merge entity $(bone_arms_flipped) {transformation: [-0.2292f,0f,0f,0f,0f,0.3527f,-0.1172f,0.7562f,0f,0.1112f,-0.3347f,-0.2302f,0f,0f,0f,1f],start_interpolation: 0,interpolation_duration: 1}
$data merge entity $(bone_arms_rotation) {transformation: [-0.2292f,0f,0f,0f,0f,0.3527f,-0.1172f,1.2853f,0f,0.1112f,-0.3347f,-0.0633f,0f,0f,0f,1f],start_interpolation: 0,interpolation_duration: 1}
$data merge entity $(bone_wand) {transformation: [-0.9362f,-0.0918f,-0.3393f,-0.1797f,0.0329f,0.9382f,-0.3446f,1.4791f,0.35f,-0.3337f,-0.8753f,0.5242f,0f,0f,0f,1f],start_interpolation: 0,interpolation_duration: 1}
$data merge entity $(bone_right_arm) {transformation: [-0.9362f,-0.3506f,0.025f,-0.3125f,0.0329f,-0.1584f,-0.9868f,1.375f,0.35f,-0.923f,0.1598f,0f,0f,0f,0f,1f],start_interpolation: 0,interpolation_duration: 1}
data modify entity @s data merge value {"cameras":{},"locators":{"cast_point":{"posx":-0.048383584886754094,"posy":1.5970038178070185,"posz":0.8195729036540988,"roty":338.80998739839185,"rotx":-20.15469527985084}}}