# This file was generated by Animated Java via MC-Build. It is not recommended to edit this file directly.
$data merge entity $(bone_hat) {transformation: [-1f,0f,0f,0f,0f,0.9945f,0.1045f,2.1216f,0f,0.1045f,-0.9945f,0.0653f,0f,0f,0f,1f],start_interpolation: 0,interpolation_duration: 1}
$data merge entity $(bone_nose) {transformation: [-1f,0f,0f,0f,0f,0.9945f,0.1045f,1.6243f,0f,0.1045f,-0.9945f,0.0131f,0f,0f,0f,1f],start_interpolation: 0,interpolation_duration: 1}
$data merge entity $(bone_head) {transformation: [-1f,0f,0f,0f,0f,0.9945f,0.1045f,1.5f,0f,0.1045f,-0.9945f,0f,0f,0f,0f,1f],start_interpolation: 0,interpolation_duration: 1}
$data merge entity $(bone_arms_flipped) {transformation: [-0.25f,0f,0f,0f,0f,0.3848f,-0.1279f,0.7084f,0f,0.1213f,-0.3652f,-0.238f,0f,0f,0f,1f],start_interpolation: 0,interpolation_duration: 1}
$data merge entity $(bone_arms_rotation) {transformation: [-0.25f,0f,0f,0f,0f,0.3848f,-0.1279f,1.2856f,0f,0.1213f,-0.3652f,-0.056f,0f,0f,0f,1f],start_interpolation: 0,interpolation_duration: 1}
$data merge entity $(bone_wand) {transformation: [-0.9572f,-0.0368f,-0.2872f,-0.2139f,0.0274f,0.9759f,-0.2165f,1.43f,0.2882f,-0.2151f,-0.9331f,0.539f,0f,0f,0f,1f],start_interpolation: 0,interpolation_duration: 1}
$data merge entity $(bone_right_arm) {transformation: [-0.9572f,-0.2894f,-0.0063f,-0.3125f,0.0274f,-0.0689f,-0.9972f,1.375f,0.2882f,-0.9547f,0.0739f,0f,0f,0f,0f,1f],start_interpolation: 0,interpolation_duration: 1}
data modify entity @s data merge value {"cameras":{},"locators":{"cast_point":{"posx":-0.10027850929786006,"posy":1.5039787120813441,"posz":0.8552167991134416,"roty":342.8947606468687,"rotx":-12.503285071530515}}}