# This file was generated by Animated Java via MC-Build. It is not recommended to edit this file directly.
$data merge entity $(bone_hat) {transformation: [-1f,0f,0f,0f,0f,0.9976f,0.0698f,2.1235f,0f,0.0698f,-0.9976f,0.0436f,0f,0f,0f,1f],start_interpolation: 0,interpolation_duration: 1}
$data merge entity $(bone_nose) {transformation: [-1f,0f,0f,0f,0f,0.9976f,0.0698f,1.6247f,0f,0.0698f,-0.9976f,0.0087f,0f,0f,0f,1f],start_interpolation: 0,interpolation_duration: 1}
$data merge entity $(bone_head) {transformation: [-1f,0f,0f,0f,0f,0.9976f,0.0698f,1.5f,0f,0.0698f,-0.9976f,0f,0f,0f,0f,1f],start_interpolation: 0,interpolation_duration: 1}
$data merge entity $(bone_arms_flipped) {transformation: [-0.2708f,0f,0f,0f,0f,0.4169f,-0.1385f,0.6607f,0f,0.1315f,-0.3956f,-0.2459f,0f,0f,0f,1f],start_interpolation: 0,interpolation_duration: 1}
$data merge entity $(bone_arms_rotation) {transformation: [-0.2708f,0f,0f,0f,0f,0.4169f,-0.1385f,1.286f,0f,0.1315f,-0.3956f,-0.0487f,0f,0f,0f,1f],start_interpolation: 0,interpolation_duration: 1}
$data merge entity $(bone_wand) {transformation: [-0.9873f,-0.0016f,-0.1588f,-0.2875f,0.0146f,0.9948f,-0.1011f,1.3852f,0.1582f,-0.1021f,-0.9821f,0.55f,0f,0f,0f,1f],start_interpolation: 0,interpolation_duration: 1}
$data merge entity $(bone_right_arm) {transformation: [-0.9873f,-0.158f,-0.0163f,-0.3125f,0.0146f,0.0116f,-0.9998f,1.375f,0.1582f,-0.9874f,-0.0092f,0f,0f,0f,0f,1f],start_interpolation: 0,interpolation_duration: 1}
data modify entity @s data merge value {"cameras":{},"locators":{"cast_point":{"posx":-0.21750786402319522,"posy":1.4196906410097792,"posz":0.8851268569181365,"roty":350.8127405061029,"rotx":-5.801973597537805}}}