# This file was generated by Animated Java via MC-Build. It is not recommended to edit this file directly.
$data merge entity $(bone_hat) {transformation: [-1f,0f,0f,0f,0f,0.9976f,0.0698f,2.1235f,0f,0.0698f,-0.9976f,0.0436f,0f,0f,0f,1f],start_interpolation: 0,interpolation_duration: 1}
$data merge entity $(bone_nose) {transformation: [-1f,0f,0f,0f,0f,0.9976f,0.0698f,1.6247f,0f,0.0698f,-0.9976f,0.0087f,0f,0f,0f,1f],start_interpolation: 0,interpolation_duration: 1}
$data merge entity $(bone_head) {transformation: [-1f,0f,0f,0f,0f,0.9976f,0.0698f,1.5f,0f,0.0698f,-0.9976f,0f,0f,0f,0f,1f],start_interpolation: 0,interpolation_duration: 1}
$data merge entity $(bone_arms_flipped) {transformation: [-0.0833f,0f,0f,0f,0f,0.1283f,-0.0426f,1.0903f,0f,0.0404f,-0.1217f,-0.1752f,0f,0f,0f,1f],start_interpolation: 0,interpolation_duration: 1}
$data merge entity $(bone_arms_rotation) {transformation: [-0.0833f,0f,0f,0f,0f,0.1283f,-0.0426f,1.2827f,0f,0.0404f,-0.1217f,-0.1145f,0f,0f,0f,1f],start_interpolation: 0,interpolation_duration: 1}
$data merge entity $(bone_wand) {transformation: [-0.9783f,0.0049f,0.2073f,-0.4797f,-0.0167f,0.9946f,-0.1022f,1.2205f,-0.2067f,-0.1035f,-0.9729f,0.5014f,0f,0f,0f,1f],start_interpolation: 0,interpolation_duration: 1}
$data merge entity $(bone_right_arm) {transformation: [-0.9783f,0.1917f,0.0792f,-0.3125f,-0.0167f,0.3078f,-0.9513f,1.375f,-0.2067f,-0.932f,-0.2979f,0f,0f,0f,0f,1f],start_interpolation: 0,interpolation_duration: 1}
data modify entity @s data merge value {"cameras":{},"locators":{"cast_point":{"posx":-0.5356853372356054,"posy":1.2559131596585116,"posz":0.8390660794452989,"roty":12.029798214414654,"rotx":-5.867941237230785}}}