# This file was generated by Animated Java via MC-Build. It is not recommended to edit this file directly.
$data merge entity $(bone_hat) {transformation: [-1f,0f,0f,0f,0f,0.9962f,0.0872f,2.1226f,0f,0.0872f,-0.9962f,0.0545f,0f,0f,0f,1f],start_interpolation: 0,interpolation_duration: 1}
$data merge entity $(bone_nose) {transformation: [-1f,0f,0f,0f,0f,0.9962f,0.0872f,1.6245f,0f,0.0872f,-0.9962f,0.0109f,0f,0f,0f,1f],start_interpolation: 0,interpolation_duration: 1}
$data merge entity $(bone_head) {transformation: [-1f,0f,0f,0f,0f,0.9962f,0.0872f,1.5f,0f,0.0872f,-0.9962f,0f,0f,0f,0f,1f],start_interpolation: 0,interpolation_duration: 1}
$data merge entity $(bone_arms_flipped) {transformation: [-0.1042f,0f,0f,0f,0f,0.1603f,-0.0533f,1.0426f,0f,0.0506f,-0.1522f,-0.183f,0f,0f,0f,1f],start_interpolation: 0,interpolation_duration: 1}
$data merge entity $(bone_arms_rotation) {transformation: [-0.1042f,0f,0f,0f,0f,0.1603f,-0.0533f,1.2831f,0f,0.0506f,-0.1522f,-0.1072f,0f,0f,0f,1f],start_interpolation: 0,interpolation_duration: 1}
$data merge entity $(bone_wand) {transformation: [-0.9688f,0.0826f,0.2337f,-0.5085f,-0.0199f,0.9138f,-0.4056f,1.3934f,-0.2471f,-0.3976f,-0.8837f,0.5142f,0f,0f,0f,1f],start_interpolation: 0,interpolation_duration: 1}
$data merge entity $(bone_right_arm) {transformation: [-0.9688f,0.2473f,0.0175f,-0.3125f,-0.0199f,-0.0074f,-0.9998f,1.375f,-0.2471f,-0.9689f,0.0121f,0f,0f,0f,0f,1f],start_interpolation: 0,interpolation_duration: 1}
data modify entity @s data merge value {"cameras":{},"locators":{"cast_point":{"posx":-0.5737419745684226,"posy":1.533161894688404,"posz":0.8218640878882145,"roty":14.814272306866116,"rotx":-23.930842585367497}}}