# This file was generated by Animated Java via MC-Build. It is not recommended to edit this file directly.
$data merge entity $(bone_hat) {transformation: [-1f,0f,0f,0f,0f,0.9945f,0.1045f,2.1216f,0f,0.1045f,-0.9945f,0.0653f,0f,0f,0f,1f],start_interpolation: 0,interpolation_duration: 1}
$data merge entity $(bone_nose) {transformation: [-1f,0f,0f,0f,0f,0.9945f,0.1045f,1.6243f,0f,0.1045f,-0.9945f,0.0131f,0f,0f,0f,1f],start_interpolation: 0,interpolation_duration: 1}
$data merge entity $(bone_head) {transformation: [-1f,0f,0f,0f,0f,0.9945f,0.1045f,1.5f,0f,0.1045f,-0.9945f,0f,0f,0f,0f,1f],start_interpolation: 0,interpolation_duration: 1}
$data merge entity $(bone_arms_flipped) {transformation: [-0.125f,0f,0f,0f,0f,0.1924f,-0.0639f,0.9948f,0f,0.0607f,-0.1826f,-0.1909f,0f,0f,0f,1f],start_interpolation: 0,interpolation_duration: 1}
$data merge entity $(bone_arms_rotation) {transformation: [-0.125f,0f,0f,0f,0f,0.1924f,-0.0639f,1.2834f,0f,0.0607f,-0.1826f,-0.0999f,0f,0f,0f,1f],start_interpolation: 0,interpolation_duration: 1}
$data merge entity $(bone_wand) {transformation: [-0.9652f,0.1367f,0.223f,-0.5134f,-0.0212f,0.8088f,-0.5877f,1.5165f,-0.2607f,-0.572f,-0.7778f,0.4928f,0f,0f,0f,1f],start_interpolation: 0,interpolation_duration: 1}
$data merge entity $(bone_right_arm) {transformation: [-0.9652f,0.2583f,-0.041f,-0.3125f,-0.0212f,-0.2335f,-0.9721f,1.375f,-0.2607f,-0.9374f,0.2308f,0f,0f,0f,0f,1f],start_interpolation: 0,interpolation_duration: 1}
data modify entity @s data merge value {"cameras":{},"locators":{"cast_point":{"posx":-0.5750058432024696,"posy":1.71888652151459,"posz":0.7641847845655301,"roty":15.995999267854899,"rotx":-35.99402600769863}}}