# This file was generated by Animated Java via MC-Build. It is not recommended to edit this file directly.
$data merge entity $(bone_hat) {transformation: [-1f,0f,0f,0f,0f,0.9925f,0.1219f,2.1203f,0f,0.1219f,-0.9925f,0.0762f,0f,0f,0f,1f],start_interpolation: 0,interpolation_duration: 1}
$data merge entity $(bone_nose) {transformation: [-1f,0f,0f,0f,0f,0.9925f,0.1219f,1.6241f,0f,0.1219f,-0.9925f,0.0152f,0f,0f,0f,1f],start_interpolation: 0,interpolation_duration: 1}
$data merge entity $(bone_head) {transformation: [-1f,0f,0f,0f,0f,0.9925f,0.1219f,1.5f,0f,0.1219f,-0.9925f,0f,0f,0f,0f,1f],start_interpolation: 0,interpolation_duration: 1}
$data merge entity $(bone_arms_flipped) {transformation: [-0.1458f,0f,0f,0f,0f,0.2245f,-0.0746f,0.9471f,0f,0.0708f,-0.213f,-0.1987f,0f,0f,0f,1f],start_interpolation: 0,interpolation_duration: 1}
$data merge entity $(bone_arms_rotation) {transformation: [-0.1458f,0f,0f,0f,0f,0.2245f,-0.0746f,1.2838f,0f,0.0708f,-0.213f,-0.0926f,0f,0f,0f,1f],start_interpolation: 0,interpolation_duration: 1}
$data merge entity $(bone_wand) {transformation: [-0.9891f,0.0984f,0.1097f,-0.4488f,-0.0145f,0.6756f,-0.7371f,1.6317f,-0.1467f,-0.7306f,-0.6668f,0.4677f,0f,0f,0f,1f],start_interpolation: 0,interpolation_duration: 1}
$data merge entity $(bone_right_arm) {transformation: [-0.9891f,0.1377f,-0.0525f,-0.3125f,-0.0145f,-0.4456f,-0.8951f,1.375f,-0.1467f,-0.8846f,0.4427f,0f,0f,0f,0f,1f],start_interpolation: 0,interpolation_duration: 1}
data modify entity @s data merge value {"cameras":{},"locators":{"cast_point":{"posx":-0.47103800646465593,"posy":1.8853519748583327,"posz":0.6991940857985621,"roty":9.339351603452087,"rotx":-47.4856411936737}}}