# This file was generated by Animated Java via MC-Build. It is not recommended to edit this file directly.
$data merge entity $(bone_chest) {transformation: [-0.9961f,0.0153f,0.0872f,0.0025f,0.0163f,0.9998f,0.0111f,-0.7443f,-0.0871f,0.0124f,-0.9961f,0.0131f,0f,0f,0f,1f],start_interpolation: 0,interpolation_duration: 1}
$data merge entity $(bone_cape) {transformation: [-0.9961f,0.0038f,0.0885f,0.2293f,0.0163f,0.9898f,0.1415f,-0.6185f,-0.0871f,0.1424f,-0.986f,-0.0448f,0f,0f,0f,1f],start_interpolation: 0,interpolation_duration: 1}
$data merge entity $(bone_saber) {transformation: [-1.194f,-0.6263f,0.2698f,-0.4743f,0.2846f,0.0367f,1.3447f,-1.1736f,-0.6197f,1.2235f,0.0977f,-0.0377f,0f,0f,0f,1f],start_interpolation: 0,interpolation_duration: 1}
$data merge entity $(bone_right_forearm) {transformation: [-0.8684f,0.1962f,0.4555f,-0.4223f,0.207f,0.978f,-0.0267f,-0.8653f,-0.4507f,0.0711f,-0.8898f,-0.0311f,0f,0f,0f,1f],start_interpolation: 0,interpolation_duration: 1}
$data merge entity $(bone_right_arm) {transformation: [-0.9766f,0.1962f,0.0878f,-0.245f,0.2014f,0.978f,0.0547f,-0.6154f,-0.0752f,0.0711f,-0.9946f,-0.0017f,0f,0f,0f,1f],start_interpolation: 0,interpolation_duration: 1}
$data merge entity $(bone_short_sword) {transformation: [-1.1402f,-0.0629f,-0.239f,0.4669f,-0.2468f,0.2308f,1.1167f,-1.1312f,-0.013f,1.1419f,-0.2389f,0.1257f,0f,0f,0f,1f],start_interpolation: 0,interpolation_duration: 1}
$data merge entity $(bone_left_forearm) {transformation: [-0.9773f,-0.2049f,0.0539f,0.4143f,-0.2116f,0.9571f,-0.1978f,-0.8849f,-0.0111f,-0.2047f,-0.9788f,0.0624f,0f,0f,0f,1f],start_interpolation: 0,interpolation_duration: 1}
$data merge entity $(bone_left_arm) {transformation: [-0.9897f,-0.1337f,0.0517f,0.253f,-0.1362f,0.9896f,-0.0466f,-0.6236f,-0.0449f,-0.0532f,-0.9976f,0.0418f,0f,0f,0f,1f],start_interpolation: 0,interpolation_duration: 1}
$data merge entity $(bone_torso) {transformation: [-0.9961f,0.0115f,0.0878f,0.0001f,0.0163f,0.9984f,0.0547f,-0.9781f,-0.0871f,0.0559f,-0.9946f,-0.0031f,0f,0f,0f,1f],start_interpolation: 0,interpolation_duration: 1}
$data merge entity $(bone_right_dress) {transformation: [-0.9743f,-0.216f,0.0635f,-0.1927f,-0.2164f,0.9763f,0f,-1.1349f,-0.062f,-0.0137f,-0.998f,-0.0201f,0f,0f,0f,1f],start_interpolation: 0,interpolation_duration: 1}
$data merge entity $(bone_left_dress) {transformation: [-0.9743f,0.216f,0.0635f,0.1313f,0.2164f,0.9763f,0f,-1.1349f,-0.062f,0.0137f,-0.998f,0.0005f,0f,0f,0f,1f],start_interpolation: 0,interpolation_duration: 1}
$data merge entity $(bone_lower_right_leg) {transformation: [-0.9962f,0.0606f,0.063f,-0.1493f,0.0685f,0.9889f,0.1318f,-1.6173f,-0.0543f,0.1356f,-0.9893f,-0.0291f,0f,0f,0f,1f],start_interpolation: 0,interpolation_duration: 1}
$data merge entity $(bone_right_leg) {transformation: [-0.9962f,0.0655f,0.058f,-0.1247f,0.0685f,0.9963f,0.0528f,-1.2437f,-0.0543f,0.0566f,-0.9969f,-0.0079f,0f,0f,0f,1f],start_interpolation: 0,interpolation_duration: 1}
$data merge entity $(bone_lower_left_leg) {transformation: [-0.9974f,-0.0586f,0.0422f,0.1443f,-0.0589f,0.9982f,-0.0068f,-1.6141f,-0.0417f,-0.0093f,-0.9991f,0.0634f,0f,0f,0f,1f],start_interpolation: 0,interpolation_duration: 1}
$data merge entity $(bone_left_leg) {transformation: [-0.9974f,-0.0521f,0.0499f,0.1247f,-0.0589f,0.9876f,-0.1453f,-1.2437f,-0.0417f,-0.1479f,-0.9881f,0.0079f,0f,0f,0f,1f],start_interpolation: 0,interpolation_duration: 1}
$data merge entity $(bone_waist) {transformation: [-0.998f,0f,0.0635f,0f,0f,1f,0f,-0.9f,-0.0635f,0f,-0.998f,0f,0f,0f,0f,1f],start_interpolation: 0,interpolation_duration: 1}
$data merge entity $(bone_pony_tail) {transformation: [-0.9999f,-0.0087f,-0.0093f,-0.0056f,-0.0096f,0.9941f,0.1084f,-0.4709f,0.0083f,0.1085f,-0.9941f,-0.2131f,0f,0f,0f,1f],start_interpolation: 0,interpolation_duration: 1}
$data merge entity $(bone_head) {transformation: [-0.9999f,-0.0087f,-0.0093f,-0.0031f,-0.0096f,0.9941f,0.1084f,-0.5274f,0.0083f,0.1085f,-0.9941f,0.0165f,0f,0f,0f,1f],start_interpolation: 0,interpolation_duration: 1}
data modify entity @s data merge value {"cameras":{},"locators":{"body_hitbox":{"posx":-0.010745256732141701,"posy":-0.9019058961971026,"posz":0.13565534368411208,"roty":5.005564005240359,"rotx":0.6342431984757166},"flame":{"posx":-1.6815071877542083,"posy":-1.0908867798334558,"posz":2.291422685902833,"roty":109.91442582097966,"rotx":77.9549246976768},"flame1":{"posx":-1.5426752444699583,"posy":-0.5424400477677506,"posz":2.2757902321489474,"roty":109.91442582097966,"rotx":77.9549246976768},"flame2":{"posx":-1.3876379297160026,"posy":-0.0567864157250475,"posz":2.200100201645495,"roty":109.91442582097966,"rotx":77.9549246976768},"flame3":{"posx":-1.175664557659726,"posy":0.42552898268939265,"posz":2.0131800422420456,"roty":109.91442582097966,"rotx":77.9549246976768},"flame4":{"posx":-1.7634030737361375,"posy":-1.6426717455274238,"posz":2.1958250107567214,"roty":109.91442582097966,"rotx":77.9549246976768},"saber_hitbox":{"posx":-0.7569622741425738,"posy":-1.1475323500332677,"posz":0.518782811953081,"roty":109.91442582097966,"rotx":77.9549246976768},"flame5":{"posx":0.33953022931091764,"posy":-0.6619593274390161,"posz":2.3963248088925173,"roty":314.9820969099613,"rotx":73.16459863976687},"flame6":{"posx":0.22766904222134726,"posy":-0.13593062327203764,"posz":2.2199916661900705,"roty":314.9820969099613,"rotx":73.16459863976687},"flame7":{"posx":0.13198325518741344,"posy":0.3179138284077583,"posz":1.9952819782832918,"roty":314.9820969099613,"rotx":73.16459863976687},"flame8":{"posx":0.043040950835711356,"posy":0.7470323664440213,"posz":1.6482278804682255,"roty":314.9820969099613,"rotx":73.16459863976687},"flame9":{"posx":0.45813489908271976,"posy":-1.2127139452495275,"posz":2.4503135416866773,"roty":314.9820969099613,"rotx":73.16459863976687},"short_sword_hitbox":{"posx":0.44068246954439416,"posy":-1.0328480320920104,"posz":0.5611586602682099,"roty":314.9820969099613,"rotx":73.16459863976687}}}
execute on vehicle unless entity @s[tag=aj.transforms_only] at @s run function animated_java:mage_hunter/animations/side_slash1/zzz/frames/1_root_commands