# This file was generated by Animated Java via MC-Build. It is not recommended to edit this file directly.
$data merge entity $(bone_chest) {transformation: [-0.8369f,-0.0448f,0.5455f,-0.0171f,0.1242f,0.9551f,0.269f,-0.8582f,-0.5331f,0.2929f,-0.7938f,0.0761f,0f,0f,0f,1f],start_interpolation: 0,interpolation_duration: 1}
$data merge entity $(bone_cape) {transformation: [-0.8369f,-0.1156f,0.535f,0.2032f,0.1242f,0.9118f,0.3914f,-0.7414f,-0.5331f,0.394f,-0.7487f,0.1678f,0f,0f,0f,1f],start_interpolation: 0,interpolation_duration: 1}
$data merge entity $(bone_saber) {transformation: [0.845f,-0.8963f,0.6109f,-0.5968f,0.5197f,1.0142f,0.7693f,-0.9486f,-0.9522f,-0.2419f,0.962f,-0.4432f,0f,0f,0f,1f],start_interpolation: 0,interpolation_duration: 1}
$data merge entity $(bone_right_forearm) {transformation: [0.6145f,0.4443f,0.6519f,-0.4423f,0.3779f,0.5595f,-0.7376f,-0.7751f,-0.6925f,0.6997f,0.1759f,-0.234f,0f,0f,0f,1f],start_interpolation: 0,interpolation_duration: 1}
$data merge entity $(bone_right_arm) {transformation: [-0.6594f,0.4443f,0.6064f,-0.2349f,0.7329f,0.5595f,0.387f,-0.7093f,-0.1674f,0.6997f,-0.6946f,-0.0163f,0f,0f,0f,1f],start_interpolation: 0,interpolation_duration: 1}
$data merge entity $(bone_short_sword) {transformation: [-0.3192f,-1.0389f,0.4242f,0.2354f,-1.029f,0.4469f,0.3203f,-1.0093f,-0.4477f,-0.2865f,-1.0386f,0.6824f,0f,0f,0f,1f],start_interpolation: 0,interpolation_duration: 1}
$data merge entity $(bone_left_forearm) {transformation: [-0.2736f,0.3636f,0.8905f,0.339f,-0.882f,0.2745f,-0.3831f,-0.942f,-0.3837f,-0.8902f,0.2456f,0.4539f,0f,0f,0f,1f],start_interpolation: 0,interpolation_duration: 1}
$data merge entity $(bone_left_arm) {transformation: [-0.8363f,-0.1811f,0.5176f,0.1836f,-0.4322f,0.7986f,-0.4188f,-0.7715f,-0.3375f,-0.5739f,-0.7461f,0.2503f,0f,0f,0f,1f],start_interpolation: 0,interpolation_duration: 1}
$data merge entity $(bone_torso) {transformation: [-0.8369f,-0.0685f,0.5431f,0.0007f,0.1242f,0.9424f,0.3104f,-1.0781f,-0.5331f,0.3272f,-0.7802f,-0.0031f,0f,0f,0f,1f],start_interpolation: 0,interpolation_duration: 1}
$data merge entity $(bone_right_dress) {transformation: [-0.9143f,-0.2027f,0.3505f,-0.1786f,-0.2164f,0.9763f,0f,-1.2349f,-0.3422f,-0.0759f,-0.9365f,-0.0752f,0f,0f,0f,1f],start_interpolation: 0,interpolation_duration: 1}
$data merge entity $(bone_left_dress) {transformation: [-0.9143f,0.2027f,0.3505f,0.1255f,0.2164f,0.9763f,0f,-1.2349f,-0.3422f,0.0759f,-0.9365f,0.0386f,0f,0f,0f,1f],start_interpolation: 0,interpolation_duration: 1}
$data merge entity $(bone_lower_right_leg) {transformation: [-0.9354f,-0.1049f,0.3376f,-0.1503f,0.2078f,0.6094f,0.7651f,-1.6892f,-0.286f,0.7859f,-0.5483f,-0.186f,0f,0f,0f,1f],start_interpolation: 0,interpolation_duration: 1}
$data merge entity $(bone_right_leg) {transformation: [-0.9354f,0.0887f,0.3422f,-0.1171f,0.2078f,0.9211f,0.3292f,-1.3437f,-0.286f,0.3791f,-0.8801f,-0.0438f,0f,0f,0f,1f],start_interpolation: 0,interpolation_duration: 1}
$data merge entity $(bone_lower_left_leg) {transformation: [-0.9649f,-0.1278f,0.2296f,0.0779f,-0.1457f,0.9874f,-0.0626f,-1.5504f,-0.2187f,-0.0938f,-0.9713f,0.3543f,0f,0f,0f,1f],start_interpolation: 0,interpolation_duration: 1}
$data merge entity $(bone_left_leg) {transformation: [-0.9649f,0.1044f,0.2411f,0.1171f,-0.1457f,0.551f,-0.8217f,-1.3437f,-0.2187f,-0.8279f,-0.5164f,0.0438f,0f,0f,0f,1f],start_interpolation: 0,interpolation_duration: 1}
$data merge entity $(bone_waist) {transformation: [-0.9365f,0f,0.3505f,0f,0f,1f,0f,-1f,-0.3505f,0f,-0.9365f,0f,0f,0f,0f,1f],start_interpolation: 0,interpolation_duration: 1}
$data merge entity $(bone_pony_tail) {transformation: [-0.9913f,-0.0314f,-0.1276f,-0.0703f,-0.0579f,0.9761f,0.2095f,-0.5612f,0.118f,0.2151f,-0.9694f,-0.1159f,0f,0f,0f,1f],start_interpolation: 0,interpolation_duration: 1}
$data merge entity $(bone_head) {transformation: [-0.9913f,-0.0314f,-0.1276f,-0.0394f,-0.0579f,0.9761f,0.2095f,-0.6408f,0.118f,0.2151f,-0.9694f,0.1046f,0f,0f,0f,1f],start_interpolation: 0,interpolation_duration: 1}
data modify entity @s data merge value {"cameras":{},"locators":{"locator":{"posx":-2.2939033701680196,"posy":0.9986503428525885,"posz":-0.9090932208882968,"roty":147.5833971577439,"rotx":34.023014372725136},"locator2":{"posx":-2.0032399255449858,"posy":1.2672819875732309,"posz":-0.5045387728660864,"roty":147.5833971577439,"rotx":34.023014372725136},"locator3":{"posx":-1.6996023597117547,"posy":1.4548416124352368,"posz":-0.13271809601164636,"roty":147.5833971577439,"rotx":34.023014372725136},"locator4":{"posx":-1.3144786867755613,"posy":1.5501979304958255,"posz":0.26109268234524896,"roty":147.5833971577439,"rotx":34.023014372725136},"locator5":{"posx":-2.5030807076880905,"posy":0.637815391330529,"posz":-1.291657567408052,"roty":147.5833971577439,"rotx":34.023014372725136},"saber_hitbox":{"posx":-1.040470597855001,"posy":-0.43640621222053233,"posz":-0.5574266747705771,"roty":147.5833971577439,"rotx":34.023014372725136},"locator6":{"posx":-1.8285630505940458,"posy":-0.11697082314921015,"posz":0.1028739066661657,"roty":22.215724692168067,"rotx":15.932585706602044},"locator7":{"posx":-1.568399261982118,"posy":0.01349787570598271,"posz":-0.3825179162090462,"roty":22.215724692168067,"rotx":15.932585706602044},"locator8":{"posx":-1.275303242060873,"posy":0.10286893376480921,"posz":-0.7969241626481787,"roty":22.215724692168067,"rotx":15.932585706602044},"locator9":{"posx":-0.8708964480604715,"posy":0.14435797816121498,"posz":-1.1806347360774108,"roty":22.215724692168067,"rotx":15.932585706602044},"locator10":{"posx":-1.9774160651268176,"posy":-0.29532153566682395,"posz":0.6189614025512782,"roty":22.215724692168067,"rotx":15.932585706602044},"short_sword_hitbox":{"posx":-0.2145568264462775,"posy":-0.8112600212543123,"posz":0.5479611653097246,"roty":22.215724692168067,"rotx":15.932585706602044}}}
execute on vehicle unless entity @s[tag=aj.transforms_only] at @s run function animated_java:mage_hunter/animations/side_slash1/zzz/frames/10_root_commands