# This file was generated by Animated Java via MC-Build. It is not recommended to edit this file directly.
$data merge entity $(bone_chest) {transformation: [-0.87f,-0.0527f,0.4903f,-0.0182f,0.1028f,0.953f,0.2849f,-0.8589f,-0.4823f,0.2983f,-0.8237f,0.0777f,0f,0f,0f,1f],start_interpolation: 0,interpolation_duration: 1}
$data merge entity $(bone_cape) {transformation: [-0.87f,-0.1162f,0.4792f,0.204f,0.1028f,0.9077f,0.4068f,-0.7364f,-0.4823f,0.4032f,-0.7777f,0.1566f,0f,0f,0f,1f],start_interpolation: 0,interpolation_duration: 1}
$data merge entity $(bone_saber) {transformation: [0.7112f,-0.9205f,0.7331f,-0.6622f,0.4055f,0.9958f,0.8571f,-0.9945f,-1.1047f,-0.2271f,0.7865f,-0.3458f,0f,0f,0f,1f],start_interpolation: 0,interpolation_duration: 1}
$data merge entity $(bone_right_forearm) {transformation: [0.5172f,0.5332f,0.6695f,-0.4813f,0.2949f,0.6233f,-0.7242f,-0.8022f,-0.8034f,0.572f,0.1652f,-0.1782f,0f,0f,0f,1f],start_interpolation: 0,interpolation_duration: 1}
$data merge entity $(bone_right_arm) {transformation: [-0.6914f,0.5332f,0.4876f,-0.2449f,0.7107f,0.6233f,0.3262f,-0.7157f,-0.13f,0.572f,-0.8099f,-0.0011f,0f,0f,0f,1f],start_interpolation: 0,interpolation_duration: 1}
$data merge entity $(bone_short_sword) {transformation: [-0.3305f,-1.083f,0.2812f,0.2959f,-1.0092f,0.4151f,0.4127f,-1.0294f,-0.4831f,-0.1264f,-1.0544f,0.6543f,0f,0f,0f,1f],start_interpolation: 0,interpolation_duration: 1}
$data merge entity $(bone_left_forearm) {transformation: [-0.2833f,0.241f,0.9283f,0.3681f,-0.865f,0.3537f,-0.3558f,-0.9413f,-0.4141f,-0.9038f,0.1083f,0.4208f,0f,0f,0f,1f],start_interpolation: 0,interpolation_duration: 1}
$data merge entity $(bone_left_arm) {transformation: [-0.8444f,-0.2579f,0.4696f,0.19f,-0.449f,0.8188f,-0.3576f,-0.7672f,-0.2923f,-0.5128f,-0.8072f,0.2401f,0f,0f,0f,1f],start_interpolation: 0,interpolation_duration: 1}
$data merge entity $(bone_torso) {transformation: [-0.87f,-0.074f,0.4876f,0.0007f,0.1028f,0.9397f,0.3262f,-1.0781f,-0.4823f,0.3339f,-0.8099f,-0.0031f,0f,0f,0f,1f],start_interpolation: 0,interpolation_duration: 1}
$data merge entity $(bone_right_dress) {transformation: [-0.9174f,-0.2034f,0.342f,-0.1792f,-0.2164f,0.9763f,0f,-1.2349f,-0.3339f,-0.074f,-0.9397f,-0.0735f,0f,0f,0f,1f],start_interpolation: 0,interpolation_duration: 1}
$data merge entity $(bone_left_dress) {transformation: [-0.9174f,0.2034f,0.342f,0.1258f,0.2164f,0.9763f,0f,-1.2349f,-0.3339f,0.074f,-0.9397f,0.0375f,0f,0f,0f,1f],start_interpolation: 0,interpolation_duration: 1}
$data merge entity $(bone_lower_right_leg) {transformation: [-0.9382f,-0.0934f,0.3334f,-0.1496f,0.206f,0.6233f,0.7544f,-1.6876f,-0.2783f,0.7764f,-0.5655f,-0.1889f,0f,0f,0f,1f],start_interpolation: 0,interpolation_duration: 1}
$data merge entity $(bone_right_leg) {transformation: [-0.9382f,0.0858f,0.3354f,-0.1175f,0.206f,0.917f,0.3417f,-1.3437f,-0.2783f,0.3897f,-0.8779f,-0.0428f,0f,0f,0f,1f],start_interpolation: 0,interpolation_duration: 1}
$data merge entity $(bone_lower_left_leg) {transformation: [-0.9691f,-0.1276f,0.2111f,0.0838f,-0.1425f,0.9882f,-0.0565f,-1.5525f,-0.2014f,-0.0848f,-0.9758f,0.3524f,0f,0f,0f,1f],start_interpolation: 0,interpolation_duration: 1}
$data merge entity $(bone_left_leg) {transformation: [-0.9691f,0.0897f,0.2298f,0.1175f,-0.1425f,0.5568f,-0.8184f,-1.3437f,-0.2014f,-0.8258f,-0.5268f,0.0428f,0f,0f,0f,1f],start_interpolation: 0,interpolation_duration: 1}
$data merge entity $(bone_waist) {transformation: [-0.9397f,0f,0.342f,0f,0f,1f,0f,-1f,-0.342f,0f,-0.9397f,0f,0f,0f,0f,1f],start_interpolation: 0,interpolation_duration: 1}
$data merge entity $(bone_pony_tail) {transformation: [-0.9905f,-0.032f,-0.1336f,-0.0713f,-0.0596f,0.9763f,0.208f,-0.5614f,0.1238f,0.214f,-0.969f,-0.117f,0f,0f,0f,1f],start_interpolation: 0,interpolation_duration: 1}
$data merge entity $(bone_head) {transformation: [-0.9905f,-0.032f,-0.1336f,-0.0389f,-0.0596f,0.9763f,0.208f,-0.6406f,0.1238f,0.214f,-0.969f,0.1034f,0f,0f,0f,1f],start_interpolation: 0,interpolation_duration: 1}
execute on vehicle unless entity @s[tag=aj.transforms_only] at @s run function animated_java:mage_hunter/animations/side_slash1/zzz/frames/11_root_commands