# This file was generated by Animated Java via MC-Build. It is not recommended to edit this file directly.
$data merge entity $(bone_chest) {transformation: [-0.9733f,-0.0538f,0.2231f,-0.0151f,0.0238f,0.9432f,0.3314f,-0.8696f,-0.2283f,0.3279f,-0.9167f,0.0859f,0f,0f,0f,1f],start_interpolation: 0,interpolation_duration: 1}
$data merge entity $(bone_cape) {transformation: [-0.9733f,-0.0825f,0.2142f,0.2084f,0.0238f,0.8919f,0.4517f,-0.7275f,-0.2283f,0.4447f,-0.8661f,0.1057f,0f,0f,0f,1f],start_interpolation: 0,interpolation_duration: 1}
$data merge entity $(bone_saber) {transformation: [0.1205f,-1.2312f,0.6001f,-0.7509f,-0.1376f,0.5885f,1.235f,-1.1418f,-1.3628f,-0.1683f,-0.0716f,0.0994f,0f,0f,0f,1f],start_interpolation: 0,interpolation_duration: 1}
$data merge entity $(bone_right_forearm) {transformation: [0.0877f,0.6451f,0.7591f,-0.5409f,-0.1001f,0.7638f,-0.6376f,-0.911f,-0.9911f,-0.0201f,0.1315f,0.0789f,0f,0f,0f,1f],start_interpolation: 0,interpolation_duration: 1}
$data merge entity $(bone_right_arm) {transformation: [-0.7605f,0.6451f,-0.074f,-0.2644f,0.6444f,0.7638f,0.0363f,-0.7767f,0.08f,-0.0201f,-0.9966f,0.0633f,0f,0f,0f,1f],start_interpolation: 0,interpolation_duration: 1}
$data merge entity $(bone_short_sword) {transformation: [-0.4144f,-1.0589f,-0.2611f,0.5143f,-0.9487f,0.2123f,0.645f,-1.0703f,-0.5379f,0.4414f,-0.9365f,0.478f,0f,0f,0f,1f],start_interpolation: 0,interpolation_duration: 1}
$data merge entity $(bone_left_forearm) {transformation: [-0.3552f,-0.2238f,0.9076f,0.4657f,-0.8132f,0.5528f,-0.182f,-0.9287f,-0.461f,-0.8027f,-0.3784f,0.2657f,0f,0f,0f,1f],start_interpolation: 0,interpolation_duration: 1}
$data merge entity $(bone_left_arm) {transformation: [-0.8491f,-0.4953f,0.1838f,0.2203f,-0.5239f,0.834f,-0.173f,-0.7596f,-0.0676f,-0.2431f,-0.9676f,0.1889f,0f,0f,0f,1f],start_interpolation: 0,interpolation_duration: 1}
$data merge entity $(bone_torso) {transformation: [-0.9733f,-0.0635f,0.2206f,0.0004f,0.0238f,0.9278f,0.3723f,-1.0859f,-0.2283f,0.3676f,-0.9015f,-0.0031f,0f,0f,0f,1f],start_interpolation: 0,interpolation_duration: 1}
$data merge entity $(bone_right_dress) {transformation: [-0.9469f,-0.2099f,0.2436f,-0.1858f,-0.2164f,0.9763f,0f,-1.2427f,-0.2379f,-0.0527f,-0.9699f,-0.0547f,0f,0f,0f,1f],start_interpolation: 0,interpolation_duration: 1}
$data merge entity $(bone_left_dress) {transformation: [-0.9469f,0.2099f,0.2436f,0.129f,0.2164f,0.9763f,0f,-1.2427f,-0.2379f,0.0527f,-0.9699f,0.0244f,0f,0f,0f,1f],start_interpolation: 0,interpolation_duration: 1}
$data merge entity $(bone_lower_right_leg) {transformation: [-0.9618f,-0.0059f,0.2737f,-0.1625f,0.206f,0.6431f,0.7376f,-1.6868f,-0.1804f,0.7658f,-0.6173f,-0.1933f,0f,0f,0f,1f],start_interpolation: 0,interpolation_duration: 1}
$data merge entity $(bone_right_leg) {transformation: [-0.9618f,0.11f,0.2507f,-0.1212f,0.206f,0.894f,0.3979f,-1.3516f,-0.1804f,0.4343f,-0.8825f,-0.0305f,0f,0f,0f,1f],start_interpolation: 0,interpolation_duration: 1}
$data merge entity $(bone_lower_left_leg) {transformation: [-0.9888f,-0.1322f,0.0698f,0.1287f,-0.1351f,0.9901f,-0.0376f,-1.5555f,-0.0641f,-0.0465f,-0.9969f,0.345f,0f,0f,0f,1f],start_interpolation: 0,interpolation_duration: 1}
$data merge entity $(bone_left_leg) {transformation: [-0.9888f,-0.0199f,0.1482f,0.1212f,-0.1351f,0.5439f,-0.8282f,-1.3516f,-0.0641f,-0.8389f,-0.5405f,0.0305f,0f,0f,0f,1f],start_interpolation: 0,interpolation_duration: 1}
$data merge entity $(bone_waist) {transformation: [-0.9699f,0f,0.2436f,0f,0f,1f,0f,-1.0078f,-0.2436f,0f,-0.9699f,0f,0f,0f,0f,1f],start_interpolation: 0,interpolation_duration: 1}
$data merge entity $(bone_pony_tail) {transformation: [-0.9702f,-0.0159f,-0.2418f,-0.0883f,-0.0675f,0.9762f,0.2063f,-0.5697f,0.2327f,0.2165f,-0.9481f,-0.1088f,0f,0f,0f,1f],start_interpolation: 0,interpolation_duration: 1}
$data merge entity $(bone_head) {transformation: [-0.9702f,-0.0159f,-0.2418f,-0.0311f,-0.0675f,0.9762f,0.2063f,-0.6485f,0.2327f,0.2165f,-0.9481f,0.1067f,0f,0f,0f,1f],start_interpolation: 0,interpolation_duration: 1}
execute on vehicle unless entity @s[tag=aj.transforms_only] positioned ^-0.0346157425 ^-1.0584422336 ^0.1492280904 rotated ~13.6807330981 ~19.3555399469 run function animated_java:mage_hunter/animations/side_slash1/zzz/frames/12_locator_commands
execute on vehicle unless entity @s[tag=aj.transforms_only] positioned ^-3.0955732464 ^-0.0113633634 ^-0.2378967892 rotated ~83.1935947997 ~63.9245882511 run function animated_java:mage_hunter/animations/side_slash1/zzz/frames/12_locator_commands
execute on vehicle unless entity @s[tag=aj.transforms_only] positioned ^-2.7941015056 ^0.4671327209 ^-0.2595482758 rotated ~83.1935947997 ~63.9245882511 run function animated_java:mage_hunter/animations/side_slash1/zzz/frames/12_locator_commands
execute on vehicle unless entity @s[tag=aj.transforms_only] positioned ^-2.463942953 ^0.8627397074 ^-0.2702926863 rotated ~83.1935947997 ~63.9245882511 run function animated_java:mage_hunter/animations/side_slash1/zzz/frames/12_locator_commands
execute on vehicle unless entity @s[tag=aj.transforms_only] positioned ^-2.021853791 ^1.2048455349 ^-0.2657346574 rotated ~83.1935947997 ~63.9245882511 run function animated_java:mage_hunter/animations/side_slash1/zzz/frames/12_locator_commands
execute on vehicle unless entity @s[tag=aj.transforms_only] positioned ^-3.2851143777 ^-0.5433606067 ^-0.2009428631 rotated ~83.1935947997 ~63.9245882511 run function animated_java:mage_hunter/animations/side_slash1/zzz/frames/12_locator_commands
execute on vehicle unless entity @s[tag=aj.transforms_only] positioned ^-1.3060532239 ^-0.8658181931 ^0.0224283422 rotated ~83.1935947997 ~63.9245882511 run function animated_java:mage_hunter/animations/side_slash1/zzz/frames/12_locator_commands
data modify entity @s data merge value {"cameras":{},"locators":{"body_hitbox":{"posx":-0.03461574254920779,"posy":-1.0584422336415673,"posz":0.14922809037835483,"roty":13.680733098082754,"rotx":19.355539946876156},"flame":{"posx":-3.0955732463675423,"posy":-0.011363363379790714,"posz":-0.23789678919426163,"roty":83.19359479965901,"rotx":63.92458825114924},"flame1":{"posx":-2.794101505614562,"posy":0.4671327208844387,"posz":-0.25954827577527095,"roty":83.19359479965901,"rotx":63.92458825114924},"flame2":{"posx":-2.4639429530420394,"posy":0.8627397074315395,"posz":-0.2702926863379076,"roty":83.19359479965901,"rotx":63.92458825114924},"flame3":{"posx":-2.0218537910437435,"posy":1.2048455349406564,"posz":-0.2657346573836754,"roty":83.19359479965901,"rotx":63.92458825114924},"flame4":{"posx":-3.2851143776947493,"posy":-0.5433606066820045,"posz":-0.20094286309638346,"roty":83.19359479965901,"rotx":63.92458825114924},"saber_hitbox":{"posx":-1.3060532239466323,"posy":-0.8658181930615649,"posz":0.02242834215720138,"roty":83.19359479965901,"rotx":63.92458825114924},"flame5":{"posx":-1.5955007330265811,"posy":-0.6419974245497415,"posz":1.3482148726622096,"roty":344.4214444436344,"rotx":33.56130270825374},"flame6":{"posx":-1.6646572629062488,"posy":-0.3424037716554884,"posz":0.8730585641483897,"roty":344.4214444436344,"rotx":33.56130270825374},"flame7":{"posx":-1.6631021468178804,"posy":-0.08873451092979634,"posz":0.4244223108464162,"roty":344.4214444436344,"rotx":33.56130270825374},"flame8":{"posx":-1.5480973739629813,"posy":0.1421895744713364,"posz":-0.07150910477699784,"roty":344.4214444436344,"rotx":33.56130270825374},"flame9":{"posx":-1.4128945463803833,"posy":-0.9643362527685542,"posz":1.7760760188545888,"roty":344.4214444436344,"rotx":33.56130270825374},"short_sword_hitbox":{"posx":0.10624411847137966,"posy":-0.9831750544181335,"posz":0.6387874378406013,"roty":344.4214444436344,"rotx":33.56130270825374}}}
execute on vehicle unless entity @s[tag=aj.transforms_only] at @s run function animated_java:mage_hunter/animations/side_slash1/zzz/frames/12_root_commands