# This file was generated by Animated Java via MC-Build. It is not recommended to edit this file directly.
$data merge entity $(bone_chest) {transformation: [-0.9862f,-0.0431f,-0.1601f,-0.0077f,-0.096f,0.9356f,0.3397f,-0.8793f,0.1351f,0.3504f,-0.9268f,0.0913f,0f,0f,0f,1f],start_interpolation: 0,interpolation_duration: 1}
$data merge entity $(bone_cape) {transformation: [-0.9862f,-0.0218f,-0.1643f,0.1898f,-0.096f,0.8833f,0.459f,-0.7113f,0.1351f,0.4684f,-0.8731f,0.0337f,0f,0f,0f,1f],start_interpolation: 0,interpolation_duration: 1}
$data merge entity $(bone_saber) {transformation: [-0.3422f,-1.2398f,-0.4862f,-0.4292f,-0.9673f,-0.1136f,0.9706f,-1.1543f,-0.9154f,0.5836f,-0.8439f,0.6464f,0f,0f,0f,1f],start_interpolation: 0,interpolation_duration: 1}
$data merge entity $(bone_right_forearm) {transformation: [-0.2489f,0.1237f,0.9606f,-0.3853f,-0.7035f,0.6586f,-0.2671f,-0.9623f,-0.6657f,-0.7422f,-0.0769f,0.4036f,0f,0f,0f,1f],start_interpolation: 0,interpolation_duration: 1}
$data merge entity $(bone_right_arm) {transformation: [-0.7514f,0.1237f,-0.6481f,-0.2565f,0.5507f,0.6586f,-0.5128f,-0.8458f,0.3634f,-0.7422f,-0.5631f,0.1494f,0f,0f,0f,1f],start_interpolation: 0,interpolation_duration: 1}
$data merge entity $(bone_short_sword) {transformation: [-0.633f,-0.574f,-0.7943f,0.6644f,-0.8564f,-0.1357f,0.7806f,-1.0575f,-0.4765f,1.0066f,-0.3477f,0.1053f,0f,0f,0f,1f],start_interpolation: 0,interpolation_duration: 1}
$data merge entity $(bone_left_forearm) {transformation: [-0.5426f,-0.6808f,0.492f,0.4928f,-0.734f,0.6691f,0.1163f,-0.8826f,-0.4084f,-0.298f,-0.8628f,0.0189f,0f,0f,0f,1f],start_interpolation: 0,interpolation_duration: 1}
$data merge entity $(bone_left_arm) {transformation: [-0.7494f,-0.5862f,-0.3078f,0.2343f,-0.6223f,0.7824f,0.0248f,-0.7403f,0.2263f,0.2101f,-0.9511f,0.1063f,0f,0f,0f,1f],start_interpolation: 0,interpolation_duration: 1}
$data merge entity $(bone_torso) {transformation: [-0.9862f,-0.0361f,-0.1618f,0.0002f,-0.096f,0.9199f,0.3802f,-1.0937f,0.1351f,0.3905f,-0.9106f,-0.0031f,0f,0f,0f,1f],start_interpolation: 0,interpolation_duration: 1}
$data merge entity $(bone_right_dress) {transformation: [-0.9679f,-0.2146f,0.1305f,-0.1909f,-0.2164f,0.9763f,0f,-1.2505f,-0.1274f,-0.0283f,-0.9914f,-0.033f,0f,0f,0f,1f],start_interpolation: 0,interpolation_duration: 1}
$data merge entity $(bone_left_dress) {transformation: [-0.9679f,0.2146f,0.1305f,0.131f,0.2164f,0.9763f,0f,-1.2505f,-0.1274f,0.0283f,-0.9914f,0.0094f,0f,0f,0f,1f],start_interpolation: 0,interpolation_duration: 1}
$data merge entity $(bone_lower_right_leg) {transformation: [-0.9761f,0.0899f,0.1976f,-0.1784f,0.206f,0.6713f,0.712f,-1.6797f,-0.0686f,0.7357f,-0.6738f,-0.2035f,0f,0f,0f,1f],start_interpolation: 0,interpolation_duration: 1}
$data merge entity $(bone_right_leg) {transformation: [-0.9761f,0.1452f,0.1614f,-0.1239f,0.206f,0.8543f,0.4772f,-1.3594f,-0.0686f,0.4991f,-0.8638f,-0.0163f,0f,0f,0f,1f],start_interpolation: 0,interpolation_duration: 1}
$data merge entity $(bone_lower_left_leg) {transformation: [-0.9868f,-0.1243f,-0.1034f,0.1817f,-0.124f,0.9922f,-0.0088f,-1.5565f,0.1037f,0.0041f,-0.9946f,0.33f,0f,0f,0f,1f],start_interpolation: 0,interpolation_duration: 1}
$data merge entity $(bone_left_leg) {transformation: [-0.9868f,-0.154f,0.0493f,0.1239f,-0.124f,0.5257f,-0.8416f,-1.3594f,0.1037f,-0.8366f,-0.5379f,0.0163f,0f,0f,0f,1f],start_interpolation: 0,interpolation_duration: 1}
$data merge entity $(bone_waist) {transformation: [-0.9914f,0f,0.1305f,0f,0f,1f,0f,-1.0156f,-0.1305f,0f,-0.9914f,0f,0f,0f,0f,1f],start_interpolation: 0,interpolation_duration: 1}
$data merge entity $(bone_pony_tail) {transformation: [-0.9321f,0.0005f,-0.3622f,-0.1081f,-0.0783f,0.9761f,0.2029f,-0.5785f,0.3536f,0.2175f,-0.9098f,-0.0962f,0f,0f,0f,1f],start_interpolation: 0,interpolation_duration: 1}
$data merge entity $(bone_head) {transformation: [-0.9321f,0.0005f,-0.3622f,-0.0232f,-0.0783f,0.9761f,0.2029f,-0.6566f,0.3536f,0.2175f,-0.9098f,0.1102f,0f,0f,0f,1f],start_interpolation: 0,interpolation_duration: 1}
execute on vehicle unless entity @s[tag=aj.transforms_only] positioned ^-2.8030055263 ^-1.3754245396 ^1.7441605949 rotated ~330.0524892776 ~44.9039321417 run function animated_java:mage_hunter/animations/side_slash1/zzz/frames/13_locator_commands
execute on vehicle unless entity @s[tag=aj.transforms_only] positioned ^-2.9455414247 ^-0.9731800286 ^1.3724142149 rotated ~330.0524892776 ~44.9039321417 run function animated_java:mage_hunter/animations/side_slash1/zzz/frames/13_locator_commands
execute on vehicle unless entity @s[tag=aj.transforms_only] positioned ^-3.0096234669 ^-0.6098911201 ^1.0124980291 rotated ~330.0524892776 ~44.9039321417 run function animated_java:mage_hunter/animations/side_slash1/zzz/frames/13_locator_commands
execute on vehicle unless entity @s[tag=aj.transforms_only] positioned ^-2.9609957478 ^-0.2362733938 ^0.5995269168 rotated ~330.0524892776 ~44.9039321417 run function animated_java:mage_hunter/animations/side_slash1/zzz/frames/13_locator_commands
execute on vehicle unless entity @s[tag=aj.transforms_only] positioned ^-2.5477598666 ^-1.7673402328 ^2.0628520485 rotated ~330.0524892776 ~44.9039321417 run function animated_java:mage_hunter/animations/side_slash1/zzz/frames/13_locator_commands
execute on vehicle unless entity @s[tag=aj.transforms_only] positioned ^-1.0521150359 ^-1.2043363808 ^0.9322112596 rotated ~330.0524892776 ~44.9039321417 run function animated_java:mage_hunter/animations/side_slash1/zzz/frames/13_locator_commands
data modify entity @s data merge value {"cameras":{},"locators":{"locator":{"posx":-2.803005526340428,"posy":-1.3754245395545632,"posz":1.7441605949421781,"roty":330.05248927759226,"rotx":44.90393214171915},"locator2":{"posx":-2.9455414246781557,"posy":-0.973180028567505,"posz":1.3724142149115997,"roty":330.05248927759226,"rotx":44.90393214171915},"locator3":{"posx":-3.00962346689205,"posy":-0.6098911200579646,"posz":1.0124980290854497,"roty":330.05248927759226,"rotx":44.90393214171915},"locator4":{"posx":-2.960995747750591,"posy":-0.23627339381054546,"posz":0.5995269168211557,"roty":330.05248927759226,"rotx":44.90393214171915},"locator5":{"posx":-2.547759866647347,"posy":-1.7673402328037429,"posz":2.0628520485346127,"roty":330.05248927759226,"rotx":44.90393214171915},"saber_hitbox":{"posx":-1.0521150359243299,"posy":-1.204336380755425,"posz":0.9322112596298097,"roty":330.05248927759226,"rotx":44.90393214171915},"locator6":{"posx":-0.48517011565114854,"posy":-1.3206160497760242,"posz":2.1055565494180013,"roty":293.6426967870249,"rotx":41.99735674956817},"locator7":{"posx":-0.8373667882626301,"posy":-0.9369795035030056,"posz":1.883987137799179,"roty":293.6426967870249,"rotx":41.99735674956817},"locator8":{"posx":-1.1162622588386732,"posy":-0.5878916121021189,"posz":1.6271214908756366,"roty":293.6426967870249,"rotx":41.99735674956817},"locator9":{"posx":-1.333654900273224,"posy":-0.2242639902164657,"posz":1.2624087380798328,"roty":293.6426967870249,"rotx":41.99735674956817},"locator10":{"posx":-0.07147061389817488,"posy":-1.6897128655642764,"posz":2.219278855164562,"roty":293.6426967870249,"rotx":41.99735674956817},"short_sword_hitbox":{"posx":0.4066209069004914,"posy":-1.1097899577469106,"posz":0.5417735142702123,"roty":293.6426967870249,"rotx":41.99735674956817}}}
execute on vehicle unless entity @s[tag=aj.transforms_only] at @s run function animated_java:mage_hunter/animations/side_slash1/zzz/frames/13_root_commands