# This file was generated by Animated Java via MC-Build. It is not recommended to edit this file directly.
$data merge entity $(bone_chest) {transformation: [-0.8559f,-0.0208f,-0.5167f,0.002f,-0.1927f,0.94f,0.2814f,-0.8853f,0.4799f,0.3405f,-0.8086f,0.0873f,0f,0f,0f,1f],start_interpolation: 0,interpolation_duration: 1}
$data merge entity $(bone_cape) {transformation: [-0.8559f,0.0469f,-0.515f,0.1458f,-0.1927f,0.8952f,0.4017f,-0.7001f,0.4799f,0.4431f,-0.7572f,-0.0376f,0f,0f,0f,1f],start_interpolation: 0,interpolation_duration: 1}
$data merge entity $(bone_saber) {transformation: [0.0978f,-0.1682f,-1.3612f,0.08f,-1.3389f,-0.3074f,-0.0582f,-0.903f,-0.2972f,1.3296f,-0.1857f,0.7549f,0f,0f,0f,1f],start_interpolation: 0,interpolation_duration: 1}
$data merge entity $(bone_right_forearm) {transformation: [0.0711f,-0.6389f,0.766f,-0.111f,-0.9738f,0.1219f,0.1921f,-0.8783f,-0.2162f,-0.7596f,-0.6135f,0.5086f,0f,0f,0f,1f],start_interpolation: 0,interpolation_duration: 1}
$data merge entity $(bone_right_arm) {transformation: [-0.6298f,-0.6389f,-0.4418f,-0.2119f,0.4841f,0.1219f,-0.8665f,-0.9046f,0.6075f,-0.7596f,0.2325f,0.2191f,0f,0f,0f,1f],start_interpolation: 0,interpolation_duration: 1}
$data merge entity $(bone_short_sword) {transformation: [-0.8422f,0.1535f,-0.7926f,0.571f,-0.786f,-0.4174f,0.7544f,-1.008f,-0.1843f,1.0786f,0.4047f,-0.2899f,0f,0f,0f,1f],start_interpolation: 0,interpolation_duration: 1}
$data merge entity $(bone_left_forearm) {transformation: [-0.7219f,-0.6794f,-0.1316f,0.3933f,-0.6737f,0.6466f,0.3577f,-0.8365f,-0.158f,0.3469f,-0.9245f,-0.2095f,0f,0f,0f,1f],start_interpolation: 0,interpolation_duration: 1}
$data merge entity $(bone_left_arm) {transformation: [-0.5444f,-0.3878f,-0.7438f,0.2162f,-0.687f,0.7149f,0.1302f,-0.7213f,0.4813f,0.5819f,-0.6556f,0.0143f,0f,0f,0f,1f],start_interpolation: 0,interpolation_duration: 1}
$data merge entity $(bone_torso) {transformation: [-0.8559f,0.0018f,-0.5172f,0f,-0.1927f,0.9269f,0.3222f,-1.1016f,0.4799f,0.3754f,-0.7929f,-0.0031f,0f,0f,0f,1f],start_interpolation: 0,interpolation_duration: 1}
$data merge entity $(bone_right_dress) {transformation: [-0.9762f,-0.2164f,0.0157f,-0.1934f,-0.2164f,0.9763f,0f,-1.2583f,-0.0153f,-0.0034f,-0.9999f,-0.0108f,0f,0f,0f,1f],start_interpolation: 0,interpolation_duration: 1}
$data merge entity $(bone_left_dress) {transformation: [-0.9762f,0.2164f,0.0157f,0.1312f,0.2164f,0.9763f,0f,-1.2583f,-0.0153f,0.0034f,-0.9999f,-0.0058f,0f,0f,0f,1f],start_interpolation: 0,interpolation_duration: 1}
$data merge entity $(bone_lower_right_leg) {transformation: [-0.9776f,0.1784f,0.112f,-0.1982f,0.206f,0.6984f,0.6854f,-1.67f,0.0441f,0.6931f,-0.7195f,-0.2106f,0f,0f,0f,1f],start_interpolation: 0,interpolation_duration: 1}
$data merge entity $(bone_right_leg) {transformation: [-0.9776f,0.1952f,0.079f,-0.125f,0.206f,0.8076f,0.5526f,-1.3672f,0.0441f,0.5565f,-0.8297f,-0.002f,0f,0f,0f,1f],start_interpolation: 0,interpolation_duration: 1}
$data merge entity $(bone_lower_left_leg) {transformation: [-0.9565f,-0.1029f,-0.2728f,0.233f,-0.1129f,0.9934f,0.0211f,-1.5577f,0.2689f,0.051f,-0.9618f,0.3064f,0f,0f,0f,1f],start_interpolation: 0,interpolation_duration: 1}
$data merge entity $(bone_left_leg) {transformation: [-0.9565f,-0.2881f,-0.0449f,0.125f,-0.1129f,0.508f,-0.8539f,-1.3672f,0.2689f,-0.8117f,-0.5185f,0.002f,0f,0f,0f,1f],start_interpolation: 0,interpolation_duration: 1}
$data merge entity $(bone_waist) {transformation: [-0.9999f,0f,0.0157f,0f,0f,1f,0f,-1.0234f,-0.0157f,0f,-0.9999f,0f,0f,0f,0f,1f],start_interpolation: 0,interpolation_duration: 1}
$data merge entity $(bone_pony_tail) {transformation: [-0.8789f,0.0172f,-0.4767f,-0.1261f,-0.0884f,0.9761f,0.1983f,-0.5877f,0.4687f,0.2164f,-0.8564f,-0.0804f,0f,0f,0f,1f],start_interpolation: 0,interpolation_duration: 1}
$data merge entity $(bone_head) {transformation: [-0.8789f,0.0172f,-0.4767f,-0.015f,-0.0884f,0.9761f,0.1983f,-0.6646f,0.4687f,0.2164f,-0.8564f,0.1136f,0f,0f,0f,1f],start_interpolation: 0,interpolation_duration: 1}
execute on vehicle unless entity @s[tag=aj.transforms_only] at @s run function animated_java:mage_hunter/animations/side_slash1/zzz/frames/14_root_commands