# This file was generated by Animated Java via MC-Build. It is not recommended to edit this file directly.
$data merge entity $(bone_chest) {transformation: [-0.6211f,-0.0021f,-0.7837f,0.0097f,-0.238f,0.9533f,0.186f,-0.8888f,0.7467f,0.302f,-0.5926f,0.0755f,0f,0f,0f,1f],start_interpolation: 0,interpolation_duration: 1}
$data merge entity $(bone_cape) {transformation: [-0.6211f,0.1002f,-0.7773f,0.0835f,-0.238f,0.9209f,0.3089f,-0.6995f,0.7467f,0.3768f,-0.5481f,-0.0958f,0f,0f,0f,1f],start_interpolation: 0,interpolation_duration: 1}
$data merge entity $(bone_saber) {transformation: [0.7368f,0.9893f,-0.6074f,0.2932f,-1.0966f,0.357f,-0.7487f,-0.5764f,-0.381f,0.8856f,0.9804f,0.4667f,0f,0f,0f,1f],start_interpolation: 0,interpolation_duration: 1}
$data merge entity $(bone_right_forearm) {transformation: [0.5359f,-0.8442f,-0.014f,0.0379f,-0.7976f,-0.5116f,0.3197f,-0.7455f,-0.2771f,-0.1601f,-0.9474f,0.4033f,0f,0f,0f,1f],start_interpolation: 0,interpolation_duration: 1}
$data merge entity $(bone_right_arm) {transformation: [-0.4316f,-0.8442f,0.3179f,-0.1456f,0.4715f,-0.5116f,-0.7184f,-0.9483f,0.7691f,-0.1601f,0.6188f,0.2622f,0f,0f,0f,1f],start_interpolation: 0,interpolation_duration: 1}
$data merge entity $(bone_short_sword) {transformation: [-0.8835f,0.6858f,-0.3321f,0.2919f,-0.7237f,-0.5961f,0.6943f,-0.9755f,0.2385f,0.7318f,0.8768f,-0.5451f,0f,0f,0f,1f],start_interpolation: 0,interpolation_duration: 1}
$data merge entity $(bone_left_forearm) {transformation: [-0.7573f,-0.2846f,-0.5878f,0.2119f,-0.6203f,0.5951f,0.5109f,-0.8157f,0.2044f,0.7515f,-0.6272f,-0.3566f,0f,0f,0f,1f],start_interpolation: 0,interpolation_duration: 1}
$data merge entity $(bone_left_arm) {transformation: [-0.2715f,-0.032f,-0.9619f,0.169f,-0.7065f,0.6853f,0.1766f,-0.7112f,0.6536f,0.7275f,-0.2087f,-0.0703f,0f,0f,0f,1f],start_interpolation: 0,interpolation_duration: 1}
$data merge entity $(bone_torso) {transformation: [-0.6211f,0.0321f,-0.7831f,-0.0003f,-0.238f,0.9443f,0.2274f,-1.1094f,0.7467f,0.3276f,-0.5788f,-0.0031f,0f,0f,0f,1f],start_interpolation: 0,interpolation_duration: 1}
$data merge entity $(bone_right_dress) {transformation: [-0.9718f,-0.2155f,-0.0955f,-0.1934f,-0.2164f,0.9763f,0f,-1.2662f,0.0932f,0.0207f,-0.9954f,0.0107f,0f,0f,0f,1f],start_interpolation: 0,interpolation_duration: 1}
$data merge entity $(bone_left_dress) {transformation: [-0.9718f,0.2155f,-0.0955f,0.1297f,0.2164f,0.9763f,0f,-1.2662f,0.0932f,-0.0207f,-0.9954f,-0.0203f,0f,0f,0f,1f],start_interpolation: 0,interpolation_duration: 1}
$data merge entity $(bone_lower_right_leg) {transformation: [-0.9659f,0.2574f,0.0265f,-0.2214f,0.2085f,0.7135f,0.6689f,-1.6573f,0.1533f,0.6517f,-0.7429f,-0.2151f,0f,0f,0f,1f],start_interpolation: 0,interpolation_duration: 1}
$data merge entity $(bone_right_leg) {transformation: [-0.9659f,0.2586f,0.0108f,-0.1244f,0.2085f,0.7528f,0.6244f,-1.375f,0.1533f,0.6054f,-0.781f,0.0119f,0f,0f,0f,1f],start_interpolation: 0,interpolation_duration: 1}
$data merge entity $(bone_lower_left_leg) {transformation: [-0.9002f,-0.0726f,-0.4293f,0.2812f,-0.1037f,0.9934f,0.0494f,-1.5542f,0.4229f,0.089f,-0.9018f,0.2778f,0f,0f,0f,1f],start_interpolation: 0,interpolation_duration: 1}
$data merge entity $(bone_left_leg) {transformation: [-0.9002f,-0.418f,-0.1219f,0.1244f,-0.1037f,0.4777f,-0.8724f,-1.375f,0.4229f,-0.7727f,-0.4734f,-0.0119f,0f,0f,0f,1f],start_interpolation: 0,interpolation_duration: 1}
$data merge entity $(bone_waist) {transformation: [-0.9954f,0f,-0.0955f,0f,0f,1f,0f,-1.0312f,0.0955f,0f,-0.9954f,0f,0f,0f,0f,1f],start_interpolation: 0,interpolation_duration: 1}
$data merge entity $(bone_pony_tail) {transformation: [-0.8097f,0.0354f,-0.5858f,-0.1426f,-0.0978f,0.9761f,0.1941f,-0.597f,0.5787f,0.2144f,-0.7868f,-0.0598f,0f,0f,0f,1f],start_interpolation: 0,interpolation_duration: 1}
$data merge entity $(bone_head) {transformation: [-0.8097f,0.0354f,-0.5858f,-0.0064f,-0.0978f,0.9761f,0.1941f,-0.6729f,0.5787f,0.2144f,-0.7868f,0.1179f,0f,0f,0f,1f],start_interpolation: 0,interpolation_duration: 1}
execute on vehicle unless entity @s[tag=aj.transforms_only] positioned ^2.1858070006 ^0.0874940705 ^2.1597105658 rotated ~211.7816245838 ~-32.9902480881 run function animated_java:mage_hunter/animations/side_slash1/zzz/frames/16_locator_commands
execute on vehicle unless entity @s[tag=aj.transforms_only] positioned ^1.8923455897 ^-0.235014167 ^2.5205170749 rotated ~211.7816245838 ~-32.9902480881 run function animated_java:mage_hunter/animations/side_slash1/zzz/frames/16_locator_commands
execute on vehicle unless entity @s[tag=aj.transforms_only] positioned ^1.5815243389 ^-0.5397204652 ^2.7965047954 rotated ~211.7816245838 ~-32.9902480881 run function animated_java:mage_hunter/animations/side_slash1/zzz/frames/16_locator_commands
execute on vehicle unless entity @s[tag=aj.transforms_only] positioned ^1.1807630939 ^-0.8768849202 ^2.9919799981 rotated ~211.7816245838 ~-32.9902480881 run function animated_java:mage_hunter/animations/side_slash1/zzz/frames/16_locator_commands
execute on vehicle unless entity @s[tag=aj.transforms_only] positioned ^2.3893284174 ^0.3775441512 ^1.7183915388 rotated ~211.7816245838 ~-32.9902480881 run function animated_java:mage_hunter/animations/side_slash1/zzz/frames/16_locator_commands
data modify entity @s data merge value {"cameras":{},"locators":{"locator":{"posx":2.185807000609017,"posy":0.08749407049127367,"posz":2.159710565763327,"roty":211.78162458376033,"rotx":-32.990248088113105},"locator2":{"posx":1.8923455897095725,"posy":-0.2350141670238719,"posz":2.5205170749171697,"roty":211.78162458376033,"rotx":-32.990248088113105},"locator3":{"posx":1.581524338861187,"posy":-0.539720465238726,"posz":2.7965047953853923,"roty":211.78162458376033,"rotx":-32.990248088113105},"locator4":{"posx":1.1807630939248193,"posy":-0.8768849202160841,"posz":2.991979998050267,"roty":211.78162458376033,"rotx":-32.990248088113105},"locator5":{"posx":2.389328417420479,"posy":0.37754415124391516,"posz":1.7183915388061364,"roty":211.78162458376033,"rotx":-32.990248088113105},"saber_hitbox":{"posx":0.783364411256464,"posy":-0.4031455254675774,"posz":0.9160956892551515,"roty":211.78162458376033,"rotx":-32.990248088113105},"locator6":{"posx":1.653860353435598,"posy":-2.15570525340802,"posz":0.9192285172084497,"roty":200.74366696715052,"rotx":36.52308560756154},"locator7":{"posx":1.4570179904057614,"posy":-1.789001586256157,"posz":1.3027568794115671,"roty":200.74366696715052,"rotx":36.52308560756154},"locator8":{"posx":1.2412278151183975,"posy":-1.4275608946740963,"posz":1.600112267319926,"roty":200.74366696715052,"rotx":36.52308560756154},"locator9":{"posx":0.9519631051615176,"posy":-1.0022528256873067,"posz":1.8190619739383416,"roty":200.74366696715052,"rotx":36.52308560756154},"locator10":{"posx":1.7772281817959188,"posy":-2.458541543155154,"posz":0.45729447371538956,"roty":200.74366696715052,"rotx":36.52308560756154},"short_sword_hitbox":{"posx":0.5884796007276155,"posy":-1.2296282810394537,"posz":-0.21765386149571625,"roty":200.74366696715052,"rotx":36.52308560756154}}}
execute on vehicle unless entity @s[tag=aj.transforms_only] at @s run function animated_java:mage_hunter/animations/side_slash1/zzz/frames/16_root_commands