# This file was generated by Animated Java via MC-Build. It is not recommended to edit this file directly.
$data merge entity $(bone_chest) {transformation: [-0.6021f,0.0131f,-0.7983f,0.0134f,-0.2397f,0.9508f,0.1964f,-0.8895f,0.7616f,0.3096f,-0.5694f,0.0769f,0f,0f,0f,1f],start_interpolation: 0,interpolation_duration: 1}
$data merge entity $(bone_cape) {transformation: [-0.6021f,0.1172f,-0.7897f,0.0839f,-0.2397f,0.917f,0.3188f,-0.6994f,0.7616f,0.3812f,-0.5241f,-0.0948f,0f,0f,0f,1f],start_interpolation: 0,interpolation_duration: 1}
$data merge entity $(bone_saber) {transformation: [0.7316f,1.0845f,-0.4234f,0.3003f,-1.0394f,0.3832f,-0.8145f,-0.5502f,-0.5244f,0.7534f,1.0237f,0.4157f,0f,0f,0f,1f],start_interpolation: 0,interpolation_duration: 1}
$data merge entity $(bone_right_forearm) {transformation: [0.5321f,-0.8307f,-0.1641f,0.0477f,-0.756f,-0.5533f,0.3498f,-0.7314f,-0.3814f,-0.0621f,-0.9223f,0.3815f,0f,0f,0f,1f],start_interpolation: 0,interpolation_duration: 1}
$data merge entity $(bone_right_arm) {transformation: [-0.3903f,-0.8307f,0.3971f,-0.1371f,0.4991f,-0.5533f,-0.6669f,-0.9494f,0.7737f,-0.0621f,0.6305f,0.2673f,0f,0f,0f,1f],start_interpolation: 0,interpolation_duration: 1}
$data merge entity $(bone_short_sword) {transformation: [-0.8895f,0.6784f,-0.3311f,0.285f,-0.723f,-0.6184f,0.6753f,-0.9653f,0.2172f,0.7201f,0.8919f,-0.5534f,0f,0f,0f,1f],start_interpolation: 0,interpolation_duration: 1}
$data merge entity $(bone_left_forearm) {transformation: [-0.7624f,-0.2838f,-0.5815f,0.2053f,-0.6197f,0.5788f,0.53f,-0.8095f,0.1862f,0.7645f,-0.6172f,-0.3614f,0f,0f,0f,1f],start_interpolation: 0,interpolation_duration: 1}
$data merge entity $(bone_left_arm) {transformation: [-0.2359f,-0.0208f,-0.9716f,0.17f,-0.7251f,0.6694f,0.1618f,-0.7119f,0.647f,0.7427f,-0.173f,-0.0717f,0f,0f,0f,1f],start_interpolation: 0,interpolation_duration: 1}
$data merge entity $(bone_torso) {transformation: [-0.6021f,0.0479f,-0.7969f,-0.0003f,-0.2397f,0.9413f,0.2377f,-1.1094f,0.7616f,0.3341f,-0.5553f,-0.0031f,0f,0f,0f,1f],start_interpolation: 0,interpolation_duration: 1}
$data merge entity $(bone_right_dress) {transformation: [-0.972f,-0.2155f,-0.0934f,-0.1935f,-0.2164f,0.9763f,0f,-1.2662f,0.0912f,0.0202f,-0.9956f,0.0103f,0f,0f,0f,1f],start_interpolation: 0,interpolation_duration: 1}
$data merge entity $(bone_left_dress) {transformation: [-0.972f,0.2155f,-0.0934f,0.1298f,0.2164f,0.9763f,0f,-1.2662f,0.0912f,-0.0202f,-0.9956f,-0.02f,0f,0f,0f,1f],start_interpolation: 0,interpolation_duration: 1}
$data merge entity $(bone_lower_right_leg) {transformation: [-0.9638f,0.2631f,0.0433f,-0.224f,0.2175f,0.6815f,0.6987f,-1.6489f,0.1544f,0.6828f,-0.7141f,-0.2243f,0f,0f,0f,1f],start_interpolation: 0,interpolation_duration: 1}
$data merge entity $(bone_right_leg) {transformation: [-0.9638f,0.2656f,0.0241f,-0.1245f,0.2175f,0.7304f,0.6475f,-1.375f,0.1544f,0.6292f,-0.7617f,0.0117f,0f,0f,0f,1f],start_interpolation: 0,interpolation_duration: 1}
$data merge entity $(bone_lower_left_leg) {transformation: [-0.8941f,-0.0748f,-0.4415f,0.2881f,-0.1071f,0.993f,0.0488f,-1.5345f,0.4348f,0.091f,-0.8959f,0.2856f,0f,0f,0f,1f],start_interpolation: 0,interpolation_duration: 1}
$data merge entity $(bone_left_leg) {transformation: [-0.8941f,-0.4365f,-0.1f,0.1245f,-0.1071f,0.4254f,-0.8986f,-1.375f,0.4348f,-0.7928f,-0.4272f,-0.0117f,0f,0f,0f,1f],start_interpolation: 0,interpolation_duration: 1}
$data merge entity $(bone_waist) {transformation: [-0.9956f,0f,-0.0934f,0f,0f,1f,0f,-1.0312f,0.0934f,0f,-0.9956f,0f,0f,0f,0f,1f],start_interpolation: 0,interpolation_duration: 1}
$data merge entity $(bone_pony_tail) {transformation: [-0.7939f,0.0407f,-0.6067f,-0.1474f,-0.1008f,0.9751f,0.1974f,-0.5962f,0.5996f,0.2179f,-0.7701f,-0.0559f,0f,0f,0f,1f],start_interpolation: 0,interpolation_duration: 1}
$data merge entity $(bone_head) {transformation: [-0.7939f,0.0407f,-0.6067f,-0.0064f,-0.1008f,0.9751f,0.1974f,-0.6729f,0.5996f,0.2179f,-0.7701f,0.1177f,0f,0f,0f,1f],start_interpolation: 0,interpolation_duration: 1}
data modify entity @s data merge value {"cameras":{},"locators":{"locator":{"posx":2.3757291570221843,"posy":0.16379565358065729,"posz":1.855019133467956,"roty":202.47113144175546,"rotx":-36.32261231637779},"locator2":{"posx":2.1532124474947922,"posy":-0.1868095960751781,"posz":2.239564024078755,"roty":202.47113144175546,"rotx":-36.32261231637779},"locator3":{"posx":1.9006483268362064,"posy":-0.5178130954892602,"posz":2.543328815210952,"roty":202.47113144175546,"rotx":-36.32261231637779},"locator4":{"posx":1.5494955242359931,"posy":-0.8836544943993536,"posz":2.778598405403823,"roty":202.47113144175546,"rotx":-36.32261231637779},"locator5":{"posx":2.4996571846079494,"posy":0.47956300374048166,"posz":1.4019790419178324,"roty":202.47113144175546,"rotx":-36.32261231637779},"saber_hitbox":{"posx":0.8392909173099936,"posy":-0.3643799884643727,"posz":0.7993021177267947,"roty":202.47113144175546,"rotx":-36.32261231637779},"locator6":{"posx":1.632334548536644,"posy":-2.190009835770429,"posz":0.8877028853200497,"roty":200.3668070638341,"rotx":35.3687429753044},"locator7":{"posx":1.4363545795104002,"posy":-1.8312877089897266,"posz":1.2791397097226633,"roty":200.3668070638341,"rotx":35.3687429753044},"locator8":{"posx":1.221768423362562,"posy":-1.475616207291261,"posz":1.5842225910340437,"roty":200.3668070638341,"rotx":35.3687429753044},"locator9":{"posx":0.9344951365906057,"posy":-1.0536914053846806,"posz":1.8121557396617283,"roty":200.3668070638341,"rotx":35.3687429753044},"locator10":{"posx":1.7556273869387695,"posy":-2.4824786623430164,"posz":0.41911632823374045,"roty":200.3668070638341,"rotx":35.3687429753044},"short_sword_hitbox":{"posx":0.5783711544869277,"posy":-1.229336982752765,"posz":-0.2309682385935446,"roty":200.3668070638341,"rotx":35.3687429753044}}}
execute on vehicle unless entity @s[tag=aj.transforms_only] at @s run function animated_java:mage_hunter/animations/side_slash1/zzz/frames/18_root_commands