# This file was generated by Animated Java via MC-Build. It is not recommended to edit this file directly.
$data merge entity $(bone_chest) {transformation: [-0.6321f,0.0128f,-0.7748f,0.0131f,-0.2375f,0.9486f,0.2094f,-0.8902f,0.7376f,0.3163f,-0.5965f,0.0789f,0f,0f,0f,1f],start_interpolation: 0,interpolation_duration: 1}
$data merge entity $(bone_cape) {transformation: [-0.6321f,0.1138f,-0.7665f,0.0919f,-0.2375f,0.9131f,0.3314f,-0.6998f,0.7376f,0.3915f,-0.5501f,-0.0888f,0f,0f,0f,1f],start_interpolation: 0,interpolation_duration: 1}
$data merge entity $(bone_saber) {transformation: [0.6947f,1.0266f,-0.5951f,0.3073f,-1.0943f,0.2876f,-0.7813f,-0.593f,-0.4589f,0.8683f,0.9623f,0.4658f,0f,0f,0f,1f],start_interpolation: 0,interpolation_duration: 1}
$data merge entity $(bone_right_forearm) {transformation: [0.5052f,-0.8622f,-0.0361f,0.0457f,-0.7959f,-0.4817f,0.3668f,-0.7523f,-0.3337f,-0.1566f,-0.9296f,0.4028f,0f,0f,0f,1f],start_interpolation: 0,interpolation_duration: 1}
$data merge entity $(bone_right_arm) {transformation: [-0.4148f,-0.8622f,0.2906f,-0.145f,0.4943f,-0.4817f,-0.7237f,-0.9496f,0.7639f,-0.1566f,0.626f,0.2633f,0f,0f,0f,1f],start_interpolation: 0,interpolation_duration: 1}
$data merge entity $(bone_short_sword) {transformation: [-0.8924f,0.6368f,-0.399f,0.3236f,-0.7325f,-0.5985f,0.6829f,-0.969f,0.168f,0.7728f,0.8577f,-0.5337f,0f,0f,0f,1f],start_interpolation: 0,interpolation_duration: 1}
$data merge entity $(bone_left_forearm) {transformation: [-0.7649f,-0.342f,-0.5459f,0.2291f,-0.6279f,0.5853f,0.513f,-0.8117f,0.144f,0.7351f,-0.6624f,-0.3498f,0f,0f,0f,1f],start_interpolation: 0,interpolation_duration: 1}
$data merge entity $(bone_left_arm) {transformation: [-0.2708f,-0.0653f,-0.9604f,0.1769f,-0.7243f,0.671f,0.1586f,-0.7135f,0.6341f,0.7386f,-0.229f,-0.0628f,0f,0f,0f,1f],start_interpolation: 0,interpolation_duration: 1}
$data merge entity $(bone_torso) {transformation: [-0.6321f,0.0466f,-0.7735f,-0.0003f,-0.2375f,0.9385f,0.2505f,-1.1094f,0.7376f,0.342f,-0.5821f,-0.0031f,0f,0f,0f,1f],start_interpolation: 0,interpolation_duration: 1}
$data merge entity $(bone_right_dress) {transformation: [-0.9724f,-0.2156f,-0.0892f,-0.1935f,-0.2164f,0.9763f,0f,-1.2662f,0.0871f,0.0193f,-0.996f,0.0095f,0f,0f,0f,1f],start_interpolation: 0,interpolation_duration: 1}
$data merge entity $(bone_left_dress) {transformation: [-0.9724f,0.2156f,-0.0892f,0.1299f,0.2164f,0.9763f,0f,-1.2662f,0.0871f,-0.0193f,-0.996f,-0.0195f,0f,0f,0f,1f],start_interpolation: 0,interpolation_duration: 1}
$data merge entity $(bone_lower_right_leg) {transformation: [-0.9648f,0.2591f,0.0452f,-0.2228f,0.2162f,0.6831f,0.6976f,-1.6526f,0.1499f,0.6828f,-0.715f,-0.221f,0f,0f,0f,1f],start_interpolation: 0,interpolation_duration: 1}
$data merge entity $(bone_right_leg) {transformation: [-0.9648f,0.2621f,0.0228f,-0.1245f,0.2162f,0.7404f,0.6365f,-1.375f,0.1499f,0.619f,-0.771f,0.0112f,0f,0f,0f,1f],start_interpolation: 0,interpolation_duration: 1}
$data merge entity $(bone_lower_left_leg) {transformation: [-0.8995f,-0.0782f,-0.4299f,0.2841f,-0.1079f,0.9931f,0.0453f,-1.5381f,0.4234f,0.0871f,-0.9017f,0.2864f,0f,0f,0f,1f],start_interpolation: 0,interpolation_duration: 1}
$data merge entity $(bone_left_leg) {transformation: [-0.8995f,-0.4257f,-0.0986f,0.1245f,-0.1079f,0.435f,-0.8939f,-1.375f,0.4234f,-0.7934f,-0.4373f,-0.0112f,0f,0f,0f,1f],start_interpolation: 0,interpolation_duration: 1}
$data merge entity $(bone_waist) {transformation: [-0.996f,0f,-0.0892f,0f,0f,1f,0f,-1.0312f,0.0892f,0f,-0.996f,0f,0f,0f,0f,1f],start_interpolation: 0,interpolation_duration: 1}
$data merge entity $(bone_pony_tail) {transformation: [-0.7998f,0.0399f,-0.5989f,-0.1454f,-0.0994f,0.9752f,0.1977f,-0.5958f,0.592f,0.2177f,-0.776f,-0.0599f,0f,0f,0f,1f],start_interpolation: 0,interpolation_duration: 1}
$data merge entity $(bone_head) {transformation: [-0.7998f,0.0399f,-0.5989f,-0.0063f,-0.0994f,0.9752f,0.1977f,-0.6726f,0.592f,0.2177f,-0.776f,0.1152f,0f,0f,0f,1f],start_interpolation: 0,interpolation_duration: 1}
data modify entity @s data merge value {"cameras":{},"locators":{"locator":{"posx":2.27066620909999,"posy":-0.061916367288099794,"posz":2.1247314347594517,"roty":211.7322015795418,"rotx":-34.624809911001364},"locator2":{"posx":1.9805526882451134,"posy":-0.3946012250854769,"posz":2.47894525494371,"roty":211.7322015795418,"rotx":-34.624809911001364},"locator3":{"posx":1.670825020740969,"posy":-0.7048458644929978,"posz":2.749947165825053,"roty":211.7322015795418,"rotx":-34.624809911001364},"locator4":{"posx":1.2677691850971669,"posy":-1.041235082358253,"posz":2.942010403998001,"roty":211.7322015795418,"rotx":-34.624809911001364},"locator5":{"posx":2.4674515618152095,"posy":0.24462391205154288,"posz":1.691578941866798,"roty":211.7322015795418,"rotx":-34.624809911001364},"saber_hitbox":{"posx":0.8161857202425598,"posy":-0.4547219326632952,"posz":0.9063962239211848,"roty":211.7322015795418,"rotx":-34.624809911001364},"locator6":{"posx":1.587524332327657,"posy":-2.1541490379485904,"posz":1.012215060597439,"roty":204.9506486496871,"rotx":35.82501603371857},"locator7":{"posx":1.361016413589647,"posy":-1.7928465617291622,"posz":1.3843268494817527,"roty":204.9506486496871,"rotx":35.82501603371857},"locator8":{"posx":1.1217689097051033,"posy":-1.4360614465039672,"posz":1.6690899324801634,"roty":204.9506486496871,"rotx":35.82501603371857},"locator9":{"posx":0.8142885688091981,"posy":-1.0151470858245073,"posz":1.8710477026608112,"roty":204.9506486496871,"rotx":35.82501603371857},"locator10":{"posx":1.7457994140543063,"posy":-2.4513222687137537,"posz":0.5572979588953623,"roty":204.9506486496871,"rotx":35.82501603371857},"short_sword_hitbox":{"posx":0.5981481956629142,"posy":-1.2242749788617449,"posz":-0.1884619752601232,"roty":204.9506486496871,"rotx":35.82501603371857}}}
execute on vehicle unless entity @s[tag=aj.transforms_only] at @s run function animated_java:mage_hunter/animations/side_slash1/zzz/frames/19_root_commands