# This file was generated by Animated Java via MC-Build. It is not recommended to edit this file directly.
$data merge entity $(bone_chest) {transformation: [-0.9802f,0.022f,0.1966f,0.0028f,0.0401f,0.9952f,0.0889f,-0.7714f,-0.1937f,0.095f,-0.9765f,0.0322f,0f,0f,0f,1f],start_interpolation: 0,interpolation_duration: 1}
$data merge entity $(bone_cape) {transformation: [-0.9802f,-0.0039f,0.1978f,0.2355f,0.0401f,0.9751f,0.2181f,-0.6452f,-0.1937f,0.2217f,-0.9557f,0.0098f,0f,0f,0f,1f],start_interpolation: 0,interpolation_duration: 1}
$data merge entity $(bone_saber) {transformation: [-0.7783f,-1.0367f,0.4584f,-0.552f,0.4949f,0.1895f,1.2688f,-1.1442f,-1.0198f,0.8832f,0.2659f,-0.1133f,0f,0f,0f,1f],start_interpolation: 0,interpolation_duration: 1}
$data merge entity $(bone_right_forearm) {transformation: [-0.566f,0.3334f,0.754f,-0.4496f,0.3599f,0.9227f,-0.1378f,-0.8518f,-0.7417f,0.1934f,-0.6423f,-0.0707f,0f,0f,0f,1f],start_interpolation: 0,interpolation_duration: 1}
$data merge entity $(bone_right_arm) {transformation: [-0.9219f,0.3334f,0.1973f,-0.2406f,0.362f,0.9227f,0.1322f,-0.6376f,-0.138f,0.1934f,-0.9714f,0.0009f,0f,0f,0f,1f],start_interpolation: 0,interpolation_duration: 1}
$data merge entity $(bone_short_sword) {transformation: [-1.042f,-0.4194f,-0.3153f,0.4933f,-0.4771f,0.4656f,0.9574f,-1.1121f,-0.2183f,0.9841f,-0.5874f,0.2913f,0f,0f,0f,1f],start_interpolation: 0,interpolation_duration: 1}
$data merge entity $(bone_left_forearm) {transformation: [-0.8932f,-0.2702f,0.3595f,0.4269f,-0.4089f,0.8207f,-0.3991f,-0.9033f,-0.1871f,-0.5035f,-0.8435f,0.1519f,0f,0f,0f,1f],start_interpolation: 0,interpolation_duration: 1}
$data merge entity $(bone_left_arm) {transformation: [-0.9715f,-0.199f,0.1289f,0.2495f,-0.2149f,0.9688f,-0.1235f,-0.6576f,-0.1003f,-0.1477f,-0.9839f,0.0978f,0f,0f,0f,1f],start_interpolation: 0,interpolation_duration: 1}
$data merge entity $(bone_torso) {transformation: [-0.9802f,0.0134f,0.1973f,0.0003f,0.0401f,0.9904f,0.1322f,-1.0031f,-0.1937f,0.1375f,-0.9714f,-0.0031f,0f,0f,0f,1f],start_interpolation: 0,interpolation_duration: 1}
$data merge entity $(bone_right_dress) {transformation: [-0.9672f,-0.2144f,0.1361f,-0.1907f,-0.2164f,0.9763f,0f,-1.1599f,-0.1328f,-0.0294f,-0.9907f,-0.0341f,0f,0f,0f,1f],start_interpolation: 0,interpolation_duration: 1}
$data merge entity $(bone_left_dress) {transformation: [-0.9672f,0.2144f,0.1361f,0.1309f,0.2164f,0.9763f,0f,-1.1599f,-0.1328f,0.0294f,-0.9907f,0.0101f,0f,0f,0f,1f],start_interpolation: 0,interpolation_duration: 1}
$data merge entity $(bone_lower_right_leg) {transformation: [-0.988f,0.0622f,0.1414f,-0.1571f,0.1052f,0.9412f,0.321f,-1.6384f,-0.1131f,0.332f,-0.9365f,-0.0704f,0f,0f,0f,1f],start_interpolation: 0,interpolation_duration: 1}
$data merge entity $(bone_right_leg) {transformation: [-0.988f,0.0886f,0.1265f,-0.1238f,0.1052f,0.9858f,0.1307f,-1.2687f,-0.1131f,0.1424f,-0.9833f,-0.017f,0f,0f,0f,1f],start_interpolation: 0,interpolation_duration: 1}
$data merge entity $(bone_lower_left_leg) {transformation: [-0.9933f,-0.0795f,0.084f,0.1413f,-0.0813f,0.9965f,-0.018f,-1.6182f,-0.0823f,-0.0247f,-0.9963f,0.1519f,0f,0f,0f,1f],start_interpolation: 0,interpolation_duration: 1}
$data merge entity $(bone_left_leg) {transformation: [-0.9933f,-0.0465f,0.1059f,0.1238f,-0.0813f,0.9319f,-0.3535f,-1.2687f,-0.0823f,-0.3598f,-0.9294f,0.017f,0f,0f,0f,1f],start_interpolation: 0,interpolation_duration: 1}
$data merge entity $(bone_waist) {transformation: [-0.9907f,0f,0.1361f,0f,0f,1f,0f,-0.925f,-0.1361f,0f,-0.9907f,0f,0f,0f,0f,1f],start_interpolation: 0,interpolation_duration: 1}
$data merge entity $(bone_pony_tail) {transformation: [-0.9989f,-0.0177f,-0.0442f,-0.0203f,-0.0236f,0.9902f,0.1378f,-0.4926f,0.0413f,0.1387f,-0.9895f,-0.1871f,0f,0f,0f,1f],start_interpolation: 0,interpolation_duration: 1}
$data merge entity $(bone_head) {transformation: [-0.9989f,-0.0177f,-0.0442f,-0.0094f,-0.0236f,0.9902f,0.1378f,-0.5559f,0.0413f,0.1387f,-0.9895f,0.0405f,0f,0f,0f,1f],start_interpolation: 0,interpolation_duration: 1}
data modify entity @s data merge value {"cameras":{},"locators":{"body_hitbox":{"posx":-0.02521265515371522,"posy":-0.938030906705958,"posz":0.13936563200813168,"roty":11.382050098717883,"rotx":5.101029944714429},"flame":{"posx":-2.5365419419157353,"posy":-0.7679930373660817,"posz":1.5627596007825046,"roty":120.1109057443058,"rotx":67.33076082900375},"flame1":{"posx":-2.3018813449033733,"posy":-0.25756304312934286,"posz":1.631375380259858,"roty":120.1109057443058,"rotx":67.33076082900375},"flame2":{"posx":-2.0409362852591864,"posy":0.1865812323081193,"posz":1.6477625228851986,"roty":120.1109057443058,"rotx":67.33076082900375},"flame3":{"posx":-1.6857470734752409,"posy":0.6134972127542315,"posz":1.5838612750723873,"roty":120.1109057443058,"rotx":67.33076082900375},"flame4":{"posx":-2.676958386788339,"posy":-1.2956513265941703,"posz":1.4138554308669995,"roty":120.1109057443058,"rotx":67.33076082900375},"saber_hitbox":{"posx":-1.0197911810621094,"posy":-1.0492695700262669,"posz":0.28973376355467706,"roty":120.1109057443058,"rotx":67.33076082900375},"flame5":{"posx":-0.3441438218491552,"posy":-0.17678290206914682,"posz":2.2447256147222525,"roty":331.77519548865894,"rotx":55.151074776025155},"flame6":{"posx":-0.4736883199607382,"posy":0.25989422249696514,"posz":1.9088032845777825,"roty":331.77519548865894,"rotx":55.151074776025155},"flame7":{"posx":-0.5638770857399689,"posy":0.6203349879165985,"posz":1.5516290397743144,"roty":331.77519548865894,"rotx":55.151074776025155},"flame8":{"posx":-0.6091344329432817,"posy":0.9308857317857928,"posz":1.0890168825557551,"roty":331.77519548865894,"rotx":55.151074776025155},"flame9":{"posx":-0.16966790516165414,"posy":-0.663350048185698,"posz":2.4752100324516313,"roty":331.77519548865894,"rotx":55.151074776025155},"short_sword_hitbox":{"posx":0.3298274567896119,"posy":-0.9251332253257347,"posz":0.6631569284958887,"roty":331.77519548865894,"rotx":55.151074776025155}}}
execute on vehicle unless entity @s[tag=aj.transforms_only] at @s run function animated_java:mage_hunter/animations/side_slash1/zzz/frames/2_root_commands