# This file was generated by Animated Java via MC-Build. It is not recommended to edit this file directly.
$data merge entity $(bone_chest) {transformation: [-0.7499f,-0.0328f,-0.6607f,0.0009f,-0.2171f,0.9556f,0.199f,-0.8624f,0.6249f,0.2927f,-0.7237f,0.075f,0f,0f,0f,1f],start_interpolation: 0,interpolation_duration: 1}
$data merge entity $(bone_cape) {transformation: [-0.7499f,0.0537f,-0.6594f,0.1086f,-0.2171f,0.9215f,0.322f,-0.6763f,0.6249f,0.3847f,-0.6794f,-0.0811f,0f,0f,0f,1f],start_interpolation: 0,interpolation_duration: 1}
$data merge entity $(bone_saber) {transformation: [0.296f,0.2811f,-1.313f,0.2002f,-1.3409f,-0.0089f,-0.3042f,-0.7468f,-0.0707f,1.3459f,0.2722f,0.6853f,0f,0f,0f,1f],start_interpolation: 0,interpolation_duration: 1}
$data merge entity $(bone_right_forearm) {transformation: [0.2153f,-0.7917f,0.5717f,-0.0381f,-0.9752f,-0.1435f,0.1685f,-0.8052f,-0.0514f,-0.5938f,-0.803f,0.4915f,0f,0f,0f,1f],start_interpolation: 0,interpolation_duration: 1}
$data merge entity $(bone_right_arm) {transformation: [-0.5935f,-0.7917f,-0.1449f,-0.1866f,0.4111f,-0.1435f,-0.9002f,-0.8969f,0.6919f,-0.5938f,0.4106f,0.238f,0f,0f,0f,1f],start_interpolation: 0,interpolation_duration: 1}
$data merge entity $(bone_short_sword) {transformation: [-0.8915f,0.544f,-0.52f,0.4168f,-0.7382f,-0.4757f,0.768f,-0.9896f,0.1461f,0.9159f,0.7077f,-0.4497f,0f,0f,0f,1f],start_interpolation: 0,interpolation_duration: 1}
$data merge entity $(bone_left_forearm) {transformation: [-0.7641f,-0.4457f,-0.4663f,0.2962f,-0.6328f,0.6583f,0.4078f,-0.8145f,0.1252f,0.6066f,-0.7851f,-0.3004f,0f,0f,0f,1f],start_interpolation: 0,interpolation_duration: 1}
$data merge entity $(bone_left_arm) {transformation: [-0.4569f,-0.1821f,-0.8707f,0.1879f,-0.6529f,0.7334f,0.1892f,-0.6898f,0.6041f,0.6549f,-0.454f,-0.0407f,0f,0f,0f,1f],start_interpolation: 0,interpolation_duration: 1}
$data merge entity $(bone_torso) {transformation: [-0.7499f,-0.0039f,-0.6615f,-0.0002f,-0.2171f,0.9461f,0.2405f,-1.0833f,0.6249f,0.324f,-0.7103f,-0.0031f,0f,0f,0f,1f],start_interpolation: 0,interpolation_duration: 1}
$data merge entity $(bone_right_dress) {transformation: [-0.9737f,-0.2159f,-0.0727f,-0.1936f,-0.2164f,0.9763f,0f,-1.2401f,0.0709f,0.0157f,-0.9974f,0.0063f,0f,0f,0f,1f],start_interpolation: 0,interpolation_duration: 1}
$data merge entity $(bone_left_dress) {transformation: [-0.9737f,0.2159f,-0.0727f,0.1302f,0.2164f,0.9763f,0f,-1.2401f,0.0709f,-0.0157f,-0.9974f,-0.0173f,0f,0f,0f,1f],start_interpolation: 0,interpolation_duration: 1}
$data merge entity $(bone_lower_right_leg) {transformation: [-0.9746f,0.2234f,0.0139f,-0.2086f,0.1867f,0.7772f,0.6009f,-1.6568f,0.1234f,0.5882f,-0.7992f,-0.1879f,0f,0f,0f,1f],start_interpolation: 0,interpolation_duration: 1}
$data merge entity $(bone_right_leg) {transformation: [-0.9746f,0.2238f,-0.0032f,-0.1247f,0.1867f,0.821f,0.5395f,-1.349f,0.1234f,0.5252f,-0.842f,0.0091f,0f,0f,0f,1f],start_interpolation: 0,interpolation_duration: 1}
$data merge entity $(bone_lower_left_leg) {transformation: [-0.9314f,-0.0785f,-0.3555f,0.2507f,-0.0988f,0.9943f,0.0394f,-1.5751f,0.3504f,0.0718f,-0.9338f,0.2622f,0f,0f,0f,1f],start_interpolation: 0,interpolation_duration: 1}
$data merge entity $(bone_left_leg) {transformation: [-0.9314f,-0.3362f,-0.1398f,0.1247f,-0.0988f,0.6029f,-0.7917f,-1.349f,0.3504f,-0.7235f,-0.5948f,-0.0091f,0f,0f,0f,1f],start_interpolation: 0,interpolation_duration: 1}
$data merge entity $(bone_waist) {transformation: [-0.9974f,0f,-0.0727f,0f,0f,1f,0f,-1.0052f,0.0727f,0f,-0.9974f,0f,0f,0f,0f,1f],start_interpolation: 0,interpolation_duration: 1}
$data merge entity $(bone_pony_tail) {transformation: [-0.8624f,0.0207f,-0.5058f,-0.1246f,-0.0862f,0.9786f,0.1869f,-0.5696f,0.4988f,0.2048f,-0.8422f,-0.094f,0f,0f,0f,1f],start_interpolation: 0,interpolation_duration: 1}
$data merge entity $(bone_head) {transformation: [-0.8624f,0.0207f,-0.5058f,-0.0067f,-0.0862f,0.9786f,0.1869f,-0.644f,0.4988f,0.2048f,-0.8422f,0.097f,0f,0f,0f,1f],start_interpolation: 0,interpolation_duration: 1}
data modify entity @s data merge value {"cameras":{},"locators":{"locator":{"posx":0.730972399965759,"posy":-0.781150454494796,"posz":3.2555720502789454,"roty":258.2874434971134,"rotx":-12.78120496585357},"locator2":{"posx":0.1810546516424599,"posy":-0.9051862592996123,"posz":3.305752616292633,"roty":258.2874434971134,"rotx":-12.78120496585357},"locator3":{"posx":-0.32195819327511466,"posy":-1.0149899924320724,"posz":3.282381308282523,"roty":258.2874434971134,"rotx":-12.78120496585357},"locator4":{"posx":-0.850525761727045,"posy":-1.1239831575152546,"posz":3.136652740232316,"roty":258.2874434971134,"rotx":-12.78120496585357},"locator5":{"posx":1.2553354247547024,"posy":-0.6563040816407019,"posz":3.0830342242251594,"roty":258.2874434971134,"rotx":-12.78120496585357},"saber_hitbox":{"posx":0.3315106281922927,"posy":-0.7533491431924252,"posz":1.3598379522033557,"roty":258.2874434971134,"rotx":-12.78120496585357},"locator6":{"posx":1.494878909263775,"posy":-1.9295470345813357,"posz":1.3795727057662186,"roty":216.3056252790826,"rotx":41.16845732635617},"locator7":{"posx":1.2150216353227865,"posy":-1.53378280573689,"posz":1.6717423164198246,"roty":216.3056252790826,"rotx":41.16845732635617},"locator8":{"posx":0.9338781590757183,"posy":-1.1536763094395501,"posz":1.876931003330859,"roty":216.3056252790826,"rotx":41.16845732635617},"locator9":{"posx":0.5944480638895083,"posy":-0.7226008859581112,"posz":1.9839879496359845,"roty":216.3056252790826,"rotx":41.16845732635617},"locator10":{"posx":1.7164495642656217,"posy":-2.2743423362416824,"posz":0.9892713545067038,"roty":216.3056252790826,"rotx":41.16845732635617},"short_sword_hitbox":{"posx":0.6497229346462217,"posy":-1.1904975904119006,"posz":-0.04333753301945509,"roty":216.3056252790826,"rotx":41.16845732635617}}}
execute on vehicle unless entity @s[tag=aj.transforms_only] at @s run function animated_java:mage_hunter/animations/side_slash1/zzz/frames/21_root_commands