# This file was generated by Animated Java via MC-Build. It is not recommended to edit this file directly.
$data merge entity $(bone_chest) {transformation: [-0.8365f,-0.0643f,-0.5442f,-0.008f,-0.1877f,0.9666f,0.1743f,-0.8334f,0.5148f,0.248f,-0.8206f,0.0659f,0f,0f,0f,1f],start_interpolation: 0,interpolation_duration: 1}
$data merge entity $(bone_cape) {transformation: [-0.8365f,0.0073f,-0.548f,0.1238f,-0.1877f,0.9356f,0.299f,-0.6543f,0.5148f,0.353f,-0.7812f,-0.0796f,0f,0f,0f,1f],start_interpolation: 0,interpolation_duration: 1}
$data merge entity $(bone_saber) {transformation: [-0.32f,-0.3853f,-1.2805f,0.0157f,-1.3337f,-0.0039f,0.3345f,-0.8958f,-0.0973f,1.3199f,-0.3729f,0.766f,0f,0f,0f,1f],start_interpolation: 0,interpolation_duration: 1}
$data merge entity $(bone_right_forearm) {transformation: [-0.2327f,-0.5567f,0.7974f,-0.1541f,-0.97f,0.1926f,-0.1487f,-0.8522f,-0.0708f,-0.8081f,-0.5848f,0.5071f,0f,0f,0f,1f],start_interpolation: 0,interpolation_duration: 1}
$data merge entity $(bone_right_arm) {transformation: [-0.7352f,-0.5567f,-0.3868f,-0.2188f,0.3388f,0.1926f,-0.921f,-0.8404f,0.5872f,-0.8081f,0.047f,0.2064f,0f,0f,0f,1f],start_interpolation: 0,interpolation_duration: 1}
$data merge entity $(bone_short_sword) {transformation: [-0.9168f,0.4618f,-0.5544f,0.4696f,-0.7012f,-0.3593f,0.8604f,-1.0154f,0.1698f,1.0093f,0.5599f,-0.3657f,0f,0f,0f,1f],start_interpolation: 0,interpolation_duration: 1}
$data merge entity $(bone_left_forearm) {transformation: [-0.7858f,-0.4752f,-0.3958f,0.3422f,-0.6011f,0.7375f,0.308f,-0.8208f,0.1455f,0.4799f,-0.8651f,-0.2502f,0f,0f,0f,1f],start_interpolation: 0,interpolation_duration: 1}
$data merge entity $(bone_left_arm) {transformation: [-0.6168f,-0.2453f,-0.7479f,0.1961f,-0.5653f,0.7992f,0.2041f,-0.6667f,0.5476f,0.5487f,-0.6317f,-0.0274f,0f,0f,0f,1f],start_interpolation: 0,interpolation_duration: 1}
$data merge entity $(bone_torso) {transformation: [-0.8365f,-0.0405f,-0.5465f,-0.0002f,-0.1877f,0.9581f,0.2163f,-1.0573f,0.5148f,0.2835f,-0.809f,-0.0031f,0f,0f,0f,1f],start_interpolation: 0,interpolation_duration: 1}
$data merge entity $(bone_right_dress) {transformation: [-0.9746f,-0.2161f,-0.0581f,-0.1937f,-0.2164f,0.9763f,0f,-1.2141f,0.0568f,0.0126f,-0.9983f,0.0035f,0f,0f,0f,1f],start_interpolation: 0,interpolation_duration: 1}
$data merge entity $(bone_left_dress) {transformation: [-0.9746f,0.2161f,-0.0581f,0.1304f,0.2164f,0.9763f,0f,-1.2141f,0.0568f,-0.0126f,-0.9983f,-0.0154f,0f,0f,0f,1f],start_interpolation: 0,interpolation_duration: 1}
$data merge entity $(bone_lower_right_leg) {transformation: [-0.9824f,0.1867f,-0.0078f,-0.1945f,0.1584f,0.8543f,0.4951f,-1.6541f,0.0991f,0.4851f,-0.8688f,-0.1543f,0f,0f,0f,1f],start_interpolation: 0,interpolation_duration: 1}
$data merge entity $(bone_right_leg) {transformation: [-0.9824f,0.1858f,-0.0193f,-0.1248f,0.1584f,0.8831f,0.4417f,-1.3229f,0.0991f,0.4309f,-0.8969f,0.0073f,0f,0f,0f,1f],start_interpolation: 0,interpolation_duration: 1}
$data merge entity $(bone_lower_left_leg) {transformation: [-0.9551f,-0.0753f,-0.2864f,0.2197f,-0.0888f,0.9955f,0.0341f,-1.6004f,0.2826f,0.058f,-0.9575f,0.2264f,0f,0f,0f,1f],start_interpolation: 0,interpolation_duration: 1}
$data merge entity $(bone_left_leg) {transformation: [-0.9551f,-0.2531f,-0.1538f,0.1248f,-0.0888f,0.74f,-0.6667f,-1.3229f,0.2826f,-0.6231f,-0.7293f,-0.0073f,0f,0f,0f,1f],start_interpolation: 0,interpolation_duration: 1}
$data merge entity $(bone_waist) {transformation: [-0.9983f,0f,-0.0581f,0f,0f,1f,0f,-0.9792f,0.0581f,0f,-0.9983f,0f,0f,0f,0f,1f],start_interpolation: 0,interpolation_duration: 1}
$data merge entity $(bone_pony_tail) {transformation: [-0.9111f,0.0063f,-0.4121f,-0.1029f,-0.0717f,0.9822f,0.1735f,-0.5438f,0.4058f,0.1876f,-0.8945f,-0.1263f,0f,0f,0f,1f],start_interpolation: 0,interpolation_duration: 1}
$data merge entity $(bone_head) {transformation: [-0.9111f,0.0063f,-0.4121f,-0.0065f,-0.0717f,0.9822f,0.1735f,-0.6152f,0.4058f,0.1876f,-0.8945f,0.0775f,0f,0f,0f,1f],start_interpolation: 0,interpolation_duration: 1}
data modify entity @s data merge value {"cameras":{},"locators":{"body_hitbox":{"posx":0.07010635012912775,"posy":-1.0062361650977545,"posz":0.12969536125277029,"roty":326.4490745655434,"rotx":10.03852003581804},"saber_hitbox":{"posx":-0.1682740022378699,"posy":-0.8952023006769828,"posz":1.36300417743749,"roty":286.2348153888503,"rotx":14.07889909169847},"short_sword_hitbox":{"posx":0.6416336937320934,"posy":-1.1454450156594782,"posz":0.026021069175761857,"roty":224.71467633006364,"rotx":47.51721319570125}}}
execute on vehicle unless entity @s[tag=aj.transforms_only] at @s run function animated_java:mage_hunter/animations/side_slash1/zzz/frames/22_root_commands