# This file was generated by Animated Java via MC-Build. It is not recommended to edit this file directly.
$data merge entity $(bone_chest) {transformation: [-0.969f,-0.0683f,-0.2373f,-0.0129f,-0.088f,0.9934f,0.0736f,-0.7737f,0.2307f,0.0922f,-0.9687f,0.0314f,0f,0f,0f,1f],start_interpolation: 0,interpolation_duration: 1}
$data merge entity $(bone_cape) {transformation: [-0.969f,-0.0367f,-0.2441f,0.1716f,-0.088f,0.9753f,0.2027f,-0.621f,0.2307f,0.2179f,-0.9483f,-0.0836f,0f,0f,0f,1f],start_interpolation: 0,interpolation_duration: 1}
$data merge entity $(bone_saber) {transformation: [-1.1928f,-0.6535f,-0.2018f,-0.3799f,-0.3581f,0.2513f,1.3035f,-1.1766f,-0.5827f,1.1834f,-0.3882f,0.472f,0f,0f,0f,1f],start_interpolation: 0,interpolation_duration: 1}
$data merge entity $(bone_right_forearm) {transformation: [-0.8675f,0.0174f,0.4971f,-0.3833f,-0.2605f,0.8355f,-0.4839f,-0.9245f,-0.4238f,-0.5492f,-0.7203f,0.2871f,0f,0f,0f,1f],start_interpolation: 0,interpolation_duration: 1}
$data merge entity $(bone_right_arm) {transformation: [-0.947f,0.0174f,-0.3206f,-0.26f,0.19f,0.8355f,-0.5156f,-0.7133f,0.2589f,-0.5492f,-0.7946f,0.1003f,0f,0f,0f,1f],start_interpolation: 0,interpolation_duration: 1}
$data merge entity $(bone_short_sword) {transformation: [-1.0584f,0.2763f,-0.4056f,0.4956f,-0.4401f,-0.1073f,1.0751f,-1.0953f,0.2173f,1.1284f,0.2016f,-0.1466f,0f,0f,0f,1f],start_interpolation: 0,interpolation_duration: 1}
$data merge entity $(bone_left_forearm) {transformation: [-0.9072f,-0.3477f,-0.2368f,0.4029f,-0.3772f,0.9215f,0.092f,-0.8552f,0.1863f,0.1728f,-0.9672f,-0.1119f,0f,0f,0f,1f],start_interpolation: 0,interpolation_duration: 1}
$data merge entity $(bone_left_arm) {transformation: [-0.9079f,-0.2392f,-0.3443f,0.2221f,-0.3028f,0.9421f,0.1442f,-0.6281f,0.2898f,0.2352f,-0.9277f,-0.0095f,0f,0f,0f,1f],start_interpolation: 0,interpolation_duration: 1}
$data merge entity $(bone_torso) {transformation: [-0.969f,-0.0579f,-0.24f,-0.0001f,-0.088f,0.9892f,0.1169f,-1.0052f,0.2307f,0.1344f,-0.9637f,-0.0031f,0f,0f,0f,1f],start_interpolation: 0,interpolation_duration: 1}
$data merge entity $(bone_right_dress) {transformation: [-0.9759f,-0.2163f,-0.0291f,-0.1937f,-0.2164f,0.9763f,0f,-1.162f,0.0284f,0.0063f,-0.9996f,-0.0022f,0f,0f,0f,1f],start_interpolation: 0,interpolation_duration: 1}
$data merge entity $(bone_left_dress) {transformation: [-0.9759f,0.2163f,-0.0291f,0.1308f,0.2164f,0.9763f,0f,-1.162f,0.0284f,-0.0063f,-0.9996f,-0.0116f,0f,0f,0f,1f],start_interpolation: 0,interpolation_duration: 1}
$data merge entity $(bone_lower_right_leg) {transformation: [-0.9947f,0.1f,-0.0255f,-0.1622f,0.0921f,0.9718f,0.2173f,-1.6372f,0.0466f,0.2138f,-0.9758f,-0.067f,0f,0f,0f,1f],start_interpolation: 0,interpolation_duration: 1}
$data merge entity $(bone_right_leg) {transformation: [-0.9947f,0.0993f,-0.0281f,-0.1249f,0.0921f,0.977f,0.1921f,-1.2708f,0.0466f,0.1885f,-0.981f,0.0036f,0f,0f,0f,1f],start_interpolation: 0,interpolation_duration: 1}
$data merge entity $(bone_lower_left_leg) {transformation: [-0.9901f,-0.0607f,-0.1262f,0.1616f,-0.0633f,0.9978f,0.017f,-1.6277f,0.1249f,0.0248f,-0.9919f,0.1057f,0f,0f,0f,1f],start_interpolation: 0,interpolation_duration: 1}
$data merge entity $(bone_left_leg) {transformation: [-0.9901f,-0.0977f,-0.1004f,0.1249f,-0.0633f,0.9516f,-0.3008f,-1.2708f,0.1249f,-0.2915f,-0.9484f,-0.0036f,0f,0f,0f,1f],start_interpolation: 0,interpolation_duration: 1}
$data merge entity $(bone_waist) {transformation: [-0.9996f,0f,-0.0291f,0f,0f,1f,0f,-0.9271f,0.0291f,0f,-0.9996f,0f,0f,0f,0f,1f],start_interpolation: 0,interpolation_duration: 1}
$data merge entity $(bone_pony_tail) {transformation: [-0.9832f,-0.0077f,-0.1823f,-0.0466f,-0.0319f,0.991f,0.1302f,-0.4952f,0.1796f,0.1338f,-0.9746f,-0.1917f,0f,0f,0f,1f],start_interpolation: 0,interpolation_duration: 1}
$data merge entity $(bone_head) {transformation: [-0.9832f,-0.0077f,-0.1823f,-0.0037f,-0.0319f,0.991f,0.1302f,-0.5567f,0.1796f,0.1338f,-0.9746f,0.0325f,0f,0f,0f,1f],start_interpolation: 0,interpolation_duration: 1}
data modify entity @s data merge value {"cameras":{},"locators":{"body_hitbox":{"posx":0.02742470705762974,"posy":-0.9381420363583338,"posz":0.1380567820298178,"roty":346.2368596787988,"rotx":4.222232946324651},"saber_hitbox":{"posx":-0.6781802132060845,"posy":-1.0534217828781944,"posz":1.0069250357603297,"roty":332.53621302039437,"rotx":71.4478470569764},"short_sword_hitbox":{"posx":0.5978544959491341,"posy":-1.126830008071429,"posz":0.2875504728823749,"roty":243.5753244118833,"rotx":67.15359628049934}}}
execute on vehicle unless entity @s[tag=aj.transforms_only] at @s run function animated_java:mage_hunter/animations/side_slash1/zzz/frames/24_root_commands