# This file was generated by Animated Java via MC-Build. It is not recommended to edit this file directly.
$data merge entity $(bone_chest) {transformation: [-0.9946f,-0.0354f,-0.0975f,-0.007f,-0.0364f,0.9993f,0.0085f,-0.7454f,0.0972f,0.012f,-0.9952f,0.013f,0f,0f,0f,1f],start_interpolation: 0,interpolation_duration: 1}
$data merge entity $(bone_cape) {transformation: [-0.9946f,-0.0224f,-0.1013f,0.1983f,-0.0364f,0.9896f,0.1389f,-0.6083f,0.0972f,0.1418f,-0.9851f,-0.0852f,0f,0f,0f,1f],start_interpolation: 0,interpolation_duration: 1}
$data merge entity $(bone_saber) {transformation: [-1.3004f,-0.4414f,0.0677f,-0.4309f,0.0308f,0.1193f,1.3695f,-1.2066f,-0.4456f,1.2967f,-0.103f,0.207f,0f,0f,0f,1f],start_interpolation: 0,interpolation_duration: 1}
$data merge entity $(bone_right_forearm) {transformation: [-0.9458f,0.102f,0.3084f,-0.4109f,0.0224f,0.9676f,-0.2514f,-0.9066f,-0.324f,-0.2309f,-0.9174f,0.1211f,0f,0f,0f,1f],start_interpolation: 0,interpolation_duration: 1}
$data merge entity $(bone_right_arm) {transformation: [-0.9861f,0.102f,-0.1314f,-0.2589f,0.129f,0.9676f,-0.2169f,-0.6506f,0.105f,-0.2309f,-0.9673f,0.043f,0f,0f,0f,1f],start_interpolation: 0,interpolation_duration: 1}
$data merge entity $(bone_short_sword) {transformation: [-1.1226f,0.2047f,-0.2427f,0.4616f,-0.2511f,-0.0269f,1.139f,-1.1196f,0.1943f,1.1483f,0.0699f,-0.0516f,0f,0f,0f,1f],start_interpolation: 0,interpolation_duration: 1}
$data merge entity $(bone_left_forearm) {transformation: [-0.9623f,-0.208f,-0.1755f,0.4058f,-0.2153f,0.9763f,0.023f,-0.866f,0.1665f,0.0599f,-0.9842f,-0.0463f,0f,0f,0f,1f],start_interpolation: 0,interpolation_duration: 1}
$data merge entity $(bone_left_arm) {transformation: [-0.9763f,-0.1637f,-0.1415f,0.2377f,-0.1747f,0.9822f,0.069f,-0.6116f,0.1277f,0.0921f,-0.9875f,-0.0044f,0f,0f,0f,1f],start_interpolation: 0,interpolation_duration: 1}
$data merge entity $(bone_torso) {transformation: [-0.9946f,-0.0311f,-0.099f,0f,-0.0364f,0.998f,0.0521f,-0.9792f,0.0972f,0.0554f,-0.9937f,-0.0031f,0f,0f,0f,1f],start_interpolation: 0,interpolation_duration: 1}
$data merge entity $(bone_right_dress) {transformation: [-0.9762f,-0.2164f,-0.0145f,-0.1937f,-0.2164f,0.9763f,0f,-1.1359f,0.0142f,0.0031f,-0.9999f,-0.005f,0f,0f,0f,1f],start_interpolation: 0,interpolation_duration: 1}
$data merge entity $(bone_left_dress) {transformation: [-0.9762f,0.2164f,-0.0145f,0.1309f,0.2164f,0.9763f,0f,-1.1359f,0.0142f,-0.0031f,-0.9999f,-0.0097f,0f,0f,0f,1f],start_interpolation: 0,interpolation_duration: 1}
$data merge entity $(bone_lower_right_leg) {transformation: [-0.9978f,0.065f,-0.016f,-0.1493f,0.0634f,0.994f,0.0889f,-1.6179f,0.0217f,0.0876f,-0.9959f,-0.0271f,0f,0f,0f,1f],start_interpolation: 0,interpolation_duration: 1}
$data merge entity $(bone_right_leg) {transformation: [-0.9978f,0.0648f,-0.0167f,-0.125f,0.0634f,0.9949f,0.0784f,-1.2448f,0.0217f,0.0772f,-0.9968f,0.0018f,0f,0f,0f,1f],start_interpolation: 0,interpolation_duration: 1}
$data merge entity $(bone_lower_left_leg) {transformation: [-0.9972f,-0.0512f,-0.054f,0.1467f,-0.0517f,0.9986f,0.0074f,-1.6164f,0.0536f,0.0101f,-0.9985f,0.0434f,0f,0f,0f,1f],start_interpolation: 0,interpolation_duration: 1}
$data merge entity $(bone_left_leg) {transformation: [-0.9972f,-0.0579f,-0.0469f,0.125f,-0.0517f,0.991f,-0.1234f,-1.2448f,0.0536f,-0.1207f,-0.9912f,-0.0018f,0f,0f,0f,1f],start_interpolation: 0,interpolation_duration: 1}
$data merge entity $(bone_waist) {transformation: [-0.9999f,0f,-0.0145f,0f,0f,1f,0f,-0.901f,0.0145f,0f,-0.9999f,0f,0f,0f,0f,1f],start_interpolation: 0,interpolation_duration: 1}
$data merge entity $(bone_pony_tail) {transformation: [-0.997f,-0.0049f,-0.077f,-0.0199f,-0.0131f,0.9943f,0.1059f,-0.472f,0.076f,0.1065f,-0.9914f,-0.2158f,0f,0f,0f,1f],start_interpolation: 0,interpolation_duration: 1}
$data merge entity $(bone_head) {transformation: [-0.997f,-0.0049f,-0.077f,-0.0017f,-0.0131f,0.9943f,0.1059f,-0.5279f,0.076f,0.1065f,-0.9914f,0.0132f,0f,0f,0f,1f],start_interpolation: 0,interpolation_duration: 1}
data modify entity @s data merge value {"cameras":{},"locators":{"body_hitbox":{"posx":0.010694826220286745,"posy":-0.9026362093379083,"posz":0.13549226353673208,"roty":354.40205235525855,"rotx":0.4890022384786053},"flame":{"posx":-1.2878563491747241,"posy":-0.9689005941456541,"posz":2.676433035187865,"roty":33.34138049093295,"rotx":84.8567425756647},"flame1":{"posx":-1.2400749898019439,"posy":-0.4140901991848126,"posz":2.575364408305512,"roty":33.34138049093295,"rotx":84.8567425756647},"flame2":{"posx":-1.1753072382529808,"posy":0.07304704840553966,"posz":2.420034307007059,"roty":33.34138049093295,"rotx":84.8567425756647},"flame3":{"posx":-1.0704077089123327,"posy":0.54933470972118,"posz":2.1468198263831573,"roty":33.34138049093295,"rotx":84.8567425756647},"flame4":{"posx":-1.2955059307558192,"posy":-1.5345605753812075,"posz":2.6596172827447697,"roty":33.34138049093295,"rotx":84.8567425756647},"saber_hitbox":{"posx":-0.6309701196543642,"posy":-1.1428443328115432,"posz":0.7953460627513278,"roty":33.34138049093295,"rotx":84.8567425756647},"flame5":{"posx":0.8668963795584034,"posy":-1.16290794558756,"posz":2.234464645077309,"roty":253.9303119910491,"rotx":77.49776278101423},"flame6":{"posx":0.7389189904040279,"posy":-0.6123073188995254,"posz":2.206657492113135,"roty":253.9303119910491,"rotx":77.49776278101423},"flame7":{"posx":0.6129761032648163,"posy":-0.12128578745674856,"posz":2.113591682931515,"roty":253.9303119910491,"rotx":77.49776278101423},"flame8":{"posx":0.4650998419220244,"posy":0.3726134978821716,"posz":1.8974988619656572,"roty":253.9303119910491,"rotx":77.49776278101423},"flame9":{"posx":0.9729403945091987,"posy":-1.7106308183794516,"posz":2.1392447862572457,"roty":253.9303119910491,"rotx":77.49776278101423},"short_sword_hitbox":{"posx":0.5378957665047005,"posy":-1.1197416371454136,"posz":0.38905946831374427,"roty":253.9303119910491,"rotx":77.49776278101423}}}