# This file was generated by Animated Java via MC-Build. It is not recommended to edit this file directly.
$data merge entity $(bone_chest) {transformation: [-0.855f,-0.0604f,0.515f,-0.0203f,0.1123f,0.9481f,0.2976f,-0.8602f,-0.5062f,0.3123f,-0.8038f,0.0808f,0f,0f,0f,1f],start_interpolation: 0,interpolation_duration: 1}
$data merge entity $(bone_cape) {transformation: [-0.855f,-0.1271f,0.5027f,0.1996f,0.1123f,0.9011f,0.4188f,-0.7395f,-0.5062f,0.4146f,-0.7562f,0.1683f,0f,0f,0f,1f],start_interpolation: 0,interpolation_duration: 1}
$data merge entity $(bone_saber) {transformation: [0.8255f,-0.8251f,0.7269f,-0.6565f,0.3647f,1.0629f,0.7924f,-0.962f,-1.0374f,-0.2829f,0.857f,-0.3769f,0f,0f,0f,1f],start_interpolation: 0,interpolation_duration: 1}
$data merge entity $(bone_right_forearm) {transformation: [0.6004f,0.5286f,0.6001f,-0.4764f,0.2653f,0.5763f,-0.773f,-0.7854f,-0.7545f,0.6233f,0.2058f,-0.1922f,0f,0f,0f,1f],start_interpolation: 0,interpolation_duration: 1}
$data merge entity $(bone_right_arm) {transformation: [-0.6663f,0.5286f,0.526f,-0.2444f,0.7366f,0.5763f,0.3539f,-0.7154f,-0.116f,0.6233f,-0.7734f,-0.0024f,0f,0f,0f,1f],start_interpolation: 0,interpolation_duration: 1}
$data merge entity $(bone_short_sword) {transformation: [-0.2529f,-1.0734f,0.3806f,0.2598f,-1.0412f,0.3759f,0.3683f,-1.0153f,-0.4616f,-0.2599f,-1.0395f,0.6752f,0f,0f,0f,1f],start_interpolation: 0,interpolation_duration: 1}
$data merge entity $(bone_left_forearm) {transformation: [-0.2168f,0.3263f,0.9201f,0.354f,-0.8925f,0.3157f,-0.3222f,-0.9367f,-0.3956f,-0.891f,0.2227f,0.4462f,0f,0f,0f,1f],start_interpolation: 0,interpolation_duration: 1}
$data merge entity $(bone_left_arm) {transformation: [-0.8293f,-0.2392f,0.505f,0.1831f,-0.4662f,0.7944f,-0.3893f,-0.7716f,-0.308f,-0.5583f,-0.7703f,0.2507f,0f,0f,0f,1f],start_interpolation: 0,interpolation_duration: 1}
$data merge entity $(bone_torso) {transformation: [-0.855f,-0.0828f,0.5119f,0.0007f,0.1123f,0.9342f,0.3387f,-1.0781f,-0.5062f,0.3471f,-0.7895f,-0.0031f,0f,0f,0f,1f],start_interpolation: 0,interpolation_duration: 1}
$data merge entity $(bone_right_dress) {transformation: [-0.9143f,-0.2027f,0.3505f,-0.1786f,-0.2164f,0.9763f,0f,-1.2349f,-0.3422f,-0.0759f,-0.9365f,-0.0752f,0f,0f,0f,1f],start_interpolation: 0,interpolation_duration: 1}
$data merge entity $(bone_left_dress) {transformation: [-0.9143f,0.2027f,0.3505f,0.1255f,0.2164f,0.9763f,0f,-1.2349f,-0.3422f,0.0759f,-0.9365f,0.0386f,0f,0f,0f,1f],start_interpolation: 0,interpolation_duration: 1}
$data merge entity $(bone_lower_right_leg) {transformation: [-0.9347f,-0.1101f,0.3379f,-0.1492f,0.2152f,0.5812f,0.7848f,-1.6846f,-0.2828f,0.8063f,-0.5195f,-0.1968f,0f,0f,0f,1f],start_interpolation: 0,interpolation_duration: 1}
$data merge entity $(bone_right_leg) {transformation: [-0.9347f,0.0858f,0.3448f,-0.1171f,0.2152f,0.9089f,0.3572f,-1.3437f,-0.2828f,0.4081f,-0.868f,-0.0438f,0f,0f,0f,1f],start_interpolation: 0,interpolation_duration: 1}
$data merge entity $(bone_lower_left_leg) {transformation: [-0.9677f,-0.1321f,0.2148f,0.0789f,-0.1484f,0.987f,-0.0616f,-1.5348f,-0.2038f,-0.0915f,-0.9747f,0.3642f,0f,0f,0f,1f],start_interpolation: 0,interpolation_duration: 1}
$data merge entity $(bone_left_leg) {transformation: [-0.9677f,0.1019f,0.2306f,0.1171f,-0.1484f,0.5094f,-0.8476f,-1.3437f,-0.2038f,-0.8545f,-0.4778f,0.0438f,0f,0f,0f,1f],start_interpolation: 0,interpolation_duration: 1}
$data merge entity $(bone_waist) {transformation: [-0.9365f,0f,0.3505f,0f,0f,1f,0f,-1f,-0.3505f,0f,-0.9365f,0f,0f,0f,0f,1f],start_interpolation: 0,interpolation_duration: 1}
$data merge entity $(bone_pony_tail) {transformation: [-0.988f,-0.0297f,-0.1517f,-0.0777f,-0.0622f,0.9749f,0.2138f,-0.561f,0.1415f,0.2206f,-0.965f,-0.1099f,0f,0f,0f,1f],start_interpolation: 0,interpolation_duration: 1}
$data merge entity $(bone_head) {transformation: [-0.988f,-0.0297f,-0.1517f,-0.0412f,-0.0622f,0.9749f,0.2138f,-0.6415f,0.1415f,0.2206f,-0.965f,0.1094f,0f,0f,0f,1f],start_interpolation: 0,interpolation_duration: 1}
data modify entity @s data merge value {"cameras":{},"locators":{"body_hitbox":{"posx":-0.07527039309005354,"posy":-1.045574023653506,"posz":0.13244609000649185,"roty":32.64808640599284,"rotx":17.314919272037198},"saber_hitbox":{"posx":-1.0263027057276146,"posy":-0.47366470773345304,"posz":-0.499494596158067,"roty":139.6974664827423,"rotx":35.18921724473041},"short_sword_hitbox":{"posx":-0.1481625227247143,"posy":-0.8679560619361294,"posz":0.5663228805128495,"roty":20.111641003343408,"rotx":18.40450378923989}}}
execute on vehicle unless entity @s[tag=aj.transforms_only] at @s run function animated_java:mage_hunter/animations/side_slash1/zzz/frames/6_root_commands