# This file was generated by Animated Java via MC-Build. It is not recommended to edit this file directly.
$data merge entity $(bone_chest) {transformation: [-0.8232f,-0.0464f,0.5658f,-0.0177f,0.1319f,0.9538f,0.2701f,1.1102f,-0.5522f,0.297f,-0.779f,0.0768f,0f,0f,0f,1f],start_interpolation: 0,interpolation_duration: 1}
$data merge entity $(bone_cape) {transformation: [-0.8232f,-0.1199f,0.5549f,0.201f,0.1319f,0.9103f,0.3923f,1.2253f,-0.5522f,0.3961f,-0.7336f,0.1744f,0f,0f,0f,1f],start_interpolation: 0,interpolation_duration: 1}
$data merge entity $(bone_saber) {transformation: [0.9139f,-0.8516f,0.5747f,-0.5771f,0.5203f,1.0469f,0.7239f,1.0432f,-0.8858f,-0.2636f,1.018f,-0.4721f,0f,0f,0f,1f],start_interpolation: 0,interpolation_duration: 1}
$data merge entity $(bone_right_forearm) {transformation: [0.6646f,0.418f,0.6193f,-0.4303f,0.3784f,0.5264f,-0.7614f,1.2062f,-0.6443f,0.7404f,0.1917f,-0.2492f,0f,0f,0f,1f],start_interpolation: 0,interpolation_duration: 1}
$data merge entity $(bone_right_arm) {transformation: [-0.6426f,0.418f,0.6422f,-0.2324f,0.7474f,0.5264f,0.4052f,1.2608f,-0.1687f,0.7404f,-0.6507f,-0.0199f,0f,0f,0f,1f],start_interpolation: 0,interpolation_duration: 1}
$data merge entity $(bone_short_sword) {transformation: [-0.2889f,-1.0184f,0.4904f,0.2084f,-1.0461f,0.4327f,0.2823f,0.9703f,-0.4283f,-0.3698f,-1.0203f,0.6933f,0f,0f,0f,1f],start_interpolation: 0,interpolation_duration: 1}
$data merge entity $(bone_left_forearm) {transformation: [-0.2476f,0.4203f,0.8729f,0.3266f,-0.8966f,0.242f,-0.3709f,1.0292f,-0.3671f,-0.8745f,0.3169f,0.4696f,0f,0f,0f,1f],start_interpolation: 0,interpolation_duration: 1}
$data merge entity $(bone_left_arm) {transformation: [-0.8283f,-0.1561f,0.5382f,0.1792f,-0.436f,0.7829f,-0.4439f,1.1949f,-0.3521f,-0.6023f,-0.7165f,0.2562f,0f,0f,0f,1f],start_interpolation: 0,interpolation_duration: 1}
$data merge entity $(bone_torso) {transformation: [-0.8232f,-0.0711f,0.5632f,0.0007f,0.1319f,0.9411f,0.3115f,0.8906f,-0.5522f,0.3307f,-0.7653f,-0.0031f,0f,0f,0f,1f],start_interpolation: 0,interpolation_duration: 1}
$data merge entity $(bone_right_dress) {transformation: [-0.9125f,-0.2023f,0.3557f,-0.1781f,-0.2164f,0.9763f,0f,0.7338f,-0.3472f,-0.077f,-0.9346f,-0.0761f,0f,0f,0f,1f],start_interpolation: 0,interpolation_duration: 1}
$data merge entity $(bone_left_dress) {transformation: [-0.9125f,0.2023f,0.3557f,0.1253f,0.2164f,0.9763f,0f,0.7338f,-0.3472f,0.077f,-0.9346f,0.0393f,0f,0f,0f,1f],start_interpolation: 0,interpolation_duration: 1}
$data merge entity $(bone_lower_right_leg) {transformation: [-0.9335f,-0.1139f,0.34f,-0.1504f,0.2119f,0.5897f,0.7793f,0.2804f,-0.2893f,0.7995f,-0.5264f,-0.1886f,0f,0f,0f,1f],start_interpolation: 0,interpolation_duration: 1}
$data merge entity $(bone_right_leg) {transformation: [-0.9335f,0.0894f,0.3473f,-0.1168f,0.2119f,0.9188f,0.333f,0.625f,-0.2893f,0.3844f,-0.8767f,-0.0445f,0f,0f,0f,1f],start_interpolation: 0,interpolation_duration: 1}
$data merge entity $(bone_lower_left_leg) {transformation: [-0.9634f,-0.1295f,0.2347f,0.0746f,-0.1487f,0.9867f,-0.0658f,0.4259f,-0.2231f,-0.0983f,-0.9698f,0.3594f,0f,0f,0f,1f],start_interpolation: 0,interpolation_duration: 1}
$data merge entity $(bone_left_leg) {transformation: [-0.9634f,0.1125f,0.2433f,0.1168f,-0.1487f,0.531f,-0.8342f,0.625f,-0.2231f,-0.8398f,-0.4949f,0.0445f,0f,0f,0f,1f],start_interpolation: 0,interpolation_duration: 1}
$data merge entity $(bone_waist) {transformation: [-0.9346f,0f,0.3557f,0f,0f,1f,0f,0.9688f,-0.3557f,0f,-0.9346f,0f,0f,0f,0f,1f],start_interpolation: 0,interpolation_duration: 1}
$data merge entity $(bone_pony_tail) {transformation: [-0.9906f,-0.0305f,-0.1337f,-0.0726f,-0.0586f,0.9755f,0.2122f,1.4078f,0.1239f,0.218f,-0.968f,-0.1128f,0f,0f,0f,1f],start_interpolation: 0,interpolation_duration: 1}
$data merge entity $(bone_head) {transformation: [-0.9906f,-0.0305f,-0.1337f,-0.0404f,-0.0586f,0.9755f,0.2122f,1.3275f,0.1239f,0.218f,-0.968f,0.1072f,0f,0f,0f,1f],start_interpolation: 0,interpolation_duration: 1}
execute on vehicle unless entity @s[tag=aj.transforms_only] at @s run function animated_java:mage_hunter/animations/side_slash1/zzz/frames/9_root_commands