# This file was generated by Animated Java via MC-Build. It is not recommended to edit this file directly.
$data merge entity $(bone_right_leg) {transformation: [-0.9903f,0.1386f,0f,-0.125f,0.1356f,0.9689f,-0.2071f,-1.055f,-0.0287f,-0.2051f,-0.9783f,0.0712f,0f,0f,0f,1f],start_interpolation: 0,interpolation_duration: 1}
$data merge entity $(bone_left_leg) {transformation: [-0.9903f,-0.1386f,0f,0.125f,-0.1356f,0.9689f,-0.2071f,-1.055f,0.0287f,-0.2051f,-0.9783f,0.0712f,0f,0f,0f,1f],start_interpolation: 0,interpolation_duration: 1}
$data merge entity $(bone_waist) {transformation: [-1f,0f,0f,0f,0f,0.9783f,-0.2071f,-0.7187f,0f,-0.2071f,-0.9783f,0f,0f,0f,0f,1f],start_interpolation: 0,interpolation_duration: 1}
$data merge entity $(bone_chestplate) {transformation: [-0.9962f,0.0247f,-0.0836f,-0.0031f,0f,0.9589f,0.2838f,-0.873f,0.0872f,0.2827f,-0.9552f,0.0327f,0f,0f,0f,1f],start_interpolation: 0,interpolation_duration: 1}
$data merge entity $(bone_weapon) {transformation: [-2.1982f,0.3381f,-0.7058f,-0.5639f,0.4856f,2.2395f,-0.4397f,-0.9078f,0.6137f,-0.5611f,-2.1801f,0.111f,0f,0f,0f,1f],start_interpolation: 0,interpolation_duration: 1}
$data merge entity $(bone_right_forearm) {transformation: [-0.9421f,0.1016f,-0.3197f,-0.5369f,0.2081f,0.9244f,-0.3197f,-0.6623f,0.263f,-0.3677f,-0.892f,0.0133f,0f,0f,0f,1f],start_interpolation: 0,interpolation_duration: 1}
$data merge entity $(bone_right_arm) {transformation: [-0.9589f,0.2721f,-0.0811f,-0.315f,0.2551f,0.9511f,0.174f,-0.3375f,0.1245f,0.1462f,-0.9814f,0.0525f,0f,0f,0f,1f],start_interpolation: 0,interpolation_duration: 1}
$data merge entity $(bone_shield) {transformation: [-0.6755f,0.6818f,0.2808f,0.4105f,0.1304f,0.4852f,-0.8646f,-0.7634f,-0.7257f,-0.5475f,-0.4167f,0.4581f,0f,0f,0f,1f],start_interpolation: 0,interpolation_duration: 1}
$data merge entity $(bone_left_forearm) {transformation: [-0.6755f,0.6818f,0.2808f,0.4116f,0.1304f,0.4852f,-0.8646f,-0.648f,-0.7257f,-0.5475f,-0.4167f,0.2194f,0f,0f,0f,1f],start_interpolation: 0,interpolation_duration: 1}
$data merge entity $(bone_left_arm) {transformation: [-0.9831f,0.0502f,0.1758f,0.3076f,-0.0519f,0.8453f,-0.5317f,-0.3375f,-0.1754f,-0.5318f,-0.8285f,-0.0019f,0f,0f,0f,1f],start_interpolation: 0,interpolation_duration: 1}
$data merge entity $(bone_bone) {transformation: [-0.999f,0.0053f,-0.0439f,0.0096f,0.0049f,1f,0.0081f,0.0037f,0.0439f,0.0079f,-0.999f,0.2899f,0f,0f,0f,1f],start_interpolation: 0,interpolation_duration: 1}
$data merge entity $(bone_head) {transformation: [-0.999f,0.0182f,-0.0402f,-0.0037f,0.0049f,0.9512f,0.3084f,-0.3375f,0.0439f,0.3079f,-0.9504f,0.0253f,0f,0f,0f,1f],start_interpolation: 0,interpolation_duration: 1}
$data merge entity $(bone_torso) {transformation: [-0.9962f,0.0098f,-0.0866f,0f,0f,0.9936f,0.1129f,-0.5625f,0.0872f,0.1125f,-0.9898f,0.0679f,0f,0f,0f,1f],start_interpolation: 0,interpolation_duration: 1}
data modify entity @s data merge value {"cameras":{},"locators":{"locator":{"px":-0.04665088247918869,"py":-0.5447998109431567,"pz":1.6763786270685426,"ry":342.06083128406266,"rx":-10.862346896809429}}}