# This file was generated by Animated Java via MC-Build. It is not recommended to edit this file directly.
$data merge entity $(bone_right_leg) {transformation: [-0.9966f,0.0818f,-0.0034f,-0.125f,0.0818f,0.9966f,0.0001f,-1.0035f,0.0034f,-0.0001f,-1f,-0.0141f,0f,0f,0f,1f],start_interpolation: 0,interpolation_duration: 1}
$data merge entity $(bone_left_leg) {transformation: [-0.9966f,-0.0818f,-0.0034f,0.125f,-0.0818f,0.9933f,0.0817f,-1.0035f,-0.0034f,0.0817f,-0.9966f,-0.0141f,0f,0f,0f,1f],start_interpolation: 0,interpolation_duration: 1}
$data merge entity $(bone_waist) {transformation: [-1f,0f,0f,0f,0f,0.9992f,0.041f,-0.66f,0f,0.041f,-0.9992f,0f,0f,0f,0f,1f],start_interpolation: 0,interpolation_duration: 1}
$data merge entity $(bone_chestplate) {transformation: [-0.9962f,0.0154f,-0.0858f,-0.0001f,0f,0.9843f,0.1763f,-0.8163f,0.0872f,0.1756f,-0.9806f,0.067f,0f,0f,0f,1f],start_interpolation: 0,interpolation_duration: 1}
$data merge entity $(bone_weapon) {transformation: [-2.1196f,0.595f,-0.7731f,-0.6305f,0.7335f,2.1911f,-0.3247f,-0.8439f,0.6432f,-0.5379f,-2.1775f,0.0796f,0f,0f,0f,1f],start_interpolation: 0,interpolation_duration: 1}
$data merge entity $(bone_right_forearm) {transformation: [-0.9084f,0.255f,-0.3313f,-0.5628f,0.3143f,0.9391f,-0.1391f,-0.5945f,0.2756f,-0.2305f,-0.9332f,0.0184f,0f,0f,0f,1f],start_interpolation: 0,interpolation_duration: 1}
$data merge entity $(bone_right_arm) {transformation: [-0.9362f,0.3428f,-0.0779f,-0.3172f,0.3356f,0.9374f,0.0928f,-0.2849f,0.1049f,0.0607f,-0.9926f,0.0281f,0f,0f,0f,1f],start_interpolation: 0,interpolation_duration: 1}
$data merge entity $(bone_shield) {transformation: [-0.9698f,-0.2255f,-0.0934f,0.7186f,-0.2139f,0.9695f,-0.1197f,-0.7655f,0.1175f,-0.0961f,-0.9884f,-0.1055f,0f,0f,0f,1f],start_interpolation: 0,interpolation_duration: 1}
$data merge entity $(bone_left_forearm) {transformation: [-0.9698f,-0.2255f,-0.0934f,0.4945f,-0.2139f,0.9695f,-0.1197f,-0.6238f,0.1175f,-0.0961f,-0.9884f,-0.1014f,0f,0f,0f,1f],start_interpolation: 0,interpolation_duration: 1}
$data merge entity $(bone_left_arm) {transformation: [-0.9455f,-0.189f,-0.2651f,0.3054f,-0.2131f,0.9749f,0.0651f,-0.2849f,0.2461f,0.1181f,-0.962f,-0.0264f,0f,0f,0f,1f],start_interpolation: 0,interpolation_duration: 1}
$data merge entity $(bone_bone) {transformation: [-0.999f,-0.0073f,-0.043f,0.0029f,0.0001f,0.9853f,-0.171f,0.0982f,0.0436f,-0.1709f,-0.9843f,0.2002f,0f,0f,0f,1f],start_interpolation: 0,interpolation_duration: 1}
$data merge entity $(bone_head) {transformation: [-0.999f,0.0059f,-0.0432f,-0.0059f,0.0001f,0.9911f,0.1332f,-0.2849f,0.0436f,0.133f,-0.9902f,0.0008f,0f,0f,0f,1f],start_interpolation: 0,interpolation_duration: 1}
$data merge entity $(bone_torso) {transformation: [-0.9962f,0.0002f,-0.0872f,0f,0f,1f,0.0027f,-0.5038f,0.0872f,0.0026f,-0.9962f,0.0679f,0f,0f,0f,1f],start_interpolation: 0,interpolation_duration: 1}
data modify entity @s data merge value {"cameras":{},"locators":{"locator":{"px":-0.05944772600057169,"py":-0.5650689991924397,"pz":1.6436178149651373,"ry":340.4540216364079,"rx":-7.998527545673362}}}