# This file was generated by Animated Java via MC-Build. It is not recommended to edit this file directly.
$data merge entity $(bone_right_leg) {transformation: [-0.9962f,0.0871f,-0.0038f,-0.125f,0.0871f,0.9962f,0.0002f,-0.9997f,0.0038f,-0.0002f,-1f,-0.015f,0f,0f,0f,1f],start_interpolation: 0,interpolation_duration: 1}
$data merge entity $(bone_left_leg) {transformation: [-0.9962f,-0.0871f,-0.0038f,0.125f,-0.0871f,0.9924f,0.087f,-0.9997f,-0.0038f,0.087f,-0.9962f,-0.015f,0f,0f,0f,1f],start_interpolation: 0,interpolation_duration: 1}
$data merge entity $(bone_waist) {transformation: [-1f,0f,0f,0f,0f,0.999f,0.0436f,-0.6562f,0f,0.0436f,-0.999f,0f,0f,0f,0f,1f],start_interpolation: 0,interpolation_duration: 1}
$data merge entity $(bone_chestplate) {transformation: [-0.9962f,0.0151f,-0.0858f,0f,0f,0.9848f,0.1736f,-0.8125f,0.0872f,0.173f,-0.9811f,0.0679f,0f,0f,0f,1f],start_interpolation: 0,interpolation_duration: 1}
$data merge entity $(bone_weapon) {transformation: [-2.1151f,0.6045f,-0.778f,-0.6331f,0.747f,2.1853f,-0.3328f,-0.8385f,0.6425f,-0.5508f,-2.1745f,0.0826f,0f,0f,0f,1f],start_interpolation: 0,interpolation_duration: 1}
$data merge entity $(bone_right_forearm) {transformation: [-0.9065f,0.2591f,-0.3334f,-0.5643f,0.3201f,0.9366f,-0.1426f,-0.5897f,0.2753f,-0.236f,-0.9319f,0.0199f,0f,0f,0f,1f],start_interpolation: 0,interpolation_duration: 1}
$data merge entity $(bone_right_arm) {transformation: [-0.9344f,0.3473f,-0.0791f,-0.3172f,0.3406f,0.9361f,0.0878f,-0.2812f,0.1045f,0.0551f,-0.993f,0.0275f,0f,0f,0f,1f],start_interpolation: 0,interpolation_duration: 1}
$data merge entity $(bone_shield) {transformation: [-0.9683f,-0.2312f,-0.095f,0.7211f,-0.2192f,0.968f,-0.122f,-0.7597f,0.1201f,-0.0973f,-0.988f,-0.1061f,0f,0f,0f,1f],start_interpolation: 0,interpolation_duration: 1}
$data merge entity $(bone_left_forearm) {transformation: [-0.9683f,-0.2312f,-0.095f,0.4962f,-0.2192f,0.968f,-0.122f,-0.6192f,0.1201f,-0.0973f,-0.988f,-0.1018f,0f,0f,0f,1f],start_interpolation: 0,interpolation_duration: 1}
$data merge entity $(bone_left_arm) {transformation: [-0.9438f,-0.1942f,-0.2676f,0.3054f,-0.218f,0.974f,0.0619f,-0.2812f,0.2486f,0.1167f,-0.9615f,-0.027f,0f,0f,0f,1f],start_interpolation: 0,interpolation_duration: 1}
$data merge entity $(bone_bone) {transformation: [-0.999f,-0.0076f,-0.043f,0.0027f,0f,0.9848f,-0.1736f,0.1024f,0.0436f,-0.1735f,-0.9839f,0.1986f,0f,0f,0f,1f],start_interpolation: 0,interpolation_duration: 1}
$data merge entity $(bone_head) {transformation: [-0.999f,0.0057f,-0.0432f,-0.0059f,0f,0.9914f,0.1305f,-0.2812f,0.0436f,0.1304f,-0.9905f,0.0003f,0f,0f,0f,1f],start_interpolation: 0,interpolation_duration: 1}
$data merge entity $(bone_torso) {transformation: [-0.9962f,0f,-0.0872f,0f,0f,1f,0f,-0.5f,0.0872f,0f,-0.9962f,0.0679f,0f,0f,0f,1f],start_interpolation: 0,interpolation_duration: 1}
data modify entity @s data merge value {"cameras":{},"locators":{"locator":{"px":-0.05825669615480367,"py":-0.5538991384249576,"pz":1.644133212377806,"ry":340.3122927853676,"rx":-8.200460051128793}}}