# This file was generated by Animated Java via MC-Build. It is not recommended to edit this file directly.
$data merge entity $(bone_right_leg) {transformation: [-0.9962f,0.0864f,-0.0037f,-0.125f,0.0864f,0.9963f,0.0002f,-1.0001f,0.0037f,-0.0002f,-1f,-0.0149f,0f,0f,0f,1f],start_interpolation: 0,interpolation_duration: 1}
$data merge entity $(bone_left_leg) {transformation: [-0.9962f,-0.0864f,-0.0037f,0.125f,-0.0864f,0.9925f,0.0864f,-1.0001f,-0.0037f,0.0864f,-0.9963f,-0.0149f,0f,0f,0f,1f],start_interpolation: 0,interpolation_duration: 1}
$data merge entity $(bone_waist) {transformation: [-1f,0f,0f,0f,0f,0.9991f,0.0433f,-0.6567f,0f,0.0433f,-0.9991f,0f,0f,0f,0f,1f],start_interpolation: 0,interpolation_duration: 1}
$data merge entity $(bone_chestplate) {transformation: [-0.9962f,0.0152f,-0.0858f,0f,0f,0.9848f,0.174f,-0.813f,0.0872f,0.1733f,-0.981f,0.0678f,0f,0f,0f,1f],start_interpolation: 0,interpolation_duration: 1}
$data merge entity $(bone_weapon) {transformation: [-2.1157f,0.6034f,-0.7774f,-0.6328f,0.7454f,2.186f,-0.3319f,-0.8391f,0.6426f,-0.5492f,-2.1748f,0.0822f,0f,0f,0f,1f],start_interpolation: 0,interpolation_duration: 1}
$data merge entity $(bone_right_forearm) {transformation: [-0.9067f,0.2586f,-0.3332f,-0.5641f,0.3194f,0.9369f,-0.1422f,-0.5903f,0.2754f,-0.2354f,-0.9321f,0.0197f,0f,0f,0f,1f],start_interpolation: 0,interpolation_duration: 1}
$data merge entity $(bone_right_arm) {transformation: [-0.9346f,0.3468f,-0.0789f,-0.3172f,0.34f,0.9363f,0.0884f,-0.2817f,0.1045f,0.0558f,-0.993f,0.0276f,0f,0f,0f,1f],start_interpolation: 0,interpolation_duration: 1}
$data merge entity $(bone_shield) {transformation: [-0.9684f,-0.2305f,-0.0948f,0.7208f,-0.2185f,0.9682f,-0.1217f,-0.7604f,0.1198f,-0.0972f,-0.988f,-0.106f,0f,0f,0f,1f],start_interpolation: 0,interpolation_duration: 1}
$data merge entity $(bone_left_forearm) {transformation: [-0.9684f,-0.2305f,-0.0948f,0.496f,-0.2185f,0.9682f,-0.1217f,-0.6198f,0.1198f,-0.0972f,-0.988f,-0.1018f,0f,0f,0f,1f],start_interpolation: 0,interpolation_duration: 1}
$data merge entity $(bone_left_arm) {transformation: [-0.944f,-0.1936f,-0.2673f,0.3054f,-0.2174f,0.9741f,0.0622f,-0.2817f,0.2483f,0.1169f,-0.9616f,-0.0269f,0f,0f,0f,1f],start_interpolation: 0,interpolation_duration: 1}
$data merge entity $(bone_bone) {transformation: [-0.999f,-0.0075f,-0.043f,0.0028f,0f,0.9849f,-0.1733f,0.1019f,0.0436f,-0.1732f,-0.9839f,0.1988f,0f,0f,0f,1f],start_interpolation: 0,interpolation_duration: 1}
$data merge entity $(bone_head) {transformation: [-0.999f,0.0057f,-0.0432f,-0.0059f,0f,0.9914f,0.1308f,-0.2817f,0.0436f,0.1307f,-0.9905f,0.0003f,0f,0f,0f,1f],start_interpolation: 0,interpolation_duration: 1}
$data merge entity $(bone_torso) {transformation: [-0.9962f,0f,-0.0872f,0f,0f,1f,0.0003f,-0.5005f,0.0872f,0.0003f,-0.9962f,0.0679f,0f,0f,0f,1f],start_interpolation: 0,interpolation_duration: 1}
data modify entity @s data merge value {"cameras":{},"locators":{"locator":{"px":-0.058400641208429915,"py":-0.5552313590432776,"pz":1.644074034027703,"ry":340.3292743746272,"rx":-8.17643395990128}}}