# This file was generated by Animated Java via MC-Build. It is not recommended to edit this file directly.
$data merge entity $(bone_right_leg) {transformation: [-0.9969f,0.0781f,-0.0031f,-0.125f,0.0781f,0.9969f,0.0001f,-1.0062f,0.0031f,-0.0001f,-1f,-0.0134f,0f,0f,0f,1f],start_interpolation: 0,interpolation_duration: 1}
$data merge entity $(bone_left_leg) {transformation: [-0.9969f,-0.0781f,-0.0031f,0.125f,-0.0781f,0.9939f,0.078f,-1.0062f,-0.0031f,0.078f,-0.9969f,-0.0134f,0f,0f,0f,1f],start_interpolation: 0,interpolation_duration: 1}
$data merge entity $(bone_waist) {transformation: [-1f,0f,0f,0f,0f,0.9992f,0.0391f,-0.6627f,0f,0.0391f,-0.9992f,0f,0f,0f,0f,1f],start_interpolation: 0,interpolation_duration: 1}
$data merge entity $(bone_chestplate) {transformation: [-0.9962f,0.0155f,-0.0858f,-0.0001f,0f,0.984f,0.1781f,-0.819f,0.0872f,0.1774f,-0.9803f,0.0664f,0f,0f,0f,1f],start_interpolation: 0,interpolation_duration: 1}
$data merge entity $(bone_weapon) {transformation: [-2.1228f,0.5882f,-0.7695f,-0.6286f,0.7238f,2.1952f,-0.3188f,-0.8477f,0.6436f,-0.5288f,-2.1796f,0.0775f,0f,0f,0f,1f],start_interpolation: 0,interpolation_duration: 1}
$data merge entity $(bone_right_forearm) {transformation: [-0.9098f,0.2521f,-0.3298f,-0.5617f,0.3102f,0.9408f,-0.1366f,-0.5978f,0.2758f,-0.2266f,-0.9341f,0.0173f,0f,0f,0f,1f],start_interpolation: 0,interpolation_duration: 1}
$data merge entity $(bone_right_arm) {transformation: [-0.9374f,0.3396f,-0.0771f,-0.3171f,0.332f,0.9383f,0.0964f,-0.2874f,0.1051f,0.0648f,-0.9924f,0.0285f,0f,0f,0f,1f],start_interpolation: 0,interpolation_duration: 1}
$data merge entity $(bone_shield) {transformation: [-0.9708f,-0.2215f,-0.0923f,0.7169f,-0.2102f,0.9705f,-0.118f,-0.7696f,0.1157f,-0.0952f,-0.9887f,-0.105f,0f,0f,0f,1f],start_interpolation: 0,interpolation_duration: 1}
$data merge entity $(bone_left_forearm) {transformation: [-0.9708f,-0.2215f,-0.0923f,0.4933f,-0.2102f,0.9705f,-0.118f,-0.627f,0.1157f,-0.0952f,-0.9887f,-0.1012f,0f,0f,0f,1f],start_interpolation: 0,interpolation_duration: 1}
$data merge entity $(bone_left_arm) {transformation: [-0.9468f,-0.1853f,-0.2633f,0.3055f,-0.2096f,0.9755f,0.0674f,-0.2874f,0.2443f,0.119f,-0.9624f,-0.026f,0f,0f,0f,1f],start_interpolation: 0,interpolation_duration: 1}
$data merge entity $(bone_bone) {transformation: [-0.999f,-0.0072f,-0.043f,0.003f,0.0002f,0.9856f,-0.1692f,0.0953f,0.0436f,-0.169f,-0.9846f,0.2013f,0f,0f,0f,1f],start_interpolation: 0,interpolation_duration: 1}
$data merge entity $(bone_head) {transformation: [-0.999f,0.0061f,-0.0432f,-0.0058f,0.0002f,0.9908f,0.135f,-0.2874f,0.0436f,0.1349f,-0.9899f,0.0012f,0f,0f,0f,1f],start_interpolation: 0,interpolation_duration: 1}
$data merge entity $(bone_torso) {transformation: [-0.9962f,0.0004f,-0.0872f,0f,0f,1f,0.0045f,-0.5065f,0.0872f,0.0045f,-0.9962f,0.0679f,0f,0f,0f,1f],start_interpolation: 0,interpolation_duration: 1}
data modify entity @s data merge value {"cameras":{},"locators":{"locator":{"px":-0.060274664242141784,"py":-0.5730303997682542,"pz":1.6432238198531095,"ry":340.5541390207935,"rx":-7.853924436888439}}}