# This file was generated by Animated Java via MC-Build. It is not recommended to edit this file directly.
$data merge entity $(bone_right_leg) {transformation: [-0.998f,0.0626f,-0.002f,-0.125f,0.0626f,0.998f,0.0001f,-1.0174f,0.002f,-0.0001f,-1f,-0.0108f,0f,0f,0f,1f],start_interpolation: 0,interpolation_duration: 1}
$data merge entity $(bone_left_leg) {transformation: [-0.998f,-0.0626f,-0.002f,0.125f,-0.0626f,0.9961f,0.0626f,-1.0174f,-0.002f,0.0626f,-0.998f,-0.0108f,0f,0f,0f,1f],start_interpolation: 0,interpolation_duration: 1}
$data merge entity $(bone_waist) {transformation: [-1f,0f,0f,0f,0f,0.9995f,0.0313f,-0.6739f,0f,0.0313f,-0.9995f,0f,0f,0f,0f,1f],start_interpolation: 0,interpolation_duration: 1}
$data merge entity $(bone_chestplate) {transformation: [-0.9962f,0.0162f,-0.0856f,-0.0003f,0f,0.9826f,0.1857f,-0.8301f,0.0872f,0.185f,-0.9789f,0.064f,0f,0f,0f,1f],start_interpolation: 0,interpolation_duration: 1}
$data merge entity $(bone_weapon) {transformation: [-2.1355f,0.56f,-0.7552f,-0.6209f,0.6841f,2.2113f,-0.2946f,-0.8633f,0.645f,-0.491f,-2.188f,0.0688f,0f,0f,0f,1f],start_interpolation: 0,interpolation_duration: 1}
$data merge entity $(bone_right_forearm) {transformation: [-0.9152f,0.24f,-0.3236f,-0.5571f,0.2932f,0.9477f,-0.1262f,-0.6116f,0.2764f,-0.2104f,-0.9377f,0.0129f,0f,0f,0f,1f],start_interpolation: 0,interpolation_duration: 1}
$data merge entity $(bone_right_arm) {transformation: [-0.9424f,0.3262f,-0.074f,-0.317f,0.3173f,0.9418f,0.1112f,-0.298f,0.1059f,0.0813f,-0.991f,0.0302f,0f,0f,0f,1f],start_interpolation: 0,interpolation_duration: 1}
$data merge entity $(bone_shield) {transformation: [-0.9749f,-0.2048f,-0.0878f,0.7095f,-0.1947f,0.9745f,-0.1113f,-0.7865f,0.1083f,-0.0914f,-0.9899f,-0.1032f,0f,0f,0f,1f],start_interpolation: 0,interpolation_duration: 1}
$data merge entity $(bone_left_forearm) {transformation: [-0.9749f,-0.2048f,-0.0878f,0.4883f,-0.1947f,0.9745f,-0.1113f,-0.6403f,0.1083f,-0.0914f,-0.9899f,-0.1001f,0f,0f,0f,1f],start_interpolation: 0,interpolation_duration: 1}
$data merge entity $(bone_left_arm) {transformation: [-0.9517f,-0.1699f,-0.2558f,0.3056f,-0.1952f,0.9778f,0.0768f,-0.298f,0.2371f,0.123f,-0.9637f,-0.0243f,0f,0f,0f,1f],start_interpolation: 0,interpolation_duration: 1}
$data merge entity $(bone_bone) {transformation: [-0.999f,-0.0065f,-0.0431f,0.0034f,0.0005f,0.9869f,-0.1615f,0.0831f,0.0436f,-0.1614f,-0.9859f,0.206f,0f,0f,0f,1f],start_interpolation: 0,interpolation_duration: 1}
$data merge entity $(bone_head) {transformation: [-0.999f,0.0068f,-0.0431f,-0.0057f,0.0005f,0.9898f,0.1427f,-0.298f,0.0436f,0.1425f,-0.9888f,0.0029f,0f,0f,0f,1f],start_interpolation: 0,interpolation_duration: 1}
$data merge entity $(bone_torso) {transformation: [-0.9962f,0.0011f,-0.0871f,0f,0f,0.9999f,0.0123f,-0.5176f,0.0872f,0.0122f,-0.9961f,0.0679f,0f,0f,0f,1f],start_interpolation: 0,interpolation_duration: 1}
data modify entity @s data merge value {"cameras":{},"locators":{"locator":{"px":-0.06348844164198464,"py":-0.6058262021858605,"pz":1.6413670549433126,"ry":340.9587036889493,"rx":-7.252401420132789}}}