# This file was generated by Animated Java via MC-Build. It is not recommended to edit this file directly.
$data merge entity $(bone_right_leg) {transformation: [-0.9987f,0.0501f,-0.0013f,-0.125f,0.0501f,0.9987f,0f,-1.0265f,0.0013f,0f,-1f,-0.0086f,0f,0f,0f,1f],start_interpolation: 0,interpolation_duration: 1}
$data merge entity $(bone_left_leg) {transformation: [-0.9987f,-0.0501f,-0.0013f,0.125f,-0.0501f,0.9975f,0.0501f,-1.0265f,-0.0013f,0.0501f,-0.9987f,-0.0086f,0f,0f,0f,1f],start_interpolation: 0,interpolation_duration: 1}
$data merge entity $(bone_waist) {transformation: [-1f,0f,0f,0f,0f,0.9997f,0.0251f,-0.6828f,0f,0.0251f,-0.9997f,0f,0f,0f,0f,1f],start_interpolation: 0,interpolation_duration: 1}
$data merge entity $(bone_chestplate) {transformation: [-0.9962f,0.0167f,-0.0855f,-0.0005f,0f,0.9814f,0.1919f,-0.839f,0.0872f,0.1912f,-0.9777f,0.0621f,0f,0f,0f,1f],start_interpolation: 0,interpolation_duration: 1}
$data merge entity $(bone_weapon) {transformation: [-2.1454f,0.5371f,-0.7438f,-0.6146f,0.6518f,2.2235f,-0.2746f,-0.8756f,0.6456f,-0.4603f,-2.1945f,0.0617f,0f,0f,0f,1f],start_interpolation: 0,interpolation_duration: 1}
$data merge entity $(bone_right_forearm) {transformation: [-0.9195f,0.2302f,-0.3188f,-0.5534f,0.2794f,0.9529f,-0.1177f,-0.6225f,0.2767f,-0.1973f,-0.9405f,0.0093f,0f,0f,0f,1f],start_interpolation: 0,interpolation_duration: 1}
$data merge entity $(bone_right_arm) {transformation: [-0.9463f,0.3154f,-0.0716f,-0.3169f,0.3054f,0.9442f,0.1232f,-0.3066f,0.1064f,0.0947f,-0.9898f,0.0315f,0f,0f,0f,1f],start_interpolation: 0,interpolation_duration: 1}
$data merge entity $(bone_shield) {transformation: [-0.9779f,-0.1912f,-0.0841f,0.7034f,-0.182f,0.9776f,-0.106f,-0.8001f,0.1025f,-0.0884f,-0.9908f,-0.1018f,0f,0f,0f,1f],start_interpolation: 0,interpolation_duration: 1}
$data merge entity $(bone_left_forearm) {transformation: [-0.9779f,-0.1912f,-0.0841f,0.4842f,-0.182f,0.9776f,-0.106f,-0.651f,0.1025f,-0.0884f,-0.9908f,-0.0992f,0f,0f,0f,1f],start_interpolation: 0,interpolation_duration: 1}
$data merge entity $(bone_left_arm) {transformation: [-0.9554f,-0.1574f,-0.2498f,0.3058f,-0.1834f,0.9794f,0.0842f,-0.3066f,0.2314f,0.1263f,-0.9646f,-0.0229f,0f,0f,0f,1f],start_interpolation: 0,interpolation_duration: 1}
$data merge entity $(bone_bone) {transformation: [-0.999f,-0.006f,-0.0432f,0.0037f,0.0008f,0.9879f,-0.1554f,0.0733f,0.0436f,-0.1553f,-0.9869f,0.2097f,0f,0f,0f,1f],start_interpolation: 0,interpolation_duration: 1}
$data merge entity $(bone_head) {transformation: [-0.999f,0.0073f,-0.043f,-0.0056f,0.0008f,0.9889f,0.1489f,-0.3066f,0.0436f,0.1487f,-0.9879f,0.0043f,0f,0f,0f,1f],start_interpolation: 0,interpolation_duration: 1}
$data merge entity $(bone_torso) {transformation: [-0.9962f,0.0016f,-0.0871f,0f,0f,0.9998f,0.0186f,-0.5266f,0.0872f,0.0185f,-0.996f,0.0679f,0f,0f,0f,1f],start_interpolation: 0,interpolation_duration: 1}
data modify entity @s data merge value {"cameras":{},"locators":{"locator":{"px":-0.06586399639009421,"py":-0.6323848350622697,"pz":1.6395877190360757,"ry":341.2771415265653,"rx":-6.758468680299421}}}