# This file was generated by Animated Java via MC-Build. It is not recommended to edit this file directly.
$data merge entity $(bone_right_leg) {transformation: [-0.9993f,0.0371f,-0.0007f,-0.125f,0.0371f,0.9993f,0f,-1.0359f,0.0007f,0f,-1f,-0.0064f,0f,0f,0f,1f],start_interpolation: 0,interpolation_duration: 1}
$data merge entity $(bone_left_leg) {transformation: [-0.9993f,-0.0371f,-0.0007f,0.125f,-0.0371f,0.9986f,0.0371f,-1.0359f,-0.0007f,0.0371f,-0.9993f,-0.0064f,0f,0f,0f,1f],start_interpolation: 0,interpolation_duration: 1}
$data merge entity $(bone_waist) {transformation: [-1f,0f,0f,0f,0f,0.9998f,0.0186f,-0.6922f,0f,0.0186f,-0.9998f,0f,0f,0f,0f,1f],start_interpolation: 0,interpolation_duration: 1}
$data merge entity $(bone_chestplate) {transformation: [-0.9962f,0.0173f,-0.0854f,-0.0007f,0f,0.9801f,0.1983f,-0.8483f,0.0872f,0.1975f,-0.9764f,0.0601f,0f,0f,0f,1f],start_interpolation: 0,interpolation_duration: 1}
$data merge entity $(bone_weapon) {transformation: [-2.1553f,0.5129f,-0.7321f,-0.6079f,0.6182f,2.2356f,-0.2535f,-0.8883f,0.6457f,-0.4281f,-2.201f,0.0543f,0f,0f,0f,1f],start_interpolation: 0,interpolation_duration: 1}
$data merge entity $(bone_right_forearm) {transformation: [-0.9237f,0.2198f,-0.3138f,-0.5495f,0.2649f,0.9581f,-0.1086f,-0.6338f,0.2767f,-0.1835f,-0.9433f,0.0056f,0f,0f,0f,1f],start_interpolation: 0,interpolation_duration: 1}
$data merge entity $(bone_right_arm) {transformation: [-0.9502f,0.304f,-0.0692f,-0.3167f,0.2929f,0.9465f,0.1357f,-0.3155f,0.1067f,0.1087f,-0.9883f,0.033f,0f,0f,0f,1f],start_interpolation: 0,interpolation_duration: 1}
$data merge entity $(bone_shield) {transformation: [-0.9809f,-0.1771f,-0.0804f,0.697f,-0.1688f,0.9805f,-0.1006f,-0.8142f,0.0966f,-0.0852f,-0.9917f,-0.1005f,0f,0f,0f,1f],start_interpolation: 0,interpolation_duration: 1}
$data merge entity $(bone_left_forearm) {transformation: [-0.9809f,-0.1771f,-0.0804f,0.4799f,-0.1688f,0.9805f,-0.1006f,-0.662f,0.0966f,-0.0852f,-0.9917f,-0.0983f,0f,0f,0f,1f],start_interpolation: 0,interpolation_duration: 1}
$data merge entity $(bone_left_arm) {transformation: [-0.9591f,-0.1444f,-0.2435f,0.3059f,-0.171f,0.981f,0.0918f,-0.3155f,0.2256f,0.1297f,-0.9656f,-0.0215f,0f,0f,0f,1f],start_interpolation: 0,interpolation_duration: 1}
$data merge entity $(bone_bone) {transformation: [-0.999f,-0.0054f,-0.0433f,0.0041f,0.0011f,0.9888f,-0.1489f,0.063f,0.0436f,-0.1488f,-0.9879f,0.2136f,0f,0f,0f,1f],start_interpolation: 0,interpolation_duration: 1}
$data merge entity $(bone_head) {transformation: [-0.999f,0.0079f,-0.0429f,-0.0054f,0.0011f,0.9879f,0.1553f,-0.3155f,0.0436f,0.1551f,-0.9869f,0.0057f,0f,0f,0f,1f],start_interpolation: 0,interpolation_duration: 1}
$data merge entity $(bone_torso) {transformation: [-0.9962f,0.0022f,-0.0871f,0f,0f,0.9997f,0.0251f,-0.5359f,0.0872f,0.025f,-0.9959f,0.0679f,0f,0f,0f,1f],start_interpolation: 0,interpolation_duration: 1}
data modify entity @s data merge value {"cameras":{},"locators":{"locator":{"px":-0.06812830232885714,"py":-0.6601234971725958,"pz":1.6374657807164437,"ry":341.6010407615212,"rx":-6.236190816765394}}}