# This file was generated by Animated Java via MC-Build. It is not recommended to edit this file directly.
$data merge entity $(bone_right_leg) {transformation: [-0.9997f,0.0246f,-0.0003f,-0.125f,0.0246f,0.9997f,0f,-1.0449f,0.0003f,0f,-1f,-0.0042f,0f,0f,0f,1f],start_interpolation: 0,interpolation_duration: 1}
$data merge entity $(bone_left_leg) {transformation: [-0.9997f,-0.0246f,-0.0003f,0.125f,-0.0246f,0.9994f,0.0246f,-1.0449f,-0.0003f,0.0246f,-0.9997f,-0.0042f,0f,0f,0f,1f],start_interpolation: 0,interpolation_duration: 1}
$data merge entity $(bone_waist) {transformation: [-1f,0f,0f,0f,0f,0.9999f,0.0123f,-0.7011f,0f,0.0123f,-0.9999f,0f,0f,0f,0f,1f],start_interpolation: 0,interpolation_duration: 1}
$data merge entity $(bone_chestplate) {transformation: [-0.9962f,0.0178f,-0.0853f,-0.0009f,0f,0.9789f,0.2044f,-0.8572f,0.0872f,0.2036f,-0.9752f,0.0581f,0f,0f,0f,1f],start_interpolation: 0,interpolation_duration: 1}
$data merge entity $(bone_weapon) {transformation: [-2.1644f,0.4896f,-0.7211f,-0.6015f,0.5857f,2.2466f,-0.2329f,-0.9004f,0.6455f,-0.397f,-2.2069f,0.0471f,0f,0f,0f,1f],start_interpolation: 0,interpolation_duration: 1}
$data merge entity $(bone_right_forearm) {transformation: [-0.9276f,0.2098f,-0.3091f,-0.5457f,0.251f,0.9628f,-0.0998f,-0.6446f,0.2766f,-0.1702f,-0.9458f,0.0019f,0f,0f,0f,1f],start_interpolation: 0,interpolation_duration: 1}
$data merge entity $(bone_right_arm) {transformation: [-0.9537f,0.293f,-0.0671f,-0.3166f,0.281f,0.9483f,0.1478f,-0.3241f,0.1069f,0.1221f,-0.9867f,0.0344f,0f,0f,0f,1f],start_interpolation: 0,interpolation_duration: 1}
$data merge entity $(bone_shield) {transformation: [-0.9836f,-0.1634f,-0.0768f,0.6908f,-0.1559f,0.9831f,-0.0956f,-0.8277f,0.0911f,-0.0821f,-0.9925f,-0.0992f,0f,0f,0f,1f],start_interpolation: 0,interpolation_duration: 1}
$data merge entity $(bone_left_forearm) {transformation: [-0.9836f,-0.1634f,-0.0768f,0.4757f,-0.1559f,0.9831f,-0.0956f,-0.6726f,0.0911f,-0.0821f,-0.9925f,-0.0975f,0f,0f,0f,1f],start_interpolation: 0,interpolation_duration: 1}
$data merge entity $(bone_left_arm) {transformation: [-0.9624f,-0.1318f,-0.2374f,0.306f,-0.1589f,0.9823f,0.0989f,-0.3241f,0.2202f,0.1329f,-0.9664f,-0.0201f,0f,0f,0f,1f],start_interpolation: 0,interpolation_duration: 1}
$data merge entity $(bone_bone) {transformation: [-0.999f,-0.0049f,-0.0434f,0.0044f,0.0014f,0.9898f,-0.1427f,0.0531f,0.0436f,-0.1427f,-0.9888f,0.2174f,0f,0f,0f,1f],start_interpolation: 0,interpolation_duration: 1}
$data merge entity $(bone_head) {transformation: [-0.999f,0.0084f,-0.0428f,-0.0053f,0.0014f,0.9869f,0.1615f,-0.3241f,0.0436f,0.1613f,-0.9859f,0.0071f,0f,0f,0f,1f],start_interpolation: 0,interpolation_duration: 1}
$data merge entity $(bone_torso) {transformation: [-0.9962f,0.0027f,-0.0871f,0f,0f,0.9995f,0.0313f,-0.5449f,0.0872f,0.0312f,-0.9957f,0.0679f,0f,0f,0f,1f],start_interpolation: 0,interpolation_duration: 1}
data modify entity @s data merge value {"cameras":{},"locators":{"locator":{"px":-0.07009746162175412,"py":-0.6868080526005906,"pz":1.6351701128610514,"ry":341.9043295774575,"rx":-5.727675730990305}}}