# This file was generated by Animated Java via MC-Build. It is not recommended to edit this file directly.
$data merge entity $(bone_right_leg) {transformation: [-1f,0.0091f,0f,-0.125f,0.0091f,1f,0f,-1.056f,0f,0f,-1f,-0.0016f,0f,0f,0f,1f],start_interpolation: 0,interpolation_duration: 1}
$data merge entity $(bone_left_leg) {transformation: [-1f,-0.0091f,0f,0.125f,-0.0091f,0.9999f,0.0091f,-1.056f,0f,0.0091f,-1f,-0.0016f,0f,0f,0f,1f],start_interpolation: 0,interpolation_duration: 1}
$data merge entity $(bone_waist) {transformation: [-1f,0f,0f,0f,0f,1f,0.0045f,-0.7123f,0f,0.0045f,-1f,0f,0f,0f,0f,1f],start_interpolation: 0,interpolation_duration: 1}
$data merge entity $(bone_chestplate) {transformation: [-0.9962f,0.0185f,-0.0852f,-0.0011f,0f,0.9773f,0.212f,-0.8683f,0.0872f,0.2112f,-0.9735f,0.0557f,0f,0f,0f,1f],start_interpolation: 0,interpolation_duration: 1}
$data merge entity $(bone_weapon) {transformation: [-2.1752f,0.4603f,-0.7078f,-0.5934f,0.5454f,2.2592f,-0.2069f,-0.915f,0.6445f,-0.3584f,-2.2137f,0.0382f,0f,0f,0f,1f],start_interpolation: 0,interpolation_duration: 1}
$data merge entity $(bone_right_forearm) {transformation: [-0.9322f,0.1973f,-0.3033f,-0.541f,0.2338f,0.9682f,-0.0887f,-0.6578f,0.2762f,-0.1536f,-0.9487f,-0.0026f,0f,0f,0f,1f],start_interpolation: 0,interpolation_duration: 1}
$data merge entity $(bone_right_arm) {transformation: [-0.958f,0.2794f,-0.0646f,-0.3165f,0.2661f,0.9501f,0.1628f,-0.3348f,0.1069f,0.1388f,-0.9845f,0.0361f,0f,0f,0f,1f],start_interpolation: 0,interpolation_duration: 1}
$data merge entity $(bone_shield) {transformation: [-0.9866f,-0.1465f,-0.0724f,0.6829f,-0.1399f,0.9861f,-0.0895f,-0.8444f,0.0845f,-0.0782f,-0.9934f,-0.0977f,0f,0f,0f,1f],start_interpolation: 0,interpolation_duration: 1}
$data merge entity $(bone_left_forearm) {transformation: [-0.9866f,-0.1465f,-0.0724f,0.4705f,-0.1399f,0.9861f,-0.0895f,-0.6857f,0.0845f,-0.0782f,-0.9934f,-0.0965f,0f,0f,0f,1f],start_interpolation: 0,interpolation_duration: 1}
$data merge entity $(bone_left_arm) {transformation: [-0.9663f,-0.1162f,-0.2299f,0.3061f,-0.1439f,0.9837f,0.1075f,-0.3348f,0.2137f,0.137f,-0.9673f,-0.0184f,0f,0f,0f,1f],start_interpolation: 0,interpolation_duration: 1}
$data merge entity $(bone_bone) {transformation: [-0.999f,-0.0042f,-0.0435f,0.0048f,0.0017f,0.9908f,-0.1351f,0.0408f,0.0437f,-0.135f,-0.9899f,0.222f,0f,0f,0f,1f],start_interpolation: 0,interpolation_duration: 1}
$data merge entity $(bone_head) {transformation: [-0.999f,0.0091f,-0.0427f,-0.0052f,0.0017f,0.9856f,0.1691f,-0.3348f,0.0437f,0.1689f,-0.9847f,0.0088f,0f,0f,0f,1f],start_interpolation: 0,interpolation_duration: 1}
$data merge entity $(bone_torso) {transformation: [-0.9962f,0.0034f,-0.0871f,0f,0f,0.9992f,0.0391f,-0.556f,0.0872f,0.0389f,-0.9954f,0.0679f,0f,0f,0f,1f],start_interpolation: 0,interpolation_duration: 1}
data modify entity @s data merge value {"cameras":{},"locators":{"locator":{"px":-0.07225617141797114,"py":-0.7199306390061999,"pz":1.6319730552367626,"ry":342.2695683084194,"rx":-5.088287702231153}}}