# This file was generated by Animated Java via MC-Build. It is not recommended to edit this file directly.
$data merge entity $(bone_right_leg) {transformation: [-1f,0.0024f,0f,-0.125f,0.0024f,1f,0f,-1.0607f,0f,0f,-1f,-0.0004f,0f,0f,0f,1f],start_interpolation: 0,interpolation_duration: 1}
$data merge entity $(bone_left_leg) {transformation: [-1f,-0.0024f,0f,0.125f,-0.0024f,1f,0.0024f,-1.0607f,0f,0.0024f,-1f,-0.0004f,0f,0f,0f,1f],start_interpolation: 0,interpolation_duration: 1}
$data merge entity $(bone_waist) {transformation: [-1f,0f,0f,0f,0f,1f,0.0012f,-0.717f,0f,0.0012f,-1f,0f,0f,0f,0f,1f],start_interpolation: 0,interpolation_duration: 1}
$data merge entity $(bone_chestplate) {transformation: [-0.9962f,0.0188f,-0.0851f,-0.0012f,0f,0.9766f,0.2152f,-0.873f,0.0872f,0.2144f,-0.9728f,0.0547f,0f,0f,0f,1f],start_interpolation: 0,interpolation_duration: 1}
$data merge entity $(bone_weapon) {transformation: [-2.1797f,0.4477f,-0.7022f,-0.5899f,0.5282f,2.2643f,-0.1957f,-0.9212f,0.6439f,-0.3418f,-2.2165f,0.0343f,0f,0f,0f,1f],start_interpolation: 0,interpolation_duration: 1}
$data merge entity $(bone_right_forearm) {transformation: [-0.9341f,0.1919f,-0.3009f,-0.5389f,0.2264f,0.9704f,-0.0839f,-0.6634f,0.2759f,-0.1465f,-0.9499f,-0.0046f,0f,0f,0f,1f],start_interpolation: 0,interpolation_duration: 1}
$data merge entity $(bone_right_arm) {transformation: [-0.9598f,0.2735f,-0.0636f,-0.3164f,0.2597f,0.9507f,0.1693f,-0.3393f,0.1068f,0.146f,-0.9835f,0.0368f,0f,0f,0f,1f],start_interpolation: 0,interpolation_duration: 1}
$data merge entity $(bone_shield) {transformation: [-0.9877f,-0.1392f,-0.0705f,0.6795f,-0.133f,0.9873f,-0.087f,-0.8514f,0.0817f,-0.0765f,-0.9937f,-0.097f,0f,0f,0f,1f],start_interpolation: 0,interpolation_duration: 1}
$data merge entity $(bone_left_forearm) {transformation: [-0.9877f,-0.1392f,-0.0705f,0.4682f,-0.133f,0.9873f,-0.087f,-0.6912f,0.0817f,-0.0765f,-0.9937f,-0.0961f,0f,0f,0f,1f],start_interpolation: 0,interpolation_duration: 1}
$data merge entity $(bone_left_arm) {transformation: [-0.9678f,-0.1095f,-0.2267f,0.3062f,-0.1374f,0.9843f,0.1111f,-0.3393f,0.2109f,0.1387f,-0.9676f,-0.0177f,0f,0f,0f,1f],start_interpolation: 0,interpolation_duration: 1}
$data merge entity $(bone_bone) {transformation: [-0.999f,-0.0039f,-0.0435f,0.005f,0.0018f,0.9913f,-0.1318f,0.0355f,0.0437f,-0.1317f,-0.9903f,0.2239f,0f,0f,0f,1f],start_interpolation: 0,interpolation_duration: 1}
$data merge entity $(bone_head) {transformation: [-0.999f,0.0093f,-0.0427f,-0.0051f,0.0018f,0.985f,0.1724f,-0.3393f,0.0437f,0.1722f,-0.9841f,0.0096f,0f,0f,0f,1f],start_interpolation: 0,interpolation_duration: 1}
$data merge entity $(bone_torso) {transformation: [-0.9962f,0.0037f,-0.0871f,0f,0f,0.9991f,0.0424f,-0.5608f,0.0872f,0.0422f,-0.9953f,0.0679f,0f,0f,0f,1f],start_interpolation: 0,interpolation_duration: 1}
data modify entity @s data merge value {"cameras":{},"locators":{"locator":{"px":-0.0730836238624607,"py":-0.734112849950856,"pz":1.6304862562761626,"ry":342.4221797199323,"rx":-4.81177540112684}}}