# This file was generated by Animated Java via MC-Build. It is not recommended to edit this file directly.
$data merge entity $(bone_right_leg) {transformation: [-1f,0.0006f,0f,-0.125f,0.0006f,1f,0f,-1.062f,0f,0f,-1f,-0.0001f,0f,0f,0f,1f],start_interpolation: 0,interpolation_duration: 1}
$data merge entity $(bone_left_leg) {transformation: [-1f,-0.0006f,0f,0.125f,-0.0006f,1f,0.0006f,-1.062f,0f,0.0006f,-1f,-0.0001f,0f,0f,0f,1f],start_interpolation: 0,interpolation_duration: 1}
$data merge entity $(bone_waist) {transformation: [-1f,0f,0f,0f,0f,1f,0.0003f,-0.7183f,0f,0.0003f,-1f,0f,0f,0f,0f,1f],start_interpolation: 0,interpolation_duration: 1}
$data merge entity $(bone_chestplate) {transformation: [-0.9962f,0.0188f,-0.0851f,-0.0012f,0f,0.9764f,0.2161f,-0.8743f,0.0872f,0.2153f,-0.9726f,0.0544f,0f,0f,0f,1f],start_interpolation: 0,interpolation_duration: 1}
$data merge entity $(bone_weapon) {transformation: [-2.1809f,0.4443f,-0.7007f,-0.589f,0.5234f,2.2657f,-0.1926f,-0.9228f,0.6437f,-0.3372f,-2.2173f,0.0333f,0f,0f,0f,1f],start_interpolation: 0,interpolation_duration: 1}
$data merge entity $(bone_right_forearm) {transformation: [-0.9347f,0.1904f,-0.3003f,-0.5384f,0.2243f,0.971f,-0.0826f,-0.6649f,0.2759f,-0.1445f,-0.9503f,-0.0051f,0f,0f,0f,1f],start_interpolation: 0,interpolation_duration: 1}
$data merge entity $(bone_right_arm) {transformation: [-0.9602f,0.2719f,-0.0634f,-0.3164f,0.258f,0.9509f,0.1711f,-0.3406f,0.1067f,0.1479f,-0.9832f,0.037f,0f,0f,0f,1f],start_interpolation: 0,interpolation_duration: 1}
$data merge entity $(bone_shield) {transformation: [-0.9881f,-0.1372f,-0.07f,0.6786f,-0.1311f,0.9876f,-0.0863f,-0.8534f,0.081f,-0.0761f,-0.9938f,-0.0969f,0f,0f,0f,1f],start_interpolation: 0,interpolation_duration: 1}
$data merge entity $(bone_left_forearm) {transformation: [-0.9881f,-0.1372f,-0.07f,0.4676f,-0.1311f,0.9876f,-0.0863f,-0.6928f,0.081f,-0.0761f,-0.9938f,-0.0959f,0f,0f,0f,1f],start_interpolation: 0,interpolation_duration: 1}
$data merge entity $(bone_left_arm) {transformation: [-0.9682f,-0.1077f,-0.2258f,0.3062f,-0.1356f,0.9844f,0.1121f,-0.3406f,0.2102f,0.1392f,-0.9677f,-0.0175f,0f,0f,0f,1f],start_interpolation: 0,interpolation_duration: 1}
$data merge entity $(bone_bone) {transformation: [-0.999f,-0.0038f,-0.0435f,0.005f,0.0019f,0.9914f,-0.1309f,0.0341f,0.0437f,-0.1308f,-0.9904f,0.2245f,0f,0f,0f,1f],start_interpolation: 0,interpolation_duration: 1}
$data merge entity $(bone_head) {transformation: [-0.999f,0.0094f,-0.0427f,-0.0051f,0.0019f,0.9849f,0.1733f,-0.3406f,0.0437f,0.173f,-0.9839f,0.0098f,0f,0f,0f,1f],start_interpolation: 0,interpolation_duration: 1}
$data merge entity $(bone_torso) {transformation: [-0.9962f,0.0038f,-0.0871f,0f,0f,0.9991f,0.0433f,-0.562f,0.0872f,0.0431f,-0.9953f,0.0679f,0f,0f,0f,1f],start_interpolation: 0,interpolation_duration: 1}
data modify entity @s data merge value {"cameras":{},"locators":{"locator":{"px":-0.0732995367229533,"py":-0.7379868244788003,"pz":1.6300678154351065,"ry":342.46347493431017,"rx":-4.735959936337183}}}