# This file was generated by Animated Java via MC-Build. It is not recommended to edit this file directly.
$data merge entity $(bone_right_leg1) {transformation: [-1f,0f,0f,-0.1562f,0f,0.6063f,-0.7953f,-0.3029f,0f,-0.7953f,-0.6063f,-0.1158f,0f,0f,0f,1f],start_interpolation: 0,interpolation_duration: 1}
$data merge entity $(bone_right_leg) {transformation: [-1f,0f,0f,-0.1562f,0f,0.7914f,-0.6113f,-0.1545f,0f,-0.6113f,-0.7914f,-0.2304f,0f,0f,0f,1f],start_interpolation: 0,interpolation_duration: 1}
$data merge entity $(bone_left_leg1) {transformation: [-1f,0f,0f,0.1563f,0f,0.807f,-0.5906f,-0.3058f,0f,-0.5906f,-0.807f,-0.1197f,0f,0f,0f,1f],start_interpolation: 0,interpolation_duration: 1}
$data merge entity $(bone_left_leg) {transformation: [-1f,0f,0f,0.1563f,0f,0.807f,-0.5906f,-0.1545f,0f,-0.5906f,-0.807f,-0.2304f,0f,0f,0f,1f],start_interpolation: 0,interpolation_duration: 1}
$data merge entity $(bone_tail) {transformation: [-1f,0f,0f,-0.0312f,0f,0.9982f,-0.0604f,-0.3446f,0f,-0.0604f,-0.9982f,-0.6438f,0f,0f,0f,1f],start_interpolation: 0,interpolation_duration: 1}
$data merge entity $(bone_head) {transformation: [-1f,0f,0f,0f,0f,0.8441f,0.5361f,0.4067f,0f,0.5361f,-0.8441f,0.1116f,0f,0f,0f,1f],start_interpolation: 0,interpolation_duration: 1}
$data merge entity $(bone_right_wing1) {transformation: [-0.9346f,0.3557f,0f,-1.0977f,0.2699f,0.7092f,-0.6513f,0.3879f,-0.2316f,-0.6087f,-0.7588f,-0.0782f,0f,0f,0f,1f],start_interpolation: 0,interpolation_duration: 1}
$data merge entity $(bone_right_wing) {transformation: [-1f,-0.0048f,0f,-0.2653f,-0.0037f,0.7588f,-0.6513f,0.1667f,0.0032f,-0.6513f,-0.7588f,-0.332f,0f,0f,0f,1f],start_interpolation: 0,interpolation_duration: 1}
$data merge entity $(bone_left_wing1) {transformation: [-0.9346f,-0.3557f,0f,1.0977f,-0.2699f,0.7092f,-0.6513f,0.3879f,0.2316f,-0.6087f,-0.7588f,-0.0782f,0f,0f,0f,1f],start_interpolation: 0,interpolation_duration: 1}
$data merge entity $(bone_left_wing) {transformation: [-1f,0.0048f,0f,0.2653f,0.0037f,0.7588f,-0.6513f,0.1667f,-0.0032f,-0.6513f,-0.7588f,-0.332f,0f,0f,0f,1f],start_interpolation: 0,interpolation_duration: 1}
$data merge entity $(bone_body) {transformation: [-1f,0f,0f,0.0313f,0f,0.7588f,-0.6513f,-0.0391f,0f,-0.6513f,-0.7588f,0f,0f,0f,0f,1f],start_interpolation: 0,interpolation_duration: 1}
execute on vehicle unless entity @s[tag=aj.transforms_only] at @s run function animated_java:raptor/animations/attack/zzz/frames/10_root_commands