# This file was generated by Animated Java via MC-Build. It is not recommended to edit this file directly.
$data merge entity $(bone_right_leg1) {transformation: [-1f,0f,0f,-0.1562f,0f,0.5069f,-0.862f,-0.2795f,0f,-0.862f,-0.5069f,-0.1064f,0f,0f,0f,1f],start_interpolation: 0,interpolation_duration: 1}
$data merge entity $(bone_right_leg) {transformation: [-1f,0f,0f,-0.1562f,0f,0.7128f,-0.7014f,-0.1458f,0f,-0.7014f,-0.7128f,-0.2379f,0f,0f,0f,1f],start_interpolation: 0,interpolation_duration: 1}
$data merge entity $(bone_left_leg1) {transformation: [-1f,0f,0f,0.1563f,0f,0.6626f,-0.749f,-0.2701f,0f,-0.749f,-0.6626f,-0.0975f,0f,0f,0f,1f],start_interpolation: 0,interpolation_duration: 1}
$data merge entity $(bone_left_leg) {transformation: [-1f,0f,0f,0.1563f,0f,0.6626f,-0.749f,-0.1458f,0f,-0.749f,-0.6626f,-0.2379f,0f,0f,0f,1f],start_interpolation: 0,interpolation_duration: 1}
$data merge entity $(bone_tail) {transformation: [-1f,0f,0f,-0.0312f,0f,0.9635f,0.2676f,-0.3065f,0f,0.2676f,-0.9635f,-0.6636f,0f,0f,0f,1f],start_interpolation: 0,interpolation_duration: 1}
$data merge entity $(bone_head) {transformation: [-1f,0f,0f,0f,0f,0.6052f,0.7961f,0.39f,0f,0.7961f,-0.6052f,0.1425f,0f,0f,0f,1f],start_interpolation: 0,interpolation_duration: 1}
$data merge entity $(bone_right_wing1) {transformation: [-0.8269f,-0.5624f,0f,-0.9894f,-0.4514f,0.6637f,-0.5965f,0.053f,0.3354f,-0.4932f,-0.8026f,0.1983f,0f,0f,0f,1f],start_interpolation: 0,interpolation_duration: 1}
$data merge entity $(bone_right_wing) {transformation: [-0.866f,-0.5f,0f,-0.2653f,-0.4013f,0.6951f,-0.5965f,0.1817f,0.2983f,-0.5166f,-0.8026f,-0.3168f,0f,0f,0f,1f],start_interpolation: 0,interpolation_duration: 1}
$data merge entity $(bone_left_wing1) {transformation: [-0.8269f,0.5624f,0f,0.9894f,0.4514f,0.6637f,-0.5965f,0.053f,-0.3354f,-0.4932f,-0.8026f,0.1983f,0f,0f,0f,1f],start_interpolation: 0,interpolation_duration: 1}
$data merge entity $(bone_left_wing) {transformation: [-0.866f,0.5f,0f,0.2653f,0.4013f,0.6951f,-0.5965f,0.1817f,-0.2983f,-0.5166f,-0.8026f,-0.3168f,0f,0f,0f,1f],start_interpolation: 0,interpolation_duration: 1}
$data merge entity $(bone_body) {transformation: [-1f,0f,0f,0.0313f,0f,0.8026f,-0.5965f,-0.0469f,0f,-0.5965f,-0.8026f,0f,0f,0f,0f,1f],start_interpolation: 0,interpolation_duration: 1}
execute on vehicle unless entity @s[tag=aj.transforms_only] at @s run function animated_java:raptor/animations/attack/zzz/frames/12_root_commands