# This file was generated by Animated Java via MC-Build. It is not recommended to edit this file directly.
$data merge entity $(bone_right_leg1) {transformation: [-1f,0f,0f,-0.1562f,0f,0.5f,-0.866f,-0.2756f,0f,-0.866f,-0.5f,-0.1081f,0f,0f,0f,1f],start_interpolation: 0,interpolation_duration: 1}
$data merge entity $(bone_right_leg) {transformation: [-1f,0f,0f,-0.1562f,0f,0.7071f,-0.7071f,-0.143f,0f,-0.7071f,-0.7071f,-0.2406f,0f,0f,0f,1f],start_interpolation: 0,interpolation_duration: 1}
$data merge entity $(bone_left_leg1) {transformation: [-1f,0f,0f,0.1563f,0f,0.6428f,-0.766f,-0.2635f,0f,-0.766f,-0.6428f,-0.097f,0f,0f,0f,1f],start_interpolation: 0,interpolation_duration: 1}
$data merge entity $(bone_left_leg) {transformation: [-1f,0f,0f,0.1563f,0f,0.6428f,-0.766f,-0.143f,0f,-0.766f,-0.6428f,-0.2406f,0f,0f,0f,1f],start_interpolation: 0,interpolation_duration: 1}
$data merge entity $(bone_tail) {transformation: [-1f,0f,0f,-0.0312f,0f,0.9397f,0.342f,-0.2915f,0f,0.342f,-0.9397f,-0.6707f,0f,0f,0f,1f],start_interpolation: 0,interpolation_duration: 1}
$data merge entity $(bone_head) {transformation: [-1f,0f,0f,0f,0f,0.5373f,0.8434f,0.3819f,0f,0.8434f,-0.5373f,0.1548f,0f,0f,0f,1f],start_interpolation: 0,interpolation_duration: 1}
$data merge entity $(bone_right_wing1) {transformation: [-0.7373f,-0.6756f,0f,-1.0224f,-0.5534f,0.6039f,-0.5736f,0.0964f,0.3875f,-0.4229f,-0.8192f,0.164f,0f,0f,0f,1f],start_interpolation: 0,interpolation_duration: 1}
$data merge entity $(bone_right_wing) {transformation: [-0.9063f,-0.4226f,0f,-0.2653f,-0.3462f,0.7424f,-0.5736f,0.1866f,0.2424f,-0.5198f,-0.8192f,-0.3102f,0f,0f,0f,1f],start_interpolation: 0,interpolation_duration: 1}
$data merge entity $(bone_left_wing1) {transformation: [-0.7373f,0.6756f,0f,1.0224f,0.5534f,0.6039f,-0.5736f,0.0964f,-0.3875f,-0.4229f,-0.8192f,0.164f,0f,0f,0f,1f],start_interpolation: 0,interpolation_duration: 1}
$data merge entity $(bone_left_wing) {transformation: [-0.9063f,0.4226f,0f,0.2653f,0.3462f,0.7424f,-0.5736f,0.1866f,-0.2424f,-0.5198f,-0.8192f,-0.3102f,0f,0f,0f,1f],start_interpolation: 0,interpolation_duration: 1}
$data merge entity $(bone_body) {transformation: [-1f,0f,0f,0.0313f,0f,0.8192f,-0.5736f,-0.0508f,0f,-0.5736f,-0.8192f,0f,0f,0f,0f,1f],start_interpolation: 0,interpolation_duration: 1}
execute on vehicle unless entity @s[tag=aj.transforms_only] at @s run function animated_java:raptor/animations/attack/zzz/frames/13_root_commands