# This file was generated by Animated Java via MC-Build. It is not recommended to edit this file directly.
$data merge entity $(bone_right_leg1) {transformation: [-1f,0f,0f,-0.1562f,0f,0.5946f,-0.804f,-0.285f,0f,-0.804f,-0.5946f,-0.127f,0f,0f,0f,1f],start_interpolation: 0,interpolation_duration: 1}
$data merge entity $(bone_right_leg) {transformation: [-1f,0f,0f,-0.1562f,0f,0.7824f,-0.6228f,-0.1383f,0f,-0.6228f,-0.7824f,-0.2438f,0f,0f,0f,1f],start_interpolation: 0,interpolation_duration: 1}
$data merge entity $(bone_left_leg1) {transformation: [-1f,0f,0f,0.1563f,0f,0.7513f,-0.66f,-0.2791f,0f,-0.66f,-0.7513f,-0.12f,0f,0f,0f,1f],start_interpolation: 0,interpolation_duration: 1}
$data merge entity $(bone_left_leg) {transformation: [-1f,0f,0f,0.1563f,0f,0.7513f,-0.66f,-0.1383f,0f,-0.66f,-0.7513f,-0.2438f,0f,0f,0f,1f],start_interpolation: 0,interpolation_duration: 1}
$data merge entity $(bone_tail) {transformation: [-1f,0f,0f,-0.0312f,0f,0.9616f,0.2744f,-0.2714f,0f,0.2744f,-0.9616f,-0.6788f,0f,0f,0f,1f],start_interpolation: 0,interpolation_duration: 1}
$data merge entity $(bone_head) {transformation: [-1f,0f,0f,0f,0f,0.6036f,0.7973f,0.3722f,0f,0.7973f,-0.6036f,0.1701f,0f,0f,0f,1f],start_interpolation: 0,interpolation_duration: 1}
$data merge entity $(bone_right_wing1) {transformation: [-0.9663f,-0.2573f,0f,-1.0925f,-0.2158f,0.8108f,-0.5441f,0.2989f,0.14f,-0.5258f,-0.839f,0.0314f,0f,0f,0f,1f],start_interpolation: 0,interpolation_duration: 1}
$data merge entity $(bone_right_wing) {transformation: [-0.9929f,-0.1193f,0f,-0.2653f,-0.1001f,0.833f,-0.5441f,0.1936f,0.0649f,-0.5402f,-0.839f,-0.3016f,0f,0f,0f,1f],start_interpolation: 0,interpolation_duration: 1}
$data merge entity $(bone_left_wing1) {transformation: [-0.9663f,0.2573f,0f,1.0925f,0.2158f,0.8108f,-0.5441f,0.2989f,-0.14f,-0.5258f,-0.839f,0.0314f,0f,0f,0f,1f],start_interpolation: 0,interpolation_duration: 1}
$data merge entity $(bone_left_wing) {transformation: [-0.9929f,0.1193f,0f,0.2653f,0.1001f,0.833f,-0.5441f,0.1936f,-0.0649f,-0.5402f,-0.839f,-0.3016f,0f,0f,0f,1f],start_interpolation: 0,interpolation_duration: 1}
$data merge entity $(bone_body) {transformation: [-1f,0f,0f,0.0313f,0f,0.839f,-0.5441f,-0.0547f,0f,-0.5441f,-0.839f,0f,0f,0f,0f,1f],start_interpolation: 0,interpolation_duration: 1}
execute on vehicle unless entity @s[tag=aj.transforms_only] at @s run function animated_java:raptor/animations/attack/zzz/frames/14_root_commands