# This file was generated by Animated Java via MC-Build. It is not recommended to edit this file directly.
$data merge entity $(bone_right_leg1) {transformation: [-1f,0f,0f,-0.1562f,0f,0.5813f,-0.8137f,-0.2509f,0f,-0.8137f,-0.5813f,-0.1206f,0f,0f,0f,1f],start_interpolation: 0,interpolation_duration: 1}
$data merge entity $(bone_right_leg) {transformation: [-1f,0f,0f,-0.1562f,0f,0.7721f,-0.6355f,-0.1062f,0f,-0.6355f,-0.7721f,-0.2398f,0f,0f,0f,1f],start_interpolation: 0,interpolation_duration: 1}
$data merge entity $(bone_left_leg1) {transformation: [-1f,0f,0f,0.1563f,0f,0.7499f,-0.6616f,-0.2468f,0f,-0.6616f,-0.7499f,-0.1157f,0f,0f,0f,1f],start_interpolation: 0,interpolation_duration: 1}
$data merge entity $(bone_left_leg) {transformation: [-1f,0f,0f,0.1563f,0f,0.7499f,-0.6616f,-0.1062f,0f,-0.6616f,-0.7499f,-0.2398f,0f,0f,0f,1f],start_interpolation: 0,interpolation_duration: 1}
$data merge entity $(bone_tail) {transformation: [-1f,0f,0f,-0.0312f,0f,0.9813f,0.1925f,-0.2588f,0f,0.1925f,-0.9813f,-0.6684f,0f,0f,0f,1f],start_interpolation: 0,interpolation_duration: 1}
$data merge entity $(bone_head) {transformation: [-1f,0f,0f,0f,0f,0.6712f,0.7413f,0.4224f,0f,0.7413f,-0.6712f,0.1507f,0f,0f,0f,1f],start_interpolation: 0,interpolation_duration: 1}
$data merge entity $(bone_right_wing1) {transformation: [-0.9962f,-0.0872f,0f,-1.0497f,-0.0709f,0.8106f,-0.5813f,0.1918f,0.0507f,-0.5791f,-0.8137f,0.1235f,0f,0f,0f,1f],start_interpolation: 0,interpolation_duration: 1}
$data merge entity $(bone_right_wing) {transformation: [-0.9397f,-0.342f,0f,-0.2653f,-0.2783f,0.7646f,-0.5813f,0.2228f,0.1988f,-0.5462f,-0.8137f,-0.3124f,0f,0f,0f,1f],start_interpolation: 0,interpolation_duration: 1}
$data merge entity $(bone_left_wing1) {transformation: [-0.9962f,0.0872f,0f,1.0497f,0.0709f,0.8106f,-0.5813f,0.1918f,-0.0507f,-0.5791f,-0.8137f,0.1235f,0f,0f,0f,1f],start_interpolation: 0,interpolation_duration: 1}
$data merge entity $(bone_left_wing) {transformation: [-0.9397f,0.342f,0f,0.2653f,0.2783f,0.7646f,-0.5813f,0.2228f,-0.1988f,-0.5462f,-0.8137f,-0.3124f,0f,0f,0f,1f],start_interpolation: 0,interpolation_duration: 1}
$data merge entity $(bone_body) {transformation: [-1f,0f,0f,0.0313f,0f,0.8137f,-0.5813f,-0.0117f,0f,-0.5813f,-0.8137f,0f,0f,0f,0f,1f],start_interpolation: 0,interpolation_duration: 1}
execute on vehicle unless entity @s[tag=aj.transforms_only] at @s run function animated_java:raptor/animations/attack/zzz/frames/3_root_commands