# This file was generated by Animated Java via MC-Build. It is not recommended to edit this file directly.
$data merge entity $(bone_right_leg1) {transformation: [-1f,0f,0f,-0.1562f,0f,0.5502f,-0.835f,-0.2412f,0f,-0.835f,-0.5502f,-0.1186f,0f,0f,0f,1f],start_interpolation: 0,interpolation_duration: 1}
$data merge entity $(bone_right_leg) {transformation: [-1f,0f,0f,-0.1562f,0f,0.7476f,-0.6642f,-0.101f,0f,-0.6642f,-0.7476f,-0.2431f,0f,0f,0f,1f],start_interpolation: 0,interpolation_duration: 1}
$data merge entity $(bone_left_leg1) {transformation: [-1f,0f,0f,0.1563f,0f,0.6979f,-0.7162f,-0.2318f,0f,-0.7162f,-0.6979f,-0.1089f,0f,0f,0f,1f],start_interpolation: 0,interpolation_duration: 1}
$data merge entity $(bone_left_leg) {transformation: [-1f,0f,0f,0.1563f,0f,0.6979f,-0.7162f,-0.101f,0f,-0.7162f,-0.6979f,-0.2431f,0f,0f,0f,1f],start_interpolation: 0,interpolation_duration: 1}
$data merge entity $(bone_tail) {transformation: [-1f,0f,0f,-0.0312f,0f,0.9444f,0.3289f,-0.2373f,0f,0.3289f,-0.9444f,-0.6773f,0f,0f,0f,1f],start_interpolation: 0,interpolation_duration: 1}
$data merge entity $(bone_head) {transformation: [-1f,0f,0f,0f,0f,0.5522f,0.8337f,0.4125f,0f,0.8337f,-0.5522f,0.167f,0f,0f,0f,1f],start_interpolation: 0,interpolation_duration: 1}
$data merge entity $(bone_right_wing1) {transformation: [-0.8269f,-0.5624f,0f,-0.9894f,-0.4696f,0.6905f,-0.5502f,0.0729f,0.3094f,-0.4549f,-0.835f,0.2037f,0f,0f,0f,1f],start_interpolation: 0,interpolation_duration: 1}
$data merge entity $(bone_right_wing) {transformation: [-0.866f,-0.5f,0f,-0.2653f,-0.4175f,0.7232f,-0.5502f,0.2305f,0.2751f,-0.4765f,-0.835f,-0.3034f,0f,0f,0f,1f],start_interpolation: 0,interpolation_duration: 1}
$data merge entity $(bone_left_wing1) {transformation: [-0.8269f,0.5624f,0f,0.9894f,0.4696f,0.6905f,-0.5502f,0.0729f,-0.3094f,-0.4549f,-0.835f,0.2037f,0f,0f,0f,1f],start_interpolation: 0,interpolation_duration: 1}
$data merge entity $(bone_left_wing) {transformation: [-0.866f,0.5f,0f,0.2653f,0.4175f,0.7232f,-0.5502f,0.2305f,-0.2751f,-0.4765f,-0.835f,-0.3034f,0f,0f,0f,1f],start_interpolation: 0,interpolation_duration: 1}
$data merge entity $(bone_body) {transformation: [-1f,0f,0f,0.0313f,0f,0.835f,-0.5502f,-0.0156f,0f,-0.5502f,-0.835f,0f,0f,0f,0f,1f],start_interpolation: 0,interpolation_duration: 1}
execute on vehicle unless entity @s[tag=aj.transforms_only] at @s run function animated_java:raptor/animations/attack/zzz/frames/4_root_commands