# This file was generated by Animated Java via MC-Build. It is not recommended to edit this file directly.
$data merge entity $(bone_right_leg1) {transformation: [-1f,0f,0f,-0.1562f,0f,0.644f,-0.765f,-0.2928f,0f,-0.765f,-0.644f,-0.1249f,0f,0f,0f,1f],start_interpolation: 0,interpolation_duration: 1}
$data merge entity $(bone_right_leg) {transformation: [-1f,0f,0f,-0.1562f,0f,0.8201f,-0.5723f,-0.139f,0f,-0.5723f,-0.8201f,-0.2322f,0f,0f,0f,1f],start_interpolation: 0,interpolation_duration: 1}
$data merge entity $(bone_left_leg1) {transformation: [-1f,0f,0f,0.1563f,0f,0.8434f,-0.5373f,-0.2972f,0f,-0.5373f,-0.8434f,-0.1315f,0f,0f,0f,1f],start_interpolation: 0,interpolation_duration: 1}
$data merge entity $(bone_left_leg) {transformation: [-1f,0f,0f,0.1563f,0f,0.8434f,-0.5373f,-0.139f,0f,-0.5373f,-0.8434f,-0.2322f,0f,0f,0f,1f],start_interpolation: 0,interpolation_duration: 1}
$data merge entity $(bone_tail) {transformation: [-1f,0f,0f,-0.0312f,0f,0.9961f,-0.0888f,-0.3225f,0f,-0.0888f,-0.9961f,-0.6486f,0f,0f,0f,1f],start_interpolation: 0,interpolation_duration: 1}
$data merge entity $(bone_head) {transformation: [-1f,0f,0f,0f,0f,0.8611f,0.5084f,0.4166f,0f,0.5084f,-0.8611f,0.1187f,0f,0f,0f,1f],start_interpolation: 0,interpolation_duration: 1}
$data merge entity $(bone_right_wing1) {transformation: [-0.8381f,0.5455f,0f,-1.0286f,0.4195f,0.6447f,-0.6391f,0.6542f,-0.3486f,-0.5356f,-0.7692f,-0.2819f,0f,0f,0f,1f],start_interpolation: 0,interpolation_duration: 1}
$data merge entity $(bone_right_wing) {transformation: [-0.9201f,0.3916f,0f,-0.2653f,0.3012f,0.7077f,-0.6391f,0.1837f,-0.2503f,-0.588f,-0.7692f,-0.3287f,0f,0f,0f,1f],start_interpolation: 0,interpolation_duration: 1}
$data merge entity $(bone_left_wing1) {transformation: [-0.8381f,-0.5455f,0f,1.0286f,-0.4195f,0.6447f,-0.6391f,0.6542f,0.3486f,-0.5356f,-0.7692f,-0.2819f,0f,0f,0f,1f],start_interpolation: 0,interpolation_duration: 1}
$data merge entity $(bone_left_wing) {transformation: [-0.9201f,-0.3916f,0f,0.2653f,-0.3012f,0.7077f,-0.6391f,0.1837f,0.2503f,-0.588f,-0.7692f,-0.3287f,0f,0f,0f,1f],start_interpolation: 0,interpolation_duration: 1}
$data merge entity $(bone_body) {transformation: [-1f,0f,0f,0.0313f,0f,0.7692f,-0.6391f,-0.0273f,0f,-0.6391f,-0.7692f,0f,0f,0f,0f,1f],start_interpolation: 0,interpolation_duration: 1}
execute on vehicle unless entity @s[tag=aj.transforms_only] at @s run function animated_java:raptor/animations/attack/zzz/frames/7_root_commands