# This file was generated by Animated Java via MC-Build. It is not recommended to edit this file directly.
$data merge entity $(bone_hair_side) {transformation: [-0.8411f,-0.0294f,0.5401f,-0.3918f,-0.0376f,0.9993f,-0.0041f,-0.5359f,-0.5396f,-0.0237f,-0.8416f,0.0489f,0f,0f,0f,1f],start_interpolation: 0,interpolation_duration: 1}
$data merge entity $(bone_hair_side1) {transformation: [-0.8411f,-0.0294f,0.5401f,0.1076f,-0.0376f,0.9993f,-0.0041f,-0.5136f,-0.5396f,-0.0237f,-0.8416f,0.3693f,0f,0f,0f,1f],start_interpolation: 0,interpolation_duration: 1}
$data merge entity $(bone_beard) {transformation: [-0.8411f,-0.0294f,0.5401f,-0.1367f,-0.0376f,0.9993f,-0.0041f,-0.8431f,-0.5396f,-0.0237f,-0.8416f,0.2227f,0f,0f,0f,1f],start_interpolation: 0,interpolation_duration: 1}
$data merge entity $(bone_head) {transformation: [-0.8411f,-0.1228f,0.5268f,0f,-0.0376f,0.9848f,0.1695f,-0.7031f,-0.5396f,0.1228f,-0.8329f,0f,0f,0f,0f,1f],start_interpolation: 0,interpolation_duration: 1}
$data merge entity $(bone_body) {transformation: [-0.7231f,0f,0.8618f,0f,0f,1.125f,0f,-1.375f,-0.8618f,0f,-0.7231f,0f,0f,0f,0f,1f],start_interpolation: 0,interpolation_duration: 1}
$data merge entity $(bone_left4) {transformation: [-0.575f,0.808f,0.128f,-0.2154f,0.8178f,0.5634f,0.1173f,-1.2415f,0.0227f,0.1722f,-0.9848f,0.3125f,0f,0f,0f,1f],start_interpolation: 0,interpolation_duration: 1}
$data merge entity $(bone_left3) {transformation: [-0.6756f,0.7373f,0f,-1.2329f,0.7373f,0.6756f,0f,-1.7501f,0f,0f,-1f,0.3125f,0f,0f,0f,1f],start_interpolation: 0,interpolation_duration: 1}
$data merge entity $(bone_aura) {transformation: [-1.0213f,0.8484f,1.9692f,-0.6266f,-2.1416f,-0.2976f,-0.9826f,-2.8718f,-0.1042f,-2.1983f,0.893f,-1.429f,0f,0f,0f,1f],start_interpolation: 0,interpolation_duration: 1}
$data merge entity $(bone_scythe) {transformation: [-0.7347f,0.6102f,1.4164f,-0.4194f,-1.5405f,-0.2141f,-0.7068f,-1.563f,-0.075f,-1.5812f,0.6423f,-0.4458f,0f,0f,0f,1f],start_interpolation: 0,interpolation_duration: 1}
$data merge entity $(bone_right2) {transformation: [0.8311f,0.2778f,-0.4818f,-0.3368f,-0.4089f,0.8924f,-0.1908f,-1.2789f,0.377f,0.3556f,0.8553f,-0.3611f,0f,0f,0f,1f],start_interpolation: 0,interpolation_duration: 1}
$data merge entity $(bone_right1) {transformation: [-0.7859f,0.2778f,0.5524f,-0.3863f,0.4239f,0.8924f,0.1544f,-2.3596f,-0.4501f,0.3556f,-0.8191f,-0.5983f,0f,0f,0f,1f],start_interpolation: 0,interpolation_duration: 1}
execute on vehicle unless entity @s[tag=aj.transforms_only] positioned ^-0.3008483367 ^-2.3117572834 ^-1.5310308498 rotated ~114.3932012138 ~-24.4385330642 run function animated_java:lich/animations/ground_cutter/zzz/frames/10_locator_commands
execute on vehicle unless entity @s[tag=aj.transforms_only] positioned ^-0.3400762241 ^-1.574338377 ^-0.6331238227 rotated ~114.3932012138 ~-24.4385330642 run function animated_java:lich/animations/ground_cutter/zzz/frames/10_locator_commands
data modify entity @s data merge value {"cameras":{},"locators":{"scythe_blade":{"posx":-0.3008483366987576,"posy":-2.311757283365403,"posz":-1.5310308498173184,"roty":114.39320121375648,"rotx":-24.438533064237067},"scythe_pole":{"posx":-0.34007622410087396,"posy":-1.5743383770301278,"posz":-0.6331238226540084,"roty":114.39320121375648,"rotx":-24.438533064237067}}}