# This file was generated by Animated Java via MC-Build. It is not recommended to edit this file directly.
$data merge entity $(bone_hair_side) {transformation: [-0.9454f,-0.0145f,0.3254f,-0.3657f,-0.0398f,0.9967f,-0.0713f,1.9175f,-0.3233f,-0.0804f,-0.9429f,0.1287f,0f,0f,0f,1f],start_interpolation: 0,interpolation_duration: 1}
$data merge entity $(bone_hair_side1) {transformation: [-0.9454f,-0.0145f,0.3254f,0.1956f,-0.0398f,0.9967f,-0.0713f,1.9411f,-0.3233f,-0.0804f,-0.9429f,0.3207f,0f,0f,0f,1f],start_interpolation: 0,interpolation_duration: 1}
$data merge entity $(bone_beard) {transformation: [-0.9454f,-0.0145f,0.3254f,-0.0828f,-0.0398f,0.9967f,-0.0713f,1.6123f,-0.3233f,-0.0804f,-0.9429f,0.2571f,0f,0f,0f,1f],start_interpolation: 0,interpolation_duration: 1}
$data merge entity $(bone_head) {transformation: [-0.9454f,-0.0708f,0.318f,0f,-0.0398f,0.9939f,0.1029f,1.7344f,-0.3233f,0.0846f,-0.9425f,0f,0f,0f,0f,1f],start_interpolation: 0,interpolation_duration: 1}
$data merge entity $(bone_body) {transformation: [-0.9399f,0f,0.6182f,0f,0f,1.125f,0f,1.0625f,-0.6182f,0f,-0.9399f,0f,0f,0f,0f,1f],start_interpolation: 0,interpolation_duration: 1}
$data merge entity $(bone_left4) {transformation: [-0.3016f,0.9425f,-0.1442f,-0.1936f,0.9525f,0.2909f,-0.0907f,1.2387f,-0.0435f,-0.1647f,-0.9854f,0.365f,0f,0f,0f,1f],start_interpolation: 0,interpolation_duration: 1}
$data merge entity $(bone_left3) {transformation: [-0.6296f,0.7312f,-0.2626f,-1.1901f,0.7769f,0.5925f,-0.2128f,0.8334f,0f,-0.338f,-0.9412f,0.7346f,0f,0f,0f,1f],start_interpolation: 0,interpolation_duration: 1}
$data merge entity $(bone_scythe) {transformation: [-0.9643f,0.3976f,1.3529f,-0.5157f,-1.3298f,-0.8017f,-0.7123f,0.8898f,0.4691f,-1.4552f,0.7621f,-0.1934f,0f,0f,0f,1f],start_interpolation: 0,interpolation_duration: 1}
$data merge entity $(bone_right2) {transformation: [0.7947f,0.4468f,-0.4108f,-0.3823f,-0.4125f,0.8941f,0.1746f,1.1643f,0.4453f,0.0307f,0.8948f,-0.2122f,0f,0f,0f,1f],start_interpolation: 0,interpolation_duration: 1}
$data merge entity $(bone_right1) {transformation: [-0.7876f,0.4831f,0.3825f,-0.6495f,0.4586f,0.8742f,-0.1599f,0.0922f,-0.4116f,0.0494f,-0.91f,-0.1361f,0f,0f,0f,1f],start_interpolation: 0,interpolation_duration: 1}