# This file was generated by Animated Java via MC-Build. It is not recommended to edit this file directly.
$data merge entity $(bone_hair_side) {transformation: [-0.9953f,-0.0267f,0.093f,-0.3238f,-0.0394f,0.9897f,-0.1378f,1.9332f,-0.0884f,-0.1409f,-0.9861f,0.1987f,0f,0f,0f,1f],start_interpolation: 0,interpolation_duration: 1}
$data merge entity $(bone_hair_side1) {transformation: [-0.9953f,-0.0267f,0.093f,0.2672f,-0.0394f,0.9897f,-0.1378f,1.9566f,-0.0884f,-0.1409f,-0.9861f,0.2511f,0f,0f,0f,1f],start_interpolation: 0,interpolation_duration: 1}
$data merge entity $(bone_beard) {transformation: [-0.9953f,-0.0267f,0.093f,-0.0205f,-0.0394f,0.9897f,-0.1378f,1.6306f,-0.0884f,-0.1409f,-0.9861f,0.277f,0f,0f,0f,1f],start_interpolation: 0,interpolation_duration: 1}
$data merge entity $(bone_head) {transformation: [-0.9953f,-0.0424f,0.087f,0f,-0.0394f,0.9986f,0.0361f,1.7344f,-0.0884f,0.0325f,-0.9956f,0f,0f,0f,0f,1f],start_interpolation: 0,interpolation_duration: 1}
$data merge entity $(bone_body) {transformation: [-1.0777f,0f,0.3227f,0f,0f,1.125f,0f,1.0625f,-0.3227f,0f,-1.0777f,0f,0f,0f,0f,1f],start_interpolation: 0,interpolation_duration: 1}
$data merge entity $(bone_left4) {transformation: [-0.1048f,0.8371f,-0.537f,-0.0809f,0.9314f,-0.1066f,-0.3479f,1.3324f,-0.3485f,-0.5366f,-0.7685f,0.4046f,0f,0f,0f,1f],start_interpolation: 0,interpolation_duration: 1}
$data merge entity $(bone_left3) {transformation: [-0.5915f,0.5087f,-0.6256f,-0.8221f,0.8063f,0.3732f,-0.459f,1.1762f,0f,-0.7759f,-0.6309f,1.2532f,0f,0f,0f,1f],start_interpolation: 0,interpolation_duration: 1}
$data merge entity $(bone_scythe) {transformation: [-0.9639f,-0.2296f,1.3916f,-0.5635f,-0.7278f,-1.3628f,-0.729f,1.0406f,1.2081f,-1.0042f,0.6711f,0.2055f,0f,0f,0f,1f],start_interpolation: 0,interpolation_duration: 1}
$data merge entity $(bone_right2) {transformation: [0.8177f,0.5719f,-0.0656f,-0.4017f,-0.4238f,0.6752f,0.6037f,1.2357f,0.3896f,-0.4658f,0.7945f,0.0381f,0f,0f,0f,1f],start_interpolation: 0,interpolation_duration: 1}
$data merge entity $(bone_right1) {transformation: [-0.7852f,0.6186f,-0.0271f,-0.8136f,0.5277f,0.6456f,-0.552f,0.3849f,-0.324f,-0.4477f,-0.8334f,0.615f,0f,0f,0f,1f],start_interpolation: 0,interpolation_duration: 1}
data modify entity @s data merge value {"cameras":{},"locators":{"hitbox":{"posx":-0.743226740063145,"posy":0.11074990610174384,"posz":-0.4318563879587893,"roty":115.74519372170717,"rotx":-25.26035318257005},"hitbox2":{"posx":-1.166395873468509,"posy":-0.2087845841284086,"posz":0.09854496393080575,"roty":115.74519372170717,"rotx":-25.26035318257005}}}