# This file was generated by Animated Java via MC-Build. It is not recommended to edit this file directly.
$data merge entity $(bone_hair_side) {transformation: [-0.9953f,-0.0267f,0.093f,-0.3238f,-0.0394f,0.9897f,-0.1378f,1.9332f,-0.0884f,-0.1409f,-0.9861f,0.1987f,0f,0f,0f,1f],start_interpolation: 0,interpolation_duration: 1}
$data merge entity $(bone_hair_side1) {transformation: [-0.9953f,-0.0267f,0.093f,0.2672f,-0.0394f,0.9897f,-0.1378f,1.9566f,-0.0884f,-0.1409f,-0.9861f,0.2511f,0f,0f,0f,1f],start_interpolation: 0,interpolation_duration: 1}
$data merge entity $(bone_beard) {transformation: [-0.9953f,-0.0267f,0.093f,-0.0205f,-0.0394f,0.9897f,-0.1378f,1.6306f,-0.0884f,-0.1409f,-0.9861f,0.277f,0f,0f,0f,1f],start_interpolation: 0,interpolation_duration: 1}
$data merge entity $(bone_head) {transformation: [-0.9953f,-0.0424f,0.087f,0f,-0.0394f,0.9986f,0.0361f,1.7344f,-0.0884f,0.0325f,-0.9956f,0f,0f,0f,0f,1f],start_interpolation: 0,interpolation_duration: 1}
$data merge entity $(bone_body) {transformation: [-1.0777f,0f,0.3227f,0f,0f,1.125f,0f,1.0625f,-0.3227f,0f,-1.0777f,0f,0f,0f,0f,1f],start_interpolation: 0,interpolation_duration: 1}
$data merge entity $(bone_left4) {transformation: [-0.1048f,0.8371f,-0.537f,-0.0809f,0.9314f,-0.1066f,-0.3479f,1.3324f,-0.3485f,-0.5366f,-0.7685f,0.4046f,0f,0f,0f,1f],start_interpolation: 0,interpolation_duration: 1}
$data merge entity $(bone_left3) {transformation: [-0.5915f,0.5087f,-0.6256f,-0.8221f,0.8063f,0.3732f,-0.459f,1.1762f,0f,-0.7759f,-0.6309f,1.2532f,0f,0f,0f,1f],start_interpolation: 0,interpolation_duration: 1}
$data merge entity $(bone_scythe) {transformation: [-1.34f,-0.3192f,1.9347f,-0.5635f,-1.0119f,-1.8946f,-1.0135f,1.0406f,1.6796f,-1.3961f,0.933f,0.2055f,0f,0f,0f,1f],start_interpolation: 0,interpolation_duration: 1}
$data merge entity $(bone_right2) {transformation: [0.8177f,0.5719f,-0.0656f,-0.4017f,-0.4238f,0.6752f,0.6037f,1.2357f,0.3896f,-0.4658f,0.7945f,0.0381f,0f,0f,0f,1f],start_interpolation: 0,interpolation_duration: 1}
$data merge entity $(bone_right1) {transformation: [-0.7852f,0.6186f,-0.0271f,-0.8136f,0.5277f,0.6456f,-0.552f,0.3849f,-0.324f,-0.4477f,-0.8334f,0.615f,0f,0f,0f,1f],start_interpolation: 0,interpolation_duration: 1}
execute on vehicle unless entity @s[tag=aj.transforms_only] positioned ^-1.0958676846 ^-0.1555288358 ^0.0101447386 rotated ~115.7451937217 ~-25.2603531826 run function animated_java:lich/animations/ground_cutter/zzz/frames/12_locator_commands
execute on vehicle unless entity @s[tag=aj.transforms_only] positioned ^-0.5819436828 ^0.8852563088 ^0.0750362118 rotated ~115.7451937217 ~-25.2603531826 run function animated_java:lich/animations/ground_cutter/zzz/frames/12_locator_commands
data modify entity @s data merge value {"cameras":{},"locators":{"scythe_blade":{"posx":-1.095867684567615,"posy":-0.1555288357567166,"posz":0.010144738615873228,"roty":115.74519372170717,"rotx":-25.26035318257005},"scythe_pole":{"posx":-0.5819436827568325,"posy":0.8852563087743566,"posz":0.07503621175544764,"roty":115.74519372170717,"rotx":-25.26035318257005}}}