# This file was generated by Animated Java via MC-Build. It is not recommended to edit this file directly.
$data merge entity $(bone_hair_side) {transformation: [-0.9878f,-0.0662f,-0.1413f,-0.2692f,-0.0366f,0.9785f,-0.2028f,-0.489f,0.1517f,-0.1952f,-0.969f,0.2559f,0f,0f,0f,1f],start_interpolation: 0,interpolation_duration: 1}
$data merge entity $(bone_hair_side1) {transformation: [-0.9878f,-0.0662f,-0.1413f,0.3173f,-0.0366f,0.9785f,-0.2028f,-0.4672f,0.1517f,-0.1952f,-0.969f,0.1659f,0f,0f,0f,1f],start_interpolation: 0,interpolation_duration: 1}
$data merge entity $(bone_beard) {transformation: [-0.9878f,-0.0662f,-0.1413f,0.0462f,-0.0366f,0.9785f,-0.2028f,-0.7884f,0.1517f,-0.1952f,-0.969f,0.2802f,0f,0f,0f,1f],start_interpolation: 0,interpolation_duration: 1}
$data merge entity $(bone_head) {transformation: [-0.9878f,-0.0407f,-0.1506f,0f,-0.0366f,0.9989f,-0.0298f,-0.7031f,0.1517f,-0.0239f,-0.9881f,0f,0f,0f,0f,1f],start_interpolation: 0,interpolation_duration: 1}
$data merge entity $(bone_body) {transformation: [-1.125f,0f,0f,0f,0f,1.125f,0f,-1.375f,0f,0f,-1.125f,0f,0f,0f,0f,1f],start_interpolation: 0,interpolation_duration: 1}
$data merge entity $(bone_left4) {transformation: [-0.1758f,0.5424f,-0.8215f,0.1208f,0.6651f,-0.5498f,-0.5053f,-0.9671f,-0.7257f,-0.6353f,-0.2641f,0.3616f,0f,0f,0f,1f],start_interpolation: 0,interpolation_duration: 1}
$data merge entity $(bone_left3) {transformation: [-0.5609f,0.0298f,-0.8274f,-0.0871f,0.8279f,0.0202f,-0.5605f,-0.7305f,0f,-0.9994f,-0.036f,1.4547f,0f,0f,0f,1f],start_interpolation: 0,interpolation_duration: 1}
$data merge entity $(bone_aura) {transformation: [-0.5334f,-1.1267f,2.0215f,-1.1669f,0.1577f,-2.0874f,-1.1218f,-1.9134f,2.309f,-0.1178f,0.5436f,1.8034f,0f,0f,0f,1f],start_interpolation: 0,interpolation_duration: 1}
$data merge entity $(bone_scythe) {transformation: [-0.3837f,-0.8104f,1.4541f,-0.3977f,0.1134f,-1.5015f,-0.8069f,-1.1216f,1.6608f,-0.0847f,0.391f,0.577f,0f,0f,0f,1f],start_interpolation: 0,interpolation_duration: 1}
$data merge entity $(bone_right2) {transformation: [0.8527f,0.3687f,0.37f,-0.3107f,-0.472f,0.2404f,0.8482f,-1.0658f,0.2238f,-0.8979f,0.379f,0.2934f,0f,0f,0f,1f],start_interpolation: 0,interpolation_duration: 1}
$data merge entity $(bone_right1) {transformation: [-0.7648f,0.4068f,-0.4997f,-0.5039f,0.6108f,0.2107f,-0.7633f,-1.4806f,-0.2052f,-0.8889f,-0.4096f,1.302f,0f,0f,0f,1f],start_interpolation: 0,interpolation_duration: 1}
execute on vehicle unless entity @s[tag=aj.transforms_only] positioned ^-1.0896902188 ^-2.0795106932 ^1.173628038 rotated ~105.0511282218 ~-28.1867427771 run function animated_java:lich/animations/ground_cutter/zzz/frames/13_locator_commands
execute on vehicle unless entity @s[tag=aj.transforms_only] positioned ^-0.4905301919 ^-1.3011696968 ^0.5517316999 rotated ~105.0511282218 ~-28.1867427771 run function animated_java:lich/animations/ground_cutter/zzz/frames/13_locator_commands
data modify entity @s data merge value {"cameras":{},"locators":{"scythe_blade":{"posx":-1.0896902188027104,"posy":-2.0795106932307883,"posz":1.1736280379596276,"roty":105.05112822182282,"rotx":-28.186742777143238},"scythe_pole":{"posx":-0.490530191856021,"posy":-1.3011696967658282,"posz":0.551731699868483,"roty":105.05112822182282,"rotx":-28.186742777143238}}}