# This file was generated by Animated Java via MC-Build. It is not recommended to edit this file directly.
$data merge entity $(bone_hair_side) {transformation: [-0.6411f,-0.3043f,-0.7046f,-0.0658f,-0.0189f,0.924f,-0.3819f,1.9895f,0.7672f,-0.2315f,-0.5981f,0.3383f,0f,0f,0f,1f],start_interpolation: 0,interpolation_duration: 1}
$data merge entity $(bone_hair_side1) {transformation: [-0.6411f,-0.3043f,-0.7046f,0.3149f,-0.0189f,0.924f,-0.3819f,2.0007f,0.7672f,-0.2315f,-0.5981f,-0.1173f,0f,0f,0f,1f],start_interpolation: 0,interpolation_duration: 1}
$data merge entity $(bone_beard) {transformation: [-0.6411f,-0.3043f,-0.7046f,0.2266f,-0.0189f,0.924f,-0.3819f,1.7035f,0.7672f,-0.2315f,-0.5981f,0.1886f,0f,0f,0f,1f],start_interpolation: 0,interpolation_duration: 1}
$data merge entity $(bone_head) {transformation: [-0.6411f,-0.1773f,-0.7467f,0f,-0.0189f,0.9763f,-0.2156f,1.7344f,0.7672f,-0.1241f,-0.6292f,0f,0f,0f,0f,1f],start_interpolation: 0,interpolation_duration: 1}
$data merge entity $(bone_body) {transformation: [-0.7231f,0f,-0.8618f,0f,0f,1.125f,0f,1.0625f,0.8618f,0f,-0.7231f,0f,0f,0f,0f,1f],start_interpolation: 0,interpolation_duration: 1}
$data merge entity $(bone_left4) {transformation: [-0.8068f,0.5145f,-0.2903f,0.548f,-0.458f,-0.8552f,-0.2428f,1.7141f,-0.3732f,-0.0629f,0.9256f,-0.1875f,0f,0f,0f,1f],start_interpolation: 0,interpolation_duration: 1}
$data merge entity $(bone_left3) {transformation: [-0.5f,-0.866f,0f,1.339f,0.866f,-0.5f,0f,2.5316f,0f,0f,1f,-0.1875f,0f,0f,0f,1f],start_interpolation: 0,interpolation_duration: 1}
$data merge entity $(bone_scythe) {transformation: [1.7194f,0.3844f,1.5927f,0.3368f,1.6297f,-0.6388f,-1.6052f,1.7767f,0.1685f,2.255f,-0.7262f,0.5139f,0f,0f,0f,1f],start_interpolation: 0,interpolation_duration: 1}
$data merge entity $(bone_right2) {transformation: [0.6667f,-0.7392f,0.096f,0.106f,-0.6792f,-0.5495f,0.4865f,1.6092f,-0.3069f,-0.3895f,-0.8684f,0.4342f,0f,0f,0f,1f],start_interpolation: 0,interpolation_duration: 1}
$data merge entity $(bone_right1) {transformation: [-0.6301f,-0.7392f,-0.238f,1.0882f,0.7685f,-0.5495f,-0.328f,1.9529f,0.1117f,-0.3895f,0.9142f,0.8132f,0f,0f,0f,1f],start_interpolation: 0,interpolation_duration: 1}
execute on vehicle unless entity @s[tag=aj.transforms_only] positioned ^1.0077703392 ^1.9309854723 ^1.6445367393 rotated ~65.4892397807 ~-42.521526084 run function animated_java:lich/animations/ground_cutter/zzz/frames/16_locator_commands
execute on vehicle unless entity @s[tag=aj.transforms_only] positioned ^0.358324786 ^1.7113611198 ^0.7056288006 rotated ~65.4892397807 ~-42.521526084 run function animated_java:lich/animations/ground_cutter/zzz/frames/16_locator_commands
data modify entity @s data merge value {"cameras":{},"locators":{"scythe_blade":{"posx":1.0077703391676651,"posy":1.9309854722671225,"posz":1.6445367392565737,"roty":65.48923978068389,"rotx":-42.521526083995454},"scythe_pole":{"posx":0.35832478597525874,"posy":1.7113611198389242,"posz":0.705628800607046,"roty":65.48923978068389,"rotx":-42.521526083995454}}}
execute on vehicle unless entity @s[tag=aj.transforms_only] run function animated_java:lich/variants/default/apply