# This file was generated by Animated Java via MC-Build. It is not recommended to edit this file directly.
$data merge entity $(bone_body) {transformation: [-0.6687f,0f,-0.9047f,0f,0f,1.125f,0f,-1.375f,0.9047f,0f,-0.6687f,0f,0f,0f,0f,1f],start_interpolation: 0,interpolation_duration: 1}
$data merge entity $(bone_left4) {transformation: [-0.8501f,0.5156f,-0.1073f,0.561f,-0.5005f,-0.8544f,-0.14f,-0.7092f,-0.1639f,-0.0653f,0.9843f,-0.28f,0f,0f,0f,1f],start_interpolation: 0,interpolation_duration: 1}
$data merge entity $(bone_left3) {transformation: [-0.5132f,-0.838f,0.1855f,1.3171f,0.8582f,-0.5011f,0.1109f,0.1071f,0f,0.2161f,0.9764f,-0.5163f,0f,0f,0f,1f],start_interpolation: 0,interpolation_duration: 1}
$data merge entity $(bone_aura) {transformation: [1.6627f,0.876f,1.4521f,1.6485f,1.6685f,-0.4811f,-1.6203f,0.079f,-0.3035f,2.1545f,-0.9522f,1.1458f,0f,0f,0f,1f],start_interpolation: 0,interpolation_duration: 1}
$data merge entity $(bone_scythe) {transformation: [1.196f,0.6301f,1.0445f,0.3608f,1.2002f,-0.346f,-1.1655f,-0.6405f,-0.2183f,1.5497f,-0.6849f,0.4064f,0f,0f,0f,1f],start_interpolation: 0,interpolation_duration: 1}
$data merge entity $(bone_right2) {transformation: [0.6074f,-0.7872f,-0.1068f,0.1258f,-0.6857f,-0.5875f,0.4297f,-0.8168f,-0.401f,-0.1878f,-0.8966f,0.3908f,0f,0f,0f,1f],start_interpolation: 0,interpolation_duration: 1}
$data merge entity $(bone_right1) {transformation: [-0.6131f,-0.7872f,-0.0665f,1.1537f,0.7783f,-0.5875f,-0.2218f,-0.4358f,0.1355f,-0.1878f,0.9728f,0.548f,0f,0f,0f,1f],start_interpolation: 0,interpolation_duration: 1}
data modify entity @s data merge value {"cameras":{},"locators":{"scythe_blade":{"posx":1.2518904402752127,"posy":-0.39951646243105055,"posz":1.3552865817947755,"roty":56.74520576353834,"rotx":-43.01754485011032},"scythe_pole":{"posx":0.4247799026039384,"posy":-0.6926150701694217,"posz":0.5926963480420977,"roty":56.74520576353834,"rotx":-43.01754485011032}}}