# This file was generated by Animated Java via MC-Build. It is not recommended to edit this file directly.
$data merge entity $(bone_body) {transformation: [-0.622f,0f,-0.9374f,0f,0f,1.125f,0f,1.0625f,0.9374f,0f,-0.622f,0f,0f,0f,0f,1f],start_interpolation: 0,interpolation_duration: 1}
$data merge entity $(bone_left4) {transformation: [-0.8268f,0.5601f,-0.0512f,0.5532f,-0.5524f,-0.8258f,-0.1134f,1.7442f,-0.1058f,-0.0654f,0.9922f,-0.2999f,0f,0f,0f,1f],start_interpolation: 0,interpolation_duration: 1}
$data merge entity $(bone_left3) {transformation: [-0.5612f,-0.7962f,0.2259f,1.2487f,0.8277f,-0.5399f,0.1532f,2.5934f,0f,0.273f,0.962f,-0.5984f,0f,0f,0f,1f],start_interpolation: 0,interpolation_duration: 1}
$data merge entity $(bone_scythe) {transformation: [1.1419f,0.7576f,1.02f,0.3575f,1.2401f,-0.3661f,-1.1165f,1.8078f,-0.2765f,1.4867f,-0.7947f,0.3927f,0f,0f,0f,1f],start_interpolation: 0,interpolation_duration: 1}
$data merge entity $(bone_right2) {transformation: [0.5932f,-0.7829f,-0.1877f,0.129f,-0.6572f,-0.6056f,0.4488f,1.6255f,-0.465f,-0.1428f,-0.8737f,0.3925f,0f,0f,0f,1f],start_interpolation: 0,interpolation_duration: 1}
$data merge entity $(bone_right1) {transformation: [-0.6208f,-0.7829f,-0.0415f,1.1548f,0.7756f,-0.6056f,-0.1782f,2.0265f,0.1144f,-0.1428f,0.9831f,0.5085f,0f,0f,0f,1f],start_interpolation: 0,interpolation_duration: 1}
data modify entity @s data merge value {"cameras":{},"locators":{"hitbox":{"posx":0.8947040970771631,"posy":1.5974313176040076,"posz":1.3777454507778506,"roty":52.07739635120042,"rotx":-40.808869127699474},"hitbox2":{"posx":1.396046345286289,"posy":2.1418725246088792,"posz":1.2563381928576685,"roty":52.07739635120042,"rotx":-40.808869127699474}}}