# This file was generated by Animated Java via MC-Build. It is not recommended to edit this file directly.
$data merge entity $(bone_body) {transformation: [-0.5556f,0f,-0.9782f,0f,0f,1.125f,0f,1.0625f,0.9782f,0f,-0.5556f,0f,0f,0f,0f,1f],start_interpolation: 0,interpolation_duration: 1}
$data merge entity $(bone_left4) {transformation: [-0.7796f,0.6023f,-0.1718f,0.5367f,-0.5688f,-0.7957f,-0.2082f,1.7497f,-0.2621f,-0.0646f,0.9629f,-0.2282f,0f,0f,0f,1f],start_interpolation: 0,interpolation_duration: 1}
$data merge entity $(bone_left3) {transformation: [-0.5951f,-0.7981f,0.094f,1.2237f,0.8036f,-0.591f,0.0696f,2.6473f,0f,0.117f,0.9931f,-0.3562f,0f,0f,0f,1f],start_interpolation: 0,interpolation_duration: 1}
$data merge entity $(bone_scythe) {transformation: [1.1387f,0.5535f,1.1469f,0.3421f,1.2735f,-0.4919f,-1.027f,1.8045f,-0.0025f,1.5395f,-0.7405f,0.5068f,0f,0f,0f,1f],start_interpolation: 0,interpolation_duration: 1}
$data merge entity $(bone_right2) {transformation: [0.6676f,-0.7407f,-0.076f,0.1239f,-0.6048f,-0.599f,0.5247f,1.6206f,-0.4342f,-0.3043f,-0.8479f,0.4634f,0f,0f,0f,1f],start_interpolation: 0,interpolation_duration: 1}
$data merge entity $(bone_right1) {transformation: [-0.6444f,-0.7407f,-0.1903f,1.1122f,0.7616f,-0.599f,-0.2473f,2.0191f,0.0692f,-0.3043f,0.9501f,0.7651f,0f,0f,0f,1f],start_interpolation: 0,interpolation_duration: 1}
data modify entity @s data merge value {"cameras":{},"locators":{"hitbox":{"posx":0.7429334608755471,"posy":1.5110143014403616,"posz":1.534637474739958,"roty":57.15142107183149,"rotx":-36.95353128182774},"hitbox2":{"posx":1.242857874993298,"posy":2.0700978015128513,"posz":1.5335328862560873,"roty":57.15142107183149,"rotx":-36.95353128182774}}}