# This file was generated by Animated Java via MC-Build. It is not recommended to edit this file directly.
$data merge entity $(bone_hair_side) {transformation: [-0.661f,-0.2446f,-0.7094f,-0.0599f,-0.0291f,0.953f,-0.3015f,1.9712f,0.7498f,-0.1786f,-0.6371f,0.3524f,0f,0f,0f,1f],start_interpolation: 0,interpolation_duration: 1}
$data merge entity $(bone_hair_side1) {transformation: [-0.661f,-0.2446f,-0.7094f,0.3326f,-0.0291f,0.953f,-0.3015f,1.9885f,0.7498f,-0.1786f,-0.6371f,-0.0929f,0f,0f,0f,1f],start_interpolation: 0,interpolation_duration: 1}
$data merge entity $(bone_beard) {transformation: [-0.661f,-0.2446f,-0.7094f,0.2195f,-0.0291f,0.953f,-0.3015f,1.6784f,0.7498f,-0.1786f,-0.6371f,0.1913f,0f,0f,0f,1f],start_interpolation: 0,interpolation_duration: 1}
$data merge entity $(bone_head) {transformation: [-0.661f,-0.1177f,-0.7411f,0f,-0.0291f,0.9909f,-0.1314f,1.7344f,0.7498f,-0.0653f,-0.6584f,0f,0f,0f,0f,1f],start_interpolation: 0,interpolation_duration: 1}
$data merge entity $(bone_body) {transformation: [-0.5295f,0f,-0.9926f,0f,0f,1.125f,0f,1.0625f,0.9926f,0f,-0.5295f,0f,0f,0f,0f,1f],start_interpolation: 0,interpolation_duration: 1}
$data merge entity $(bone_left4) {transformation: [-0.8534f,-0.1992f,-0.4817f,0.572f,0.2649f,-0.9616f,-0.0716f,1.5881f,-0.449f,-0.1887f,0.8734f,-0.1457f,0f,0f,0f,1f],start_interpolation: 0,interpolation_duration: 1}
$data merge entity $(bone_left3) {transformation: [-0.1352f,-0.9742f,-0.1807f,1.5953f,0.9908f,-0.1344f,-0.0166f,2.0448f,-0.0081f,-0.1812f,0.9834f,0.05f,0f,0f,0f,1f],start_interpolation: 0,interpolation_duration: 1}
$data merge entity $(bone_scythe) {transformation: [1.6973f,-0.0707f,0.1804f,0.4178f,0.1892f,0.9462f,-1.4097f,1.5774f,-0.0416f,1.4206f,0.9479f,0.6037f,0f,0f,0f,1f],start_interpolation: 0,interpolation_duration: 1}
$data merge entity $(bone_right2) {transformation: [0.0037f,-0.8867f,0.4623f,0.1478f,-0.8353f,-0.257f,-0.4861f,1.543f,0.5498f,-0.3844f,-0.7416f,0.5248f,0f,0f,0f,1f],start_interpolation: 0,interpolation_duration: 1}
$data merge entity $(bone_right1) {transformation: [-0.5423f,-0.7965f,-0.2672f,1.1636f,0.7833f,-0.3643f,-0.5038f,1.6853f,0.3039f,-0.4825f,0.8215f,0.9425f,0f,0f,0f,1f],start_interpolation: 0,interpolation_duration: 1}