# This file was generated by Animated Java via MC-Build. It is not recommended to edit this file directly.
$data merge entity $(bone_hair_side) {transformation: [-0.6851f,-0.1603f,-0.7106f,-0.0517f,-0.0452f,0.9829f,-0.1782f,1.9406f,0.7271f,-0.09f,-0.6806f,0.3724f,0f,0f,0f,1f],start_interpolation: 0,interpolation_duration: 1}
$data merge entity $(bone_hair_side1) {transformation: [-0.6851f,-0.1603f,-0.7106f,0.355f,-0.0452f,0.9829f,-0.1782f,1.9674f,0.7271f,-0.09f,-0.6806f,-0.0593f,0f,0f,0f,1f],start_interpolation: 0,interpolation_duration: 1}
$data merge entity $(bone_beard) {transformation: [-0.6851f,-0.1603f,-0.7106f,0.2079f,-0.0452f,0.9829f,-0.1782f,1.6421f,0.7271f,-0.09f,-0.6806f,0.1901f,0f,0f,0f,1f],start_interpolation: 0,interpolation_duration: 1}
$data merge entity $(bone_head) {transformation: [-0.6851f,-0.0345f,-0.7277f,0f,-0.0452f,0.999f,-0.0049f,1.7344f,0.7271f,0.0295f,-0.6859f,0f,0f,0f,0f,1f],start_interpolation: 0,interpolation_duration: 1}
$data merge entity $(bone_body) {transformation: [-0.5608f,0f,-0.9752f,0f,0f,1.125f,0f,1.0625f,0.9752f,0f,-0.5608f,0f,0f,0f,0f,1f],start_interpolation: 0,interpolation_duration: 1}
$data merge entity $(bone_left4) {transformation: [-0.1754f,-0.7779f,-0.6035f,0.5213f,0.8533f,-0.4259f,0.3009f,1.4081f,-0.4911f,-0.4621f,0.7384f,-0.0915f,0f,0f,0f,1f],start_interpolation: 0,interpolation_duration: 1}
$data merge entity $(bone_left3) {transformation: [0.421f,-0.8236f,-0.3801f,1.5536f,0.9068f,0.3722f,0.1979f,1.2845f,-0.0215f,-0.428f,0.9035f,0.3699f,0f,0f,0f,1f],start_interpolation: 0,interpolation_duration: 1}
$data merge entity $(bone_aura) {transformation: [1.7697f,1.3524f,-0.8245f,1.9241f,-1.3264f,1.9411f,0.3371f,1.476f,0.8658f,0.2093f,2.2016f,1.2711f,0f,0f,0f,1f],start_interpolation: 0,interpolation_duration: 1}
$data merge entity $(bone_scythe) {transformation: [1.2729f,0.9728f,-0.593f,0.3767f,-0.9541f,1.3962f,0.2425f,1.3917f,0.6228f,0.1505f,1.5836f,0.7045f,0f,0f,0f,1f],start_interpolation: 0,interpolation_duration: 1}
$data merge entity $(bone_right2) {transformation: [-0.5311f,-0.8405f,-0.1067f,0.1602f,0.2287f,-0.021f,-0.9733f,1.4348f,0.8158f,-0.5413f,0.2034f,0.5324f,0f,0f,0f,1f],start_interpolation: 0,interpolation_duration: 1}
$data merge entity $(bone_right1) {transformation: [-0.3835f,-0.8405f,-0.3826f,1.1731f,0.7288f,-0.021f,-0.6844f,1.2294f,0.5672f,-0.5413f,0.6207f,0.9303f,0f,0f,0f,1f],start_interpolation: 0,interpolation_duration: 1}
data modify entity @s data merge value {"cameras":{},"locators":{"scythe_blade":{"posx":1.5268296637229846,"posy":1.9487268226480576,"posz":1.0499498835500214,"roty":200.52957686824564,"rotx":8.159757786219377},"scythe_pole":{"posx":0.48069414280174955,"posy":1.5664619490074845,"posz":0.7167284282872888,"roty":200.52957686824564,"rotx":8.159757786219377}}}