# This file was generated by Animated Java via MC-Build. It is not recommended to edit this file directly.
$data merge entity $(bone_hair_side) {transformation: [-0.7046f,-0.119f,-0.6996f,-0.053f,-0.0538f,0.992f,-0.1145f,1.9234f,0.7076f,-0.043f,-0.7053f,0.3812f,0f,0f,0f,1f],start_interpolation: 0,interpolation_duration: 1}
$data merge entity $(bone_hair_side1) {transformation: [-0.7046f,-0.119f,-0.6996f,0.3653f,-0.0538f,0.992f,-0.1145f,1.9554f,0.7076f,-0.043f,-0.7053f,-0.0389f,0f,0f,0f,1f],start_interpolation: 0,interpolation_duration: 1}
$data merge entity $(bone_beard) {transformation: [-0.7046f,-0.119f,-0.6996f,0.1992f,-0.0538f,0.992f,-0.1145f,1.6242f,0.7076f,-0.043f,-0.7053f,0.19f,0f,0f,0f,1f],start_interpolation: 0,interpolation_duration: 1}
$data merge entity $(bone_head) {transformation: [-0.7046f,0.0043f,-0.7096f,0f,-0.0538f,0.9968f,0.0595f,1.7344f,0.7076f,0.0801f,-0.7021f,0f,0f,0f,0f,1f],start_interpolation: 0,interpolation_duration: 1}
$data merge entity $(bone_body) {transformation: [-0.5901f,0f,-0.9578f,0f,0f,1.125f,0f,1.0625f,0.9578f,0f,-0.5901f,0f,0f,0f,0f,1f],start_interpolation: 0,interpolation_duration: 1}
$data merge entity $(bone_left4) {transformation: [0.2928f,-0.7706f,-0.566f,0.4618f,0.8445f,-0.0692f,0.5311f,1.3397f,-0.4484f,-0.6335f,0.6305f,-0.0597f,0f,0f,0f,1f],start_interpolation: 0,interpolation_duration: 1}
$data merge entity $(bone_left3) {transformation: [0.6626f,-0.6315f,-0.4027f,1.3596f,0.7485f,0.5403f,0.3845f,0.9827f,-0.0252f,-0.5562f,0.8307f,0.5408f,0f,0f,0f,1f],start_interpolation: 0,interpolation_duration: 1}
$data merge entity $(bone_scythe) {transformation: [1.1374f,1.1877f,-0.4627f,0.3651f,-0.7277f,1.1141f,1.0713f,1.4118f,1.0465f,-0.5162f,1.2477f,0.6986f,0f,0f,0f,1f],start_interpolation: 0,interpolation_duration: 1}
$data merge entity $(bone_right2) {transformation: [-0.4971f,-0.8466f,-0.1903f,0.1532f,0.6688f,-0.2341f,-0.7056f,1.3772f,0.5528f,-0.478f,0.6826f,0.5216f,0f,0f,0f,1f],start_interpolation: 0,interpolation_duration: 1}
$data merge entity $(bone_right1) {transformation: [-0.3046f,-0.8273f,-0.472f,1.1274f,0.6705f,0.1657f,-0.7232f,0.9916f,0.6765f,-0.5367f,0.5042f,0.8805f,0f,0f,0f,1f],start_interpolation: 0,interpolation_duration: 1}