# This file was generated by Animated Java via MC-Build. It is not recommended to edit this file directly.
$data merge entity $(bone_hair_side) {transformation: [-0.7677f,-0.0616f,-0.6379f,-0.0772f,-0.0693f,0.9975f,-0.0129f,1.8941f,0.6371f,0.0343f,-0.77f,0.3904f,0f,0f,0f,1f],start_interpolation: 0,interpolation_duration: 1}
$data merge entity $(bone_hair_side1) {transformation: [-0.7677f,-0.0616f,-0.6379f,0.3786f,-0.0693f,0.9975f,-0.0129f,1.9352f,0.6371f,0.0343f,-0.77f,0.0121f,0f,0f,0f,1f],start_interpolation: 0,interpolation_duration: 1}
$data merge entity $(bone_beard) {transformation: [-0.7677f,-0.0616f,-0.6379f,0.175f,-0.0693f,0.9975f,-0.0129f,1.5969f,0.6371f,0.0343f,-0.77f,0.1959f,0f,0f,0f,1f],start_interpolation: 0,interpolation_duration: 1}
$data merge entity $(bone_head) {transformation: [-0.7677f,0.0501f,-0.6389f,0f,-0.0693f,0.9846f,0.1605f,1.7344f,0.6371f,0.1675f,-0.7524f,0f,0f,0f,0f,1f],start_interpolation: 0,interpolation_duration: 1}
$data merge entity $(bone_body) {transformation: [-0.6723f,0f,-0.9021f,0f,0f,1.125f,0f,1.0625f,0.9021f,0f,-0.6723f,0f,0f,0f,0f,1f],start_interpolation: 0,interpolation_duration: 1}
$data merge entity $(bone_left4) {transformation: [0.8986f,-0.2979f,-0.3221f,0.3395f,0.3978f,0.2433f,0.8846f,1.2925f,-0.1852f,-0.9231f,0.3371f,0.0129f,0f,0f,0f,1f],start_interpolation: 0,interpolation_duration: 1}
$data merge entity $(bone_left3) {transformation: [0.9272f,-0.2455f,-0.283f,0.8977f,0.3742f,0.5737f,0.7286f,0.782f,-0.0165f,-0.7814f,0.6238f,0.8624f,0f,0f,0f,1f],start_interpolation: 0,interpolation_duration: 1}
$data merge entity $(bone_scythe) {transformation: [1.1439f,1.0683f,0.6847f,0.3851f,-0.4147f,-0.5564f,1.561f,1.3059f,1.1992f,-1.2114f,-0.1132f,0.5353f,0f,0f,0f,1f],start_interpolation: 0,interpolation_duration: 1}
$data merge entity $(bone_right2) {transformation: [0.0553f,-0.9976f,0.0415f,0.1146f,0.9787f,0.0623f,0.1954f,1.2955f,-0.1975f,0.0298f,0.9799f,0.4873f,0f,0f,0f,1f],start_interpolation: 0,interpolation_duration: 1}
$data merge entity $(bone_right1) {transformation: [-0.2082f,-0.7395f,-0.6402f,0.9654f,0.5684f,0.4412f,-0.6945f,0.6492f,0.796f,-0.5085f,0.3284f,0.7788f,0f,0f,0f,1f],start_interpolation: 0,interpolation_duration: 1}
data modify entity @s data merge value {"cameras":{},"locators":{"hitbox":{"posx":1.1297887663211412,"posy":0.9230388609123372,"posz":-0.2406252668903237,"roty":80.60853929971894,"rotx":66.03248916048881},"hitbox2":{"posx":1.6319747611157704,"posy":0.7409747647715303,"posz":0.28583640458117043,"roty":80.60853929971894,"rotx":66.03248916048881}}}