# This file was generated by Animated Java via MC-Build. It is not recommended to edit this file directly.
$data merge entity $(bone_hair_side) {transformation: [-0.8125f,-0.0529f,-0.5805f,-0.1035f,-0.074f,0.9972f,0.0127f,1.8861f,0.5782f,0.0533f,-0.8141f,0.3874f,0f,0f,0f,1f],start_interpolation: 0,interpolation_duration: 1}
$data merge entity $(bone_hair_side1) {transformation: [-0.8125f,-0.0529f,-0.5805f,0.3789f,-0.074f,0.9972f,0.0127f,1.9301f,0.5782f,0.0533f,-0.8141f,0.0441f,0f,0f,0f,1f],start_interpolation: 0,interpolation_duration: 1}
$data merge entity $(bone_beard) {transformation: [-0.8125f,-0.0529f,-0.5805f,0.1588f,-0.074f,0.9972f,0.0127f,1.5903f,0.5782f,0.0533f,-0.8141f,0.2047f,0f,0f,0f,1f],start_interpolation: 0,interpolation_duration: 1}
$data merge entity $(bone_head) {transformation: [-0.8125f,0.0487f,-0.5809f,0f,-0.074f,0.9798f,0.1857f,1.7344f,0.5782f,0.1939f,-0.7925f,0f,0f,0f,0f,1f],start_interpolation: 0,interpolation_duration: 1}
$data merge entity $(bone_body) {transformation: [-0.7231f,0f,-0.8618f,0f,0f,1.125f,0f,1.0625f,0.8618f,0f,-0.7231f,0f,0f,0f,0f,1f],start_interpolation: 0,interpolation_duration: 1}
$data merge entity $(bone_left4) {transformation: [0.9786f,-0.0119f,-0.2053f,0.2993f,0.2043f,0.1686f,0.9643f,1.3059f,0.0231f,-0.9856f,0.1674f,0.0548f,0f,0f,0f,1f],start_interpolation: 0,interpolation_duration: 1}
$data merge entity $(bone_left3) {transformation: [0.9659f,-0.1294f,-0.2241f,0.7427f,0.2588f,0.483f,0.8365f,0.8585f,0f,-0.866f,0.5f,1.002f,0f,0f,0f,1f],start_interpolation: 0,interpolation_duration: 1}
$data merge entity $(bone_aura) {transformation: [1.3382f,1.0647f,1.6481f,1.5382f,-0.8384f,-1.4934f,1.6454f,0.1183f,1.774f,-1.5089f,-0.4656f,0.8701f,0f,0f,0f,1f],start_interpolation: 0,interpolation_duration: 1}
$data merge entity $(bone_scythe) {transformation: [0.9625f,0.7658f,1.1855f,0.3504f,-0.603f,-1.0742f,1.1836f,1.2104f,1.276f,-1.0854f,-0.3349f,0.5251f,0f,0f,0f,1f],start_interpolation: 0,interpolation_duration: 1}
$data merge entity $(bone_right2) {transformation: [0.3683f,-0.9169f,0.1541f,0.0914f,0.866f,0.3986f,0.302f,1.2839f,-0.3383f,0.0223f,0.9408f,0.4775f,0f,0f,0f,1f],start_interpolation: 0,interpolation_duration: 1}
$data merge entity $(bone_right1) {transformation: [-0.2057f,-0.6926f,-0.6914f,0.8916f,0.567f,0.4915f,-0.661f,0.5845f,0.7976f,-0.528f,0.2916f,0.7892f,0f,0f,0f,1f],start_interpolation: 0,interpolation_duration: 1}
execute on vehicle unless entity @s[tag=aj.transforms_only] positioned ^1.2402487369 ^0.2560359087 ^0.3022823117 rotated ~74.2241646722 ~43.8533601019 run function animated_java:lich/animations/ground_cutter/zzz/frames/29_locator_commands
execute on vehicle unless entity @s[tag=aj.transforms_only] positioned ^0.4326128554 ^1.0882299362 ^0.384379104 rotated ~74.2241646722 ~43.8533601019 run function animated_java:lich/animations/ground_cutter/zzz/frames/29_locator_commands
data modify entity @s data merge value {"cameras":{},"locators":{"scythe_blade":{"posx":1.240248736941751,"posy":0.25603590865785475,"posz":0.30228231171336273,"roty":74.22416467216858,"rotx":43.853360101946734},"scythe_pole":{"posx":0.4326128553552738,"posy":1.0882299361942542,"posz":0.38437910401841824,"roty":74.22416467216858,"rotx":43.853360101946734}}}