# This file was generated by Animated Java via MC-Build. It is not recommended to edit this file directly.
$data merge entity $(bone_hair_side) {transformation: [-0.9853f,-0.012f,0.1703f,-0.3378f,-0.0132f,0.9999f,-0.0062f,1.9094f,-0.1702f,-0.0083f,-0.9854f,0.1977f,0f,0f,0f,1f],start_interpolation: 0,interpolation_duration: 1}
$data merge entity $(bone_hair_side1) {transformation: [-0.9853f,-0.012f,0.1703f,0.2473f,-0.0132f,0.9999f,-0.0062f,1.9173f,-0.1702f,-0.0083f,-0.9854f,0.2987f,0f,0f,0f,1f],start_interpolation: 0,interpolation_duration: 1}
$data merge entity $(bone_beard) {transformation: [-0.9853f,-0.012f,0.1703f,-0.0427f,-0.0132f,0.9999f,-0.0062f,1.5948f,-0.1702f,-0.0083f,-0.9854f,0.2581f,0f,0f,0f,1f],start_interpolation: 0,interpolation_duration: 1}
$data merge entity $(bone_head) {transformation: [-0.9853f,-0.0413f,0.1656f,0f,-0.0132f,0.9858f,0.1676f,1.7344f,-0.1702f,0.1629f,-0.9719f,0f,0f,0f,0f,1f],start_interpolation: 0,interpolation_duration: 1}
$data merge entity $(bone_body) {transformation: [-1.0867f,0f,0.2912f,0f,0f,1.125f,0f,1.0625f,-0.2912f,0f,-1.0867f,0f,0f,0f,0f,1f],start_interpolation: 0,interpolation_duration: 1}
$data merge entity $(bone_left4) {transformation: [-0.9839f,-0.1779f,-0.0159f,0.3598f,-0.1785f,0.9827f,0.0499f,1.1614f,0.0068f,0.0519f,-0.9986f,0f,0f,0f,0f,1f],start_interpolation: 0,interpolation_duration: 1}
$data merge entity $(bone_scythe) {transformation: [-2.1297f,-0.6875f,0.7953f,-0.77f,-0.9181f,2.0916f,-0.6504f,1.0781f,-0.5121f,-0.8906f,-2.1413f,-0.2355f,0f,0f,0f,1f],start_interpolation: 0,interpolation_duration: 1}
$data merge entity $(bone_right2) {transformation: [0.3363f,0.9151f,0.2224f,-0.4824f,-0.273f,0.3208f,-0.907f,1.1914f,-0.9013f,0.2443f,0.3577f,-0.1452f,0f,0f,0f,1f],start_interpolation: 0,interpolation_duration: 1}
$data merge entity $(bone_right1) {transformation: [-0.7789f,0.5826f,0.2321f,-0.858f,0.6117f,0.7874f,0.0764f,0.1637f,-0.1382f,0.2014f,-0.9697f,-0.316f,0f,0f,0f,1f],start_interpolation: 0,interpolation_duration: 1}
data modify entity @s data merge value {"cameras":{},"locators":{"scythe_blade":{"posx":-1.7026939339534137,"posy":1.8229354919344938,"posz":-0.8081276227843049,"roty":20.37482311893922,"rotx":-15.89401019961535},"scythe_pole":{"posx":-0.8148334710106868,"posy":1.2630627730776518,"posz":-0.30831882231859264,"roty":20.37482311893922,"rotx":-15.89401019961535}}}