# This file was generated by Animated Java via MC-Build. It is not recommended to edit this file directly.
$data merge entity $(bone_hair_side) {transformation: [-0.9046f,-0.0626f,-0.4217f,-0.1728f,-0.0734f,0.9973f,0.0094f,1.8872f,0.4199f,0.0395f,-0.9067f,0.3614f,0f,0f,0f,1f],start_interpolation: 0,interpolation_duration: 1}
$data merge entity $(bone_hair_side1) {transformation: [-0.9046f,-0.0626f,-0.4217f,0.3643f,-0.0734f,0.9973f,0.0094f,1.9307f,0.4199f,0.0395f,-0.9067f,0.1121f,0f,0f,0f,1f],start_interpolation: 0,interpolation_duration: 1}
$data merge entity $(bone_beard) {transformation: [-0.9046f,-0.0626f,-0.4217f,0.1188f,-0.0734f,0.9973f,0.0094f,1.5911f,0.4199f,0.0395f,-0.9067f,0.2308f,0f,0f,0f,1f],start_interpolation: 0,interpolation_duration: 1}
$data merge entity $(bone_head) {transformation: [-0.9046f,0.0116f,-0.4261f,0f,-0.0734f,0.9805f,0.1824f,1.7344f,0.4199f,0.1963f,-0.8861f,0f,0f,0f,0f,1f],start_interpolation: 0,interpolation_duration: 1}
$data merge entity $(bone_body) {transformation: [-0.9108f,0f,-0.6603f,0f,0f,1.125f,0f,1.0625f,0.6603f,0f,-0.9108f,0f,0f,0f,0f,1f],start_interpolation: 0,interpolation_duration: 1}
$data merge entity $(bone_left4) {transformation: [0.9765f,0.1054f,-0.188f,0.2534f,0.1963f,-0.074f,0.9778f,1.3598f,0.0891f,-0.9917f,-0.093f,0.1403f,0f,0f,0f,1f],start_interpolation: 0,interpolation_duration: 1}
$data merge entity $(bone_left3) {transformation: [0.9684f,-0.0134f,-0.2489f,0.5707f,0.2437f,0.2608f,0.9341f,1.1507f,0.0524f,-0.9653f,0.2559f,1.2124f,0f,0f,0f,1f],start_interpolation: 0,interpolation_duration: 1}
$data merge entity $(bone_scythe) {transformation: [0.5688f,0.8749f,1.3526f,0.2459f,-0.2271f,-1.3766f,0.9858f,1.2919f,1.5948f,-0.508f,-0.342f,0.6162f,0f,0f,0f,1f],start_interpolation: 0,interpolation_duration: 1}
$data merge entity $(bone_right2) {transformation: [0.5282f,-0.8476f,-0.0509f,0.0132f,0.717f,0.4131f,0.5615f,1.3581f,-0.4549f,-0.3331f,0.8259f,0.4846f,0f,0f,0f,1f],start_interpolation: 0,interpolation_duration: 1}
$data merge entity $(bone_right1) {transformation: [-0.3686f,-0.5637f,-0.7392f,0.7273f,0.7315f,0.3148f,-0.6048f,0.7951f,0.5736f,-0.7636f,0.2963f,1.1167f,0f,0f,0f,1f],start_interpolation: 0,interpolation_duration: 1}
data modify entity @s data merge value {"cameras":{},"locators":{"hitbox":{"posx":0.8456623217902037,"posy":0.3665912648661239,"posz":0.32077971010335604,"roty":75.80970251820702,"rotx":35.245507059464096},"hitbox2":{"posx":1.0953644285484019,"posy":0.2668959670828144,"posz":1.0209294837092715,"roty":75.80970251820702,"rotx":35.245507059464096}}}