# This file was generated by Animated Java via MC-Build. It is not recommended to edit this file directly.
$data merge entity $(bone_hair_side) {transformation: [-0.981f,-0.0659f,-0.1826f,-0.2566f,-0.06f,0.9975f,-0.0375f,-0.5344f,0.1846f,-0.0259f,-0.9825f,0.2992f,0f,0f,0f,1f],start_interpolation: 0,interpolation_duration: 1}
$data merge entity $(bone_hair_side1) {transformation: [-0.981f,-0.0659f,-0.1826f,0.3258f,-0.06f,0.9975f,-0.0375f,-0.4988f,0.1846f,-0.0259f,-0.9825f,0.1896f,0f,0f,0f,1f],start_interpolation: 0,interpolation_duration: 1}
$data merge entity $(bone_beard) {transformation: [-0.981f,-0.0659f,-0.1826f,0.0569f,-0.06f,0.9975f,-0.0375f,-0.8341f,0.1846f,-0.0259f,-0.9825f,0.2598f,0f,0f,0f,1f],start_interpolation: 0,interpolation_duration: 1}
$data merge entity $(bone_head) {transformation: [-0.981f,-0.0332f,-0.1913f,0f,-0.06f,0.9889f,0.1362f,-0.7031f,0.1846f,0.1451f,-0.972f,0f,0f,0f,0f,1f],start_interpolation: 0,interpolation_duration: 1}
$data merge entity $(bone_body) {transformation: [-1.0855f,0f,-0.2953f,0f,0f,1.125f,0f,-1.375f,0.2953f,0f,-1.0855f,0f,0f,0f,0f,1f],start_interpolation: 0,interpolation_duration: 1}
$data merge entity $(bone_left4) {transformation: [0.9255f,0.2842f,-0.2503f,0.1967f,0.3343f,-0.3024f,0.8926f,-1.007f,0.178f,-0.9098f,-0.3749f,0.2324f,0f,0f,0f,1f],start_interpolation: 0,interpolation_duration: 1}
$data merge entity $(bone_left3) {transformation: [0.9201f,0.1348f,-0.3677f,0.3368f,0.3697f,0.0107f,0.9291f,-0.9032f,0.1292f,-0.9908f,-0.04f,1.3565f,0f,0f,0f,1f],start_interpolation: 0,interpolation_duration: 1}
$data merge entity $(bone_aura) {transformation: [-0.0998f,1.5614f,1.7868f,0.6202f,0.8629f,-1.6421f,1.4831f,-1.0656f,2.2105f,0.7115f,-0.4983f,2.1881f,0f,0f,0f,1f],start_interpolation: 0,interpolation_duration: 1}
$data merge entity $(bone_scythe) {transformation: [-0.0718f,1.1231f,1.2852f,0.0179f,0.6207f,-1.1811f,1.0668f,-0.851f,1.59f,0.5118f,-0.3584f,0.6669f,0f,0f,0f,1f],start_interpolation: 0,interpolation_duration: 1}
$data merge entity $(bone_right2) {transformation: [0.6114f,-0.6477f,-0.4546f,-0.1416f,0.5822f,-0.0209f,0.8128f,-0.912f,-0.5359f,-0.7616f,0.3643f,0.448f,0f,0f,0f,1f],start_interpolation: 0,interpolation_duration: 1}
$data merge entity $(bone_right1) {transformation: [-0.6292f,-0.2478f,-0.7367f,0.3183f,0.7752f,-0.1314f,-0.618f,-1.0146f,0.0563f,-0.9599f,0.2747f,1.4502f,0f,0f,0f,1f],start_interpolation: 0,interpolation_duration: 1}
execute on vehicle unless entity @s[tag=aj.transforms_only] positioned ^0.739538438 ^-1.3955382581 ^1.6339411675 rotated ~74.4173070458 ~38.6438881728 run function animated_java:lich/animations/ground_cutter/zzz/frames/31_locator_commands
execute on vehicle unless entity @s[tag=aj.transforms_only] positioned ^0.15206983 ^-0.9971299296 ^0.7132273474 rotated ~74.4173070458 ~38.6438881728 run function animated_java:lich/animations/ground_cutter/zzz/frames/31_locator_commands
data modify entity @s data merge value {"cameras":{},"locators":{"scythe_blade":{"posx":0.7395384379867221,"posy":-1.395538258106758,"posz":1.6339411674661741,"roty":74.4173070458375,"rotx":38.64388817277775},"scythe_pole":{"posx":0.15206982997045415,"posy":-0.9971299296440529,"posz":0.7132273474292512,"roty":74.4173070458375,"rotx":38.64388817277775}}}