# This file was generated by Animated Java via MC-Build. It is not recommended to edit this file directly.
$data merge entity $(bone_hair_side) {transformation: [-0.9961f,-0.0274f,0.0837f,-0.3218f,-0.037f,0.9927f,-0.1146f,1.9286f,-0.08f,-0.1173f,-0.9899f,0.2063f,0f,0f,0f,1f],start_interpolation: 0,interpolation_duration: 1}
$data merge entity $(bone_hair_side1) {transformation: [-0.9961f,-0.0274f,0.0837f,0.2696f,-0.037f,0.9927f,-0.1146f,1.9505f,-0.08f,-0.1173f,-0.9899f,0.2538f,0f,0f,0f,1f],start_interpolation: 0,interpolation_duration: 1}
$data merge entity $(bone_beard) {transformation: [-0.9961f,-0.0274f,0.0837f,-0.018f,-0.037f,0.9927f,-0.1146f,1.6241f,-0.08f,-0.1173f,-0.9899f,0.2746f,0f,0f,0f,1f],start_interpolation: 0,interpolation_duration: 1}
$data merge entity $(bone_head) {transformation: [-0.9961f,-0.0416f,0.0777f,0f,-0.037f,0.9975f,0.0595f,1.7344f,-0.08f,0.0564f,-0.9952f,0f,0f,0f,0f,1f],start_interpolation: 0,interpolation_duration: 1}
$data merge entity $(bone_body) {transformation: [-1.1148f,0f,0.1511f,0f,0f,1.125f,0f,1.0625f,-0.1511f,0f,-1.1148f,0f,0f,0f,0f,1f],start_interpolation: 0,interpolation_duration: 1}
$data merge entity $(bone_left4) {transformation: [0.8094f,0.519f,-0.2747f,0.1205f,0.522f,-0.4214f,0.7416f,1.4843f,0.2691f,-0.7436f,-0.612f,0.3073f,0f,0f,0f,1f],start_interpolation: 0,interpolation_duration: 1}
$data merge entity $(bone_left3) {transformation: [0.8105f,0.3519f,-0.4683f,-0.0111f,0.5455f,-0.1622f,0.8223f,1.8322f,0.2134f,-0.9219f,-0.3234f,1.3823f,0f,0f,0f,1f],start_interpolation: 0,interpolation_duration: 1}
$data merge entity $(bone_aura) {transformation: [-0.9594f,1.3546f,1.6986f,-0.253f,1.5939f,-0.8229f,1.5566f,2.3697f,1.4764f,1.7687f,-0.5767f,2.0833f,0f,0f,0f,1f],start_interpolation: 0,interpolation_duration: 1}
$data merge entity $(bone_scythe) {transformation: [-0.6901f,0.9744f,1.2218f,-0.2931f,1.1465f,-0.5919f,1.1197f,1.8353f,1.062f,1.2722f,-0.4148f,0.5227f,0f,0f,0f,1f],start_interpolation: 0,interpolation_duration: 1}
$data merge entity $(bone_right2) {transformation: [0.7079f,-0.2475f,-0.6616f,-0.3363f,0.4954f,-0.4937f,0.7147f,1.6537f,-0.5035f,-0.8337f,-0.2269f,0.3143f,0f,0f,0f,1f],start_interpolation: 0,interpolation_duration: 1}
$data merge entity $(bone_right1) {transformation: [-0.6938f,0.1771f,-0.6981f,-0.3077f,0.5776f,-0.4422f,-0.6862f,1.943f,-0.4302f,-0.8793f,0.2045f,1.3829f,0f,0f,0f,1f],start_interpolation: 0,interpolation_duration: 1}
execute on vehicle unless entity @s[tag=aj.transforms_only] positioned ^0.0860212656 ^1.8910110502 ^1.7898213987 rotated ~71.2479432121 ~40.9508251876 run function animated_java:lich/animations/ground_cutter/zzz/frames/32_locator_commands
execute on vehicle unless entity @s[tag=aj.transforms_only] positioned ^-0.1709759578 ^1.7544782662 ^0.6642665462 rotated ~71.2479432121 ~40.9508251876 run function animated_java:lich/animations/ground_cutter/zzz/frames/32_locator_commands
data modify entity @s data merge value {"cameras":{},"locators":{"scythe_blade":{"posx":0.08602126564138313,"posy":1.8910110502049098,"posz":1.7898213986751677,"roty":71.24794321208108,"rotx":40.95082518760668},"scythe_pole":{"posx":-0.17097595781209865,"posy":1.7544782662441014,"posz":0.6642665461508176,"roty":71.24794321208108,"rotx":40.95082518760668}}}
execute on vehicle unless entity @s[tag=aj.transforms_only] at @s run function animated_java:lich/animations/ground_cutter/zzz/frames/32_root_commands