# This file was generated by Animated Java via MC-Build. It is not recommended to edit this file directly.
$data merge entity $(bone_hair_side) {transformation: [-0.9961f,-0.0274f,0.0837f,-0.3218f,-0.037f,0.9927f,-0.1146f,1.9286f,-0.08f,-0.1173f,-0.9899f,0.2063f,0f,0f,0f,1f],start_interpolation: 0,interpolation_duration: 1}
$data merge entity $(bone_hair_side1) {transformation: [-0.9961f,-0.0274f,0.0837f,0.2696f,-0.037f,0.9927f,-0.1146f,1.9505f,-0.08f,-0.1173f,-0.9899f,0.2538f,0f,0f,0f,1f],start_interpolation: 0,interpolation_duration: 1}
$data merge entity $(bone_beard) {transformation: [-0.9961f,-0.0274f,0.0837f,-0.018f,-0.037f,0.9927f,-0.1146f,1.6241f,-0.08f,-0.1173f,-0.9899f,0.2746f,0f,0f,0f,1f],start_interpolation: 0,interpolation_duration: 1}
$data merge entity $(bone_head) {transformation: [-0.9961f,-0.0416f,0.0777f,0f,-0.037f,0.9975f,0.0595f,1.7344f,-0.08f,0.0564f,-0.9952f,0f,0f,0f,0f,1f],start_interpolation: 0,interpolation_duration: 1}
$data merge entity $(bone_body) {transformation: [-1.1148f,0f,0.1511f,0f,0f,1.125f,0f,1.0625f,-0.1511f,0f,-1.1148f,0f,0f,0f,0f,1f],start_interpolation: 0,interpolation_duration: 1}
$data merge entity $(bone_left4) {transformation: [0.8094f,0.519f,-0.2747f,0.1205f,0.522f,-0.4214f,0.7416f,1.4843f,0.2691f,-0.7436f,-0.612f,0.3073f,0f,0f,0f,1f],start_interpolation: 0,interpolation_duration: 1}
$data merge entity $(bone_left3) {transformation: [0.8105f,0.3519f,-0.4683f,-0.0111f,0.5455f,-0.1622f,0.8223f,1.8322f,0.2134f,-0.9219f,-0.3234f,1.3823f,0f,0f,0f,1f],start_interpolation: 0,interpolation_duration: 1}
$data merge entity $(bone_scythe) {transformation: [-0.6901f,0.9744f,1.2218f,-0.2931f,1.1465f,-0.5919f,1.1197f,1.8353f,1.062f,1.2722f,-0.4148f,0.5227f,0f,0f,0f,1f],start_interpolation: 0,interpolation_duration: 1}
$data merge entity $(bone_right2) {transformation: [0.7079f,-0.2475f,-0.6616f,-0.3363f,0.4954f,-0.4937f,0.7147f,1.6537f,-0.5035f,-0.8337f,-0.2269f,0.3143f,0f,0f,0f,1f],start_interpolation: 0,interpolation_duration: 1}
$data merge entity $(bone_right1) {transformation: [-0.6938f,0.1771f,-0.6981f,-0.3077f,0.5776f,-0.4422f,-0.6862f,1.943f,-0.4302f,-0.8793f,0.2045f,1.3829f,0f,0f,0f,1f],start_interpolation: 0,interpolation_duration: 1}
data modify entity @s data merge value {"cameras":{},"locators":{"hitbox":{"posx":0.3385010135287992,"posy":1.4715751001171147,"posz":1.401295388373856,"roty":71.24794321208108,"rotx":40.95082518760668},"hitbox2":{"posx":0.03552531606389986,"posy":1.9748982402224688,"posz":1.8675266007354299,"roty":71.24794321208108,"rotx":40.95082518760668}}}
execute on vehicle unless entity @s[tag=aj.transforms_only] at @s run function animated_java:lich/animations/ground_cutter/zzz/frames/32_root_commands