# This file was generated by Animated Java via MC-Build. It is not recommended to edit this file directly.
$data merge entity $(bone_hair_side) {transformation: [-0.8373f,0.1663f,0.5209f,-0.3511f,0.0048f,0.9548f,-0.2972f,-0.457f,-0.5468f,-0.2463f,-0.8002f,-0.0032f,0f,0f,0f,1f],start_interpolation: 0,interpolation_duration: 1}
$data merge entity $(bone_hair_side1) {transformation: [-0.8373f,0.1663f,0.5209f,0.1461f,0.0048f,0.9548f,-0.2972f,-0.4598f,-0.5468f,-0.2463f,-0.8002f,0.3214f,0f,0f,0f,1f],start_interpolation: 0,interpolation_duration: 1}
$data merge entity $(bone_beard) {transformation: [-0.8373f,0.1663f,0.5209f,-0.1593f,0.0048f,0.9548f,-0.2972f,-0.7604f,-0.5468f,-0.2463f,-0.8002f,0.2434f,0f,0f,0f,1f],start_interpolation: 0,interpolation_duration: 1}
$data merge entity $(bone_head) {transformation: [-0.8373f,0.0733f,0.5419f,0f,0.0048f,0.9919f,-0.1268f,-0.7031f,-0.5468f,-0.1036f,-0.8308f,0f,0f,0f,0f,1f],start_interpolation: 0,interpolation_duration: 1}
$data merge entity $(bone_body) {transformation: [-0.7089f,0f,0.8735f,0f,0f,1.125f,0f,-1.375f,-0.8735f,0f,-0.7089f,0f,0f,0f,0f,1f],start_interpolation: 0,interpolation_duration: 1}
$data merge entity $(bone_left4) {transformation: [0.608f,0.7935f,0.0253f,-0.0179f,0.6679f,-0.5285f,0.524f,-0.8943f,0.4292f,-0.3017f,-0.8513f,0.3874f,0f,0f,0f,1f],start_interpolation: 0,interpolation_duration: 1}
$data merge entity $(bone_left3) {transformation: [0.6337f,0.7228f,-0.2757f,-0.6104f,0.6766f,-0.345f,0.6505f,-0.3056f,0.3751f,-0.5988f,-0.7076f,1.1596f,0f,0f,0f,1f],start_interpolation: 0,interpolation_duration: 1}
$data merge entity $(bone_aura) {transformation: [-1.5512f,0.1633f,1.791f,-1.5383f,1.7513f,-0.4011f,1.5533f,0.4138f,0.4093f,2.3352f,0.1416f,1.0914f,0f,0f,0f,1f],start_interpolation: 0,interpolation_duration: 1}
$data merge entity $(bone_scythe) {transformation: [-1.1158f,0.1175f,1.2883f,-0.7499f,1.2597f,-0.2885f,1.1173f,-0.3852f,0.2944f,1.6797f,0.1018f,-0.118f,0f,0f,0f,1f],start_interpolation: 0,interpolation_duration: 1}
$data merge entity $(bone_right2) {transformation: [0.8725f,0.4779f,-0.1022f,-0.6216f,0.4885f,-0.8589f,0.1539f,-0.6466f,-0.0142f,-0.1842f,-0.9828f,-0.1318f,0f,0f,0f,1f],start_interpolation: 0,interpolation_duration: 1}
$data merge entity $(bone_right1) {transformation: [-0.0959f,0.7267f,-0.6802f,-1.3638f,0.0301f,-0.6809f,-0.7317f,0.0675f,-0.9949f,-0.0906f,0.0435f,0.2754f,0f,0f,0f,1f],start_interpolation: 0,interpolation_duration: 1}
data modify entity @s data merge value {"cameras":{},"locators":{"scythe_blade":{"posx":-1.1102579457943804,"posy":-0.08237425412624577,"posz":1.1192553022457254,"roty":94.51952807120236,"rotx":40.84573415289758},"scythe_pole":{"posx":-0.7256877425763579,"posy":-0.4309903800796736,"posz":0.07899809581931783,"roty":94.51952807120236,"rotx":40.84573415289758}}}