# This file was generated by Animated Java via MC-Build. It is not recommended to edit this file directly.
$data merge entity $(bone_hair_side) {transformation: [-0.9063f,0.0996f,0.4107f,-0.3555f,0f,0.9718f,-0.2358f,-0.4709f,-0.4226f,-0.2137f,-0.8808f,0.0598f,0f,0f,0f,1f],start_interpolation: 0,interpolation_duration: 1}
$data merge entity $(bone_hair_side1) {transformation: [-0.9063f,0.0996f,0.4107f,0.1827f,0f,0.9718f,-0.2358f,-0.4709f,-0.4226f,-0.2137f,-0.8808f,0.3107f,0f,0f,0f,1f],start_interpolation: 0,interpolation_duration: 1}
$data merge entity $(bone_beard) {transformation: [-0.9063f,0.0996f,0.4107f,-0.1211f,0f,0.9718f,-0.2358f,-0.7788f,-0.4226f,-0.2137f,-0.8808f,0.2598f,0f,0f,0f,1f],start_interpolation: 0,interpolation_duration: 1}
$data merge entity $(bone_head) {transformation: [-0.9063f,0.0268f,0.4218f,0f,0f,0.998f,-0.0634f,-0.7031f,-0.4226f,-0.0575f,-0.9045f,0f,0f,0f,0f,1f],start_interpolation: 0,interpolation_duration: 1}
$data merge entity $(bone_body) {transformation: [-0.8788f,0f,0.7024f,0f,0f,1.125f,0f,-1.375f,-0.7024f,0f,-0.8788f,0f,0f,0f,0f,1f],start_interpolation: 0,interpolation_duration: 1}
$data merge entity $(bone_left4) {transformation: [0.235f,0.8688f,-0.4359f,0.0134f,0.9099f,-0.0389f,0.413f,-0.9997f,0.3419f,-0.4937f,-0.7996f,0.3829f,0f,0f,0f,1f],start_interpolation: 0,interpolation_duration: 1}
$data merge entity $(bone_left3) {transformation: [0.2425f,0.7021f,-0.6695f,-0.6787f,0.9239f,0.0435f,0.3803f,-0.7586f,0.2961f,-0.7108f,-0.6381f,1.2528f,0f,0f,0f,1f],start_interpolation: 0,interpolation_duration: 1}
$data merge entity $(bone_aura) {transformation: [-0.8813f,0.9667f,1.9823f,-0.7822f,1.7336f,-1.0158f,1.2662f,0.0973f,1.3632f,1.9168f,-0.3287f,1.5831f,0f,0f,0f,1f],start_interpolation: 0,interpolation_duration: 1}
$data merge entity $(bone_scythe) {transformation: [-0.6339f,0.6954f,1.4258f,-0.7022f,1.247f,-0.7307f,0.9108f,-0.4331f,0.9806f,1.3788f,-0.2364f,0.0226f,0f,0f,0f,1f],start_interpolation: 0,interpolation_duration: 1}
$data merge entity $(bone_right2) {transformation: [0.9095f,0.3105f,-0.2765f,-0.6155f,0.3607f,-0.92f,0.1535f,-0.7188f,-0.2067f,-0.2393f,-0.9487f,-0.0189f,0f,0f,0f,1f],start_interpolation: 0,interpolation_duration: 1}
$data merge entity $(bone_right1) {transformation: [-0.2889f,0.7878f,-0.544f,-1.3622f,0.1128f,-0.5363f,-0.8365f,-0.1842f,-0.9507f,-0.303f,0.0661f,0.6001f,0f,0f,0f,1f],start_interpolation: 0,interpolation_duration: 1}
data modify entity @s data merge value {"cameras":{},"locators":{"scythe_blade":{"posx":-0.48722597933583056,"posy":-0.43047089813147865,"posz":1.3288381047104212,"roty":80.58417577725477,"rotx":32.21726956009722},"scythe_pole":{"posx":-0.6137140244765689,"posy":-0.5313346505521942,"posz":0.1775823651442346,"roty":80.58417577725477,"rotx":32.21726956009722}}}