# This file was generated by Animated Java via MC-Build. It is not recommended to edit this file directly.
$data merge entity $(bone_hair_side) {transformation: [-0.9239f,0.0813f,0.3739f,-0.3546f,0f,0.9771f,-0.2126f,1.9616f,-0.3827f,-0.1964f,-0.9028f,0.0803f,0f,0f,0f,1f],start_interpolation: 0,interpolation_duration: 1}
$data merge entity $(bone_hair_side1) {transformation: [-0.9239f,0.0813f,0.3739f,0.194f,0f,0.9771f,-0.2126f,1.9616f,-0.3827f,-0.1964f,-0.9028f,0.3075f,0f,0f,0f,1f],start_interpolation: 0,interpolation_duration: 1}
$data merge entity $(bone_beard) {transformation: [-0.9239f,0.0813f,0.3739f,-0.109f,0f,0.9771f,-0.2126f,1.6519f,-0.3827f,-0.1964f,-0.9028f,0.2631f,0f,0f,0f,1f],start_interpolation: 0,interpolation_duration: 1}
$data merge entity $(bone_head) {transformation: [-0.9239f,0.0152f,0.3824f,0f,0f,0.9992f,-0.0397f,1.7344f,-0.3827f,-0.0366f,-0.9232f,0f,0f,0f,0f,1f],start_interpolation: 0,interpolation_duration: 1}
$data merge entity $(bone_body) {transformation: [-0.9241f,0f,0.6416f,0f,0f,1.125f,0f,1.0625f,-0.6416f,0f,-0.9241f,0f,0f,0f,0f,1f],start_interpolation: 0,interpolation_duration: 1}
$data merge entity $(bone_left4) {transformation: [-0.2903f,0.6778f,-0.6755f,0.083f,0.9183f,0.3959f,0.0026f,1.3491f,0.2692f,-0.6195f,-0.7374f,0.3883f,0f,0f,0f,1f],start_interpolation: 0,interpolation_duration: 1}
$data merge entity $(bone_left3) {transformation: [-0.293f,0.5275f,-0.7974f,-0.5855f,0.927f,0.3609f,-0.1019f,1.244f,0.2341f,-0.7691f,-0.5947f,1.3027f,0f,0f,0f,1f],start_interpolation: 0,interpolation_duration: 1}
$data merge entity $(bone_scythe) {transformation: [-0.6212f,1.1079f,2.0068f,-0.6838f,1.9141f,-0.8934f,1.0857f,1.9657f,1.2614f,1.9013f,-0.6592f,0.0585f,0f,0f,0f,1f],start_interpolation: 0,interpolation_duration: 1}
$data merge entity $(bone_right2) {transformation: [0.8953f,0.2337f,-0.3791f,-0.6174f,0.2936f,-0.9498f,0.1077f,1.671f,-0.3349f,-0.2077f,-0.9191f,0.0244f,0f,0f,0f,1f],start_interpolation: 0,interpolation_duration: 1}
$data merge entity $(bone_right1) {transformation: [-0.3738f,0.8121f,-0.4481f,-1.3634f,0.1591f,-0.4198f,-0.8935f,2.0673f,-0.9137f,-0.4053f,0.0277f,0.7406f,0f,0f,0f,1f],start_interpolation: 0,interpolation_duration: 1}
data modify entity @s data merge value {"cameras":{},"locators":{"scythe_blade":{"posx":-0.327509041830077,"posy":2.07810198599044,"posz":1.3284985472495427,"roty":71.81690334788074,"rotx":27.20310838824896},"scythe_pole":{"posx":-0.584988109036665,"posy":1.8766897204873925,"posz":0.2128372504146323,"roty":71.81690334788074,"rotx":27.20310838824896}}}