# This file was generated by Animated Java via MC-Build. It is not recommended to edit this file directly.
$data merge entity $(bone_hair_side) {transformation: [-0.9397f,0.0647f,0.3358f,-0.3526f,0f,0.9819f,-0.1893f,1.9566f,-0.342f,-0.1778f,-0.9227f,0.1007f,0f,0f,0f,1f],start_interpolation: 0,interpolation_duration: 1}
$data merge entity $(bone_hair_side1) {transformation: [-0.9397f,0.0647f,0.3358f,0.2054f,0f,0.9819f,-0.1893f,1.9566f,-0.342f,-0.1778f,-0.9227f,0.3038f,0f,0f,0f,1f],start_interpolation: 0,interpolation_duration: 1}
$data merge entity $(bone_beard) {transformation: [-0.9397f,0.0647f,0.3358f,-0.0967f,0f,0.9819f,-0.1893f,1.6451f,-0.342f,-0.1778f,-0.9227f,0.2657f,0f,0f,0f,1f],start_interpolation: 0,interpolation_duration: 1}
$data merge entity $(bone_head) {transformation: [-0.9397f,0.0054f,0.342f,0f,0f,0.9999f,-0.0159f,1.7344f,-0.342f,-0.0149f,-0.9396f,0f,0f,0f,0f,1f],start_interpolation: 0,interpolation_duration: 1}
$data merge entity $(bone_body) {transformation: [-0.9652f,0f,0.5779f,0f,0f,1.125f,0f,1.0625f,-0.5779f,0f,-0.9652f,0f,0f,0f,0f,1f],start_interpolation: 0,interpolation_duration: 1}
$data merge entity $(bone_left4) {transformation: [-0.7855f,0.2891f,-0.5472f,0.1923f,0.5898f,0.6175f,-0.5204f,1.2984f,0.1875f,-0.7316f,-0.6555f,0.3893f,0f,0f,0f,1f],start_interpolation: 0,interpolation_duration: 1}
$data merge entity $(bone_left3) {transformation: [-0.7899f,0.2235f,-0.5711f,-0.299f,0.591f,0.5259f,-0.6116f,0.9079f,0.1637f,-0.8207f,-0.5475f,1.3381f,0f,0f,0f,1f],start_interpolation: 0,interpolation_duration: 1}
$data merge entity $(bone_scythe) {transformation: [-0.3807f,1.3737f,1.8997f,-0.6676f,2.0874f,-0.6773f,0.9081f,1.9123f,1.0669f,1.8152f,-1.0988f,0.0861f,0f,0f,0f,1f],start_interpolation: 0,interpolation_duration: 1}
$data merge entity $(bone_right2) {transformation: [0.8322f,0.1821f,-0.5238f,-0.6131f,0.2303f,-0.9727f,0.0278f,1.611f,-0.5044f,-0.1437f,-0.8514f,0.0695f,0f,0f,0f,1f],start_interpolation: 0,interpolation_duration: 1}
$data merge entity $(bone_right1) {transformation: [-0.4673f,0.8166f,-0.3388f,-1.3348f,0.2194f,-0.2642f,-0.9392f,1.8231f,-0.8565f,-0.5132f,-0.0557f,0.8824f,0f,0f,0f,1f],start_interpolation: 0,interpolation_duration: 1}
data modify entity @s data merge value {"cameras":{},"locators":{"scythe_blade":{"posx":-0.11561062998653227,"posy":2.1775220853963835,"posz":1.2597325333214724,"roty":59.953766437319004,"rotx":22.478764840813763},"scythe_pole":{"posx":-0.5476582342353955,"posy":1.8406008289623677,"posz":0.23436360721451177,"roty":59.953766437319004,"rotx":22.478764840813763}}}