# This file was generated by Animated Java via MC-Build. It is not recommended to edit this file directly.
$data merge entity $(bone_hair_side) {transformation: [-0.9537f,0.0499f,0.2965f,-0.3494f,0f,0.9862f,-0.1658f,1.9514f,-0.3007f,-0.1582f,-0.9405f,0.121f,0f,0f,0f,1f],start_interpolation: 0,interpolation_duration: 1}
$data merge entity $(bone_hair_side1) {transformation: [-0.9537f,0.0499f,0.2965f,0.2168f,0f,0.9862f,-0.1658f,1.9514f,-0.3007f,-0.1582f,-0.9405f,0.2995f,0f,0f,0f,1f],start_interpolation: 0,interpolation_duration: 1}
$data merge entity $(bone_beard) {transformation: [-0.9537f,0.0499f,0.2965f,-0.0843f,0f,0.9862f,-0.1658f,1.6384f,-0.3007f,-0.1582f,-0.9405f,0.2675f,0f,0f,0f,1f],start_interpolation: 0,interpolation_duration: 1}
$data merge entity $(bone_head) {transformation: [-0.9537f,-0.0024f,0.3007f,0f,0f,1f,0.0079f,1.7344f,-0.3007f,0.0076f,-0.9537f,0f,0f,0f,0f,1f],start_interpolation: 0,interpolation_duration: 1}
$data merge entity $(bone_body) {transformation: [-1.002f,0f,0.5115f,0f,0f,1.125f,0f,1.0625f,-0.5115f,0f,-1.002f,0f,0f,0f,0f,1f],start_interpolation: 0,interpolation_duration: 1}
$data merge entity $(bone_left4) {transformation: [-0.9905f,-0.0397f,-0.132f,0.2911f,0.0832f,0.5909f,-0.8024f,1.2899f,0.1099f,-0.8058f,-0.582f,0.3806f,0f,0f,0f,1f],start_interpolation: 0,interpolation_duration: 1}
$data merge entity $(bone_left3) {transformation: [-0.9918f,-0.0395f,-0.1215f,0.0244f,0.0821f,0.5314f,-0.8431f,0.7344f,0.0979f,-0.8462f,-0.5238f,1.3367f,0f,0f,0f,1f],start_interpolation: 0,interpolation_duration: 1}
$data merge entity $(bone_scythe) {transformation: [-0.2091f,1.2385f,1.158f,-0.6652f,1.5999f,-0.242f,0.5477f,1.8429f,0.5611f,1.1515f,-1.1303f,0.1006f,0f,0f,0f,1f],start_interpolation: 0,interpolation_duration: 1}
$data merge entity $(bone_right2) {transformation: [0.7043f,0.2f,-0.6812f,-0.601f,0.184f,-0.9781f,-0.097f,1.5404f,-0.6857f,-0.057f,-0.7257f,0.1082f,0f,0f,0f,1f],start_interpolation: 0,interpolation_duration: 1}
$data merge entity $(bone_right1) {transformation: [-0.5588f,0.796f,-0.2328f,-1.2721f,0.2909f,-0.0748f,-0.9538f,1.529f,-0.7766f,-0.6007f,-0.1897f,0.9891f,0f,0f,0f,1f],start_interpolation: 0,interpolation_duration: 1}