# This file was generated by Animated Java via MC-Build. It is not recommended to edit this file directly.
$data merge entity $(bone_hair_side) {transformation: [-0.9914f,0.0093f,0.1302f,-0.3257f,0f,0.9975f,-0.0713f,1.9294f,-0.1305f,-0.0707f,-0.9889f,0.1993f,0f,0f,0f,1f],start_interpolation: 0,interpolation_duration: 1}
$data merge entity $(bone_hair_side1) {transformation: [-0.9914f,0.0093f,0.1302f,0.263f,0f,0.9975f,-0.0713f,1.9294f,-0.1305f,-0.0707f,-0.9889f,0.2768f,0f,0f,0f,1f],start_interpolation: 0,interpolation_duration: 1}
$data merge entity $(bone_beard) {transformation: [-0.9914f,0.0093f,0.1302f,-0.0353f,0f,0.9975f,-0.0713f,1.6122f,-0.1305f,-0.0707f,-0.9889f,0.2678f,0f,0f,0f,1f],start_interpolation: 0,interpolation_duration: 1}
$data merge entity $(bone_head) {transformation: [-0.9914f,-0.0134f,0.1298f,0f,0f,0.9947f,0.103f,1.7344f,-0.1305f,0.1021f,-0.9862f,0f,0f,0f,0f,1f],start_interpolation: 0,interpolation_duration: 1}
$data merge entity $(bone_body) {transformation: [-1.1021f,0f,0.226f,0f,0f,1.125f,0f,1.0625f,-0.226f,0f,-1.1021f,0f,0f,0f,0f,1f],start_interpolation: 0,interpolation_duration: 1}
$data merge entity $(bone_left4) {transformation: [-0.9163f,-0.3538f,0.1876f,0.4069f,-0.4004f,0.8017f,-0.4438f,1.2078f,0.0066f,-0.4818f,-0.8763f,0.1935f,0f,0f,0f,1f],start_interpolation: 0,interpolation_duration: 1}
$data merge entity $(bone_left3) {transformation: [-0.9163f,-0.3538f,0.1876f,0.5075f,-0.4004f,0.8017f,-0.4438f,0.2058f,0.0066f,-0.4818f,-0.8763f,0.7225f,0f,0f,0f,1f],start_interpolation: 0,interpolation_duration: 1}
$data merge entity $(bone_scythe) {transformation: [-1.8895f,1.4387f,-0.0264f,-0.8137f,1.4264f,1.8784f,0.2781f,1.4227f,0.1893f,0.2054f,-2.3585f,0.0765f,0f,0f,0f,1f],start_interpolation: 0,interpolation_duration: 1}
$data merge entity $(bone_right2) {transformation: [0.0391f,0.8673f,-0.4962f,-0.5329f,0.0821f,-0.4977f,-0.8634f,1.2697f,-0.9959f,-0.007f,-0.0907f,0.0905f,0f,0f,0f,1f],start_interpolation: 0,interpolation_duration: 1}
$data merge entity $(bone_right1) {transformation: [-0.7583f,0.6507f,-0.0383f,-0.9873f,0.5795f,0.6461f,-0.4967f,0.4021f,-0.2985f,-0.3988f,-0.8671f,0.6076f,0f,0f,0f,1f],start_interpolation: 0,interpolation_duration: 1}
data modify entity @s data merge value {"cameras":{},"locators":{"scythe_blade":{"posx":-0.6572737766338272,"posy":2.7283568924565422,"posz":0.22867412432794115,"roty":359.35955924613586,"rotx":6.725009405890973},"scythe_pole":{"posx":-0.6782352050266711,"posy":1.5739500300269471,"posz":0.09277741908756469,"roty":359.35955924613586,"rotx":6.725009405890973}}}