# This file was generated by Animated Java via MC-Build. It is not recommended to edit this file directly.
$data merge entity $(bone_hair_side) {transformation: [-0.9417f,-0.0211f,0.3357f,-0.3684f,-0.0252f,0.9997f,-0.0079f,1.9063f,-0.3354f,-0.0159f,-0.942f,0.1363f,0f,0f,0f,1f],start_interpolation: 0,interpolation_duration: 1}
$data merge entity $(bone_hair_side1) {transformation: [-0.9417f,-0.0211f,0.3357f,0.1908f,-0.0252f,0.9997f,-0.0079f,1.9213f,-0.3354f,-0.0159f,-0.942f,0.3354f,0f,0f,0f,1f],start_interpolation: 0,interpolation_duration: 1}
$data merge entity $(bone_beard) {transformation: [-0.9417f,-0.0211f,0.3357f,-0.0845f,-0.0252f,0.9997f,-0.0079f,1.5953f,-0.3354f,-0.0159f,-0.942f,0.2478f,0f,0f,0f,1f],start_interpolation: 0,interpolation_duration: 1}
$data merge entity $(bone_head) {transformation: [-0.9417f,-0.0791f,0.3269f,0f,-0.0252f,0.9858f,0.1658f,1.7344f,-0.3354f,0.1479f,-0.9304f,0f,0f,0f,0f,1f],start_interpolation: 0,interpolation_duration: 1}
$data merge entity $(bone_body) {transformation: [-0.9743f,0f,0.5625f,0f,0f,1.125f,0f,1.0625f,-0.5625f,0f,-0.9743f,0f,0f,0f,0f,1f],start_interpolation: 0,interpolation_duration: 1}
$data merge entity $(bone_left4) {transformation: [-0.9533f,0.281f,-0.1103f,0.1004f,0.3003f,0.8456f,-0.4414f,1.1769f,-0.0307f,-0.4539f,-0.8905f,0.3073f,0f,0f,0f,1f],start_interpolation: 0,interpolation_duration: 1}
$data merge entity $(bone_left3) {transformation: [-0.973f,0.1935f,-0.1259f,-0.4153f,0.2308f,0.8155f,-0.5307f,0.3571f,0f,-0.5454f,-0.8382f,0.9039f,0f,0f,0f,1f],start_interpolation: 0,interpolation_duration: 1}
$data merge entity $(bone_scythe) {transformation: [-1.3004f,-0.3149f,1.9622f,-0.5526f,-1.7979f,1.1856f,-1.0013f,0.9583f,-0.8468f,-2.0337f,-0.8876f,-0.4914f,0f,0f,0f,1f],start_interpolation: 0,interpolation_duration: 1}
$data merge entity $(bone_right2) {transformation: [0.828f,0.5601f,0.0263f,-0.3893f,-0.4191f,0.6493f,-0.6346f,1.1777f,-0.3726f,0.5144f,0.7724f,-0.3335f,0f,0f,0f,1f],start_interpolation: 0,interpolation_duration: 1}
$data merge entity $(bone_right1) {transformation: [-0.8009f,0.3418f,0.4916f,-0.5022f,0.5016f,0.8313f,0.2393f,0.1377f,-0.3269f,0.4383f,-0.8373f,-0.697f,0f,0f,0f,1f],start_interpolation: 0,interpolation_duration: 1}
data modify entity @s data merge value {"cameras":{},"locators":{"scythe_blade":{"posx":-1.0717017247030773,"posy":1.019087614313527,"posz":-1.707691102275591,"roty":65.66156451547018,"rotx":-24.934563446602244},"scythe_pole":{"posx":-0.5709583611704296,"posy":1.071525588906327,"posz":-0.6598033016506311,"roty":65.66156451547018,"rotx":-24.934563446602244}}}