# This file was generated by Animated Java via MC-Build. It is not recommended to edit this file directly.
$data merge entity $(bone_hair_side) {transformation: [-0.921f,-0.0236f,0.3888f,-0.3761f,-0.0288f,0.9996f,-0.0076f,1.9051f,-0.3885f,-0.0182f,-0.9213f,0.1149f,0f,0f,0f,1f],start_interpolation: 0,interpolation_duration: 1}
$data merge entity $(bone_hair_side1) {transformation: [-0.921f,-0.0236f,0.3888f,0.1707f,-0.0288f,0.9996f,-0.0076f,1.9222f,-0.3885f,-0.0182f,-0.9213f,0.3456f,0f,0f,0f,1f],start_interpolation: 0,interpolation_duration: 1}
$data merge entity $(bone_beard) {transformation: [-0.921f,-0.0236f,0.3888f,-0.098f,-0.0288f,0.9996f,-0.0076f,1.5952f,-0.3885f,-0.0182f,-0.9213f,0.2427f,0f,0f,0f,1f],start_interpolation: 0,interpolation_duration: 1}
$data merge entity $(bone_head) {transformation: [-0.921f,-0.0908f,0.3788f,0f,-0.0288f,0.9857f,0.1661f,1.7344f,-0.3885f,0.1421f,-0.9104f,0f,0f,0f,0f,1f],start_interpolation: 0,interpolation_duration: 1}
$data merge entity $(bone_body) {transformation: [-0.9215f,0f,0.6453f,0f,0f,1.125f,0f,1.0625f,-0.6453f,0f,-0.9215f,0f,0f,0f,0f,1f],start_interpolation: 0,interpolation_duration: 1}
$data merge entity $(bone_left4) {transformation: [-0.8916f,0.4377f,-0.1159f,-0.0006f,0.4522f,0.8479f,-0.2766f,1.1561f,-0.0228f,-0.299f,-0.954f,0.3348f,0f,0f,0f,1f],start_interpolation: 0,interpolation_duration: 1}
$data merge entity $(bone_left3) {transformation: [-0.9284f,0.3382f,-0.1537f,-0.6606f,0.3715f,0.8452f,-0.3842f,0.3478f,0f,-0.4138f,-0.9104f,0.7874f,0f,0f,0f,1f],start_interpolation: 0,interpolation_duration: 1}
$data merge entity $(bone_scythe) {transformation: [-0.7604f,0.0519f,1.5289f,-0.4794f,-1.4198f,0.6115f,-0.727f,0.9322f,-0.5694f,-1.5943f,-0.229f,-0.5325f,0f,0f,0f,1f],start_interpolation: 0,interpolation_duration: 1}
$data merge entity $(bone_right2) {transformation: [0.8966f,0.423f,-0.1308f,-0.359f,-0.4224f,0.7287f,-0.5391f,1.175f,-0.1327f,0.5386f,0.832f,-0.3743f,0f,0f,0f,1f],start_interpolation: 0,interpolation_duration: 1}
$data merge entity $(bone_right1) {transformation: [-0.7985f,0.2678f,0.5392f,-0.394f,0.4676f,0.84f,0.2753f,0.1364f,-0.3792f,0.472f,-0.7959f,-0.7573f,0f,0f,0f,1f],start_interpolation: 0,interpolation_duration: 1}
data modify entity @s data merge value {"cameras":{},"locators":{"hitbox":{"posx":-0.46555594264486655,"posy":1.301527737714498,"posz":-1.6125711745741382,"roty":81.47994893381647,"rotx":-25.18463436017327},"hitbox2":{"posx":-0.7993965183271178,"posy":0.678180257105466,"posz":-1.8625479503884441,"roty":81.47994893381647,"rotx":-25.18463436017327}}}