# This file was generated by Animated Java via MC-Build. It is not recommended to edit this file directly.
$data merge entity $(bone_hair_side) {transformation: [-0.8706f,-0.0277f,0.4913f,-0.3879f,-0.035f,0.9994f,-0.0056f,-0.5348f,-0.4908f,-0.0221f,-0.871f,0.0711f,0f,0f,0f,1f],start_interpolation: 0,interpolation_duration: 1}
$data merge entity $(bone_hair_side1) {transformation: [-0.8706f,-0.0277f,0.4913f,0.129f,-0.035f,0.9994f,-0.0056f,-0.514f,-0.4908f,-0.0221f,-0.871f,0.3625f,0f,0f,0f,1f],start_interpolation: 0,interpolation_duration: 1}
$data merge entity $(bone_beard) {transformation: [-0.8706f,-0.0277f,0.4913f,-0.1242f,-0.035f,0.9994f,-0.0056f,-0.8427f,-0.4908f,-0.0221f,-0.871f,0.2302f,0f,0f,0f,1f],start_interpolation: 0,interpolation_duration: 1}
$data merge entity $(bone_head) {transformation: [-0.8706f,-0.1126f,0.479f,0f,-0.035f,0.9852f,0.168f,-0.7031f,-0.4908f,0.1295f,-0.8616f,0f,0f,0f,0f,1f],start_interpolation: 0,interpolation_duration: 1}
$data merge entity $(bone_body) {transformation: [-0.7955f,0f,0.7955f,0f,0f,1.125f,0f,-1.375f,-0.7955f,0f,-0.7955f,0f,0f,0f,0f,1f],start_interpolation: 0,interpolation_duration: 1}
$data merge entity $(bone_left4) {transformation: [-0.6841f,0.7123f,0.1567f,-0.1759f,0.7287f,0.6585f,0.188f,-1.2699f,0.0307f,0.2428f,-0.9696f,0.2826f,0f,0f,0f,1f],start_interpolation: 0,interpolation_duration: 1}
$data merge entity $(bone_left3) {transformation: [-0.7628f,0.644f,0.0582f,-1.1187f,0.6466f,0.7597f,0.0687f,-1.8988f,0f,0.0901f,-0.9959f,0.1841f,0f,0f,0f,1f],start_interpolation: 0,interpolation_duration: 1}
$data merge entity $(bone_aura) {transformation: [-0.9016f,0.7419f,2.0682f,-0.59f,-2.1548f,0.1383f,-0.989f,-2.6796f,-0.4294f,-2.2519f,0.6206f,-1.7005f,0f,0f,0f,1f],start_interpolation: 0,interpolation_duration: 1}
$data merge entity $(bone_scythe) {transformation: [-0.6485f,0.5336f,1.4876f,-0.4041f,-1.55f,0.0995f,-0.7114f,-1.547f,-0.3088f,-1.6198f,0.4464f,-0.515f,0f,0f,0f,1f],start_interpolation: 0,interpolation_duration: 1}
$data merge entity $(bone_right2) {transformation: [0.8724f,0.2623f,-0.4123f,-0.3287f,-0.4121f,0.8484f,-0.3322f,-1.2722f,0.2627f,0.4598f,0.8483f,-0.3937f,0f,0f,0f,1f],start_interpolation: 0,interpolation_duration: 1}
$data merge entity $(bone_right1) {transformation: [-0.7885f,0.223f,0.5732f,-0.3193f,0.4253f,0.8709f,0.2463f,-2.3304f,-0.4443f,0.438f,-0.7815f,-0.7202f,0f,0f,0f,1f],start_interpolation: 0,interpolation_duration: 1}
data modify entity @s data merge value {"cameras":{},"locators":{"scythe_blade":{"posx":-0.30287656628712184,"posy":-2.0901322599087697,"posz":-1.7180158992145607,"roty":106.70290518514514,"rotx":-24.60953276564695},"scythe_pole":{"posx":-0.3347220931037429,"posy":-1.520957667391193,"posz":-0.7048087902510364,"roty":106.70290518514514,"rotx":-24.60953276564695}}}