# This file was generated by Animated Java via MC-Build. It is not recommended to edit this file directly.
$data merge entity $(bone_hair_side) {transformation: [-0.8706f,-0.0277f,0.4913f,-0.3879f,-0.035f,0.9994f,-0.0056f,1.9027f,-0.4908f,-0.0221f,-0.871f,0.0711f,0f,0f,0f,1f],start_interpolation: 0,interpolation_duration: 1}
$data merge entity $(bone_hair_side1) {transformation: [-0.8706f,-0.0277f,0.4913f,0.129f,-0.035f,0.9994f,-0.0056f,1.9235f,-0.4908f,-0.0221f,-0.871f,0.3625f,0f,0f,0f,1f],start_interpolation: 0,interpolation_duration: 1}
$data merge entity $(bone_beard) {transformation: [-0.8706f,-0.0277f,0.4913f,-0.1242f,-0.035f,0.9994f,-0.0056f,1.5948f,-0.4908f,-0.0221f,-0.871f,0.2302f,0f,0f,0f,1f],start_interpolation: 0,interpolation_duration: 1}
$data merge entity $(bone_head) {transformation: [-0.8706f,-0.1126f,0.479f,0f,-0.035f,0.9852f,0.168f,1.7344f,-0.4908f,0.1295f,-0.8616f,0f,0f,0f,0f,1f],start_interpolation: 0,interpolation_duration: 1}
$data merge entity $(bone_body) {transformation: [-0.7955f,0f,0.7955f,0f,0f,1.125f,0f,1.0625f,-0.7955f,0f,-0.7955f,0f,0f,0f,0f,1f],start_interpolation: 0,interpolation_duration: 1}
$data merge entity $(bone_left4) {transformation: [-0.6841f,0.7123f,0.1567f,-0.1759f,0.7287f,0.6585f,0.188f,1.1676f,0.0307f,0.2428f,-0.9696f,0.2826f,0f,0f,0f,1f],start_interpolation: 0,interpolation_duration: 1}
$data merge entity $(bone_left3) {transformation: [-0.7628f,0.644f,0.0582f,-1.1187f,0.6466f,0.7597f,0.0687f,0.5387f,0f,0.0901f,-0.9959f,0.1841f,0f,0f,0f,1f],start_interpolation: 0,interpolation_duration: 1}
$data merge entity $(bone_scythe) {transformation: [-0.6485f,0.5336f,1.4876f,-0.4041f,-1.55f,0.0995f,-0.7114f,0.8905f,-0.3088f,-1.6198f,0.4464f,-0.515f,0f,0f,0f,1f],start_interpolation: 0,interpolation_duration: 1}
$data merge entity $(bone_right2) {transformation: [0.8724f,0.2623f,-0.4123f,-0.3287f,-0.4121f,0.8484f,-0.3322f,1.1653f,0.2627f,0.4598f,0.8483f,-0.3937f,0f,0f,0f,1f],start_interpolation: 0,interpolation_duration: 1}
$data merge entity $(bone_right1) {transformation: [-0.7885f,0.223f,0.5732f,-0.3193f,0.4253f,0.8709f,0.2463f,0.1071f,-0.4443f,0.438f,-0.7815f,-0.7202f,0f,0f,0f,1f],start_interpolation: 0,interpolation_duration: 1}
data modify entity @s data merge value {"cameras":{},"locators":{"hitbox":{"posx":-0.06560541272215864,"posy":0.9144301988879404,"posz":-1.6050222378464063,"roty":106.70290518514514,"rotx":-24.60953276564695},"hitbox2":{"posx":-0.35033079700011444,"posy":0.23395524833188808,"posz":-1.7406146314881916,"roty":106.70290518514514,"rotx":-24.60953276564695}}}