# This file was generated by Animated Java via MC-Build. It is not recommended to edit this file directly.
$data merge entity $(bone_right_leg1) {transformation: [-0.9998f,-0.0161f,-0.0123f,-0.1545f,-0.0202f,0.819f,0.5735f,-0.1683f,0.0009f,0.5736f,-0.8191f,-0.3599f,0f,0f,0f,1f],start_interpolation: 0,interpolation_duration: 1}
$data merge entity $(bone_right_leg) {transformation: [-0.9998f,-0.0161f,-0.0123f,-0.1575f,-0.0202f,0.819f,0.5735f,-0.0148f,0.0009f,0.5736f,-0.8191f,-0.2523f,0f,0f,0f,1f],start_interpolation: 0,interpolation_duration: 1}
$data merge entity $(bone_left_leg1) {transformation: [-0.9998f,-0.0155f,-0.013f,0.1579f,-0.0202f,0.7932f,0.6086f,-0.1572f,0.0009f,0.6088f,-0.7933f,-0.3667f,0f,0f,0f,1f],start_interpolation: 0,interpolation_duration: 1}
$data merge entity $(bone_left_leg) {transformation: [-0.9998f,-0.0155f,-0.013f,0.155f,-0.0202f,0.7932f,0.6086f,-0.0084f,0.0009f,0.6088f,-0.7933f,-0.2526f,0f,0f,0f,1f],start_interpolation: 0,interpolation_duration: 1}
$data merge entity $(bone_tail) {transformation: [-0.9998f,-0.0202f,-0.0008f,-0.035f,-0.0202f,0.9998f,-0.0059f,0.0935f,0.0009f,-0.0059f,-1f,-0.695f,0f,0f,0f,1f],start_interpolation: 0,interpolation_duration: 1}
$data merge entity $(bone_head) {transformation: [-1f,0.0001f,-0.0022f,-0.0054f,-0.0001f,0.9961f,0.0886f,0.2185f,0.0022f,0.0886f,-0.9961f,0.3631f,0f,0f,0f,1f],start_interpolation: 0,interpolation_duration: 1}
$data merge entity $(bone_right_wing1) {transformation: [-0.9984f,-0.0572f,0f,-1.1052f,-0.0572f,0.9974f,-0.0436f,0.3111f,0.0025f,-0.0435f,-0.999f,0.2026f,0f,0f,0f,1f],start_interpolation: 0,interpolation_duration: 1}
$data merge entity $(bone_right_wing) {transformation: [-0.9999f,-0.0101f,0f,-0.2728f,-0.0101f,0.999f,-0.0436f,0.2983f,0.0004f,-0.0436f,-0.999f,-0.1338f,0f,0f,0f,1f],start_interpolation: 0,interpolation_duration: 1}
$data merge entity $(bone_left_wing1) {transformation: [-0.9984f,-0.0572f,0f,1.09f,-0.0572f,0.9974f,-0.0436f,0.3387f,0.0025f,-0.0435f,-0.999f,0.2014f,0f,0f,0f,1f],start_interpolation: 0,interpolation_duration: 1}
$data merge entity $(bone_left_wing) {transformation: [-0.9999f,-0.0101f,0f,0.2577f,-0.0101f,0.999f,-0.0436f,0.3091f,0.0004f,-0.0436f,-0.999f,-0.1343f,0f,0f,0f,1f],start_interpolation: 0,interpolation_duration: 1}
$data merge entity $(bone_body) {transformation: [-0.9998f,-0.0202f,0f,0.0313f,-0.0202f,0.9988f,-0.0436f,-0.0625f,0.0009f,-0.0436f,-0.999f,0f,0f,0f,0f,1f],start_interpolation: 0,interpolation_duration: 1}