# This file was generated by Animated Java via MC-Build. It is not recommended to edit this file directly.
$data merge entity $(bone_right_leg1) {transformation: [-0.9967f,0.0642f,0.0492f,-0.1626f,0.0808f,0.8166f,0.5716f,-0.1491f,-0.0035f,0.5737f,-0.8191f,-0.3607f,0f,0f,0f,1f],start_interpolation: 0,interpolation_duration: 1}
$data merge entity $(bone_right_leg) {transformation: [-0.9967f,0.0642f,0.0492f,-0.1506f,0.0808f,0.8166f,0.5716f,0.004f,-0.0035f,0.5737f,-0.8191f,-0.2531f,0f,0f,0f,1f],start_interpolation: 0,interpolation_duration: 1}
$data merge entity $(bone_left_leg1) {transformation: [-0.9967f,0.062f,0.052f,0.1493f,0.0808f,0.7908f,0.6067f,-0.1696f,-0.0035f,0.6089f,-0.7933f,-0.3662f,0f,0f,0f,1f],start_interpolation: 0,interpolation_duration: 1}
$data merge entity $(bone_left_leg) {transformation: [-0.9967f,0.062f,0.052f,0.1609f,0.0808f,0.7908f,0.6067f,-0.0213f,-0.0035f,0.6089f,-0.7933f,-0.252f,0f,0f,0f,1f],start_interpolation: 0,interpolation_duration: 1}
$data merge entity $(bone_tail) {transformation: [-0.9967f,0.0803f,-0.0099f,-0.0159f,0.0808f,0.983f,-0.1646f,0.0993f,-0.0035f,-0.1649f,-0.9863f,-0.6952f,0f,0f,0f,1f],start_interpolation: 0,interpolation_duration: 1}
$data merge entity $(bone_head) {transformation: [-1f,0.0009f,0.0003f,0.0216f,0.0009f,0.9946f,0.1038f,0.2209f,-0.0003f,0.1038f,-0.9946f,0.363f,0f,0f,0f,1f],start_interpolation: 0,interpolation_duration: 1}
$data merge entity $(bone_right_wing1) {transformation: [-0.9994f,0.0339f,0f,-1.0656f,0.0338f,0.9985f,-0.0436f,0.382f,-0.0015f,-0.0436f,-0.999f,0.1996f,0f,0f,0f,1f],start_interpolation: 0,interpolation_duration: 1}
$data merge entity $(bone_right_wing) {transformation: [-0.9992f,0.0405f,0f,-0.2342f,0.0404f,0.9982f,-0.0436f,0.3271f,-0.0018f,-0.0436f,-0.999f,-0.1351f,0f,0f,0f,1f],start_interpolation: 0,interpolation_duration: 1}
$data merge entity $(bone_left_wing1) {transformation: [-0.9994f,0.0339f,0f,1.1266f,0.0338f,0.9985f,-0.0436f,0.2718f,-0.0015f,-0.0436f,-0.999f,0.2044f,0f,0f,0f,1f],start_interpolation: 0,interpolation_duration: 1}
$data merge entity $(bone_left_wing) {transformation: [-0.9992f,0.0405f,0f,0.2946f,0.0404f,0.9982f,-0.0436f,0.2843f,-0.0018f,-0.0436f,-0.999f,-0.1332f,0f,0f,0f,1f],start_interpolation: 0,interpolation_duration: 1}
$data merge entity $(bone_body) {transformation: [-0.9967f,0.0809f,0f,0.0313f,0.0808f,0.9958f,-0.0436f,-0.0625f,-0.0035f,-0.0435f,-0.999f,0f,0f,0f,0f,1f],start_interpolation: 0,interpolation_duration: 1}