# This file was generated by Animated Java via MC-Build. It is not recommended to edit this file directly.
$data merge entity $(bone_right_leg1) {transformation: [-0.9979f,0.0515f,0.0395f,-0.1615f,0.0648f,0.8175f,0.5723f,-0.1522f,-0.0028f,0.5737f,-0.8191f,-0.3606f,0f,0f,0f,1f],start_interpolation: 0,interpolation_duration: 1}
$data merge entity $(bone_right_leg) {transformation: [-0.9979f,0.0515f,0.0395f,-0.1518f,0.0648f,0.8175f,0.5723f,0.0011f,-0.0028f,0.5737f,-0.8191f,-0.253f,0f,0f,0f,1f],start_interpolation: 0,interpolation_duration: 1}
$data merge entity $(bone_left_leg1) {transformation: [-0.9979f,0.0497f,0.0417f,0.1507f,0.0648f,0.7917f,0.6074f,-0.1676f,-0.0028f,0.6088f,-0.7933f,-0.3663f,0f,0f,0f,1f],start_interpolation: 0,interpolation_duration: 1}
$data merge entity $(bone_left_leg) {transformation: [-0.9979f,0.0497f,0.0417f,0.16f,0.0648f,0.7917f,0.6074f,-0.0192f,-0.0028f,0.6088f,-0.7933f,-0.2521f,0f,0f,0f,1f],start_interpolation: 0,interpolation_duration: 1}
$data merge entity $(bone_tail) {transformation: [-0.9979f,0.0646f,-0.0064f,-0.019f,0.0648f,0.9877f,-0.1424f,0.0985f,-0.0028f,-0.1425f,-0.9898f,-0.6952f,0f,0f,0f,1f],start_interpolation: 0,interpolation_duration: 1}
$data merge entity $(bone_head) {transformation: [-1f,0.0007f,0.0007f,0.0173f,0.0007f,0.9952f,0.0981f,0.2207f,-0.0007f,0.0981f,-0.9952f,0.363f,0f,0f,0f,1f],start_interpolation: 0,interpolation_duration: 1}
$data merge entity $(bone_right_wing1) {transformation: [-0.9999f,0.0161f,0f,-1.0722f,0.016f,0.9989f,-0.0436f,0.371f,-0.0007f,-0.0436f,-0.999f,0.2f,0f,0f,0f,1f],start_interpolation: 0,interpolation_duration: 1}
$data merge entity $(bone_right_wing) {transformation: [-0.9995f,0.0325f,0f,-0.2405f,0.0324f,0.9985f,-0.0436f,0.3228f,-0.0014f,-0.0436f,-0.999f,-0.1349f,0f,0f,0f,1f],start_interpolation: 0,interpolation_duration: 1}
$data merge entity $(bone_left_wing1) {transformation: [-0.9999f,0.0161f,0f,1.1211f,0.016f,0.9989f,-0.0436f,0.2826f,-0.0007f,-0.0436f,-0.999f,0.2039f,0f,0f,0f,1f],start_interpolation: 0,interpolation_duration: 1}
$data merge entity $(bone_left_wing) {transformation: [-0.9995f,0.0325f,0f,0.289f,0.0324f,0.9985f,-0.0436f,0.2884f,-0.0014f,-0.0436f,-0.999f,-0.1334f,0f,0f,0f,1f],start_interpolation: 0,interpolation_duration: 1}
$data merge entity $(bone_body) {transformation: [-0.9979f,0.0649f,0f,0.0313f,0.0648f,0.9969f,-0.0436f,-0.0625f,-0.0028f,-0.0435f,-0.999f,0f,0f,0f,0f,1f],start_interpolation: 0,interpolation_duration: 1}