# This file was generated by Animated Java via MC-Build. It is not recommended to edit this file directly.
$data merge entity $(bone_right_leg1) {transformation: [-0.9998f,0.0161f,0.0123f,-0.158f,0.0202f,0.819f,0.5735f,-0.1607f,-0.0009f,0.5736f,-0.8191f,-0.3602f,0f,0f,0f,1f],start_interpolation: 0,interpolation_duration: 1}
$data merge entity $(bone_right_leg) {transformation: [-0.9998f,0.0161f,0.0123f,-0.1549f,0.0202f,0.819f,0.5735f,-0.0072f,-0.0009f,0.5736f,-0.8191f,-0.2527f,0f,0f,0f,1f],start_interpolation: 0,interpolation_duration: 1}
$data merge entity $(bone_left_leg1) {transformation: [-0.9998f,0.0155f,0.013f,0.1546f,0.0202f,0.7932f,0.6086f,-0.1622f,-0.0009f,0.6088f,-0.7933f,-0.3665f,0f,0f,0f,1f],start_interpolation: 0,interpolation_duration: 1}
$data merge entity $(bone_left_leg) {transformation: [-0.9998f,0.0155f,0.013f,0.1575f,0.0202f,0.7932f,0.6086f,-0.0135f,-0.0009f,0.6088f,-0.7933f,-0.2524f,0f,0f,0f,1f],start_interpolation: 0,interpolation_duration: 1}
$data merge entity $(bone_tail) {transformation: [-0.9998f,0.0202f,-0.0007f,-0.0274f,0.0202f,0.9968f,-0.0767f,0.0961f,-0.0009f,-0.0767f,-0.9971f,-0.6951f,0f,0f,0f,1f],start_interpolation: 0,interpolation_duration: 1}
$data merge entity $(bone_head) {transformation: [-1f,0.0001f,0.0009f,0.0054f,0.0002f,0.9961f,0.0888f,0.2198f,-0.0009f,0.0888f,-0.9961f,0.363f,0f,0f,0f,1f],start_interpolation: 0,interpolation_duration: 1}
$data merge entity $(bone_right_wing1) {transformation: [-0.9996f,-0.0269f,0f,-1.0899f,-0.0268f,0.9987f,-0.0436f,0.3399f,0.0012f,-0.0436f,-0.999f,0.2014f,0f,0f,0f,1f],start_interpolation: 0,interpolation_duration: 1}
$data merge entity $(bone_right_wing) {transformation: [-0.9999f,0.0101f,0f,-0.2577f,0.0101f,0.999f,-0.0436f,0.3103f,-0.0004f,-0.0436f,-0.999f,-0.1343f,0f,0f,0f,1f],start_interpolation: 0,interpolation_duration: 1}
$data merge entity $(bone_left_wing1) {transformation: [-0.9996f,-0.0269f,0f,1.1052f,-0.0268f,0.9987f,-0.0436f,0.3124f,0.0012f,-0.0436f,-0.999f,0.2026f,0f,0f,0f,1f],start_interpolation: 0,interpolation_duration: 1}
$data merge entity $(bone_left_wing) {transformation: [-0.9999f,0.0101f,0f,0.2728f,0.0101f,0.999f,-0.0436f,0.2996f,-0.0004f,-0.0436f,-0.999f,-0.1338f,0f,0f,0f,1f],start_interpolation: 0,interpolation_duration: 1}
$data merge entity $(bone_body) {transformation: [-0.9998f,0.0202f,0f,0.0313f,0.0202f,0.9988f,-0.0436f,-0.0625f,-0.0009f,-0.0436f,-0.999f,0f,0f,0f,0f,1f],start_interpolation: 0,interpolation_duration: 1}