# This file was generated by Animated Java via MC-Build. It is not recommended to edit this file directly.
$data merge entity $(bone_right_leg1) {transformation: [-0.9979f,-0.0515f,-0.0395f,-0.1503f,-0.0648f,0.8175f,0.5723f,-0.1765f,0.0028f,0.5737f,-0.8191f,-0.3595f,0f,0f,0f,1f],start_interpolation: 0,interpolation_duration: 1}
$data merge entity $(bone_right_leg) {transformation: [-0.9979f,-0.0515f,-0.0395f,-0.1599f,-0.0648f,0.8175f,0.5723f,-0.0232f,0.0028f,0.5737f,-0.8191f,-0.252f,0f,0f,0f,1f],start_interpolation: 0,interpolation_duration: 1}
$data merge entity $(bone_left_leg1) {transformation: [-0.9979f,-0.0497f,-0.0417f,0.1613f,-0.0648f,0.7917f,0.6074f,-0.1514f,0.0028f,0.6088f,-0.7933f,-0.367f,0f,0f,0f,1f],start_interpolation: 0,interpolation_duration: 1}
$data merge entity $(bone_left_leg) {transformation: [-0.9979f,-0.0497f,-0.0417f,0.1519f,-0.0648f,0.7917f,0.6074f,-0.003f,0.0028f,0.6088f,-0.7933f,-0.2528f,0f,0f,0f,1f],start_interpolation: 0,interpolation_duration: 1}
$data merge entity $(bone_tail) {transformation: [-0.9979f,-0.0644f,-0.0083f,-0.0433f,-0.0648f,0.9944f,0.0838f,0.0904f,0.0028f,0.0841f,-0.9965f,-0.6948f,0f,0f,0f,1f],start_interpolation: 0,interpolation_duration: 1}
$data merge entity $(bone_head) {transformation: [-1f,0.0006f,-0.0092f,-0.0172f,-0.0003f,0.9952f,0.0977f,0.2166f,0.0093f,0.0977f,-0.9952f,0.3632f,0f,0f,0f,1f],start_interpolation: 0,interpolation_duration: 1}
$data merge entity $(bone_right_wing1) {transformation: [-0.9967f,-0.0812f,0f,-1.121f,-0.0812f,0.9957f,-0.0436f,0.2786f,0.0035f,-0.0435f,-0.999f,0.2041f,0f,0f,0f,1f],start_interpolation: 0,interpolation_duration: 1}
$data merge entity $(bone_right_wing) {transformation: [-0.9995f,-0.0325f,0f,-0.2888f,-0.0324f,0.9985f,-0.0436f,0.2844f,0.0014f,-0.0436f,-0.999f,-0.1332f,0f,0f,0f,1f],start_interpolation: 0,interpolation_duration: 1}
$data merge entity $(bone_left_wing1) {transformation: [-0.9967f,-0.0812f,0f,1.0724f,-0.0812f,0.9957f,-0.0436f,0.367f,0.0035f,-0.0435f,-0.999f,0.2002f,0f,0f,0f,1f],start_interpolation: 0,interpolation_duration: 1}
$data merge entity $(bone_left_wing) {transformation: [-0.9995f,-0.0325f,0f,0.2406f,-0.0324f,0.9985f,-0.0436f,0.3188f,0.0014f,-0.0436f,-0.999f,-0.1347f,0f,0f,0f,1f],start_interpolation: 0,interpolation_duration: 1}
$data merge entity $(bone_body) {transformation: [-0.9979f,-0.0649f,0f,0.0313f,-0.0648f,0.9969f,-0.0436f,-0.0625f,0.0028f,-0.0435f,-0.999f,0f,0f,0f,0f,1f],start_interpolation: 0,interpolation_duration: 1}