# This file was generated by Animated Java via MC-Build. It is not recommended to edit this file directly.
$data merge entity $(bone_right_leg1) {transformation: [-0.9967f,-0.0642f,-0.0492f,-0.1487f,-0.0808f,0.8166f,0.5716f,-0.1794f,0.0035f,0.5737f,-0.8191f,-0.3594f,0f,0f,0f,1f],start_interpolation: 0,interpolation_duration: 1}
$data merge entity $(bone_right_leg) {transformation: [-0.9967f,-0.0642f,-0.0492f,-0.1607f,-0.0808f,0.8166f,0.5716f,-0.0263f,0.0035f,0.5737f,-0.8191f,-0.2518f,0f,0f,0f,1f],start_interpolation: 0,interpolation_duration: 1}
$data merge entity $(bone_left_leg1) {transformation: [-0.9967f,-0.062f,-0.052f,0.1624f,-0.0808f,0.7908f,0.6067f,-0.1493f,0.0035f,0.6089f,-0.7933f,-0.3671f,0f,0f,0f,1f],start_interpolation: 0,interpolation_duration: 1}
$data merge entity $(bone_left_leg) {transformation: [-0.9967f,-0.062f,-0.052f,0.1508f,-0.0808f,0.7908f,0.6067f,-0.0011f,0.0035f,0.6089f,-0.7933f,-0.2529f,0f,0f,0f,1f],start_interpolation: 0,interpolation_duration: 1}
$data merge entity $(bone_tail) {transformation: [-0.9967f,-0.0798f,-0.013f,-0.0462f,-0.0808f,0.9899f,0.1168f,0.0892f,0.0035f,0.1175f,-0.9931f,-0.6948f,0f,0f,0f,1f],start_interpolation: 0,interpolation_duration: 1}
$data merge entity $(bone_head) {transformation: [-0.9999f,0.0008f,-0.0121f,-0.0214f,-0.0004f,0.9946f,0.1033f,0.2158f,0.0121f,0.1033f,-0.9946f,0.3632f,0f,0f,0f,1f],start_interpolation: 0,interpolation_duration: 1}
$data merge entity $(bone_right_wing1) {transformation: [-0.9962f,-0.0875f,0f,-1.1264f,-0.0874f,0.9952f,-0.0436f,0.2667f,0.0038f,-0.0434f,-0.999f,0.2046f,0f,0f,0f,1f],start_interpolation: 0,interpolation_duration: 1}
$data merge entity $(bone_right_wing) {transformation: [-0.9992f,-0.0405f,0f,-0.2944f,-0.0404f,0.9982f,-0.0436f,0.2792f,0.0018f,-0.0436f,-0.999f,-0.133f,0f,0f,0f,1f],start_interpolation: 0,interpolation_duration: 1}
$data merge entity $(bone_left_wing1) {transformation: [-0.9962f,-0.0875f,0f,1.0658f,-0.0874f,0.9952f,-0.0436f,0.3769f,0.0038f,-0.0434f,-0.999f,0.1998f,0f,0f,0f,1f],start_interpolation: 0,interpolation_duration: 1}
$data merge entity $(bone_left_wing) {transformation: [-0.9992f,-0.0405f,0f,0.2344f,-0.0404f,0.9982f,-0.0436f,0.3221f,0.0018f,-0.0436f,-0.999f,-0.1348f,0f,0f,0f,1f],start_interpolation: 0,interpolation_duration: 1}
$data merge entity $(bone_body) {transformation: [-0.9967f,-0.0809f,0f,0.0313f,-0.0808f,0.9958f,-0.0436f,-0.0625f,0.0035f,-0.0435f,-0.999f,0f,0f,0f,0f,1f],start_interpolation: 0,interpolation_duration: 1}