# This file was generated by Animated Java via MC-Build. It is not recommended to edit this file directly.
$data merge entity $(bone_right_leg1) {transformation: [-0.9962f,-0.0691f,-0.0531f,-0.148f,-0.0871f,0.8161f,0.5713f,-0.1806f,0.0038f,0.5737f,-0.8191f,-0.3593f,0f,0f,0f,1f],start_interpolation: 0,interpolation_duration: 1}
$data merge entity $(bone_right_leg) {transformation: [-0.9962f,-0.0691f,-0.0531f,-0.161f,-0.0871f,0.8161f,0.5713f,-0.0275f,0.0038f,0.5737f,-0.8191f,-0.2518f,0f,0f,0f,1f],start_interpolation: 0,interpolation_duration: 1}
$data merge entity $(bone_left_leg1) {transformation: [-0.9962f,-0.0668f,-0.056f,0.1628f,-0.0871f,0.7904f,0.6063f,-0.1485f,0.0038f,0.6089f,-0.7932f,-0.3671f,0f,0f,0f,1f],start_interpolation: 0,interpolation_duration: 1}
$data merge entity $(bone_left_leg) {transformation: [-0.9962f,-0.0668f,-0.056f,0.1503f,-0.0871f,0.7904f,0.6063f,-0.0003f,0.0038f,0.6089f,-0.7932f,-0.253f,0f,0f,0f,1f],start_interpolation: 0,interpolation_duration: 1}
$data merge entity $(bone_tail) {transformation: [-0.9962f,-0.0858f,-0.0151f,-0.0474f,-0.0871f,0.9877f,0.1299f,0.0887f,0.0038f,0.1307f,-0.9914f,-0.6948f,0f,0f,0f,1f],start_interpolation: 0,interpolation_duration: 1}
$data merge entity $(bone_head) {transformation: [-0.9999f,0.001f,-0.0133f,-0.023f,-0.0004f,0.9941f,0.1083f,0.2155f,0.0133f,0.1083f,-0.994f,0.3632f,0f,0f,0f,1f],start_interpolation: 0,interpolation_duration: 1}
$data merge entity $(bone_right_wing1) {transformation: [-0.9962f,-0.0872f,0f,-1.1285f,-0.0871f,0.9952f,-0.0436f,0.2621f,0.0038f,-0.0435f,-0.999f,0.2048f,0f,0f,0f,1f],start_interpolation: 0,interpolation_duration: 1}
$data merge entity $(bone_right_wing) {transformation: [-0.999f,-0.0436f,0f,-0.2966f,-0.0436f,0.9981f,-0.0436f,0.2772f,0.0019f,-0.0436f,-0.999f,-0.1329f,0f,0f,0f,1f],start_interpolation: 0,interpolation_duration: 1}
$data merge entity $(bone_left_wing1) {transformation: [-0.9962f,-0.0872f,0f,1.0632f,-0.0871f,0.9952f,-0.0436f,0.3808f,0.0038f,-0.0435f,-0.999f,0.1996f,0f,0f,0f,1f],start_interpolation: 0,interpolation_duration: 1}
$data merge entity $(bone_left_wing) {transformation: [-0.999f,-0.0436f,0f,0.2319f,-0.0436f,0.9981f,-0.0436f,0.3234f,0.0019f,-0.0436f,-0.999f,-0.1349f,0f,0f,0f,1f],start_interpolation: 0,interpolation_duration: 1}
$data merge entity $(bone_body) {transformation: [-0.9962f,-0.0872f,0f,0.0313f,-0.0871f,0.9952f,-0.0436f,-0.0625f,0.0038f,-0.0435f,-0.999f,0f,0f,0f,0f,1f],start_interpolation: 0,interpolation_duration: 1}