# This file was generated by Animated Java via MC-Build. It is not recommended to edit this file directly.
$data merge entity $(bone_right_leg1) {transformation: [-0.9991f,-0.0343f,-0.0263f,-0.1523f,-0.0432f,0.8184f,0.573f,-0.1726f,0.0019f,0.5736f,-0.8191f,-0.3597f,0f,0f,0f,1f],start_interpolation: 0,interpolation_duration: 1}
$data merge entity $(bone_right_leg) {transformation: [-0.9991f,-0.0343f,-0.0263f,-0.1588f,-0.0432f,0.8184f,0.573f,-0.0191f,0.0019f,0.5736f,-0.8191f,-0.2521f,0f,0f,0f,1f],start_interpolation: 0,interpolation_duration: 1}
$data merge entity $(bone_left_leg1) {transformation: [-0.9991f,-0.0331f,-0.0278f,0.1596f,-0.0432f,0.7926f,0.6082f,-0.1542f,0.0019f,0.6088f,-0.7933f,-0.3669f,0f,0f,0f,1f],start_interpolation: 0,interpolation_duration: 1}
$data merge entity $(bone_left_leg) {transformation: [-0.9991f,-0.0331f,-0.0278f,0.1534f,-0.0432f,0.7926f,0.6082f,-0.0056f,0.0019f,0.6088f,-0.7933f,-0.2527f,0f,0f,0f,1f],start_interpolation: 0,interpolation_duration: 1}
$data merge entity $(bone_tail) {transformation: [-0.9991f,-0.0431f,-0.0036f,-0.0393f,-0.0432f,0.9983f,0.0397f,0.092f,0.0019f,0.0398f,-0.9992f,-0.6949f,0f,0f,0f,1f],start_interpolation: 0,interpolation_duration: 1}
$data merge entity $(bone_head) {transformation: [-1f,0.0004f,-0.0056f,-0.0115f,-0.0003f,0.9922f,0.1248f,0.2176f,0.0056f,0.1248f,-0.9922f,0.3631f,0f,0f,0f,1f],start_interpolation: 0,interpolation_duration: 1}
$data merge entity $(bone_right_wing1) {transformation: [-0.9993f,-0.038f,0f,-1.1134f,-0.038f,0.9983f,-0.0436f,0.2944f,0.0017f,-0.0436f,-0.999f,0.2034f,0f,0f,0f,1f],start_interpolation: 0,interpolation_duration: 1}
$data merge entity $(bone_right_wing) {transformation: [-0.9998f,-0.0216f,0f,-0.2811f,-0.0216f,0.9988f,-0.0436f,0.2912f,0.0009f,-0.0436f,-0.999f,-0.1335f,0f,0f,0f,1f],start_interpolation: 0,interpolation_duration: 1}
$data merge entity $(bone_left_wing1) {transformation: [-0.9993f,-0.038f,0f,1.081f,-0.038f,0.9983f,-0.0436f,0.3533f,0.0017f,-0.0436f,-0.999f,0.2008f,0f,0f,0f,1f],start_interpolation: 0,interpolation_duration: 1}
$data merge entity $(bone_left_wing) {transformation: [-0.9998f,-0.0216f,0f,0.249f,-0.0216f,0.9988f,-0.0436f,0.3142f,0.0009f,-0.0436f,-0.999f,-0.1345f,0f,0f,0f,1f],start_interpolation: 0,interpolation_duration: 1}
$data merge entity $(bone_body) {transformation: [-0.9991f,-0.0433f,0f,0.0313f,-0.0432f,0.9981f,-0.0436f,-0.0625f,0.0019f,-0.0436f,-0.999f,0f,0f,0f,0f,1f],start_interpolation: 0,interpolation_duration: 1}