# This file was generated by Animated Java via MC-Build. It is not recommended to edit this file directly.
$data merge entity $(bone_hair_side) {transformation: [-0.9997f,-0.0255f,0.0045f,-0.3395f,-0.0255f,0.9997f,-0.0001f,1.8857f,-0.0045f,-0.0002f,-1f,0.252f,0f,0f,0f,1f],start_interpolation: 0,interpolation_duration: 1}
$data merge entity $(bone_hair_side1) {transformation: [-0.9997f,-0.0255f,0.0045f,0.2541f,-0.0255f,0.9997f,-0.0001f,1.9008f,-0.0045f,-0.0002f,-1f,0.2547f,0f,0f,0f,1f],start_interpolation: 0,interpolation_duration: 1}
$data merge entity $(bone_beard) {transformation: [-0.9997f,-0.0255f,0.0045f,-0.0346f,-0.0255f,0.9997f,-0.0001f,1.5748f,-0.0045f,-0.0002f,-1f,0.2607f,0f,0f,0f,1f],start_interpolation: 0,interpolation_duration: 1}
$data merge entity $(bone_head) {transformation: [-0.9997f,-0.0259f,0f,-0.037f,-0.0255f,0.9845f,0.1735f,1.7159f,-0.0045f,0.1735f,-0.9848f,0f,0f,0f,0f,1f],start_interpolation: 0,interpolation_duration: 1}
$data merge entity $(bone_body) {transformation: [-1.1216f,-0.0872f,0f,0f,-0.0872f,1.1216f,0f,1.0625f,0f,0f,-1.125f,0f,0f,0f,0f,1f],start_interpolation: 0,interpolation_duration: 1}
$data merge entity $(bone_left4) {transformation: [-0.934f,-0.3572f,0f,0.3628f,-0.3572f,0.934f,0f,1.1714f,0f,0f,-1f,0f,0f,0f,0f,1f],start_interpolation: 0,interpolation_duration: 1}
$data merge entity $(bone_left3) {transformation: [-0.934f,-0.3572f,0f,0.4615f,-0.3572f,0.934f,0f,0.0381f,0f,0f,-1f,0f,0f,0f,0f,1f],start_interpolation: 0,interpolation_duration: 1}
$data merge entity $(bone_scythe) {transformation: [-1.6959f,0.1684f,-0.1187f,-0.8488f,0.1617f,1.6978f,0.0987f,1.1568f,0.1277f,0.0867f,-1.7013f,0.0082f,0f,0f,0f,1f],start_interpolation: 0,interpolation_duration: 1}
$data merge entity $(bone_right2) {transformation: [-0.0695f,0.9961f,-0.0552f,-0.5208f,0.0578f,-0.0512f,-0.997f,1.1391f,-0.9959f,-0.0725f,-0.054f,0f,0f,0f,0f,1f],start_interpolation: 0,interpolation_duration: 1}
$data merge entity $(bone_right1) {transformation: [-0.8364f,0.5482f,0f,-0.8419f,0.5482f,0.8364f,0f,0.0791f,0f,0f,-1f,0f,0f,0f,0f,1f],start_interpolation: 0,interpolation_duration: 1}
$data merge entity $(bone_left_leg) {transformation: [-0.9759f,-0.218f,0f,0.125f,-0.218f,0.9759f,0f,0.75f,0f,0f,-1f,-0.0062f,0f,0f,0f,1f],start_interpolation: 0,interpolation_duration: 1}
$data merge entity $(bone_right_leg) {transformation: [-0.988f,-0.1545f,0f,-0.125f,-0.1545f,0.988f,0f,0.75f,0f,0f,-1f,-0.0063f,0f,0f,0f,1f],start_interpolation: 0,interpolation_duration: 1}
data modify entity @s data merge value {"cameras":{},"locators":{"hitbox":{"posx":-0.7828442681328328,"posy":2.2948290300766025,"posz":0.06962274878417557,"roty":356.00735810321464,"rotx":3.3109971786654637},"hitbox2":{"posx":-1.5273681527189418,"posy":2.3658143149252586,"posz":0.12570549671761314,"roty":356.00735810321464,"rotx":3.3109971786654637}}}