# This file was generated by Animated Java via MC-Build. It is not recommended to edit this file directly.
$data merge entity $(bone_hair_side) {transformation: [-0.999f,-0.043f,0.0076f,-0.3686f,-0.043f,0.9991f,0f,-0.5699f,-0.0076f,-0.0003f,-1f,0.2511f,0f,0f,0f,1f],start_interpolation: 0,interpolation_duration: 1}
$data merge entity $(bone_hair_side1) {transformation: [-0.999f,-0.043f,0.0076f,0.2246f,-0.043f,0.9991f,0f,-0.5443f,-0.0076f,-0.0003f,-1f,0.2556f,0f,0f,0f,1f],start_interpolation: 0,interpolation_duration: 1}
$data merge entity $(bone_beard) {transformation: [-0.999f,-0.043f,0.0076f,-0.0584f,-0.043f,0.9991f,0f,-0.8754f,-0.0076f,-0.0003f,-1f,0.2607f,0f,0f,0f,1f],start_interpolation: 0,interpolation_duration: 1}
$data merge entity $(bone_head) {transformation: [-0.999f,-0.0436f,0f,-0.0625f,-0.043f,0.9839f,0.1735f,-0.7344f,-0.0076f,0.1733f,-0.9848f,0f,0f,0f,0f,1f],start_interpolation: 0,interpolation_duration: 1}
$data merge entity $(bone_body) {transformation: [-1.1154f,-0.1468f,0f,0f,-0.1468f,1.1154f,0f,-1.375f,0f,0f,-1.125f,0f,0f,0f,0f,1f],start_interpolation: 0,interpolation_duration: 1}
$data merge entity $(bone_left4) {transformation: [-0.927f,-0.3751f,0f,0.3424f,-0.3751f,0.927f,0f,-1.2644f,0f,0f,-1f,0f,0f,0f,0f,1f],start_interpolation: 0,interpolation_duration: 1}
$data merge entity $(bone_left3) {transformation: [-0.927f,-0.3751f,0f,0.463f,-0.3751f,0.927f,0f,-2.3955f,0f,0f,-1f,0f,0f,0f,0f,1f],start_interpolation: 0,interpolation_duration: 1}
$data merge entity $(bone_aura) {transformation: [-2.2603f,0.6385f,-0.3519f,-1.8442f,0.6334f,2.2875f,0.082f,0.0632f,0.3609f,-0.0158f,-2.3474f,0.2273f,0f,0f,0f,1f],start_interpolation: 0,interpolation_duration: 1}
$data merge entity $(bone_scythe) {transformation: [-1.6259f,0.4593f,-0.2531f,-0.8639f,0.4556f,1.6454f,0.059f,-1.25f,0.2596f,-0.0113f,-1.6885f,0.0345f,0f,0f,0f,1f],start_interpolation: 0,interpolation_duration: 1}
$data merge entity $(bone_right2) {transformation: [-0.1481f,0.9625f,-0.2271f,-0.5458f,0.0345f,-0.2244f,-0.9739f,-1.3242f,-0.9884f,-0.1521f,0f,0f,0f,0f,0f,1f],start_interpolation: 0,interpolation_duration: 1}
$data merge entity $(bone_right1) {transformation: [-0.8375f,0.5465f,0f,-0.8647f,0.5465f,0.8375f,0f,-2.3848f,0f,0f,-1f,0f,0f,0f,0f,1f],start_interpolation: 0,interpolation_duration: 1}
$data merge entity $(bone_left_leg) {transformation: [-0.932f,-0.3624f,0f,0.125f,-0.3624f,0.932f,0f,-1.6875f,0f,0f,-1f,-0.0062f,0f,0f,0f,1f],start_interpolation: 0,interpolation_duration: 1}
$data merge entity $(bone_right_leg) {transformation: [-0.9659f,-0.2588f,0f,-0.125f,-0.2588f,0.9659f,0f,-1.6875f,0f,0f,-1f,-0.0063f,0f,0f,0f,1f],start_interpolation: 0,interpolation_duration: 1}
data modify entity @s data merge value {"cameras":{},"locators":{"scythe_blade":{"posx":-1.1967059655301622,"posy":0.02776309502236307,"posz":0.12901428598356382,"roty":351.4751753054151,"rotx":1.9795965913545515},"scythe_pole":{"posx":-0.794440252959728,"posy":-1.058555869092652,"posz":0.030749822955058168,"roty":351.4751753054151,"rotx":1.9795965913545515}}}