# This file was generated by Animated Java via MC-Build. It is not recommended to edit this file directly.
$data merge entity $(bone_hair_side) {transformation: [-0.9997f,-0.0255f,0.0045f,-0.3395f,-0.0255f,0.9997f,-0.0001f,-0.5518f,-0.0045f,-0.0002f,-1f,0.252f,0f,0f,0f,1f],start_interpolation: 0,interpolation_duration: 1}
$data merge entity $(bone_hair_side1) {transformation: [-0.9997f,-0.0255f,0.0045f,0.2541f,-0.0255f,0.9997f,-0.0001f,-0.5367f,-0.0045f,-0.0002f,-1f,0.2547f,0f,0f,0f,1f],start_interpolation: 0,interpolation_duration: 1}
$data merge entity $(bone_beard) {transformation: [-0.9997f,-0.0255f,0.0045f,-0.0346f,-0.0255f,0.9997f,-0.0001f,-0.8627f,-0.0045f,-0.0002f,-1f,0.2607f,0f,0f,0f,1f],start_interpolation: 0,interpolation_duration: 1}
$data merge entity $(bone_head) {transformation: [-0.9997f,-0.0259f,0f,-0.037f,-0.0255f,0.9845f,0.1735f,-0.7216f,-0.0045f,0.1735f,-0.9848f,0f,0f,0f,0f,1f],start_interpolation: 0,interpolation_duration: 1}
$data merge entity $(bone_body) {transformation: [-1.1216f,-0.0872f,0f,0f,-0.0872f,1.1216f,0f,-1.375f,0f,0f,-1.125f,0f,0f,0f,0f,1f],start_interpolation: 0,interpolation_duration: 1}
$data merge entity $(bone_left4) {transformation: [-0.9503f,-0.3115f,0f,0.3497f,-0.3115f,0.9503f,0f,-1.2701f,0f,0f,-1f,0f,0f,0f,0f,1f],start_interpolation: 0,interpolation_duration: 1}
$data merge entity $(bone_left3) {transformation: [-0.9503f,-0.3115f,0f,0.3935f,-0.3115f,0.9503f,0f,-2.4067f,0f,0f,-1f,0f,0f,0f,0f,1f],start_interpolation: 0,interpolation_duration: 1}
$data merge entity $(bone_aura) {transformation: [-2.3382f,0.3861f,-0.1559f,-1.993f,0.3766f,2.3403f,0.1475f,-0.0544f,0.1776f,0.1205f,-2.3653f,0.1571f,0f,0f,0f,1f],start_interpolation: 0,interpolation_duration: 1}
$data merge entity $(bone_scythe) {transformation: [-1.6819f,0.2777f,-0.1121f,-0.8634f,0.2709f,1.6834f,0.1061f,-1.2479f,0.1277f,0.0867f,-1.7013f,0.0082f,0f,0f,0f,1f],start_interpolation: 0,interpolation_duration: 1}
$data merge entity $(bone_right2) {transformation: [-0.0656f,0.9907f,-0.1195f,-0.5374f,0.0621f,-0.1154f,-0.9914f,-1.2868f,-0.9959f,-0.0725f,-0.054f,0f,0f,0f,0f,1f],start_interpolation: 0,interpolation_duration: 1}
$data merge entity $(bone_right1) {transformation: [-0.7992f,0.601f,0f,-0.9262f,0.601f,0.7992f,0f,-2.3238f,0f,0f,-1f,0f,0f,0f,0f,1f],start_interpolation: 0,interpolation_duration: 1}
$data merge entity $(bone_left_leg) {transformation: [-0.9759f,-0.218f,0f,0.125f,-0.218f,0.9759f,0f,-1.6875f,0f,0f,-1f,-0.0062f,0f,0f,0f,1f],start_interpolation: 0,interpolation_duration: 1}
$data merge entity $(bone_right_leg) {transformation: [-0.988f,-0.1545f,0f,-0.125f,-0.1545f,0.988f,0f,-1.6875f,0f,0f,-1f,-0.0063f,0f,0f,0f,1f],start_interpolation: 0,interpolation_duration: 1}
data modify entity @s data merge value {"cameras":{},"locators":{"scythe_blade":{"posx":-1.339485650752433,"posy":-0.017439552492164445,"posz":0.11635837206203939,"roty":356.2293274878349,"rotx":3.5618100963365147},"scythe_pole":{"posx":-0.8150445850672875,"posy":-1.0502631993796618,"posz":0.017366538797677394,"roty":356.2293274878349,"rotx":3.5618100963365147}}}