# This file was generated by Animated Java via MC-Build. It is not recommended to edit this file directly.
$data merge entity $(bone_hair_side) {transformation: [-0.9073f,-0.4201f,0.0166f,-0.3549f,-0.42f,0.9075f,0.0057f,1.8625f,-0.0175f,-0.0018f,-0.9998f,0.2476f,0f,0f,0f,1f],start_interpolation: 0,interpolation_duration: 1}
$data merge entity $(bone_hair_side1) {transformation: [-0.7885f,-0.6149f,0.0155f,0.2357f,-0.6148f,0.7886f,0.011f,1.9229f,-0.019f,-0.0008f,-0.9998f,0.2581f,0f,0f,0f,1f],start_interpolation: 0,interpolation_duration: 1}
$data merge entity $(bone_beard) {transformation: [-0.9947f,-0.1017f,0.0178f,-0.0273f,-0.1018f,0.9948f,-0.0013f,1.5758f,-0.0176f,-0.0031f,-0.9998f,0.2611f,0f,0f,0f,1f],start_interpolation: 0,interpolation_duration: 1}
$data merge entity $(bone_head) {transformation: [-0.9947f,-0.1033f,-0.0001f,-0.037f,-0.1018f,0.9799f,0.1715f,1.7159f,-0.0176f,0.1706f,-0.9852f,0f,0f,0f,0f,1f],start_interpolation: 0,interpolation_duration: 1}
$data merge entity $(bone_body) {transformation: [-1.1216f,-0.0872f,0f,0f,-0.0872f,1.1216f,0f,1.0625f,0f,0f,-1.125f,0f,0f,0f,0f,1f],start_interpolation: 0,interpolation_duration: 1}
$data merge entity $(bone_left4) {transformation: [-0.9487f,-0.3161f,0f,0.3696f,-0.3161f,0.9487f,0f,1.1863f,0f,0f,-1f,0f,0f,0f,0f,1f],start_interpolation: 0,interpolation_duration: 1}
$data merge entity $(bone_left3) {transformation: [-0.9487f,-0.3161f,0f,0.4188f,-0.3161f,0.9487f,0f,0.0499f,0f,0f,-1f,0f,0f,0f,0f,1f],start_interpolation: 0,interpolation_duration: 1}
$data merge entity $(bone_scythe) {transformation: [-1.6836f,0.2668f,-0.1128f,-0.8436f,0.26f,1.6851f,0.1054f,1.1677f,0.1277f,0.0867f,-1.7013f,0.0082f,0f,0f,0f,1f],start_interpolation: 0,interpolation_duration: 1}
$data merge entity $(bone_right2) {transformation: [-0.066f,0.9914f,-0.1131f,-0.5172f,0.0617f,-0.109f,-0.9921f,1.131f,-0.9959f,-0.0725f,-0.054f,0f,0f,0f,0f,1f],start_interpolation: 0,interpolation_duration: 1}
$data merge entity $(bone_right1) {transformation: [-0.8031f,0.5959f,0f,-0.8994f,0.5959f,0.8031f,0f,0.0915f,0f,0f,-1f,0f,0f,0f,0f,1f],start_interpolation: 0,interpolation_duration: 1}
$data merge entity $(bone_left_leg) {transformation: [-0.9759f,-0.218f,0f,0.125f,-0.218f,0.9759f,0f,0.75f,0f,0f,-1f,-0.0062f,0f,0f,0f,1f],start_interpolation: 0,interpolation_duration: 1}
$data merge entity $(bone_right_leg) {transformation: [-0.988f,-0.1545f,0f,-0.125f,-0.1545f,0.988f,0f,0.75f,0f,0f,-1f,-0.0063f,0f,0f,0f,1f],start_interpolation: 0,interpolation_duration: 1}