# This file was generated by Animated Java via MC-Build. It is not recommended to edit this file directly.
$data merge entity $(bone_hair_side) {transformation: [-0.9999f,-0.0103f,0.0018f,-0.3142f,-0.0103f,0.9999f,-0.0001f,-0.5363f,-0.0018f,-0.0001f,-1f,0.2529f,0f,0f,0f,1f],start_interpolation: 0,interpolation_duration: 1}
$data merge entity $(bone_hair_side1) {transformation: [-0.9999f,-0.0103f,0.0018f,0.2795f,-0.0103f,0.9999f,-0.0001f,-0.5301f,-0.0018f,-0.0001f,-1f,0.2539f,0f,0f,0f,1f],start_interpolation: 0,interpolation_duration: 1}
$data merge entity $(bone_beard) {transformation: [-0.9999f,-0.0103f,0.0018f,-0.0141f,-0.0103f,0.9999f,-0.0001f,-0.8518f,-0.0018f,-0.0001f,-1f,0.2607f,0f,0f,0f,1f],start_interpolation: 0,interpolation_duration: 1}
$data merge entity $(bone_head) {transformation: [-0.9999f,-0.0105f,0f,-0.015f,-0.0103f,0.9848f,0.1736f,-0.7106f,-0.0018f,0.1736f,-0.9848f,0f,0f,0f,0f,1f],start_interpolation: 0,interpolation_duration: 1}
$data merge entity $(bone_body) {transformation: [-1.1244f,-0.0354f,0f,0f,-0.0354f,1.1244f,0f,-1.375f,0f,0f,-1.125f,0f,0f,0f,0f,1f],start_interpolation: 0,interpolation_duration: 1}
$data merge entity $(bone_left4) {transformation: [-0.9667f,-0.2558f,0f,0.3559f,-0.2558f,0.9667f,0f,-1.2739f,0f,0f,-1f,0f,0f,0f,0f,1f],start_interpolation: 0,interpolation_duration: 1}
$data merge entity $(bone_left3) {transformation: [-0.9667f,-0.2558f,0f,0.3336f,-0.2558f,0.9667f,0f,-2.4112f,0f,0f,-1f,0f,0f,0f,0f,1f],start_interpolation: 0,interpolation_duration: 1}
$data merge entity $(bone_aura) {transformation: [-2.3697f,0.1549f,-0.0305f,-2.1019f,0.1538f,2.3686f,0.0818f,-0.1639f,0.0357f,0.0796f,-2.3734f,0.0421f,0f,0f,0f,1f],start_interpolation: 0,interpolation_duration: 1}
$data merge entity $(bone_scythe) {transformation: [-1.7046f,0.1114f,-0.0219f,-0.8575f,0.1106f,1.7037f,0.0588f,-1.2462f,0.0257f,0.0573f,-1.7072f,-0.0112f,0f,0f,0f,1f],start_interpolation: 0,interpolation_duration: 1}
$data merge entity $(bone_right2) {transformation: [-0.0128f,0.9997f,-0.0216f,-0.5293f,0.0344f,-0.0212f,-0.9992f,-1.2537f,-0.9993f,-0.0136f,-0.0342f,0f,0f,0f,0f,1f],start_interpolation: 0,interpolation_duration: 1}
$data merge entity $(bone_right1) {transformation: [-0.7637f,0.6456f,0f,-0.9765f,0.6456f,0.7637f,0f,-2.2669f,0f,0f,-1f,0f,0f,0f,0f,1f],start_interpolation: 0,interpolation_duration: 1}
$data merge entity $(bone_left_leg) {transformation: [-0.996f,-0.0892f,0f,0.125f,-0.0892f,0.996f,0f,-1.6875f,0f,0f,-1f,-0.0062f,0f,0f,0f,1f],start_interpolation: 0,interpolation_duration: 1}
$data merge entity $(bone_right_leg) {transformation: [-0.998f,-0.063f,0f,-0.125f,-0.063f,0.998f,0f,-1.6875f,0f,0f,-1f,-0.0063f,0f,0f,0f,1f],start_interpolation: 0,interpolation_duration: 1}
data modify entity @s data merge value {"cameras":{},"locators":{"scythe_blade":{"posx":-1.453511361858797,"posy":-0.06516467640937162,"posz":0.037200049278906126,"roty":359.26407659105257,"rotx":1.9738018798081947},"scythe_pole":{"posx":-0.8286709930059544,"posy":-1.0446497665451127,"posz":-0.0045847763593909715,"roty":359.26407659105257,"rotx":1.9738018798081947}}}