# This file was generated by Animated Java via MC-Build. It is not recommended to edit this file directly.
$data merge entity $(bone_hair_side) {transformation: [-0.8375f,-0.5448f,0.0428f,-0.4292f,-0.5451f,0.8383f,0.0029f,1.7908f,-0.0375f,-0.0209f,-0.9991f,0.2395f,0f,0f,0f,1f],start_interpolation: 0,interpolation_duration: 1}
$data merge entity $(bone_hair_side1) {transformation: [-0.7622f,-0.646f,0.0416f,0.1468f,-0.6463f,0.763f,0.0058f,1.9331f,-0.0355f,-0.0225f,-0.9991f,0.2643f,0f,0f,0f,1f],start_interpolation: 0,interpolation_duration: 1}
$data merge entity $(bone_beard) {transformation: [-0.97f,-0.2395f,0.0423f,-0.0652f,-0.2396f,0.9709f,0.003f,1.5526f,-0.0418f,-0.0073f,-0.9991f,0.2615f,0f,0f,0f,1f],start_interpolation: 0,interpolation_duration: 1}
$data merge entity $(bone_head) {transformation: [-0.97f,-0.2432f,0.0001f,-0.088f,-0.2396f,0.9556f,0.1715f,1.6904f,-0.0418f,0.1663f,-0.9852f,0f,0f,0f,0f,1f],start_interpolation: 0,interpolation_duration: 1}
$data merge entity $(bone_body) {transformation: [-1.106f,-0.2061f,0f,0f,-0.2061f,1.106f,0f,1.0625f,0f,0f,-1.125f,0f,0f,0f,0f,1f],start_interpolation: 0,interpolation_duration: 1}
$data merge entity $(bone_left4) {transformation: [-0.8944f,-0.4474f,0f,0.3816f,-0.4474f,0.8944f,0f,1.2252f,0f,0f,-1f,0f,0f,0f,0f,1f],start_interpolation: 0,interpolation_duration: 1}
$data merge entity $(bone_left3) {transformation: [-0.8944f,-0.4474f,0f,0.5914f,-0.4474f,0.8944f,0f,0.1072f,0f,0f,-1f,0f,0f,0f,0f,1f],start_interpolation: 0,interpolation_duration: 1}
$data merge entity $(bone_scythe) {transformation: [-1.5647f,0.5917f,-0.3464f,-0.8136f,0.6247f,1.586f,-0.1129f,1.1363f,0.2825f,-0.2301f,-1.669f,0.0409f,0f,0f,0f,1f],start_interpolation: 0,interpolation_duration: 1}
$data merge entity $(bone_right2) {transformation: [-0.2028f,0.9302f,-0.3061f,-0.5052f,-0.0661f,-0.3249f,-0.9434f,1.0307f,-0.977f,-0.1711f,0.1274f,0f,0f,0f,0f,1f],start_interpolation: 0,interpolation_duration: 1}
$data merge entity $(bone_right1) {transformation: [-0.8794f,0.476f,0f,-0.7362f,0.476f,0.8794f,0f,-0.0524f,0f,0f,-1f,0f,0f,0f,0f,1f],start_interpolation: 0,interpolation_duration: 1}
$data merge entity $(bone_left_leg) {transformation: [-0.8668f,-0.4986f,0f,0.125f,-0.4986f,0.8668f,0f,0.75f,0f,0f,-1f,-0.0062f,0f,0f,0f,1f],start_interpolation: 0,interpolation_duration: 1}
$data merge entity $(bone_right_leg) {transformation: [-0.9329f,-0.3602f,0f,-0.125f,-0.3602f,0.9329f,0f,0.75f,0f,0f,-1f,-0.0063f,0f,0f,0f,1f],start_interpolation: 0,interpolation_duration: 1}