# This file was generated by Animated Java via MC-Build. It is not recommended to edit this file directly.
$data merge entity $(bone_hair_side) {transformation: [-0.9962f,-0.0858f,0.0151f,-0.4398f,-0.0858f,0.9963f,0.0007f,1.823f,-0.0151f,-0.0007f,-0.9999f,0.2488f,0f,0f,0f,1f],start_interpolation: 0,interpolation_duration: 1}
$data merge entity $(bone_hair_side1) {transformation: [-0.9962f,-0.0858f,0.0151f,0.1517f,-0.0858f,0.9963f,0.0007f,1.874f,-0.0151f,-0.0007f,-0.9999f,0.2578f,0f,0f,0f,1f],start_interpolation: 0,interpolation_duration: 1}
$data merge entity $(bone_beard) {transformation: [-0.9962f,-0.0858f,0.0151f,-0.1168f,-0.0858f,0.9963f,0.0007f,1.5311f,-0.0151f,-0.0007f,-0.9999f,0.2608f,0f,0f,0f,1f],start_interpolation: 0,interpolation_duration: 1}
$data merge entity $(bone_head) {transformation: [-0.9962f,-0.0872f,0f,-0.125f,-0.0858f,0.9811f,0.1736f,1.6719f,-0.0151f,0.173f,-0.9848f,0f,0f,0f,0f,1f],start_interpolation: 0,interpolation_duration: 1}
$data merge entity $(bone_body) {transformation: [-1.0867f,-0.2912f,0f,0f,-0.2912f,1.0867f,0f,1.0625f,0f,0f,-1.125f,0f,0f,0f,0f,1f],start_interpolation: 0,interpolation_duration: 1}
$data merge entity $(bone_left4) {transformation: [-0.766f,-0.6428f,0f,0.357f,-0.6428f,0.766f,0f,1.2145f,0f,0f,-1f,0f,0f,0f,0f,1f],start_interpolation: 0,interpolation_duration: 1}
$data merge entity $(bone_left3) {transformation: [-0.766f,-0.6428f,0f,0.8206f,-0.6428f,0.766f,0f,0.1758f,0f,0f,-1f,0f,0f,0f,0f,1f],start_interpolation: 0,interpolation_duration: 1}
$data merge entity $(bone_scythe) {transformation: [-1.6063f,0.5605f,-0.1545f,-0.8195f,0.581f,1.53f,-0.4899f,1.1016f,-0.0224f,-0.5132f,-1.6293f,-0.0149f,0f,0f,0f,1f],start_interpolation: 0,interpolation_duration: 1}
$data merge entity $(bone_right2) {transformation: [-0.0904f,0.9537f,-0.2868f,-0.5051f,-0.2868f,-0.3007f,-0.9096f,1.0074f,-0.9537f,0f,0.3007f,0f,0f,0f,0f,1f],start_interpolation: 0,interpolation_duration: 1}
$data merge entity $(bone_right1) {transformation: [-0.9763f,0.2164f,0f,-0.43f,0.2164f,0.9763f,0f,-0.0975f,0f,0f,-1f,0f,0f,0f,0f,1f],start_interpolation: 0,interpolation_duration: 1}
$data merge entity $(bone_left_leg) {transformation: [-0.7373f,-0.6756f,0f,0.125f,-0.6756f,0.7373f,0f,0.75f,0f,0f,-1f,-0.0062f,0f,0f,0f,1f],start_interpolation: 0,interpolation_duration: 1}
$data merge entity $(bone_right_leg) {transformation: [-0.866f,-0.5f,0f,-0.125f,-0.5f,0.866f,0f,0.75f,0f,0f,-1f,-0.0063f,0f,0f,0f,1f],start_interpolation: 0,interpolation_duration: 1}
data modify entity @s data merge value {"cameras":{},"locators":{"hitbox":{"posx":-0.4893080776889287,"posy":2.139074048776454,"posz":-0.3581827166771351,"roty":354.5838539342643,"rotx":-16.66576611061381},"hitbox2":{"posx":-1.1945328504173396,"posy":2.394145106515238,"posz":-0.36802016727058995,"roty":354.5838539342643,"rotx":-16.66576611061381}}}