# This file was generated by Animated Java via MC-Build. It is not recommended to edit this file directly.
$data merge entity $(bone_hair_side) {transformation: [-0.9954f,-0.0939f,0.0165f,-0.4531f,-0.0939f,0.9956f,0.0008f,-0.6229f,-0.0166f,-0.0007f,-0.9999f,0.2483f,0f,0f,0f,1f],start_interpolation: 0,interpolation_duration: 1}
$data merge entity $(bone_hair_side1) {transformation: [-0.9954f,-0.0939f,0.0165f,0.138f,-0.0939f,0.9956f,0.0008f,-0.5672f,-0.0166f,-0.0007f,-0.9999f,0.2582f,0f,0f,0f,1f],start_interpolation: 0,interpolation_duration: 1}
$data merge entity $(bone_beard) {transformation: [-0.9954f,-0.0939f,0.0165f,-0.1278f,-0.0939f,0.9956f,0.0008f,-0.9122f,-0.0166f,-0.0007f,-0.9999f,0.2608f,0f,0f,0f,1f],start_interpolation: 0,interpolation_duration: 1}
$data merge entity $(bone_head) {transformation: [-0.9954f,-0.0953f,0f,-0.1367f,-0.0939f,0.9803f,0.1737f,-0.7715f,-0.0166f,0.1729f,-0.9848f,0f,0f,0f,0f,1f],start_interpolation: 0,interpolation_duration: 1}
$data merge entity $(bone_body) {transformation: [-1.0792f,-0.3178f,0f,0f,-0.3178f,1.0792f,0f,-1.375f,0f,0f,-1.125f,0f,0f,0f,0f,1f],start_interpolation: 0,interpolation_duration: 1}
$data merge entity $(bone_left4) {transformation: [-0.7561f,-0.6545f,0f,0.3487f,-0.6545f,0.7561f,0f,-1.2204f,0f,0f,-1f,0f,0f,0f,0f,1f],start_interpolation: 0,interpolation_duration: 1}
$data merge entity $(bone_left3) {transformation: [-0.7561f,-0.6545f,0f,0.8282f,-0.6545f,0.7561f,0f,-2.2519f,0f,0f,-1f,0f,0f,0f,0f,1f],start_interpolation: 0,interpolation_duration: 1}
$data merge entity $(bone_aura) {transformation: [-2.1709f,0.961f,-0.0647f,-1.6149f,0.9279f,2.0439f,-0.776f,0.0416f,-0.2583f,-0.7346f,-2.2437f,-0.4981f,0f,0f,0f,1f],start_interpolation: 0,interpolation_duration: 1}
$data merge entity $(bone_scythe) {transformation: [-1.5615f,0.6913f,-0.0465f,-0.8198f,0.6674f,1.4701f,-0.5582f,-1.3318f,-0.1858f,-0.5284f,-1.6139f,-0.046f,0f,0f,0f,1f],start_interpolation: 0,interpolation_duration: 1}
$data merge entity $(bone_right2) {transformation: [-0.0272f,0.9308f,-0.3644f,-0.5139f,-0.3268f,-0.3528f,-0.8768f,-1.4424f,-0.9447f,0.0952f,0.3138f,0f,0f,0f,0f,1f],start_interpolation: 0,interpolation_duration: 1}
$data merge entity $(bone_right1) {transformation: [-0.9783f,0.2071f,0f,-0.4283f,0.2071f,0.9783f,0f,-2.5466f,0f,0f,-1f,0f,0f,0f,0f,1f],start_interpolation: 0,interpolation_duration: 1}
$data merge entity $(bone_left_leg) {transformation: [-0.6886f,-0.7252f,0f,0.125f,-0.7252f,0.6886f,0f,-1.6875f,0f,0f,-1f,-0.0062f,0f,0f,0f,1f],start_interpolation: 0,interpolation_duration: 1}
$data merge entity $(bone_right_leg) {transformation: [-0.8404f,-0.5419f,0f,-0.125f,-0.5419f,0.8404f,0f,-1.6875f,0f,0f,-1f,-0.0063f,0f,0f,0f,1f],start_interpolation: 0,interpolation_duration: 1}
data modify entity @s data merge value {"cameras":{},"locators":{"scythe_blade":{"posx":-0.9723929452463607,"posy":-0.08769652725237798,"posz":-0.47189329641784955,"roty":358.34833369072624,"rotx":-19.07188829500555},"scythe_pole":{"posx":-0.723325574419957,"posy":-1.163089786137769,"posz":-0.10712311735508417,"roty":358.34833369072624,"rotx":-19.07188829500555}}}