# This file was generated by Animated Java via MC-Build. It is not recommended to edit this file directly.
$data merge entity $(bone_hair_side) {transformation: [-0.9954f,-0.0939f,0.0165f,-0.4531f,-0.0939f,0.9956f,0.0008f,1.8146f,-0.0166f,-0.0007f,-0.9999f,0.2483f,0f,0f,0f,1f],start_interpolation: 0,interpolation_duration: 1}
$data merge entity $(bone_hair_side1) {transformation: [-0.9954f,-0.0939f,0.0165f,0.138f,-0.0939f,0.9956f,0.0008f,1.8703f,-0.0166f,-0.0007f,-0.9999f,0.2582f,0f,0f,0f,1f],start_interpolation: 0,interpolation_duration: 1}
$data merge entity $(bone_beard) {transformation: [-0.9954f,-0.0939f,0.0165f,-0.1278f,-0.0939f,0.9956f,0.0008f,1.5253f,-0.0166f,-0.0007f,-0.9999f,0.2608f,0f,0f,0f,1f],start_interpolation: 0,interpolation_duration: 1}
$data merge entity $(bone_head) {transformation: [-0.9954f,-0.0953f,0f,-0.1367f,-0.0939f,0.9803f,0.1737f,1.666f,-0.0166f,0.1729f,-0.9848f,0f,0f,0f,0f,1f],start_interpolation: 0,interpolation_duration: 1}
$data merge entity $(bone_body) {transformation: [-1.0792f,-0.3178f,0f,0f,-0.3178f,1.0792f,0f,1.0625f,0f,0f,-1.125f,0f,0f,0f,0f,1f],start_interpolation: 0,interpolation_duration: 1}
$data merge entity $(bone_left4) {transformation: [-0.7561f,-0.6545f,0f,0.3487f,-0.6545f,0.7561f,0f,1.2171f,0f,0f,-1f,0f,0f,0f,0f,1f],start_interpolation: 0,interpolation_duration: 1}
$data merge entity $(bone_left3) {transformation: [-0.7561f,-0.6545f,0f,0.8282f,-0.6545f,0.7561f,0f,0.1856f,0f,0f,-1f,0f,0f,0f,0f,1f],start_interpolation: 0,interpolation_duration: 1}
$data merge entity $(bone_scythe) {transformation: [-1.5615f,0.6913f,-0.0465f,-0.8198f,0.6674f,1.4701f,-0.5582f,1.1057f,-0.1858f,-0.5284f,-1.6139f,-0.046f,0f,0f,0f,1f],start_interpolation: 0,interpolation_duration: 1}
$data merge entity $(bone_right2) {transformation: [-0.0272f,0.9308f,-0.3644f,-0.5139f,-0.3268f,-0.3528f,-0.8768f,0.9951f,-0.9447f,0.0952f,0.3138f,0f,0f,0f,0f,1f],start_interpolation: 0,interpolation_duration: 1}
$data merge entity $(bone_right1) {transformation: [-0.9783f,0.2071f,0f,-0.4283f,0.2071f,0.9783f,0f,-0.1091f,0f,0f,-1f,0f,0f,0f,0f,1f],start_interpolation: 0,interpolation_duration: 1}
$data merge entity $(bone_left_leg) {transformation: [-0.6886f,-0.7252f,0f,0.125f,-0.7252f,0.6886f,0f,0.75f,0f,0f,-1f,-0.0062f,0f,0f,0f,1f],start_interpolation: 0,interpolation_duration: 1}
$data merge entity $(bone_right_leg) {transformation: [-0.8404f,-0.5419f,0f,-0.125f,-0.5419f,0.8404f,0f,0.75f,0f,0f,-1f,-0.0063f,0f,0f,0f,1f],start_interpolation: 0,interpolation_duration: 1}
data modify entity @s data merge value {"cameras":{},"locators":{"hitbox":{"posx":-0.40110036409509364,"posy":2.10561548390191,"posz":-0.40390790956884004,"roty":358.34833369072624,"rotx":-19.07188829500555},"hitbox2":{"posx":-1.086651461476614,"posy":2.3986410705167645,"posz":-0.4854903737876515,"roty":358.34833369072624,"rotx":-19.07188829500555}}}