# This file was generated by Animated Java via MC-Build. It is not recommended to edit this file directly.
$data merge entity $(bone_hair_side) {transformation: [-0.9938f,-0.0911f,0.0633f,-0.4937f,-0.0901f,0.9957f,0.0192f,1.7188f,-0.0648f,0.0134f,-0.9978f,0.2316f,0f,0f,0f,1f],start_interpolation: 0,interpolation_duration: 1}
$data merge entity $(bone_hair_side1) {transformation: [-0.9727f,-0.2232f,0.0631f,0.0573f,-0.2225f,0.9748f,0.019f,1.9366f,-0.0658f,0.0044f,-0.9978f,0.2701f,0f,0f,0f,1f],start_interpolation: 0,interpolation_duration: 1}
$data merge entity $(bone_beard) {transformation: [-0.928f,-0.3669f,0.0646f,-0.1018f,-0.3668f,0.9302f,0.0134f,1.5312f,-0.065f,-0.0113f,-0.9978f,0.2617f,0f,0f,0f,1f],start_interpolation: 0,interpolation_duration: 1}
$data merge entity $(bone_head) {transformation: [-0.928f,-0.3725f,-0.0001f,-0.1367f,-0.3668f,0.9137f,0.1747f,1.666f,-0.065f,0.1622f,-0.9846f,0f,0f,0f,0f,1f],start_interpolation: 0,interpolation_duration: 1}
$data merge entity $(bone_body) {transformation: [-1.0792f,-0.3178f,0f,0f,-0.3178f,1.0792f,0f,1.0625f,0f,0f,-1.125f,0f,0f,0f,0f,1f],start_interpolation: 0,interpolation_duration: 1}
$data merge entity $(bone_left4) {transformation: [-0.8254f,-0.5646f,0f,0.3909f,-0.5646f,0.8254f,0f,1.2673f,0f,0f,-1f,0f,0f,0f,0f,1f],start_interpolation: 0,interpolation_duration: 1}
$data merge entity $(bone_left3) {transformation: [-0.8254f,-0.5646f,0f,0.7505f,-0.5646f,0.8254f,0f,0.1881f,0f,0f,-1f,0f,0f,0f,0f,1f],start_interpolation: 0,interpolation_duration: 1}
$data merge entity $(bone_scythe) {transformation: [-1.443f,0.905f,-0.1302f,-0.7766f,0.8953f,1.3491f,-0.5448f,1.0955f,-0.1858f,-0.5284f,-1.6139f,-0.046f,0f,0f,0f,1f],start_interpolation: 0,interpolation_duration: 1}
$data merge entity $(bone_right2) {transformation: [-0.0762f,0.867f,-0.4924f,-0.4909f,-0.3189f,-0.4891f,-0.8118f,0.94f,-0.9447f,0.0952f,0.3138f,0f,0f,0f,0f,1f],start_interpolation: 0,interpolation_duration: 1}
$data merge entity $(bone_right1) {transformation: [-0.9359f,0.3523f,0f,-0.5727f,0.3523f,0.9359f,0f,-0.1645f,0f,0f,-1f,0f,0f,0f,0f,1f],start_interpolation: 0,interpolation_duration: 1}
$data merge entity $(bone_left_leg) {transformation: [-0.6886f,-0.7252f,0f,0.125f,-0.7252f,0.6886f,0f,0.75f,0f,0f,-1f,-0.0062f,0f,0f,0f,1f],start_interpolation: 0,interpolation_duration: 1}
$data merge entity $(bone_right_leg) {transformation: [-0.8404f,-0.5419f,0f,-0.125f,-0.5419f,0.8404f,0f,0.75f,0f,0f,-1f,-0.0063f,0f,0f,0f,1f],start_interpolation: 0,interpolation_duration: 1}