# This file was generated by Animated Java via MC-Build. It is not recommended to edit this file directly.
$data merge entity $(bone_hair_side) {transformation: [-0.9954f,-0.0939f,0.0165f,-0.4531f,-0.0939f,0.9956f,0.0008f,1.8146f,-0.0166f,-0.0007f,-0.9999f,0.2483f,0f,0f,0f,1f],start_interpolation: 0,interpolation_duration: 1}
$data merge entity $(bone_hair_side1) {transformation: [-0.9954f,-0.0939f,0.0165f,0.138f,-0.0939f,0.9956f,0.0008f,1.8703f,-0.0166f,-0.0007f,-0.9999f,0.2582f,0f,0f,0f,1f],start_interpolation: 0,interpolation_duration: 1}
$data merge entity $(bone_beard) {transformation: [-0.9954f,-0.0939f,0.0165f,-0.1278f,-0.0939f,0.9956f,0.0008f,1.5253f,-0.0166f,-0.0007f,-0.9999f,0.2608f,0f,0f,0f,1f],start_interpolation: 0,interpolation_duration: 1}
$data merge entity $(bone_head) {transformation: [-0.9954f,-0.0953f,0f,-0.1367f,-0.0939f,0.9803f,0.1737f,1.666f,-0.0166f,0.1729f,-0.9848f,0f,0f,0f,0f,1f],start_interpolation: 0,interpolation_duration: 1}
$data merge entity $(bone_body) {transformation: [-1.0792f,-0.3178f,0f,0f,-0.3178f,1.0792f,0f,1.0625f,0f,0f,-1.125f,0f,0f,0f,0f,1f],start_interpolation: 0,interpolation_duration: 1}
$data merge entity $(bone_left4) {transformation: [-0.8083f,-0.5888f,0f,0.3296f,-0.5888f,0.8083f,0f,1.2034f,0f,0f,-1f,0f,0f,0f,0f,1f],start_interpolation: 0,interpolation_duration: 1}
$data merge entity $(bone_left3) {transformation: [-0.8083f,-0.5888f,0f,0.721f,-0.5888f,0.8083f,0f,0.1354f,0f,0f,-1f,0f,0f,0f,0f,1f],start_interpolation: 0,interpolation_duration: 1}
$data merge entity $(bone_scythe) {transformation: [-1.4773f,0.851f,-0.1085f,-0.8393f,0.8375f,1.3838f,-0.5495f,1.1483f,-0.1858f,-0.5284f,-1.6139f,-0.046f,0f,0f,0f,1f],start_interpolation: 0,interpolation_duration: 1}
$data merge entity $(bone_right2) {transformation: [-0.0635f,0.8857f,-0.4599f,-0.5476f,-0.3217f,-0.4544f,-0.8307f,1.0042f,-0.9447f,0.0952f,0.3138f,0f,0f,0f,0f,1f],start_interpolation: 0,interpolation_duration: 1}
$data merge entity $(bone_right1) {transformation: [-0.9491f,0.315f,0f,-0.5857f,0.315f,0.9491f,0f,-0.1027f,0f,0f,-1f,0f,0f,0f,0f,1f],start_interpolation: 0,interpolation_duration: 1}
$data merge entity $(bone_left_leg) {transformation: [-0.6886f,-0.7252f,0f,0.125f,-0.7252f,0.6886f,0f,0.75f,0f,0f,-1f,-0.0062f,0f,0f,0f,1f],start_interpolation: 0,interpolation_duration: 1}
$data merge entity $(bone_right_leg) {transformation: [-0.8404f,-0.5419f,0f,-0.125f,-0.5419f,0.8404f,0f,0.75f,0f,0f,-1f,-0.0063f,0f,0f,0f,1f],start_interpolation: 0,interpolation_duration: 1}
data modify entity @s data merge value {"cameras":{},"locators":{"hitbox":{"posx":-0.31159956835998237,"posy":2.095220979600238,"posz":-0.40390790956884004,"roty":356.1528342338868,"rotx":-18.76421735977905},"hitbox2":{"posx":-0.9601749019727964,"posy":2.4629088066505953,"posz":-0.4854903737876515,"roty":356.1528342338868,"rotx":-18.76421735977905}}}