# This file was generated by Animated Java via MC-Build. It is not recommended to edit this file directly.
$data merge entity $(bone_hair_side) {transformation: [-0.9962f,-0.0858f,0.0151f,-0.4398f,-0.0858f,0.9963f,0.0007f,1.823f,-0.0151f,-0.0007f,-0.9999f,0.2488f,0f,0f,0f,1f],start_interpolation: 0,interpolation_duration: 1}
$data merge entity $(bone_hair_side1) {transformation: [-0.9962f,-0.0858f,0.0151f,0.1517f,-0.0858f,0.9963f,0.0007f,1.874f,-0.0151f,-0.0007f,-0.9999f,0.2578f,0f,0f,0f,1f],start_interpolation: 0,interpolation_duration: 1}
$data merge entity $(bone_beard) {transformation: [-0.9962f,-0.0858f,0.0151f,-0.1168f,-0.0858f,0.9963f,0.0007f,1.5311f,-0.0151f,-0.0007f,-0.9999f,0.2608f,0f,0f,0f,1f],start_interpolation: 0,interpolation_duration: 1}
$data merge entity $(bone_head) {transformation: [-0.9962f,-0.0872f,0f,-0.125f,-0.0858f,0.9811f,0.1736f,1.6719f,-0.0151f,0.173f,-0.9848f,0f,0f,0f,0f,1f],start_interpolation: 0,interpolation_duration: 1}
$data merge entity $(bone_body) {transformation: [-1.0867f,-0.2912f,0f,0f,-0.2912f,1.0867f,0f,1.0625f,0f,0f,-1.125f,0f,0f,0f,0f,1f],start_interpolation: 0,interpolation_duration: 1}
$data merge entity $(bone_left4) {transformation: [-0.8434f,-0.5373f,0f,0.3264f,-0.5373f,0.8434f,0f,1.1943f,0f,0f,-1f,0f,0f,0f,0f,1f],start_interpolation: 0,interpolation_duration: 1}
$data merge entity $(bone_left3) {transformation: [-0.8434f,-0.5373f,0f,0.6505f,-0.5373f,0.8434f,0f,0.1039f,0f,0f,-1f,0f,0f,0f,0f,1f],start_interpolation: 0,interpolation_duration: 1}
$data merge entity $(bone_scythe) {transformation: [-1.4811f,0.8177f,-0.2372f,-0.8503f,0.8511f,1.4094f,-0.4557f,1.1711f,-0.0224f,-0.5132f,-1.6293f,-0.0149f,0f,0f,0f,1f],start_interpolation: 0,interpolation_duration: 1}
$data merge entity $(bone_right2) {transformation: [-0.1389f,0.887f,-0.4404f,-0.5571f,-0.2667f,-0.4617f,-0.846f,1.0238f,-0.9537f,0f,0.3007f,0f,0f,0f,0f,1f],start_interpolation: 0,interpolation_duration: 1}
$data merge entity $(bone_right1) {transformation: [-0.9239f,0.3827f,0f,-0.675f,0.3827f,0.9239f,0f,-0.0774f,0f,0f,-1f,0f,0f,0f,0f,1f],start_interpolation: 0,interpolation_duration: 1}
$data merge entity $(bone_left_leg) {transformation: [-0.7373f,-0.6756f,0f,0.125f,-0.6756f,0.7373f,0f,0.75f,0f,0f,-1f,-0.0062f,0f,0f,0f,1f],start_interpolation: 0,interpolation_duration: 1}
$data merge entity $(bone_right_leg) {transformation: [-0.866f,-0.5f,0f,-0.125f,-0.5f,0.866f,0f,0.75f,0f,0f,-1f,-0.0063f,0f,0f,0f,1f],start_interpolation: 0,interpolation_duration: 1}