# This file was generated by Animated Java via MC-Build. It is not recommended to edit this file directly.
$data merge entity $(bone_hair_side) {transformation: [-0.9971f,0.0484f,0.0594f,-0.4788f,0.0491f,0.9987f,0.0103f,1.7363f,-0.0588f,0.0132f,-0.9982f,0.2335f,0f,0f,0f,1f],start_interpolation: 0,interpolation_duration: 1}
$data merge entity $(bone_hair_side1) {transformation: [-0.9948f,-0.0821f,0.0594f,0.0792f,-0.0817f,0.9966f,0.0103f,1.9363f,-0.06f,0.0054f,-0.9982f,0.2688f,0f,0f,0f,1f],start_interpolation: 0,interpolation_duration: 1}
$data merge entity $(bone_beard) {transformation: [-0.9397f,-0.3368f,0.0594f,-0.0929f,-0.3368f,0.9415f,0.0103f,1.5363f,-0.0594f,-0.0103f,-0.9982f,0.2617f,0f,0f,0f,1f],start_interpolation: 0,interpolation_duration: 1}
$data merge entity $(bone_head) {transformation: [-0.9397f,-0.342f,0f,-0.125f,-0.3368f,0.9254f,0.1736f,1.6719f,-0.0594f,0.1632f,-0.9848f,0f,0f,0f,0f,1f],start_interpolation: 0,interpolation_duration: 1}
$data merge entity $(bone_body) {transformation: [-1.0867f,-0.2912f,0f,0f,-0.2912f,1.0867f,0f,1.0625f,0f,0f,-1.125f,0f,0f,0f,0f,1f],start_interpolation: 0,interpolation_duration: 1}
$data merge entity $(bone_left4) {transformation: [-0.8434f,-0.5373f,0f,0.3889f,-0.5373f,0.8434f,0f,1.2568f,0f,0f,-1f,0f,0f,0f,0f,1f],start_interpolation: 0,interpolation_duration: 1}
$data merge entity $(bone_left3) {transformation: [-0.8434f,-0.5373f,0f,0.713f,-0.5373f,0.8434f,0f,0.1664f,0f,0f,-1f,0f,0f,0f,0f,1f],start_interpolation: 0,interpolation_duration: 1}
$data merge entity $(bone_scythe) {transformation: [-1.4811f,0.8177f,-0.2372f,-0.7878f,0.8511f,1.4094f,-0.4557f,1.1086f,-0.0224f,-0.5132f,-1.6293f,-0.0149f,0f,0f,0f,1f],start_interpolation: 0,interpolation_duration: 1}
$data merge entity $(bone_right2) {transformation: [-0.1389f,0.887f,-0.4404f,-0.4946f,-0.2667f,-0.4617f,-0.846f,0.9613f,-0.9537f,0f,0.3007f,0f,0f,0f,0f,1f],start_interpolation: 0,interpolation_duration: 1}
$data merge entity $(bone_right1) {transformation: [-0.9239f,0.3827f,0f,-0.6125f,0.3827f,0.9239f,0f,-0.1399f,0f,0f,-1f,0f,0f,0f,0f,1f],start_interpolation: 0,interpolation_duration: 1}
$data merge entity $(bone_left_leg) {transformation: [-0.7373f,-0.6756f,0f,0.125f,-0.6756f,0.7373f,0f,0.75f,0f,0f,-1f,-0.0062f,0f,0f,0f,1f],start_interpolation: 0,interpolation_duration: 1}
$data merge entity $(bone_right_leg) {transformation: [-0.866f,-0.5f,0f,-0.125f,-0.5f,0.866f,0f,0.75f,0f,0f,-1f,-0.0063f,0f,0f,0f,1f],start_interpolation: 0,interpolation_duration: 1}