# This file was generated by Animated Java via MC-Build. It is not recommended to edit this file directly.
$data merge entity $(bone_hair_side) {transformation: [-0.9997f,0.0259f,-0.0036f,-0.2969f,0.0258f,0.9526f,-0.303f,1.9393f,-0.0044f,-0.303f,-0.953f,-0.3569f,0f,0f,0f,1f],start_interpolation: 0,interpolation_duration: 1}
$data merge entity $(bone_hair_side1) {transformation: [-0.9994f,-0.0349f,-0.0009f,0.2969f,-0.0329f,0.9499f,-0.311f,1.9393f,0.0117f,-0.3107f,-0.9504f,-0.3569f,0f,0f,0f,1f],start_interpolation: 0,interpolation_duration: 1}
$data merge entity $(bone_beard) {transformation: [-1f,0f,0f,0f,0f,0.9418f,-0.3361f,1.6417f,0f,-0.3361f,-0.9418f,-0.243f,0f,0f,0f,1f],start_interpolation: 0,interpolation_duration: 1}
$data merge entity $(bone_head) {transformation: [-1f,0f,0f,0f,0f,0.9859f,-0.1675f,1.687f,0f,-0.1675f,-0.9859f,-0.536f,0f,0f,0f,1f],start_interpolation: 0,interpolation_duration: 1}
$data merge entity $(bone_body) {transformation: [-1.125f,0f,0f,0f,0f,1.0699f,-0.3476f,1.048f,0f,-0.3476f,-1.0699f,-0.3283f,0f,0f,0f,1f],start_interpolation: 0,interpolation_duration: 1}
$data merge entity $(bone_left4) {transformation: [-0.9438f,-0.3304f,-0.0071f,0.3922f,-0.3143f,0.904f,-0.2899f,1.1475f,0.1022f,-0.2713f,-0.957f,-0.3669f,0f,0f,0f,1f],start_interpolation: 0,interpolation_duration: 1}
$data merge entity $(bone_left3) {transformation: [-0.9438f,-0.3304f,-0.0071f,0.4587f,-0.3143f,0.904f,-0.2899f,0.0605f,0.1022f,-0.2713f,-0.957f,-0.0382f,0f,0f,0f,1f],start_interpolation: 0,interpolation_duration: 1}
$data merge entity $(bone_scythe) {transformation: [-1.7059f,-0.0901f,0.0069f,-0.8642f,-0.0881f,1.6299f,-0.5041f,1.1708f,0.02f,-0.5038f,-1.6322f,-0.3868f,0f,0f,0f,1f],start_interpolation: 0,interpolation_duration: 1}
$data merge entity $(bone_right2) {transformation: [0.004f,0.9975f,0.0701f,-0.537f,-0.2951f,0.0682f,-0.953f,1.1978f,-0.9555f,-0.0169f,0.2946f,-0.3774f,0f,0f,0f,1f],start_interpolation: 0,interpolation_duration: 1}
$data merge entity $(bone_right1) {transformation: [-0.6957f,0.7184f,0.001f,-1.0829f,0.6832f,0.662f,-0.3081f,0.2808f,-0.222f,-0.2136f,-0.9514f,-0.0811f,0f,0f,0f,1f],start_interpolation: 0,interpolation_duration: 1}
$data merge entity $(bone_left_leg) {transformation: [-1f,0f,0f,0.125f,0f,0.9511f,-0.309f,0.7489f,0f,-0.309f,-0.9511f,-0.2377f,0f,0f,0f,1f],start_interpolation: 0,interpolation_duration: 1}
$data merge entity $(bone_right_leg) {transformation: [-1f,0f,0f,-0.125f,0f,0.9511f,-0.309f,0.7489f,0f,-0.309f,-0.9511f,-0.2377f,0f,0f,0f,1f],start_interpolation: 0,interpolation_duration: 1}