# This file was generated by Animated Java via MC-Build. It is not recommended to edit this file directly.
$data merge entity $(bone_hair_side) {transformation: [-0.9914f,0.1305f,0f,-0.2969f,0.0057f,0.0432f,-0.999f,0.4156f,-0.1304f,-0.9905f,-0.0436f,-1.9434f,0f,0f,0f,1f],start_interpolation: 0,interpolation_duration: 1}
$data merge entity $(bone_hair_side1) {transformation: [-0.9848f,-0.1722f,-0.0227f,0.2969f,0.0227f,0.002f,-0.9997f,0.4156f,0.1722f,-0.9851f,0.002f,-1.9434f,0f,0f,0f,1f],start_interpolation: 0,interpolation_duration: 1}
$data merge entity $(bone_beard) {transformation: [-1f,0f,0f,0f,0f,-0.1305f,-0.9914f,0.4644f,0f,-0.9914f,0.1305f,-1.6284f,0f,0f,0f,1f],start_interpolation: 0,interpolation_duration: 1}
$data merge entity $(bone_head) {transformation: [-1f,0f,0f,0f,0f,0.0436f,-0.999f,0.1875f,0f,-0.999f,-0.0436f,-1.7344f,0f,0f,0f,1f],start_interpolation: 0,interpolation_duration: 1}
$data merge entity $(bone_left4) {transformation: [-0.4987f,-0.8625f,-0.0861f,0.547f,-0.0039f,0.1015f,-0.9948f,0.159f,0.8667f,-0.4958f,-0.054f,-1.2871f,0f,0f,0f,1f],start_interpolation: 0,interpolation_duration: 1}
$data merge entity $(bone_left3) {transformation: [-0.4987f,-0.8625f,-0.0861f,1.3345f,-0.0039f,0.1015f,-0.9948f,0.0467f,0.8667f,-0.4958f,-0.054f,-0.4739f,0f,0f,0f,1f],start_interpolation: 0,interpolation_duration: 1}
$data merge entity $(bone_scythe) {transformation: [-1.6297f,-0.5122f,-0.0076f,-0.9161f,-0.022f,0.0952f,-1.7055f,0.1784f,0.5118f,-1.6269f,-0.0974f,-1.2357f,0f,0f,0f,1f],start_interpolation: 0,interpolation_duration: 1}
$data merge entity $(bone_right2) {transformation: [-0.0045f,0.9765f,0.2156f,-0.5956f,-0.9984f,0.0079f,-0.0566f,0.1966f,-0.057f,-0.2155f,0.9748f,-1.3055f,0f,0f,0f,1f],start_interpolation: 0,interpolation_duration: 1}
$data merge entity $(bone_right1) {transformation: [-0.4226f,0.9059f,-0.0264f,-1.4261f,0f,-0.0291f,-0.9996f,0.2275f,-0.9063f,-0.4224f,0.0123f,-0.5734f,0f,0f,0f,1f],start_interpolation: 0,interpolation_duration: 1}
data modify entity @s data merge value {"cameras":{},"locators":{"hitbox":{"posx":-1.3027992083056776,"posy":0.2413577018965774,"posz":-2.3079264832795756,"roty":355.52790953350325,"rotx":-86.72081878527025},"hitbox2":{"posx":-2.018284114854822,"posy":0.2317193284284951,"posz":-2.0832301320469586,"roty":355.52790953350325,"rotx":-86.72081878527025}}}