# This file was generated by Animated Java via MC-Build. It is not recommended to edit this file directly.
$data merge entity $(bone_hair_side) {transformation: [-0.9922f,0.1205f,0.031f,-0.2969f,0.0692f,0.7417f,-0.6672f,1.7251f,-0.1034f,-0.6598f,-0.7443f,-1.1547f,0f,0f,0f,1f],start_interpolation: 0,interpolation_duration: 1}
$data merge entity $(bone_hair_side1) {transformation: [-0.9867f,-0.1542f,-0.0518f,0.2969f,-0.0632f,0.6567f,-0.7515f,1.7251f,0.15f,-0.7382f,-0.6577f,-1.1547f,0f,0f,0f,1f],start_interpolation: 0,interpolation_duration: 1}
$data merge entity $(bone_beard) {transformation: [-1f,0f,0f,0f,0f,0.8553f,-0.5181f,1.6143f,0f,-0.5181f,-0.8553f,-0.8559f,0f,0f,0f,1f],start_interpolation: 0,interpolation_duration: 1}
$data merge entity $(bone_head) {transformation: [-1f,0f,0f,0f,0f,0.5249f,-0.8512f,1.4241f,0f,-0.8512f,-0.5249f,-1.0833f,0f,0f,0f,1f],start_interpolation: 0,interpolation_duration: 1}
$data merge entity $(bone_body) {transformation: [-1.125f,0f,0f,0f,0f,0.8786f,-0.7027f,0.8994f,0f,-0.7027f,-0.8786f,-0.6636f,0f,0f,0f,1f],start_interpolation: 0,interpolation_duration: 1}
$data merge entity $(bone_left4) {transformation: [-0.2228f,-0.5322f,-0.8168f,0.4584f,-0.6221f,0.7227f,-0.3011f,0.9816f,0.7505f,0.4411f,-0.4921f,-1.0111f,0f,0f,0f,1f],start_interpolation: 0,interpolation_duration: 1}
$data merge entity $(bone_left3) {transformation: [-0.2228f,-0.5322f,-0.8168f,0.9708f,-0.6221f,0.7227f,-0.3011f,-0.0032f,0.7505f,0.4411f,-0.4921f,-1.259f,0f,0f,0f,1f],start_interpolation: 0,interpolation_duration: 1}
$data merge entity $(bone_aura) {transformation: [-1.3339f,-0.3554f,1.9326f,-1.5694f,-1.5507f,1.6251f,-0.7714f,0.5989f,-1.2069f,-1.6951f,-1.1448f,-2.5847f,0f,0f,0f,1f],start_interpolation: 0,interpolation_duration: 1}
$data merge entity $(bone_scythe) {transformation: [-0.9595f,-0.2557f,1.3901f,-0.6826f,-1.1154f,1.1689f,-0.5549f,0.7716f,-0.8681f,-1.2193f,-0.8234f,-1.204f,0f,0f,0f,1f],start_interpolation: 0,interpolation_duration: 1}
$data merge entity $(bone_right2) {transformation: [0.8137f,0.565f,0.1366f,-0.51f,-0.3248f,0.6368f,-0.6992f,0.9856f,-0.482f,0.5246f,0.7017f,-1.0243f,0f,0f,0f,1f],start_interpolation: 0,interpolation_duration: 1}
$data merge entity $(bone_right1) {transformation: [-0.196f,0.6319f,0.7499f,-1.1201f,0.6413f,0.6611f,-0.3895f,0.0828f,-0.7419f,0.4045f,-0.5347f,-1.2223f,0f,0f,0f,1f],start_interpolation: 0,interpolation_duration: 1}
$data merge entity $(bone_left_leg) {transformation: [-1f,0f,0f,0.125f,0f,0.8198f,-0.5727f,0.6514f,0f,-0.5727f,-0.8198f,-0.4733f,0f,0f,0f,1f],start_interpolation: 0,interpolation_duration: 1}
$data merge entity $(bone_right_leg) {transformation: [-1f,0f,0f,-0.125f,0f,0.8198f,-0.5727f,0.6514f,0f,-0.5727f,-0.8198f,-0.4733f,0f,0f,0f,1f],start_interpolation: 0,interpolation_duration: 1}
data modify entity @s data merge value {"cameras":{},"locators":{"scythe_blade":{"posx":-1.230690038218522,"posy":1.113378092197077,"posz":-2.359506654416899,"roty":59.35988147254392,"rotx":-18.95410554249705},"scythe_pole":{"posx":-0.7042576133515127,"posy":0.9207979911326006,"posz":-1.341005644735202,"roty":59.35988147254392,"rotx":-18.95410554249705}}}