# This file was generated by Animated Java via MC-Build. It is not recommended to edit this file directly.
$data merge entity $(bone_hair_side) {transformation: [-0.9942f,0.1066f,-0.0146f,-0.2969f,0.0998f,0.8637f,-0.4941f,-0.5133f,-0.0401f,-0.4927f,-0.8693f,-0.6616f,0f,0f,0f,1f],start_interpolation: 0,interpolation_duration: 1}
$data merge entity $(bone_hair_side1) {transformation: [-0.9915f,-0.1296f,-0.0057f,0.2969f,-0.1048f,0.8259f,-0.554f,-0.5133f,0.0765f,-0.5487f,-0.8325f,-0.6616f,0f,0f,0f,1f],start_interpolation: 0,interpolation_duration: 1}
$data merge entity $(bone_beard) {transformation: [-1f,0f,0f,0f,0f,0.9399f,-0.3414f,-0.7433f,0f,-0.3414f,-0.9399f,-0.441f,0f,0f,0f,1f],start_interpolation: 0,interpolation_duration: 1}
$data merge entity $(bone_head) {transformation: [-1f,0f,0f,0f,0f,0.8434f,-0.5373f,-0.8154f,0f,-0.5373f,-0.8434f,-0.7286f,0f,0f,0f,1f],start_interpolation: 0,interpolation_duration: 1}
$data merge entity $(bone_body) {transformation: [-1.125f,0f,0f,0f,0f,1.0209f,-0.4726f,-1.4251f,0f,-0.4726f,-1.0209f,-0.4463f,0f,0f,0f,1f],start_interpolation: 0,interpolation_duration: 1}
$data merge entity $(bone_left4) {transformation: [-0.4747f,-0.6924f,-0.5434f,0.4998f,-0.7869f,0.6104f,-0.0904f,-1.2662f,0.3943f,0.3847f,-0.8346f,-0.7062f,0f,0f,0f,1f],start_interpolation: 0,interpolation_duration: 1}
$data merge entity $(bone_left3) {transformation: [-0.4747f,-0.6924f,-0.5434f,1.1088f,-0.7869f,0.6104f,-0.0904f,-2.1797f,0.3943f,0.3847f,-0.8346f,-1.0037f,0f,0f,0f,1f],start_interpolation: 0,interpolation_duration: 1}
$data merge entity $(bone_aura) {transformation: [-1.8936f,-0.5589f,1.3201f,-2.1064f,-0.8424f,2.2034f,-0.2756f,-0.8862f,-1.1599f,-0.6879f,-1.955f,-1.8022f,0f,0f,0f,1f],start_interpolation: 0,interpolation_duration: 1}
$data merge entity $(bone_scythe) {transformation: [-1.3621f,-0.402f,0.9495f,-0.8246f,-0.6059f,1.5849f,-0.1982f,-1.3484f,-0.8343f,-0.4948f,-1.4062f,-0.8715f,0f,0f,0f,1f],start_interpolation: 0,interpolation_duration: 1}
$data merge entity $(bone_right2) {transformation: [0.5558f,0.8f,0.226f,-0.5708f,-0.116f,0.3439f,-0.9318f,-1.2338f,-0.8232f,0.4917f,0.284f,-0.6973f,0f,0f,0f,1f],start_interpolation: 0,interpolation_duration: 1}
$data merge entity $(bone_right1) {transformation: [-0.3415f,0.8266f,0.4474f,-1.3423f,0.8472f,0.4768f,-0.2342f,-2.0051f,-0.4069f,0.2991f,-0.8631f,-0.888f,0f,0f,0f,1f],start_interpolation: 0,interpolation_duration: 1}
$data merge entity $(bone_left_leg) {transformation: [-1f,0f,0f,0.125f,0f,0.9254f,-0.3789f,-1.7113f,0f,-0.3789f,-0.9254f,-0.3207f,0f,0f,0f,1f],start_interpolation: 0,interpolation_duration: 1}
$data merge entity $(bone_right_leg) {transformation: [-1f,0f,0f,-0.125f,0f,0.9254f,-0.3789f,-1.7113f,0f,-0.3789f,-0.9254f,-0.3207f,0f,0f,0f,1f],start_interpolation: 0,interpolation_duration: 1}
data modify entity @s data merge value {"cameras":{},"locators":{"scythe_blade":{"posx":-1.6286951388799245,"posy":-0.5285165622601581,"posz":-1.530054106719841,"roty":34.02845990830724,"rotx":-6.662526375218694},"scythe_pole":{"posx":-0.8599475783983972,"posy":-1.154434237680622,"posz":-0.9227512565289795,"roty":34.02845990830724,"rotx":-6.662526375218694}}}