# This file was generated by Animated Java via MC-Build. It is not recommended to edit this file directly.
$data merge entity $(bone_hair_side) {transformation: [-0.9947f,0.0997f,-0.0265f,-0.2969f,0.101f,0.8886f,-0.4473f,1.9491f,-0.021f,-0.4476f,-0.894f,-0.5283f,0f,0f,0f,1f],start_interpolation: 0,interpolation_duration: 1}
$data merge entity $(bone_hair_side1) {transformation: [-0.9927f,-0.1202f,0.0058f,0.2969f,-0.1073f,0.8618f,-0.4958f,1.9491f,0.0546f,-0.4929f,-0.8684f,-0.5283f,0f,0f,0f,1f],start_interpolation: 0,interpolation_duration: 1}
$data merge entity $(bone_beard) {transformation: [-1f,0f,0f,0f,0f,0.954f,-0.2999f,1.6933f,0f,-0.2999f,-0.954f,-0.3381f,0f,0f,0f,1f],start_interpolation: 0,interpolation_duration: 1}
$data merge entity $(bone_head) {transformation: [-1f,0f,0f,0f,0f,0.9039f,-0.4277f,1.6578f,0f,-0.4277f,-0.9039f,-0.6325f,0f,0f,0f,1f],start_interpolation: 0,interpolation_duration: 1}
$data merge entity $(bone_body) {transformation: [-1.125f,0f,0f,0f,0f,1.0475f,-0.4102f,1.0322f,0f,-0.4102f,-1.0475f,-0.3875f,0f,0f,0f,1f],start_interpolation: 0,interpolation_duration: 1}
$data merge entity $(bone_left4) {transformation: [-0.5447f,-0.7199f,-0.4302f,0.5065f,-0.7896f,0.6131f,-0.0262f,1.1992f,0.2826f,0.3254f,-0.9024f,-0.6114f,0f,0f,0f,1f],start_interpolation: 0,interpolation_duration: 1}
$data merge entity $(bone_left3) {transformation: [-0.5447f,-0.7199f,-0.4302f,1.1237f,-0.7896f,0.6131f,-0.0262f,0.2819f,0.2826f,0.3254f,-0.9024f,-0.879f,0f,0f,0f,1f],start_interpolation: 0,interpolation_duration: 1}
$data merge entity $(bone_scythe) {transformation: [-2.0506f,-0.5761f,1.0506f,-0.8589f,-0.6809f,2.2738f,-0.0821f,1.1469f,-0.9859f,-0.3721f,-2.1284f,-0.744f,0f,0f,0f,1f],start_interpolation: 0,interpolation_duration: 1}
$data merge entity $(bone_right2) {transformation: [0.4423f,0.8655f,0.235f,-0.5818f,-0.0346f,0.2783f,-0.9599f,1.2388f,-0.8962f,0.4165f,0.153f,-0.5933f,0f,0f,0f,1f],start_interpolation: 0,interpolation_duration: 1}
$data merge entity $(bone_right1) {transformation: [-0.3843f,0.8619f,0.3309f,-1.3775f,0.8724f,0.4563f,-0.1753f,0.4814f,-0.3021f,0.2213f,-0.9272f,-0.7341f,0f,0f,0f,1f],start_interpolation: 0,interpolation_duration: 1}
$data merge entity $(bone_left_leg) {transformation: [-1f,0f,0f,0.125f,0f,0.9449f,-0.3272f,0.7389f,0f,-0.3272f,-0.9449f,-0.2793f,0f,0f,0f,1f],start_interpolation: 0,interpolation_duration: 1}
$data merge entity $(bone_right_leg) {transformation: [-1f,0f,0f,-0.125f,0f,0.9449f,-0.3272f,0.7389f,0f,-0.3272f,-0.9449f,-0.2793f,0f,0f,0f,1f],start_interpolation: 0,interpolation_duration: 1}
data modify entity @s data merge value {"cameras":{},"locators":{"scythe_blade":{"posx":-1.7157246201689285,"posy":2.0463111504904212,"posz":-1.2016138660253974,"roty":26.270529938199928,"rotx":-1.981265246303084},"scythe_pole":{"posx":-0.8947023411926213,"posy":1.3458636503444041,"posz":-0.7693428665774283,"roty":26.270529938199928,"rotx":-1.981265246303084}}}