# This file was generated by Animated Java via MC-Build. It is not recommended to edit this file directly.
$data merge entity $(bone_hair_side) {transformation: [-0.9959f,0.0721f,-0.0552f,-0.2969f,0.0857f,0.947f,-0.3095f,1.96f,0.03f,-0.3129f,-0.9493f,-0.1492f,0f,0f,0f,1f],start_interpolation: 0,interpolation_duration: 1}
$data merge entity $(bone_hair_side1) {transformation: [-0.9957f,-0.0867f,0.0329f,0.2969f,-0.0927f,0.9436f,-0.3178f,1.96f,-0.0034f,-0.3195f,-0.9476f,-0.1492f,0f,0f,0f,1f],start_interpolation: 0,interpolation_duration: 1}
$data merge entity $(bone_beard) {transformation: [-1f,0f,0f,0f,0f,0.9825f,-0.1864f,1.6532f,0f,-0.1864f,-0.9825f,-0.0632f,0f,0f,0f,1f],start_interpolation: 0,interpolation_duration: 1}
$data merge entity $(bone_head) {transformation: [-1f,0f,0f,0f,0f,0.9971f,-0.0759f,1.7253f,0f,-0.0759f,-0.9971f,-0.3507f,0f,0f,0f,1f],start_interpolation: 0,interpolation_duration: 1}
$data merge entity $(bone_body) {transformation: [-1.125f,0f,0f,0f,0f,1.1018f,-0.2275f,1.0673f,0f,-0.2275f,-1.1018f,-0.2149f,0f,0f,0f,1f],start_interpolation: 0,interpolation_duration: 1}
$data merge entity $(bone_left4) {transformation: [-0.7237f,-0.6885f,-0.0477f,0.4953f,-0.6891f,0.717f,0.1058f,1.2247f,-0.0386f,0.1094f,-0.9932f,-0.3218f,0f,0f,0f,1f],start_interpolation: 0,interpolation_duration: 1}
$data merge entity $(bone_left3) {transformation: [-0.7237f,-0.6885f,-0.0477f,1.0222f,-0.6891f,0.717f,0.1058f,0.2252f,-0.0386f,0.1094f,-0.9932f,-0.4535f,0f,0f,0f,1f],start_interpolation: 0,interpolation_duration: 1}
$data merge entity $(bone_scythe) {transformation: [-2.325f,-0.4824f,0.0492f,-0.903f,-0.4636f,2.2819f,0.4675f,1.2165f,-0.1422f,0.4481f,-2.328f,-0.3087f,0f,0f,0f,1f],start_interpolation: 0,interpolation_duration: 1}
$data merge entity $(bone_right2) {transformation: [0.0207f,0.9789f,0.2031f,-0.5821f,0.1969f,0.1952f,-0.9608f,1.2775f,-0.9802f,0.0599f,-0.1887f,-0.2737f,0f,0f,0f,1f],start_interpolation: 0,interpolation_duration: 1}
$data merge entity $(bone_right1) {transformation: [-0.5031f,0.8627f,-0.0515f,-1.3415f,0.8642f,0.5028f,-0.0197f,0.4732f,0.0089f,-0.0544f,-0.9985f,-0.2187f,0f,0f,0f,1f],start_interpolation: 0,interpolation_duration: 1}
$data merge entity $(bone_left_leg) {transformation: [-1f,0f,0f,0.125f,0f,0.9841f,-0.1777f,0.76f,0f,-0.1777f,-0.9841f,-0.1578f,0f,0f,0f,1f],start_interpolation: 0,interpolation_duration: 1}
$data merge entity $(bone_right_leg) {transformation: [-1f,0f,0f,-0.125f,0f,0.9841f,-0.1777f,0.76f,0f,-0.1777f,-0.9841f,-0.1578f,0f,0f,0f,1f],start_interpolation: 0,interpolation_duration: 1}
data modify entity @s data merge value {"cameras":{},"locators":{"scythe_blade":{"posx":-1.792390172311423,"posy":2.181268665244122,"posz":-0.1336905660225088,"roty":1.2104268218016898,"rotx":11.35310444525035},"scythe_pole":{"posx":-0.9289463972320301,"posy":1.414710109061278,"posz":-0.26939365080513394,"roty":1.2104268218016898,"rotx":11.35310444525035}}}