# This file was generated by Animated Java via MC-Build. It is not recommended to edit this file directly.
$data merge entity $(bone_hair_side) {transformation: [-0.9962f,0.0619f,-0.0614f,-0.2969f,0.0761f,0.9608f,-0.2666f,-0.4909f,0.0425f,-0.2702f,-0.9619f,-0.0384f,0f,0f,0f,1f],start_interpolation: 0,interpolation_duration: 1}
$data merge entity $(bone_hair_side1) {transformation: [-0.9964f,-0.0751f,0.0385f,0.2969f,-0.0826f,0.9617f,-0.2615f,-0.4909f,-0.0174f,-0.2637f,-0.9644f,-0.0384f,0f,0f,0f,1f],start_interpolation: 0,interpolation_duration: 1}
$data merge entity $(bone_beard) {transformation: [-1f,0f,0f,0f,0f,0.9883f,-0.1527f,-0.8053f,0f,-0.1527f,-0.9883f,0.0133f,0f,0f,0f,1f],start_interpolation: 0,interpolation_duration: 1}
$data merge entity $(bone_head) {transformation: [-1f,0f,0f,0f,0f,0.9994f,0.0343f,-0.702f,0f,0.0343f,-0.9994f,-0.2645f,0f,0f,0f,1f],start_interpolation: 0,interpolation_duration: 1}
$data merge entity $(bone_body) {transformation: [-1.125f,0f,0f,0f,0f,1.1118f,-0.1716f,-1.366f,0f,-0.1716f,-1.1118f,-0.1621f,0f,0f,0f,1f],start_interpolation: 0,interpolation_duration: 1}
$data merge entity $(bone_left4) {transformation: [-0.7669f,-0.638f,0.0688f,0.4806f,-0.6291f,0.7686f,0.116f,-1.2189f,-0.1269f,0.0457f,-0.9909f,-0.2338f,0f,0f,0f,1f],start_interpolation: 0,interpolation_duration: 1}
$data merge entity $(bone_left3) {transformation: [-0.7669f,-0.638f,0.0688f,0.9388f,-0.6291f,0.7686f,0.116f,-2.2562f,-0.1269f,0.0457f,-0.9909f,-0.3234f,0f,0f,0f,1f],start_interpolation: 0,interpolation_duration: 1}
$data merge entity $(bone_aura) {transformation: [-2.3191f,-0.4224f,-0.2901f,-2.3527f,-0.4829f,2.2512f,0.5826f,-0.5484f,0.1713f,0.6279f,-2.2841f,0.1905f,0f,0f,0f,1f],start_interpolation: 0,interpolation_duration: 1}
$data merge entity $(bone_scythe) {transformation: [-1.6681f,-0.3038f,-0.2086f,-0.8933f,-0.3473f,1.6193f,0.4191f,-1.2294f,0.1232f,0.4516f,-1.6429f,-0.1685f,0f,0f,0f,1f],start_interpolation: 0,interpolation_duration: 1}
$data merge entity $(bone_right2) {transformation: [-0.1221f,0.9759f,0.1807f,-0.5711f,0.2453f,0.2061f,-0.9473f,-1.1656f,-0.9617f,-0.0714f,-0.2646f,-0.1769f,0f,0f,0f,1f],start_interpolation: 0,interpolation_duration: 1}
$data merge entity $(bone_right1) {transformation: [-0.5357f,0.8276f,-0.1677f,-1.283f,0.8385f,0.5448f,0.0095f,-2.0065f,0.0992f,-0.1355f,-0.9858f,-0.0639f,0f,0f,0f,1f],start_interpolation: 0,interpolation_duration: 1}
$data merge entity $(bone_left_leg) {transformation: [-1f,0f,0f,0.125f,0f,0.9911f,-0.1328f,-1.6758f,0f,-0.1328f,-0.9911f,-0.1206f,0f,0f,0f,1f],start_interpolation: 0,interpolation_duration: 1}
$data merge entity $(bone_right_leg) {transformation: [-1f,0f,0f,-0.125f,0f,0.9911f,-0.1328f,-1.6758f,0f,-0.1328f,-0.9911f,-0.1206f,0f,0f,0f,1f],start_interpolation: 0,interpolation_duration: 1}
data modify entity @s data merge value {"cameras":{},"locators":{"scythe_blade":{"posx":-1.7521478948457327,"posy":-0.28483228920735915,"posz":0.18150673116419772,"roty":352.76234851992393,"rotx":14.200450347773238},"scythe_pole":{"posx":-0.9141181809319829,"posy":-1.0336941662004446,"posz":-0.1159400502674249,"roty":352.76234851992393,"rotx":14.200450347773238}}}