# This file was generated by Animated Java via MC-Build. It is not recommended to edit this file directly.
$data merge entity $(bone_hair_side) {transformation: [-0.9968f,0.043f,-0.068f,-0.2969f,0.0552f,0.9804f,-0.189f,-0.5309f,0.0585f,-0.1922f,-0.9796f,0.1482f,0f,0f,0f,1f],start_interpolation: 0,interpolation_duration: 1}
$data merge entity $(bone_hair_side1) {transformation: [-0.9976f,-0.0538f,0.0446f,0.2969f,-0.0603f,0.9851f,-0.1608f,-0.5309f,-0.0353f,-0.1631f,-0.986f,0.1482f,0f,0f,0f,1f],start_interpolation: 0,interpolation_duration: 1}
$data merge entity $(bone_beard) {transformation: [-1f,0f,0f,0f,0f,0.9957f,-0.0928f,-0.8495f,0f,-0.0928f,-0.9957f,0.1404f,0f,0f,0f,1f],start_interpolation: 0,interpolation_duration: 1}
$data merge entity $(bone_head) {transformation: [-1f,0f,0f,0f,0f,0.9755f,0.2201f,-0.6961f,0f,0.2201f,-0.9755f,-0.1133f,0f,0f,0f,1f],start_interpolation: 0,interpolation_duration: 1}
$data merge entity $(bone_body) {transformation: [-1.125f,0f,0f,0f,0f,1.1226f,-0.0735f,-1.3666f,0f,-0.0735f,-1.1226f,-0.0694f,0f,0f,0f,1f],start_interpolation: 0,interpolation_duration: 1}
$data merge entity $(bone_left4) {transformation: [-0.8274f,-0.5049f,0.2461f,0.4426f,-0.4984f,0.862f,0.0926f,-1.2403f,-0.2589f,-0.0461f,-0.9648f,-0.0845f,0f,0f,0f,1f],start_interpolation: 0,interpolation_duration: 1}
$data merge entity $(bone_left3) {transformation: [-0.8274f,-0.5049f,0.2461f,0.7362f,-0.4984f,0.862f,0.0926f,-2.3388f,-0.2589f,-0.0461f,-0.9648f,-0.1151f,0f,0f,0f,1f],start_interpolation: 0,interpolation_duration: 1}
$data merge entity $(bone_aura) {transformation: [-2.1926f,-0.3223f,-0.8538f,-2.1962f,-0.585f,2.2018f,0.6712f,-0.6662f,0.7005f,0.83f,-2.1121f,0.8033f,0f,0f,0f,1f],start_interpolation: 0,interpolation_duration: 1}
$data merge entity $(bone_scythe) {transformation: [-1.5772f,-0.2318f,-0.6142f,-0.8488f,-0.4208f,1.5837f,0.4828f,-1.2699f,0.5038f,0.597f,-1.5192f,0.0667f,0f,0f,0f,1f],start_interpolation: 0,interpolation_duration: 1}
$data merge entity $(bone_right2) {transformation: [-0.3595f,0.922f,0.1438f,-0.5407f,0.2826f,0.2544f,-0.9249f,-1.1909f,-0.8893f,-0.2919f,-0.352f,-0.0152f,0f,0f,0f,1f],start_interpolation: 0,interpolation_duration: 1}
$data merge entity $(bone_right1) {transformation: [-0.5878f,0.7301f,-0.3486f,-1.1327f,0.7718f,0.6352f,0.029f,-2.1069f,0.2426f,-0.252f,-0.9368f,0.1768f,0f,0f,0f,1f],start_interpolation: 0,interpolation_duration: 1}
$data merge entity $(bone_left_leg) {transformation: [-1f,0f,0f,0.125f,0f,0.9985f,-0.0554f,-1.6788f,0f,-0.0554f,-0.9985f,-0.0552f,0f,0f,0f,1f],start_interpolation: 0,interpolation_duration: 1}
$data merge entity $(bone_right_leg) {transformation: [-1f,0f,0f,-0.125f,0f,0.9985f,-0.0554f,-1.6788f,0f,-0.0554f,-0.9985f,-0.0552f,0f,0f,0f,1f],start_interpolation: 0,interpolation_duration: 1}
data modify entity @s data merge value {"cameras":{},"locators":{"scythe_blade":{"posx":-1.6238848696946575,"posy":-0.37799175804674423,"posz":0.6634869996203802,"roty":337.9886639647224,"rotx":16.41691456763541},"scythe_pole":{"posx":-0.8619415266159758,"posy":-1.077758145407137,"posz":0.13307975508212316,"roty":337.9886639647224,"rotx":16.41691456763541}}}