# This file was generated by Animated Java via MC-Build. It is not recommended to edit this file directly.
$data merge entity $(bone_hair_side) {transformation: [-0.9996f,0.0106f,-0.0246f,-0.2969f,0.011f,0.9998f,-0.0147f,1.8738f,0.0244f,-0.0149f,-0.9996f,0.3409f,0f,0f,0f,1f],start_interpolation: 0,interpolation_duration: 1}
$data merge entity $(bone_hair_side1) {transformation: [-0.9998f,-0.01f,0.0157f,0.2969f,-0.0099f,0.9999f,0.0101f,1.8738f,-0.0158f,0.0099f,-0.9998f,0.3409f,0f,0f,0f,1f],start_interpolation: 0,interpolation_duration: 1}
$data merge entity $(bone_beard) {transformation: [-1f,0f,0f,0f,0f,0.9999f,0.0129f,1.5572f,0f,0.0129f,-0.9999f,0.304f,0f,0f,0f,1f],start_interpolation: 0,interpolation_duration: 1}
$data merge entity $(bone_head) {transformation: [-1f,0f,0f,0f,0f,0.9513f,0.3084f,1.7331f,0f,0.3084f,-0.9513f,0.0654f,0f,0f,0f,1f],start_interpolation: 0,interpolation_duration: 1}
$data merge entity $(bone_body) {transformation: [-1.125f,0f,0f,0f,0f,1.1242f,0.0424f,1.0617f,0f,0.0424f,-1.1242f,0.04f,0f,0f,0f,1f],start_interpolation: 0,interpolation_duration: 1}
$data merge entity $(bone_left4) {transformation: [-0.9582f,-0.2316f,0.1681f,0.3643f,-0.2365f,0.9716f,-0.0097f,1.1615f,-0.161f,-0.049f,-0.9857f,0.0657f,0f,0f,0f,1f],start_interpolation: 0,interpolation_duration: 1}
$data merge entity $(bone_left3) {transformation: [-0.9582f,-0.2316f,0.1681f,0.3182f,-0.2365f,0.9716f,-0.0097f,0.0249f,-0.161f,-0.049f,-0.9857f,0.069f,0f,0f,0f,1f],start_interpolation: 0,interpolation_duration: 1}
$data merge entity $(bone_scythe) {transformation: [-2.2895f,-0.1938f,-0.6009f,-0.8365f,-0.2681f,2.3449f,0.2653f,1.1594f,0.5716f,0.3236f,-2.2824f,0.1635f,0f,0f,0f,1f],start_interpolation: 0,interpolation_duration: 1}
$data merge entity $(bone_right2) {transformation: [-0.253f,0.9609f,0.1124f,-0.5172f,0.1117f,0.1444f,-0.9832f,1.2051f,-0.961f,-0.2362f,-0.1439f,0.101f,0f,0f,0f,1f],start_interpolation: 0,interpolation_duration: 1}
$data merge entity $(bone_right1) {transformation: [-0.7192f,0.6552f,-0.2313f,-0.9886f,0.672f,0.7405f,0.0079f,0.2083f,0.1764f,-0.1498f,-0.9729f,0.205f,0f,0f,0f,1f],start_interpolation: 0,interpolation_duration: 1}
$data merge entity $(bone_left_leg) {transformation: [-1f,0f,0f,0.125f,0f,0.9993f,0.0377f,0.7497f,0f,0.0377f,-0.9993f,0.022f,0f,0f,0f,1f],start_interpolation: 0,interpolation_duration: 1}
$data merge entity $(bone_right_leg) {transformation: [-1f,0f,0f,-0.125f,0f,0.9993f,0.0377f,0.7497f,0f,0.0377f,-0.9993f,0.022f,0f,0f,0f,1f],start_interpolation: 0,interpolation_duration: 1}
data modify entity @s data merge value {"cameras":{},"locators":{"scythe_blade":{"posx":-1.5772630491232724,"posy":2.2097511041986193,"posz":0.4805955803619565,"roty":345.24977404632716,"rotx":6.413988408511044},"scythe_pole":{"posx":-0.8380109099965425,"posy":1.3617548096843366,"posz":0.18738736204841938,"roty":345.24977404632716,"rotx":6.413988408511044}}}