# This file was generated by Animated Java via MC-Build. It is not recommended to edit this file directly.
$data merge entity $(bone_hair_side) {transformation: [-0.9999f,0.0055f,-0.0094f,-0.2969f,0.0056f,0.9999f,-0.0084f,-0.539f,0.0094f,-0.0084f,-0.9999f,0.2839f,0f,0f,0f,1f],start_interpolation: 0,interpolation_duration: 1}
$data merge entity $(bone_hair_side1) {transformation: [-1f,-0.005f,0.0059f,0.2969f,-0.005f,1f,0.0011f,-0.539f,-0.0059f,0.001f,-1f,0.2839f,0f,0f,0f,1f],start_interpolation: 0,interpolation_duration: 1}
$data merge entity $(bone_beard) {transformation: [-1f,0f,0f,0f,0f,1f,0.0031f,-0.8575f,0f,0.0031f,-1f,0.275f,0f,0f,0f,1f],start_interpolation: 0,interpolation_duration: 1}
$data merge entity $(bone_head) {transformation: [-1f,0f,0f,0f,0f,0.9747f,0.2236f,-0.7033f,0f,0.2236f,-0.9747f,0.0218f,0f,0f,0f,1f],start_interpolation: 0,interpolation_duration: 1}
$data merge entity $(bone_body) {transformation: [-1.125f,0f,0f,0f,0f,1.1249f,0.0141f,-1.3751f,0f,0.0141f,-1.1249f,0.0134f,0f,0f,0f,1f],start_interpolation: 0,interpolation_duration: 1}
$data merge entity $(bone_left4) {transformation: [-0.9711f,-0.2295f,0.0653f,0.3636f,-0.2302f,0.9731f,-0.0041f,-1.2755f,-0.0626f,-0.0191f,-0.9979f,0.0225f,0f,0f,0f,1f],start_interpolation: 0,interpolation_duration: 1}
$data merge entity $(bone_left3) {transformation: [-0.9711f,-0.2295f,0.0653f,0.311f,-0.2302f,0.9731f,-0.0041f,-2.4118f,-0.0626f,-0.0191f,-0.9979f,0.0238f,0f,0f,0f,1f],start_interpolation: 0,interpolation_duration: 1}
$data merge entity $(bone_aura) {transformation: [-2.3627f,-0.0871f,-0.2246f,-2.1936f,-0.0975f,2.3706f,0.1064f,-0.3103f,0.2203f,0.1151f,-2.362f,0.2211f,0f,0f,0f,1f],start_interpolation: 0,interpolation_duration: 1}
$data merge entity $(bone_scythe) {transformation: [-1.6995f,-0.0627f,-0.1616f,-0.8512f,-0.0701f,1.7052f,0.0766f,-1.2546f,0.1585f,0.0828f,-1.699f,0.0509f,0f,0f,0f,1f],start_interpolation: 0,interpolation_duration: 1}
$data merge entity $(bone_right2) {transformation: [-0.0946f,0.9927f,0.0743f,-0.5239f,0.0448f,0.0788f,-0.9959f,-1.2295f,-0.9945f,-0.0909f,-0.0519f,0.0366f,0f,0f,0f,1f],start_interpolation: 0,interpolation_duration: 1}
$data merge entity $(bone_right1) {transformation: [-0.7308f,0.6766f,-0.0902f,-1.0145f,0.6792f,0.7339f,0.0025f,-2.2215f,0.0679f,-0.0594f,-0.9959f,0.0786f,0f,0f,0f,1f],start_interpolation: 0,interpolation_duration: 1}
$data merge entity $(bone_left_leg) {transformation: [-1f,0f,0f,0.125f,0f,0.9999f,0.0126f,-1.6875f,0f,0.0126f,-0.9999f,0.0032f,0f,0f,0f,1f],start_interpolation: 0,interpolation_duration: 1}
$data merge entity $(bone_right_leg) {transformation: [-1f,0f,0f,-0.125f,0f,0.9999f,0.0126f,-1.6875f,0f,0.0126f,-0.9999f,0.0032f,0f,0f,0f,1f],start_interpolation: 0,interpolation_duration: 1}
data modify entity @s data merge value {"cameras":{},"locators":{"scythe_blade":{"posx":-1.5614108063378958,"posy":-0.1436777274348755,"posz":0.16853100480975086,"roty":354.567021146622,"rotx":2.5687160836925997},"scythe_pole":{"posx":-0.8430745284619725,"posy":-1.0512166330050434,"posz":0.05931275192194263,"roty":354.567021146622,"rotx":2.5687160836925997}}}