# This file was generated by Animated Java via MC-Build. It is not recommended to edit this file directly.
$data merge entity $(bone_hair_side) {transformation: [-0.9903f,0.1389f,0.0008f,-0.2969f,0f,0.0055f,-1f,0.4063f,-0.1389f,-0.9903f,-0.0054f,-1.9531f,0f,0f,0f,1f],start_interpolation: 0,interpolation_duration: 1}
$data merge entity $(bone_hair_side1) {transformation: [-0.9828f,-0.1831f,-0.0249f,0.2969f,0.0321f,-0.0367f,-0.9988f,0.4063f,0.182f,-0.9824f,0.042f,-1.9531f,0f,0f,0f,1f],start_interpolation: 0,interpolation_duration: 1}
$data merge entity $(bone_beard) {transformation: [-1f,0f,0f,0f,0f,-0.1904f,-0.9817f,0.4688f,0f,-0.9817f,0.1904f,-1.6406f,0f,0f,0f,1f],start_interpolation: 0,interpolation_duration: 1}