# This file was generated by Animated Java via MC-Build. It is not recommended to edit this file directly.
$data merge entity $(bone_hair_side) {transformation: [-0.9903f,0.1392f,0.0007f,-0.2969f,0f,0.0051f,-1f,0.4063f,-0.1392f,-0.9903f,-0.0051f,-1.9531f,0f,0f,0f,1f],start_interpolation: 0,interpolation_duration: 1}
$data merge entity $(bone_hair_side1) {transformation: [-0.9827f,-0.1834f,-0.0249f,0.2969f,0.0322f,-0.037f,-0.9988f,0.4063f,0.1823f,-0.9823f,0.0423f,-1.9531f,0f,0f,0f,1f],start_interpolation: 0,interpolation_duration: 1}
$data merge entity $(bone_beard) {transformation: [-1f,0f,0f,0f,0f,-0.1918f,-0.9814f,0.4688f,0f,-0.9814f,0.1918f,-1.6406f,0f,0f,0f,1f],start_interpolation: 0,interpolation_duration: 1}