# This file was generated by Animated Java via MC-Build. It is not recommended to edit this file directly.
$data merge entity $(bone_hair_side) {transformation: [-0.9902f,0.1399f,0.0004f,-0.2969f,0f,0.0031f,-1f,-2.0312f,-0.1399f,-0.9902f,-0.0031f,-1.9531f,0f,0f,0f,1f],start_interpolation: 0,interpolation_duration: 1}
$data merge entity $(bone_hair_side1) {transformation: [-0.9825f,-0.1844f,-0.0247f,0.2969f,0.0323f,-0.0385f,-0.9987f,-2.0312f,0.1832f,-0.9821f,0.0438f,-1.9531f,0f,0f,0f,1f],start_interpolation: 0,interpolation_duration: 1}
$data merge entity $(bone_beard) {transformation: [-1f,0f,0f,0f,0f,-0.1976f,-0.9803f,-1.9687f,0f,-0.9803f,0.1976f,-1.6406f,0f,0f,0f,1f],start_interpolation: 0,interpolation_duration: 1}