# This file was generated by Animated Java via MC-Build. It is not recommended to edit this file directly.
$data merge entity $(bone_hair_side) {transformation: [-0.9901f,0.1401f,0.0002f,-0.2969f,0f,0.0018f,-1f,-2.0312f,-0.1401f,-0.9901f,-0.0017f,-1.9531f,0f,0f,0f,1f],start_interpolation: 0,interpolation_duration: 1}
$data merge entity $(bone_hair_side1) {transformation: [-0.9825f,-0.1846f,-0.0245f,0.2969f,0.0324f,-0.0395f,-0.9987f,-2.0312f,0.1834f,-0.982f,0.0448f,-1.9531f,0f,0f,0f,1f],start_interpolation: 0,interpolation_duration: 1}
$data merge entity $(bone_beard) {transformation: [-1f,0f,0f,0f,0f,-0.2005f,-0.9797f,-1.9687f,0f,-0.9797f,0.2005f,-1.6406f,0f,0f,0f,1f],start_interpolation: 0,interpolation_duration: 1}