# This file was generated by Animated Java via MC-Build. It is not recommended to edit this file directly.
$data merge entity $(bone_hair_side) {transformation: [-0.9901f,0.1401f,-0.0001f,-0.2969f,0f,-0.0005f,-1f,0.4063f,-0.1401f,-0.9901f,0.0005f,-1.9531f,0f,0f,0f,1f],start_interpolation: 0,interpolation_duration: 1}
$data merge entity $(bone_hair_side1) {transformation: [-0.9825f,-0.1848f,-0.0242f,0.2969f,0.0324f,-0.0412f,-0.9986f,0.4063f,0.1835f,-0.9819f,0.0465f,-1.9531f,0f,0f,0f,1f],start_interpolation: 0,interpolation_duration: 1}
$data merge entity $(bone_beard) {transformation: [-1f,0f,0f,0f,0f,-0.2048f,-0.9788f,0.4688f,0f,-0.9788f,0.2048f,-1.6406f,0f,0f,0f,1f],start_interpolation: 0,interpolation_duration: 1}