# This file was generated by Animated Java via MC-Build. It is not recommended to edit this file directly.
$data merge entity $(bone_hair_side) {transformation: [-0.9902f,0.14f,-0.0004f,-0.2969f,0f,-0.0031f,-1f,0.4063f,-0.14f,-0.9901f,0.0031f,-1.9531f,0f,0f,0f,1f],start_interpolation: 0,interpolation_duration: 1}
$data merge entity $(bone_hair_side1) {transformation: [-0.9825f,-0.1846f,-0.0239f,0.2969f,0.0324f,-0.0431f,-0.9985f,0.4063f,0.1833f,-0.9819f,0.0484f,-1.9531f,0f,0f,0f,1f],start_interpolation: 0,interpolation_duration: 1}
$data merge entity $(bone_beard) {transformation: [-1f,0f,0f,0f,0f,-0.209f,-0.9779f,0.4688f,0f,-0.9779f,0.209f,-1.6406f,0f,0f,0f,1f],start_interpolation: 0,interpolation_duration: 1}