# This file was generated by Animated Java via MC-Build. It is not recommended to edit this file directly.
$data merge entity $(bone_hair_side) {transformation: [-0.9902f,0.1395f,-0.0009f,-0.2969f,0f,-0.0068f,-1f,0.4063f,-0.1395f,-0.9902f,0.0067f,-1.9531f,0f,0f,0f,1f],start_interpolation: 0,interpolation_duration: 1}
$data merge entity $(bone_hair_side1) {transformation: [-0.9826f,-0.184f,-0.0233f,0.2969f,0.0322f,-0.0459f,-0.9984f,0.4063f,0.1827f,-0.9818f,0.051f,-1.9531f,0f,0f,0f,1f],start_interpolation: 0,interpolation_duration: 1}
$data merge entity $(bone_beard) {transformation: [-1f,0f,0f,0f,0f,-0.2141f,-0.9768f,0.4688f,0f,-0.9768f,0.2141f,-1.6406f,0f,0f,0f,1f],start_interpolation: 0,interpolation_duration: 1}