# This file was generated by Animated Java via MC-Build. It is not recommended to edit this file directly.
$data merge entity $(bone_hair_side) {transformation: [-1f,0f,0f,-0.2969f,0f,0.3961f,-0.9182f,0.954f,0f,-0.9182f,-0.3961f,-1.5209f,0f,0f,0f,1f],start_interpolation: 0,interpolation_duration: 1}
$data merge entity $(bone_hair_side1) {transformation: [-1f,0f,0f,0.2969f,0f,0.3961f,-0.9182f,0.954f,0f,-0.9182f,-0.3961f,-1.5209f,0f,0f,0f,1f],start_interpolation: 0,interpolation_duration: 1}
$data merge entity $(bone_beard) {transformation: [-1f,0f,0f,0f,0f,0.3145f,-0.9492f,0.8345f,0f,-0.9492f,-0.3145f,-1.2255f,0f,0f,0f,1f],start_interpolation: 0,interpolation_duration: 1}
$data merge entity $(bone_head) {transformation: [-1f,0f,0f,0f,0f,0.5495f,-0.8355f,0.651f,0f,-0.8355f,-0.5495f,-1.4583f,0f,0f,0f,1f],start_interpolation: 0,interpolation_duration: 1}
$data merge entity $(bone_body) {transformation: [-1.125f,0f,0f,0f,0f,0.5625f,-0.9743f,0.4792f,0f,-0.9743f,-0.5625f,-1f,0f,0f,0f,1f],start_interpolation: 0,interpolation_duration: 1}
$data merge entity $(bone_left4) {transformation: [-0.9759f,-0.1836f,-0.1178f,0.3923f,0.0275f,0.4322f,-0.9013f,0.4836f,0.2164f,-0.8829f,-0.4168f,-1.0001f,0f,0f,0f,1f],start_interpolation: 0,interpolation_duration: 1}
$data merge entity $(bone_left3) {transformation: [-0.9759f,-0.1836f,-0.1178f,0.2882f,0.0275f,0.4322f,-0.9013f,0.0195f,0.2164f,-0.8829f,-0.4168f,0.0332f,0f,0f,0f,1f],start_interpolation: 0,interpolation_duration: 1}
$data merge entity $(bone_scythe) {transformation: [-1.6881f,-0.1957f,0.1744f,-0.8144f,-0.2422f,0.7301f,-1.5253f,0.4029f,0.1002f,-1.532f,-0.7493f,-1.0088f,0f,0f,0f,1f],start_interpolation: 0,interpolation_duration: 1}
$data merge entity $(bone_right2) {transformation: [0.1021f,0.9822f,0.1576f,-0.4937f,-0.8929f,0.1603f,-0.4208f,0.4694f,-0.4386f,-0.0977f,0.8934f,-1.034f,0f,0f,0f,1f],start_interpolation: 0,interpolation_duration: 1}
$data merge entity $(bone_right1) {transformation: [-0.7939f,0.5799f,0.1827f,-0.8618f,0.1088f,0.4311f,-0.8957f,-0.0226f,-0.5982f,-0.6913f,-0.4054f,-0.1126f,0f,0f,0f,1f],start_interpolation: 0,interpolation_duration: 1}
$data merge entity $(bone_left_leg) {transformation: [-1f,0f,0f,0.125f,0f,0.5495f,-0.8355f,0.3333f,0f,-0.8355f,-0.5495f,-0.7146f,0f,0f,0f,1f],start_interpolation: 0,interpolation_duration: 1}
$data merge entity $(bone_right_leg) {transformation: [-1f,0f,0f,-0.125f,0f,0.5495f,-0.8355f,0.3333f,0f,-0.8355f,-0.5495f,-0.7146f,0f,0f,0f,1f],start_interpolation: 0,interpolation_duration: 1}