# This file was generated by Animated Java via MC-Build. It is not recommended to edit this file directly.
$data merge entity $(bone_hair_side) {transformation: [-0.9903f,0.1387f,-0.0015f,-0.2969f,0f,-0.0105f,-0.9999f,-2.0312f,-0.1387f,-0.9903f,0.0104f,-1.9531f,0f,0f,0f,1f],start_interpolation: 0,interpolation_duration: 1}
$data merge entity $(bone_hair_side1) {transformation: [-0.9828f,-0.1831f,-0.0226f,0.2969f,0.0321f,-0.0487f,-0.9983f,-2.0312f,0.1817f,-0.9819f,0.0537f,-1.9531f,0f,0f,0f,1f],start_interpolation: 0,interpolation_duration: 1}
$data merge entity $(bone_beard) {transformation: [-1f,0f,0f,0f,0f,-0.2185f,-0.9758f,-1.9687f,0f,-0.9758f,0.2185f,-1.6406f,0f,0f,0f,1f],start_interpolation: 0,interpolation_duration: 1}