# This file was generated by Animated Java via MC-Build. It is not recommended to edit this file directly.
$data merge entity $(bone_hair_side) {transformation: [-0.9905f,0.1378f,-0.0019f,-0.2969f,0f,-0.0139f,-0.9999f,0.4063f,-0.1378f,-0.9904f,0.0138f,-1.9531f,0f,0f,0f,1f],start_interpolation: 0,interpolation_duration: 1}
$data merge entity $(bone_hair_side1) {transformation: [-0.9831f,-0.1819f,-0.022f,0.2969f,0.0318f,-0.0513f,-0.9982f,0.4063f,0.1805f,-0.982f,0.0562f,-1.9531f,0f,0f,0f,1f],start_interpolation: 0,interpolation_duration: 1}
$data merge entity $(bone_beard) {transformation: [-1f,0f,0f,0f,0f,-0.2218f,-0.9751f,0.4688f,0f,-0.9751f,0.2218f,-1.6406f,0f,0f,0f,1f],start_interpolation: 0,interpolation_duration: 1}