# This file was generated by Animated Java via MC-Build. It is not recommended to edit this file directly.
$data merge entity $(bone_hair_side) {transformation: [-0.9906f,0.137f,-0.0022f,-0.2969f,0f,-0.0162f,-0.9999f,-2.0312f,-0.137f,-0.9904f,0.0161f,-1.9531f,0f,0f,0f,1f],start_interpolation: 0,interpolation_duration: 1}
$data merge entity $(bone_hair_side1) {transformation: [-0.9833f,-0.1809f,-0.0216f,0.2969f,0.0317f,-0.053f,-0.9981f,-2.0312f,0.1794f,-0.9821f,0.0578f,-1.9531f,0f,0f,0f,1f],start_interpolation: 0,interpolation_duration: 1}
$data merge entity $(bone_beard) {transformation: [-1f,0f,0f,0f,0f,-0.2235f,-0.9747f,-1.9687f,0f,-0.9747f,0.2235f,-1.6406f,0f,0f,0f,1f],start_interpolation: 0,interpolation_duration: 1}