# This file was generated by Animated Java via MC-Build. It is not recommended to edit this file directly.
$data merge entity $(bone_hair_side) {transformation: [-0.9906f,0.1367f,-0.0023f,-0.2969f,0f,-0.0169f,-0.9999f,-2.0312f,-0.1367f,-0.9905f,0.0167f,-1.9531f,0f,0f,0f,1f],start_interpolation: 0,interpolation_duration: 1}
$data merge entity $(bone_hair_side1) {transformation: [-0.9833f,-0.1805f,-0.0214f,0.2969f,0.0316f,-0.0535f,-0.9981f,-2.0312f,0.179f,-0.9821f,0.0583f,-1.9531f,0f,0f,0f,1f],start_interpolation: 0,interpolation_duration: 1}
$data merge entity $(bone_beard) {transformation: [-1f,0f,0f,0f,0f,-0.2238f,-0.9746f,-1.9687f,0f,-0.9746f,0.2238f,-1.6406f,0f,0f,0f,1f],start_interpolation: 0,interpolation_duration: 1}