# This file was generated by Animated Java via MC-Build. It is not recommended to edit this file directly.
$data merge entity $(bone_hair_side) {transformation: [-0.9907f,0.1358f,-0.0025f,-0.2969f,0f,-0.0186f,-0.9998f,0.4063f,-0.1358f,-0.9906f,0.0185f,-1.9531f,0f,0f,0f,1f],start_interpolation: 0,interpolation_duration: 1}
$data merge entity $(bone_hair_side1) {transformation: [-0.9835f,-0.1794f,-0.0211f,0.2969f,0.0314f,-0.0549f,-0.998f,0.4063f,0.1779f,-0.9822f,0.0596f,-1.9531f,0f,0f,0f,1f],start_interpolation: 0,interpolation_duration: 1}
$data merge entity $(bone_beard) {transformation: [-1f,0f,0f,0f,0f,-0.2243f,-0.9745f,0.4688f,0f,-0.9745f,0.2243f,-1.6406f,0f,0f,0f,1f],start_interpolation: 0,interpolation_duration: 1}