# This file was generated by Animated Java via MC-Build. It is not recommended to edit this file directly.
$data merge entity $(bone_hair_side) {transformation: [-0.9909f,0.1346f,-0.0027f,-0.2969f,0f,-0.0201f,-0.9998f,0.4063f,-0.1346f,-0.9907f,0.02f,-1.9531f,0f,0f,0f,1f],start_interpolation: 0,interpolation_duration: 1}
$data merge entity $(bone_hair_side1) {transformation: [-0.9838f,-0.1779f,-0.0207f,0.2969f,0.0311f,-0.056f,-0.9979f,0.4063f,0.1764f,-0.9825f,0.0606f,-1.9531f,0f,0f,0f,1f],start_interpolation: 0,interpolation_duration: 1}
$data merge entity $(bone_beard) {transformation: [-1f,0f,0f,0f,0f,-0.2234f,-0.9747f,0.4688f,0f,-0.9747f,0.2234f,-1.6406f,0f,0f,0f,1f],start_interpolation: 0,interpolation_duration: 1}