# This file was generated by Animated Java via MC-Build. It is not recommended to edit this file directly.
$data merge entity $(bone_hair_side) {transformation: [-1f,0f,0f,-0.2969f,0f,-0.1736f,-0.9848f,0.3281f,0f,-0.9848f,0.1736f,-2.4062f,0f,0f,0f,1f],start_interpolation: 0,interpolation_duration: 1}
$data merge entity $(bone_hair_side1) {transformation: [-1f,0f,0f,0.2969f,0f,-0.1736f,-0.9848f,0.3281f,0f,-0.9848f,0.1736f,-2.4062f,0f,0f,0f,1f],start_interpolation: 0,interpolation_duration: 1}
$data merge entity $(bone_beard) {transformation: [-1f,0f,0f,0f,0f,-0.3007f,-0.9537f,0.3906f,0f,-0.9537f,0.3007f,-2.0937f,0f,0f,0f,1f],start_interpolation: 0,interpolation_duration: 1}
$data merge entity $(bone_head) {transformation: [-1f,0f,0f,0f,0f,0f,-1f,0.1094f,0f,-1f,0f,-2.1875f,0f,0f,0f,1f],start_interpolation: 0,interpolation_duration: 1}
$data merge entity $(bone_body) {transformation: [-1.125f,0f,0f,0f,0f,0f,-1.125f,0.1875f,0f,-1.125f,0f,-1.5f,0f,0f,0f,1f],start_interpolation: 0,interpolation_duration: 1}
$data merge entity $(bone_left4) {transformation: [-0.9361f,-0.3339f,-0.1104f,0.4558f,0.1428f,-0.074f,-0.987f,0.2101f,0.3214f,-0.9397f,0.117f,-1.6078f,0f,0f,0f,1f],start_interpolation: 0,interpolation_duration: 1}
$data merge entity $(bone_left3) {transformation: [-0.9361f,-0.3339f,-0.1104f,0.5284f,0.1428f,-0.074f,-0.987f,0.3357f,0.3214f,-0.9397f,0.117f,-0.4795f,0f,0f,0f,1f],start_interpolation: 0,interpolation_duration: 1}
$data merge entity $(bone_scythe) {transformation: [-1.6667f,0.3667f,0.0786f,-0.8869f,-0.0662f,0.0648f,-1.7058f,0.113f,-0.3692f,-1.6672f,-0.049f,-1.7536f,0f,0f,0f,1f],start_interpolation: 0,interpolation_duration: 1}
$data merge entity $(bone_right2) {transformation: [0.046f,0.984f,-0.1719f,-0.5647f,-0.9985f,0.0404f,-0.0362f,0.1419f,-0.0287f,0.1733f,0.9844f,-1.6963f,0f,0f,0f,1f],start_interpolation: 0,interpolation_duration: 1}
$data merge entity $(bone_right1) {transformation: [-0.5641f,0.8072f,0.1741f,-1.2461f,-0.0949f,0.1461f,-0.9847f,0.0163f,-0.8203f,-0.572f,-0.0058f,-0.8322f,0f,0f,0f,1f],start_interpolation: 0,interpolation_duration: 1}
$data merge entity $(bone_left_leg) {transformation: [-1f,0f,0f,0.125f,0f,0.0872f,-0.9962f,0.125f,0f,-0.9962f,-0.0872f,-1.0687f,0f,0f,0f,1f],start_interpolation: 0,interpolation_duration: 1}
$data merge entity $(bone_right_leg) {transformation: [-1f,0f,0f,-0.125f,0f,0.0872f,-0.9962f,0.125f,0f,-0.9962f,-0.0872f,-1.0687f,0f,0f,0f,1f],start_interpolation: 0,interpolation_duration: 1}