# This file was generated by Animated Java via MC-Build. It is not recommended to edit this file directly.
$data merge entity $(bone_hair_side) {transformation: [-0.991f,0.1335f,-0.0027f,-0.2969f,0f,-0.0204f,-0.9998f,-2.0312f,-0.1335f,-0.9908f,0.0202f,-1.9531f,0f,0f,0f,1f],start_interpolation: 0,interpolation_duration: 1}
$data merge entity $(bone_hair_side1) {transformation: [-0.9841f,-0.1764f,-0.0205f,0.2969f,0.0308f,-0.0562f,-0.9979f,-2.0312f,0.1749f,-0.9827f,0.0608f,-1.9531f,0f,0f,0f,1f],start_interpolation: 0,interpolation_duration: 1}
$data merge entity $(bone_beard) {transformation: [-1f,0f,0f,0f,0f,-0.2204f,-0.9754f,-1.9687f,0f,-0.9754f,0.2204f,-1.6406f,0f,0f,0f,1f],start_interpolation: 0,interpolation_duration: 1}