# This file was generated by Animated Java via MC-Build. It is not recommended to edit this file directly.
$data merge entity $(bone_hair_side) {transformation: [-0.9913f,0.132f,-0.0024f,-0.2969f,0.0001f,-0.017f,-0.9999f,-2.031f,-0.132f,-0.9911f,0.0168f,-1.9529f,0f,0f,0f,1f],start_interpolation: 0,interpolation_duration: 1}
$data merge entity $(bone_hair_side1) {transformation: [-0.9845f,-0.1744f,-0.0206f,0.2969f,0.0303f,-0.0534f,-0.9981f,-2.031f,0.173f,-0.9832f,0.0579f,-1.9529f,0f,0f,0f,1f],start_interpolation: 0,interpolation_duration: 1}
$data merge entity $(bone_beard) {transformation: [-1f,0f,0f,0f,0f,-0.2103f,-0.9776f,-1.9689f,0f,-0.9776f,0.2103f,-1.6403f,0f,0f,0f,1f],start_interpolation: 0,interpolation_duration: 1}
$data merge entity $(bone_head) {transformation: [-1f,0f,0f,0f,0f,0.0011f,-1f,-2.25f,0f,-1f,-0.0011f,-1.7344f,0f,0f,0f,1f],start_interpolation: -1,interpolation_duration: 0}
$data merge entity $(bone_left4) {transformation: [-0.501f,-0.8586f,-0.1086f,0.5459f,-0.0045f,0.1281f,-0.9918f,-2.2859f,0.8654f,-0.4964f,-0.068f,-1.2869f,0f,0f,0f,1f],start_interpolation: 0,interpolation_duration: 1}
$data merge entity $(bone_left3) {transformation: [-0.501f,-0.8586f,-0.1086f,1.3285f,-0.0045f,0.1281f,-0.9918f,-2.4274f,0.8654f,-0.4964f,-0.068f,-0.4736f,0f,0f,0f,1f],start_interpolation: -1,interpolation_duration: 0}
$data merge entity $(bone_aura) {transformation: [-2.3471f,0.3054f,0.1962f,-2.0822f,-0.1888f,0.0689f,-2.3665f,-2.3653f,-0.31f,-2.3543f,-0.0438f,-2.5391f,0f,0f,0f,1f],start_interpolation: 0,interpolation_duration: 1}
$data merge entity $(bone_scythe) {transformation: [-1.6883f,0.2197f,0.1411f,-0.9137f,-0.1358f,0.0495f,-1.7022f,-2.29f,-0.223f,-1.6934f,-0.0315f,-1.3765f,0f,0f,0f,1f],start_interpolation: -1,interpolation_duration: 0}
$data merge entity $(bone_right2) {transformation: [0.0826f,0.9733f,-0.2142f,-0.5956f,-0.9964f,0.0767f,-0.0358f,-2.2492f,-0.0184f,0.2164f,0.9761f,-1.3052f,0f,0f,0f,1f],start_interpolation: -1,interpolation_duration: 0}
$data merge entity $(bone_right1) {transformation: [-0.4233f,0.906f,-0.0025f,-1.426f,0.0006f,-0.0025f,-1f,-2.2468f,-0.906f,-0.4233f,0.0005f,-0.5724f,0f,0f,0f,1f],start_interpolation: -1,interpolation_duration: 0}
data modify entity @s data merge value {"cameras":{},"locators":{"scythe_blade":{"posx":-1.4309969327582064,"posy":-2.3102973387177723,"posz":-2.5948920741817805,"roty":77.41884528227018,"rotx":-85.14546982461611},"scythe_pole":{"posx":-0.8721285708156924,"posy":-2.2828242298081562,"posz":-1.5758366869203562,"roty":77.41884528227018,"rotx":-85.14546982461611}}}