# This file was generated by Animated Java via MC-Build. It is not recommended to edit this file directly.
$data merge entity $(bone_hair_side) {transformation: [-0.9913f,0.1314f,-0.002f,-0.2969f,0.0017f,-0.0026f,-1f,0.409f,-0.1314f,-0.9913f,0.0024f,-1.9503f,0f,0f,0f,1f],start_interpolation: 0,interpolation_duration: 1}
$data merge entity $(bone_hair_side1) {transformation: [-0.9846f,-0.1735f,-0.0208f,0.2969f,0.0281f,-0.0398f,-0.9988f,0.409f,0.1725f,-0.984f,0.0441f,-1.9503f,0f,0f,0f,1f],start_interpolation: 0,interpolation_duration: 1}
$data merge entity $(bone_beard) {transformation: [-1f,0f,0f,0f,0f,-0.192f,-0.9814f,0.4675f,0f,-0.9814f,0.192f,-1.637f,0f,0f,0f,1f],start_interpolation: 0,interpolation_duration: 1}
$data merge entity $(bone_head) {transformation: [-1f,0f,0f,0f,0f,0.0129f,-0.9999f,0.1875f,0f,-0.9999f,-0.0129f,-1.7344f,0f,0f,0f,1f],start_interpolation: 0,interpolation_duration: 1}
$data merge entity $(bone_left4) {transformation: [-0.5104f,-0.856f,-0.0817f,0.5451f,-0.0118f,0.102f,-0.9947f,0.1588f,0.8598f,-0.5068f,-0.0622f,-1.2841f,0f,0f,0f,1f],start_interpolation: 0,interpolation_duration: 1}
$data merge entity $(bone_left3) {transformation: [-0.5104f,-0.856f,-0.0817f,1.3219f,-0.0118f,0.102f,-0.9947f,0.0435f,0.8598f,-0.5068f,-0.0622f,-0.4611f,0f,0f,0f,1f],start_interpolation: 0,interpolation_duration: 1}
$data merge entity $(bone_aura) {transformation: [-2.3539f,0.2875f,0.131f,-2.0938f,-0.1261f,0.0476f,-2.3712f,0.1147f,-0.2897f,-2.3571f,-0.032f,-2.5239f,0f,0f,0f,1f],start_interpolation: 0,interpolation_duration: 1}
$data merge entity $(bone_scythe) {transformation: [-1.6931f,0.2068f,0.0942f,-0.914f,-0.0907f,0.0343f,-1.7056f,0.1644f,-0.2084f,-1.6954f,-0.023f,-1.3714f,0f,0f,0f,1f],start_interpolation: 0,interpolation_duration: 1}
$data merge entity $(bone_right2) {transformation: [0.0552f,0.9768f,-0.207f,-0.5944f,-0.9984f,0.0512f,-0.0246f,0.1967f,-0.0135f,0.208f,0.978f,-1.3029f,0f,0f,0f,1f],start_interpolation: 0,interpolation_duration: 1}
$data merge entity $(bone_right1) {transformation: [-0.4307f,0.902f,-0.0298f,-1.4182f,0.0073f,-0.0296f,-0.9995f,0.2259f,-0.9025f,-0.4307f,0.0062f,-0.5633f,0f,0f,0f,1f],start_interpolation: 0,interpolation_duration: 1}
data modify entity @s data merge value {"cameras":{},"locators":{"scythe_blade":{"posx":-1.4418524760818603,"posy":0.1515602793530255,"posz":-2.585323545791056,"roty":76.29155496296443,"rotx":-86.74539769242077},"scythe_pole":{"posx":-0.8739524989995822,"posy":0.16926569557491178,"posz":-1.5710560099474022,"roty":76.29155496296443,"rotx":-86.74539769242077}}}