# This file was generated by Animated Java via MC-Build. It is not recommended to edit this file directly.
$data merge entity $(bone_hair_side) {transformation: [-0.9914f,0.1305f,0f,-0.2969f,0.0124f,0.0944f,-0.9955f,0.4261f,-0.1299f,-0.9869f,-0.0952f,-1.9313f,0f,0f,0f,1f],start_interpolation: 0,interpolation_duration: 1}
$data merge entity $(bone_hair_side1) {transformation: [-0.9848f,-0.1722f,-0.0227f,0.2969f,0.0137f,0.0529f,-0.9985f,0.4261f,0.1731f,-0.9836f,-0.0497f,-1.9313f,0f,0f,0f,1f],start_interpolation: 0,interpolation_duration: 1}
$data merge entity $(bone_beard) {transformation: [-1f,0f,0f,0f,0f,-0.0791f,-0.9969f,0.4585f,0f,-0.9969f,0.0791f,-1.6143f,0f,0f,0f,1f],start_interpolation: 0,interpolation_duration: 1}
$data merge entity $(bone_head) {transformation: [-1f,0f,0f,0f,0f,0.0952f,-0.9955f,0.1875f,0f,-0.9955f,-0.0952f,-1.7344f,0f,0f,0f,1f],start_interpolation: 0,interpolation_duration: 1}
$data merge entity $(bone_left4) {transformation: [-0.486f,-0.872f,-0.0579f,0.5499f,-0.0027f,0.0678f,-0.9977f,0.1685f,0.8739f,-0.4848f,-0.0353f,-1.2901f,0f,0f,0f,1f],start_interpolation: 0,interpolation_duration: 1}
$data merge entity $(bone_left3) {transformation: [-0.486f,-0.872f,-0.0579f,1.3518f,-0.0027f,0.0678f,-0.9977f,0.0936f,0.8739f,-0.4848f,-0.0353f,-0.4867f,0f,0f,0f,1f],start_interpolation: 0,interpolation_duration: 1}
$data merge entity $(bone_scythe) {transformation: [-1.6168f,-0.5184f,-0.1887f,-0.9167f,0.1791f,0.0592f,-1.6979f,0.2284f,0.5218f,-1.6267f,-0.0017f,-1.2373f,0f,0f,0f,1f],start_interpolation: 0,interpolation_duration: 1}
$data merge entity $(bone_right2) {transformation: [-0.1104f,0.9693f,0.2198f,-0.597f,-0.9939f,-0.1075f,-0.0254f,0.2087f,-0.001f,-0.2213f,0.9752f,-1.3099f,0f,0f,0f,1f],start_interpolation: 0,interpolation_duration: 1}
$data merge entity $(bone_right1) {transformation: [-0.4094f,0.9103f,-0.0619f,-1.4362f,0f,-0.0678f,-0.9977f,0.2808f,-0.9124f,-0.4084f,0.0278f,-0.5908f,0f,0f,0f,1f],start_interpolation: 0,interpolation_duration: 1}