# This file was generated by Animated Java via MC-Build. It is not recommended to edit this file directly.
$data merge entity $(bone_hair_side) {transformation: [-0.9914f,0.1311f,-0.0017f,-0.2969f,0.003f,0.0094f,-1f,0.4111f,-0.131f,-0.9913f,-0.0097f,-1.9481f,0f,0f,0f,1f],start_interpolation: 0,interpolation_duration: 1}
$data merge entity $(bone_hair_side1) {transformation: [-0.9847f,-0.1731f,-0.0211f,0.2969f,0.0264f,-0.0285f,-0.9992f,0.4111f,0.1724f,-0.9845f,0.0327f,-1.9481f,0f,0f,0f,1f],start_interpolation: 0,interpolation_duration: 1}
$data merge entity $(bone_beard) {transformation: [-1f,0f,0f,0f,0f,-0.177f,-0.9842f,0.4666f,0f,-0.9842f,0.177f,-1.6343f,0f,0f,0f,1f],start_interpolation: 0,interpolation_duration: 1}
$data merge entity $(bone_head) {transformation: [-1f,0f,0f,0f,0f,0.0225f,-0.9997f,0.1875f,0f,-0.9997f,-0.0225f,-1.7344f,0f,0f,0f,1f],start_interpolation: 0,interpolation_duration: 1}
$data merge entity $(bone_left4) {transformation: [-0.5181f,-0.8533f,-0.0598f,0.5442f,-0.0179f,0.0806f,-0.9966f,0.1647f,0.8552f,-0.5152f,-0.057f,-1.2818f,0f,0f,0f,1f],start_interpolation: 0,interpolation_duration: 1}
$data merge entity $(bone_left3) {transformation: [-0.5181f,-0.8533f,-0.0598f,1.3156f,-0.0179f,0.0806f,-0.9966f,0.0709f,0.8552f,-0.5152f,-0.057f,-0.451f,0f,0f,0f,1f],start_interpolation: 0,interpolation_duration: 1}
$data merge entity $(bone_scythe) {transformation: [-2.3581f,0.2721f,0.0778f,-0.9139f,-0.0748f,0.0303f,-2.3736f,0.1781f,-0.2729f,-2.3592f,-0.0215f,-1.3671f,0f,0f,0f,1f],start_interpolation: 0,interpolation_duration: 1}
$data merge entity $(bone_right2) {transformation: [0.0327f,0.9791f,-0.2007f,-0.5932f,-0.9994f,0.0303f,-0.0154f,0.2037f,-0.009f,0.2011f,0.9795f,-1.301f,0f,0f,0f,1f],start_interpolation: 0,interpolation_duration: 1}
$data merge entity $(bone_right1) {transformation: [-0.4367f,0.8981f,-0.0521f,-1.4109f,0.0127f,-0.0518f,-0.9986f,0.2547f,-0.8995f,-0.4367f,0.0112f,-0.5559f,0f,0f,0f,1f],start_interpolation: 0,interpolation_duration: 1}
data modify entity @s data merge value {"cameras":{},"locators":{"scythe_blade":{"posx":-1.450331433444258,"posy":0.17151570582891243,"posz":-2.5773735466843686,"roty":74.55552667615457,"rotx":-88.05357874383512},"scythe_pole":{"posx":-0.8751352939492152,"posy":0.1812145365955395,"posz":-1.567117225847048,"roty":74.55552667615457,"rotx":-88.05357874383512}}}