# This file was generated by Animated Java via MC-Build. It is not recommended to edit this file directly.
$data merge entity $(bone_hair_side) {transformation: [-0.9914f,0.1309f,-0.0015f,-0.2969f,0.0034f,0.0145f,-0.9999f,0.4119f,-0.1309f,-0.9913f,-0.0148f,-1.9473f,0f,0f,0f,1f],start_interpolation: 0,interpolation_duration: 1}
$data merge entity $(bone_hair_side1) {transformation: [-0.9847f,-0.1729f,-0.0212f,0.2969f,0.0257f,-0.0238f,-0.9994f,0.4119f,0.1723f,-0.9847f,0.0279f,-1.9473f,0f,0f,0f,1f],start_interpolation: 0,interpolation_duration: 1}
$data merge entity $(bone_beard) {transformation: [-1f,0f,0f,0f,0f,-0.1703f,-0.9854f,0.4662f,0f,-0.9854f,0.1703f,-1.6333f,0f,0f,0f,1f],start_interpolation: 0,interpolation_duration: 1}
$data merge entity $(bone_head) {transformation: [-1f,0f,0f,0f,0f,0.0263f,-0.9997f,0.1875f,0f,-0.9997f,-0.0263f,-1.7344f,0f,0f,0f,1f],start_interpolation: 0,interpolation_duration: 1}
$data merge entity $(bone_left4) {transformation: [-0.521f,-0.852f,-0.0512f,0.5438f,-0.0202f,0.0723f,-0.9972f,0.167f,0.8533f,-0.5185f,-0.0549f,-1.2809f,0f,0f,0f,1f],start_interpolation: 0,interpolation_duration: 1}
$data merge entity $(bone_left3) {transformation: [-0.521f,-0.852f,-0.0512f,1.3129f,-0.0202f,0.0723f,-0.9972f,0.0816f,0.8533f,-0.5185f,-0.0549f,-0.4471f,0f,0f,0f,1f],start_interpolation: 0,interpolation_duration: 1}
$data merge entity $(bone_scythe) {transformation: [-2.3594f,0.2659f,0.0571f,-0.9138f,-0.0548f,0.0235f,-2.3743f,0.1835f,-0.2664f,-2.3599f,-0.0172f,-1.3655f,0f,0f,0f,1f],start_interpolation: 0,interpolation_duration: 1}
$data merge entity $(bone_right2) {transformation: [0.024f,0.9799f,-0.1981f,-0.5926f,-0.9997f,0.0221f,-0.0119f,0.2064f,-0.0072f,0.1983f,0.9801f,-1.3003f,0f,0f,0f,1f],start_interpolation: 0,interpolation_duration: 1}
$data merge entity $(bone_right1) {transformation: [-0.439f,0.8964f,-0.0608f,-1.4079f,0.0148f,-0.0604f,-0.9981f,0.2659f,-0.8984f,-0.439f,0.0132f,-0.5531f,0f,0f,0f,1f],start_interpolation: 0,interpolation_duration: 1}
data modify entity @s data merge value {"cameras":{},"locators":{"scythe_blade":{"posx":-1.4535304456633311,"posy":0.17928092957654945,"posz":-2.5742539487397784,"roty":73.21635900653696,"rotx":-88.5616357063574},"scythe_pole":{"posx":-0.8755199132311003,"posy":0.18586275685530582,"posz":-1.5655800648966993,"roty":73.21635900653696,"rotx":-88.5616357063574}}}