# This file was generated by Animated Java via MC-Build. It is not recommended to edit this file directly.
$data merge entity $(bone_hair_side) {transformation: [-0.9914f,0.1307f,-0.0011f,-0.2969f,0.0038f,0.0204f,-0.9998f,-2.025f,-0.1307f,-0.9912f,-0.0207f,-1.9467f,0f,0f,0f,1f],start_interpolation: 0,interpolation_duration: 1}
$data merge entity $(bone_hair_side1) {transformation: [-0.9848f,-0.1725f,-0.0216f,0.2969f,0.0252f,-0.0187f,-0.9995f,-2.025f,0.1721f,-0.9848f,0.0228f,-1.9467f,0f,0f,0f,1f],start_interpolation: 0,interpolation_duration: 1}
$data merge entity $(bone_beard) {transformation: [-1f,0f,0f,0f,0f,-0.161f,-0.987f,-1.9716f,0f,-0.987f,0.161f,-1.6325f,0f,0f,0f,1f],start_interpolation: 0,interpolation_duration: 1}
$data merge entity $(bone_head) {transformation: [-1f,0f,0f,0f,0f,0.029f,-0.9996f,-2.25f,0f,-0.9996f,-0.029f,-1.7344f,0f,0f,0f,1f],start_interpolation: 0,interpolation_duration: 1}
$data merge entity $(bone_left4) {transformation: [-0.5231f,-0.8511f,-0.0452f,0.5435f,-0.0219f,0.0664f,-0.9976f,-2.2689f,0.852f,-0.5208f,-0.0533f,-1.2803f,0f,0f,0f,1f],start_interpolation: 0,interpolation_duration: 1}
$data merge entity $(bone_left3) {transformation: [-0.5231f,-0.8511f,-0.0452f,1.3109f,-0.0219f,0.0664f,-0.9976f,-2.3483f,0.852f,-0.5208f,-0.0533f,-0.4443f,0f,0f,0f,1f],start_interpolation: 0,interpolation_duration: 1}
$data merge entity $(bone_aura) {transformation: [-2.3602f,0.2614f,0.0423f,-2.1079f,-0.0405f,0.0187f,-2.3746f,-2.2647f,-0.2617f,-2.3605f,-0.0141f,-2.5028f,0f,0f,0f,1f],start_interpolation: 0,interpolation_duration: 1}
$data merge entity $(bone_scythe) {transformation: [-1.6977f,0.1881f,0.0304f,-0.9137f,-0.0291f,0.0134f,-1.708f,-2.2502f,-0.1883f,-1.6979f,-0.0101f,-1.3643f,0f,0f,0f,1f],start_interpolation: 0,interpolation_duration: 1}
$data merge entity $(bone_right2) {transformation: [0.0178f,0.9804f,-0.1963f,-0.5922f,-0.9998f,0.0163f,-0.0093f,-2.2292f,-0.0059f,0.1964f,0.9805f,-1.2998f,0f,0f,0f,1f],start_interpolation: 0,interpolation_duration: 1}
$data merge entity $(bone_right1) {transformation: [-0.4406f,0.8952f,-0.0669f,-1.4057f,0.0163f,-0.0665f,-0.9977f,-2.1636f,-0.8975f,-0.4407f,0.0147f,-0.5511f,0f,0f,0f,1f],start_interpolation: 0,interpolation_duration: 1}
data modify entity @s data merge value {"cameras":{},"locators":{"scythe_blade":{"posx":-1.4557816431161967,"posy":-2.2526712052539515,"posz":-2.5720164257077918,"roty":71.57324541056092,"rotx":-88.92384016667927},"scythe_pole":{"posx":-0.8757687847148408,"posy":-2.248316890774963,"posz":-1.5644805087130151,"roty":71.57324541056092,"rotx":-88.92384016667927}}}