# This file was generated by Animated Java via MC-Build. It is not recommended to edit this file directly.
$data merge entity $(bone_hair_side) {transformation: [-0.9914f,0.1306f,-0.0008f,-0.2969f,0.0035f,0.0201f,-0.9998f,0.412f,-0.1306f,-0.9912f,-0.0204f,-1.9472f,0f,0f,0f,1f],start_interpolation: 0,interpolation_duration: 1}
$data merge entity $(bone_hair_side1) {transformation: [-0.9848f,-0.1724f,-0.0218f,0.2969f,0.0256f,-0.0194f,-0.9995f,0.412f,0.1719f,-0.9848f,0.0236f,-1.9472f,0f,0f,0f,1f],start_interpolation: 0,interpolation_duration: 1}
$data merge entity $(bone_beard) {transformation: [-1f,0f,0f,0f,0f,-0.1595f,-0.9872f,0.4661f,0f,-0.9872f,0.1595f,-1.6331f,0f,0f,0f,1f],start_interpolation: 0,interpolation_duration: 1}
$data merge entity $(bone_head) {transformation: [-1f,0f,0f,0f,0f,0.0268f,-0.9996f,0.1875f,0f,-0.9996f,-0.0268f,-1.7344f,0f,0f,0f,1f],start_interpolation: 0,interpolation_duration: 1}
$data merge entity $(bone_left4) {transformation: [-0.5214f,-0.8518f,-0.05f,0.5438f,-0.0205f,0.0711f,-0.9973f,0.1673f,0.853f,-0.519f,-0.0546f,-1.2808f,0f,0f,0f,1f],start_interpolation: 0,interpolation_duration: 1}
$data merge entity $(bone_left3) {transformation: [-0.5214f,-0.8518f,-0.05f,1.3125f,-0.0205f,0.0711f,-0.9973f,0.0831f,0.853f,-0.519f,-0.0546f,-0.4466f,0f,0f,0f,1f],start_interpolation: 0,interpolation_duration: 1}
$data merge entity $(bone_scythe) {transformation: [-2.3595f,0.265f,0.0541f,-0.9138f,-0.0519f,0.0225f,-2.3743f,0.1843f,-0.2655f,-2.3601f,-0.0166f,-1.3653f,0f,0f,0f,1f],start_interpolation: 0,interpolation_duration: 1}
$data merge entity $(bone_right2) {transformation: [0.0228f,0.98f,-0.1978f,-0.5926f,-0.9997f,0.021f,-0.0114f,0.2068f,-0.007f,0.198f,0.9802f,-1.3002f,0f,0f,0f,1f],start_interpolation: 0,interpolation_duration: 1}
$data merge entity $(bone_right1) {transformation: [-0.4393f,0.8962f,-0.062f,-1.4075f,0.0151f,-0.0616f,-0.998f,0.2675f,-0.8982f,-0.4394f,0.0135f,-0.5527f,0f,0f,0f,1f],start_interpolation: 0,interpolation_duration: 1}
data modify entity @s data merge value {"cameras":{},"locators":{"scythe_blade":{"posx":-1.4539829407145932,"posy":0.18039042393272198,"posz":-2.5738070540177382,"roty":72.95288745738239,"rotx":-88.63414224043306},"scythe_pole":{"posx":-0.8755714115839707,"posy":0.1865268196901662,"posz":-1.5653602544215066,"roty":72.95288745738239,"rotx":-88.63414224043306}}}