# This file was generated by Animated Java via MC-Build. It is not recommended to edit this file directly.
$data merge entity $(bone_hair_side) {transformation: [-0.9914f,0.1306f,-0.0006f,-0.2969f,0.0028f,0.017f,-0.9999f,-2.0266f,-0.1305f,-0.9913f,-0.0172f,-1.9483f,0f,0f,0f,1f],start_interpolation: 0,interpolation_duration: 1}
$data merge entity $(bone_hair_side1) {transformation: [-0.9848f,-0.1723f,-0.0221f,0.2969f,0.0265f,-0.0231f,-0.9994f,-2.0266f,0.1717f,-0.9848f,0.0273f,-1.9483f,0f,0f,0f,1f],start_interpolation: 0,interpolation_duration: 1}
$data merge entity $(bone_beard) {transformation: [-1f,0f,0f,0f,0f,-0.1607f,-0.987f,-1.9708f,0f,-0.987f,0.1607f,-1.6346f,0f,0f,0f,1f],start_interpolation: 0,interpolation_duration: 1}
$data merge entity $(bone_head) {transformation: [-1f,0f,0f,0f,0f,0.0216f,-0.9998f,-2.25f,0f,-0.9998f,-0.0216f,-1.7344f,0f,0f,0f,1f],start_interpolation: 0,interpolation_duration: 1}
$data merge entity $(bone_left4) {transformation: [-0.5173f,-0.8535f,-0.0618f,0.5443f,-0.0173f,0.0826f,-0.9964f,-2.2734f,0.8556f,-0.5144f,-0.0575f,-1.282f,0f,0f,0f,1f],start_interpolation: 0,interpolation_duration: 1}
$data merge entity $(bone_left3) {transformation: [-0.5173f,-0.8535f,-0.0618f,1.3162f,-0.0173f,0.0826f,-0.9964f,-2.3691f,0.8556f,-0.5144f,-0.0575f,-0.452f,0f,0f,0f,1f],start_interpolation: 0,interpolation_duration: 1}
$data merge entity $(bone_aura) {transformation: [-2.3577f,0.2736f,0.0827f,-2.1017f,-0.0795f,0.0319f,-2.3735f,-2.2912f,-0.2745f,-2.359f,-0.0225f,-2.5125f,0f,0f,0f,1f],start_interpolation: 0,interpolation_duration: 1}
$data merge entity $(bone_scythe) {transformation: [-1.6959f,0.1968f,0.0595f,-0.9139f,-0.0572f,0.0229f,-1.7072f,-2.2606f,-0.1974f,-1.6968f,-0.0162f,-1.3675f,0f,0f,0f,1f],start_interpolation: 0,interpolation_duration: 1}
$data merge entity $(bone_right2) {transformation: [0.0348f,0.9789f,-0.2013f,-0.5933f,-0.9993f,0.0322f,-0.0163f,-2.2345f,-0.0095f,0.2017f,0.9794f,-1.3012f,0f,0f,0f,1f],start_interpolation: 0,interpolation_duration: 1}
$data merge entity $(bone_right1) {transformation: [-0.4361f,0.8985f,-0.0501f,-1.4117f,0.0122f,-0.0497f,-0.9987f,-2.1855f,-0.8998f,-0.4361f,0.0107f,-0.5566f,0f,0f,0f,1f],start_interpolation: 0,interpolation_duration: 1}
data modify entity @s data merge value {"cameras":{},"locators":{"scythe_blade":{"posx":-1.449561633416824,"posy":-2.267832809868829,"posz":-2.57811404678726,"roty":74.78820810245443,"rotx":-87.93252514391224},"scythe_pole":{"posx":-0.8750374951189922,"posy":-2.2573921024719574,"posz":-1.5674828053632746,"roty":74.78820810245443,"rotx":-87.93252514391224}}}