# This file was generated by Animated Java via MC-Build. It is not recommended to edit this file directly.
$data merge entity $(bone_hair_side) {transformation: [-0.9914f,0.1305f,0f,-0.2969f,0f,0f,-1f,0.4063f,-0.1305f,-0.9914f,0f,-1.9531f,0f,0f,0f,1f],start_interpolation: 0,interpolation_duration: 1}
$data merge entity $(bone_hair_side1) {transformation: [-0.9848f,-0.1722f,-0.0227f,0.2969f,0.0302f,-0.041f,-0.9987f,0.4063f,0.171f,-0.9842f,0.0456f,-1.9531f,0f,0f,0f,1f],start_interpolation: 0,interpolation_duration: 1}
$data merge entity $(bone_beard) {transformation: [-1f,0f,0f,0f,0f,-0.1736f,-0.9848f,0.4688f,0f,-0.9848f,0.1736f,-1.6406f,0f,0f,0f,1f],start_interpolation: 0,interpolation_duration: 1}
$data merge entity $(bone_head) {transformation: [-1f,0f,0f,0f,0f,0f,-1f,0.1875f,0f,-1f,0f,-1.7344f,0f,0f,0f,1f],start_interpolation: 0,interpolation_duration: 1}
$data merge entity $(bone_left4) {transformation: [-0.5001f,-0.8588f,-0.1111f,0.546f,-0.0038f,0.1304f,-0.9914f,0.151f,0.8659f,-0.4954f,-0.0685f,-1.2872f,0f,0f,0f,1f],start_interpolation: 0,interpolation_duration: 1}
$data merge entity $(bone_left3) {transformation: [-0.5001f,-0.8588f,-0.1111f,1.329f,-0.0038f,0.1304f,-0.9914f,0.0071f,0.8659f,-0.4954f,-0.0685f,-0.4747f,0f,0f,0f,1f],start_interpolation: 0,interpolation_duration: 1}
$data merge entity $(bone_aura) {transformation: [-2.3464f,0.307f,0.2021f,-2.0811f,-0.1945f,0.0708f,-2.366f,0.0683f,-0.3118f,-2.354f,-0.0448f,-2.5405f,0f,0f,0f,1f],start_interpolation: 0,interpolation_duration: 1}
$data merge entity $(bone_scythe) {transformation: [-1.6878f,0.2208f,0.1454f,-0.9136f,-0.1399f,0.0509f,-1.7018f,0.146f,-0.2243f,-1.6932f,-0.0322f,-1.377f,0f,0f,0f,1f],start_interpolation: 0,interpolation_duration: 1}
$data merge entity $(bone_right2) {transformation: [0.0851f,0.9729f,-0.2149f,-0.5957f,-0.9962f,0.079f,-0.0368f,0.1875f,-0.0189f,0.2172f,0.9759f,-1.3054f,0f,0f,0f,1f],start_interpolation: 0,interpolation_duration: 1}
$data merge entity $(bone_right1) {transformation: [-0.4226f,0.9063f,0f,-1.4266f,0f,0f,-1f,0.1875f,-0.9063f,-0.4226f,0f,-0.5732f,0f,0f,0f,1f],start_interpolation: 0,interpolation_duration: 1}
data modify entity @s data merge value {"cameras":{},"locators":{"scythe_blade":{"posx":-1.4299833275468032,"posy":0.12499050127844098,"posz":-2.595753489633969,"roty":77.4999999999997,"rotx":-85.00000000000007},"scythe_pole":{"posx":-0.8719421650965012,"posy":0.15335052609824384,"posz":-1.5762691739118808,"roty":77.4999999999997,"rotx":-85.00000000000007}}}