# This file was generated by Animated Java via MC-Build. It is not recommended to edit this file directly.
$data merge entity $(bone_hair_side) {transformation: [-0.9914f,0.1306f,0.0015f,-0.2969f,0.0012f,0.0203f,-0.9998f,-1.9972f,-0.1306f,-0.9912f,-0.0203f,-1.9507f,0f,0f,0f,1f],start_interpolation: 0,interpolation_duration: 1}
$data merge entity $(bone_hair_side1) {transformation: [-0.9848f,-0.1721f,-0.0241f,0.2969f,0.0286f,-0.0235f,-0.9993f,-1.9972f,0.1714f,-0.9848f,0.028f,-1.9507f,0f,0f,0f,1f],start_interpolation: 0,interpolation_duration: 1}
$data merge entity $(bone_beard) {transformation: [-1f,0f,0f,0f,0f,-0.1435f,-0.9896f,-1.9376f,0f,-0.9896f,0.1435f,-1.6376f,0f,0f,0f,1f],start_interpolation: 0,interpolation_duration: 1}
$data merge entity $(bone_head) {transformation: [-1f,0f,0f,0f,0f,0.0094f,-1f,-2.218f,0f,-1f,-0.0094f,-1.734f,0f,0f,0f,1f],start_interpolation: 0,interpolation_duration: 1}
$data merge entity $(bone_body) {transformation: [-1.125f,0f,0f,0f,0f,0.0242f,-1.1247f,-2.2325f,0f,-1.1247f,-0.0242f,-1.0623f,0f,0f,0f,1f],start_interpolation: -1,interpolation_duration: 0}
$data merge entity $(bone_left4) {transformation: [-0.4901f,-0.8607f,-0.1383f,0.5467f,-0.0149f,0.1669f,-0.9859f,-2.2713f,0.8716f,-0.4811f,-0.0946f,-1.2908f,0f,0f,0f,1f],start_interpolation: 0,interpolation_duration: 1}
$data merge entity $(bone_left3) {transformation: [-0.4901f,-0.8607f,-0.1383f,1.3349f,-0.0149f,0.1669f,-0.9859f,-2.4584f,0.8716f,-0.4811f,-0.0946f,-0.4923f,0f,0f,0f,1f],start_interpolation: 0,interpolation_duration: 1}
$data merge entity $(bone_aura) {transformation: [-2.3417f,0.2921f,0.2676f,-2.085f,-0.2522f,0.1382f,-2.3575f,-2.3655f,-0.3056f,-2.3529f,-0.1052f,-2.5374f,0f,0f,0f,1f],start_interpolation: 0,interpolation_duration: 1}
$data merge entity $(bone_scythe) {transformation: [-1.6844f,0.2101f,0.1925f,-0.9139f,-0.1814f,0.0994f,-1.6958f,-2.2843f,-0.2198f,-1.6924f,-0.0757f,-1.3778f,0f,0f,0f,1f],start_interpolation: 0,interpolation_duration: 1}
$data merge entity $(bone_right2) {transformation: [0.1127f,0.9721f,-0.2056f,-0.5967f,-0.9926f,0.1009f,-0.0669f,-2.2357f,-0.0443f,0.2117f,0.9763f,-1.3077f,0f,0f,0f,1f],start_interpolation: 0,interpolation_duration: 1}
$data merge entity $(bone_right1) {transformation: [-0.4149f,0.9094f,0.0277f,-1.4333f,0.0126f,0.0362f,-0.9993f,-2.2782f,-0.9098f,-0.4143f,-0.0265f,-0.5832f,0f,0f,0f,1f],start_interpolation: 0,interpolation_duration: 1}
$data merge entity $(bone_left_leg) {transformation: [-1f,0f,0f,0.125f,0f,0.1899f,-0.9818f,-2.2454f,0f,-0.9818f,-0.1899f,-0.75f,0f,0f,0f,1f],start_interpolation: -1,interpolation_duration: 0}
$data merge entity $(bone_right_leg) {transformation: [-1f,0f,0f,-0.125f,0f,0.1899f,-0.9818f,-2.2454f,0f,-0.9818f,-0.1899f,-0.75f,0f,0f,0f,1f],start_interpolation: -1,interpolation_duration: 0}
data modify entity @s data merge value {"cameras":{},"locators":{"scythe_blade":{"posx":-1.436070665043001,"posy":-2.289292548412902,"posz":-2.5943056701526155,"roty":68.5316520726879,"rotx":-83.0455742888694},"scythe_pole":{"posx":-0.8735198118155553,"posy":-2.27084623290616,"posz":-1.5770747371893583,"roty":68.5316520726879,"rotx":-83.0455742888694}}}