# This file was generated by Animated Java via MC-Build. It is not recommended to edit this file directly.
$data merge entity $(bone_hair_side) {transformation: [-0.9914f,0.1308f,0.0036f,-0.2969f,0.0022f,0.0442f,-0.999f,0.4805f,-0.1308f,-0.9904f,-0.0441f,-1.9472f,0f,0f,0f,1f],start_interpolation: 0,interpolation_duration: 1}
$data merge entity $(bone_hair_side1) {transformation: [-0.9847f,-0.1722f,-0.0263f,0.2969f,0.0273f,-0.0033f,-0.9996f,0.4805f,0.1721f,-0.9851f,0.008f,-1.9472f,0f,0f,0f,1f],start_interpolation: 0,interpolation_duration: 1}
$data merge entity $(bone_beard) {transformation: [-1f,0f,0f,0f,0f,-0.1073f,-0.9942f,0.5373f,0f,-0.9942f,0.1073f,-1.6336f,0f,0f,0f,1f],start_interpolation: 0,interpolation_duration: 1}
$data merge entity $(bone_head) {transformation: [-1f,0f,0f,0f,0f,0.0183f,-0.9998f,0.2578f,0f,-0.9998f,-0.0183f,-1.7325f,0f,0f,0f,1f],start_interpolation: 0,interpolation_duration: 1}
$data merge entity $(bone_body) {transformation: [-1.125f,0f,0f,0f,0f,0.0526f,-1.1238f,0.2264f,0f,-1.1238f,-0.0526f,-1.0613f,0f,0f,0f,1f],start_interpolation: 0,interpolation_duration: 1}
$data merge entity $(bone_left4) {transformation: [-0.4759f,-0.8621f,-0.1743f,0.5472f,-0.0266f,0.2122f,-0.9769f,0.1842f,0.8791f,-0.4602f,-0.1239f,-1.2953f,0f,0f,0f,1f],start_interpolation: 0,interpolation_duration: 1}
$data merge entity $(bone_left3) {transformation: [-0.4759f,-0.8621f,-0.1743f,1.3415f,-0.0266f,0.2122f,-0.9769f,-0.0561f,0.8791f,-0.4602f,-0.1239f,-0.5172f,0f,0f,0f,1f],start_interpolation: 0,interpolation_duration: 1}
$data merge entity $(bone_aura) {transformation: [-2.3328f,0.2716f,0.3538f,-2.0882f,-0.3301f,0.215f,-2.3421f,0.0679f,-0.2998f,-2.3496f,-0.1734f,-2.5344f,0f,0f,0f,1f],start_interpolation: 0,interpolation_duration: 1}
$data merge entity $(bone_scythe) {transformation: [-1.6779f,0.1953f,0.2545f,-0.9134f,-0.2375f,0.1546f,-1.6847f,0.1598f,-0.2157f,-1.6901f,-0.1247f,-1.3794f,0f,0f,0f,1f],start_interpolation: 0,interpolation_duration: 1}
$data merge entity $(bone_right2) {transformation: [0.1489f,0.9697f,-0.1939f,-0.5976f,-0.9861f,0.1312f,-0.1015f,0.2183f,-0.073f,0.2063f,0.9758f,-1.3105f,0f,0f,0f,1f],start_interpolation: 0,interpolation_duration: 1}
$data merge entity $(bone_right1) {transformation: [-0.4044f,0.9123f,0.0646f,-1.4405f,0.0261f,0.0821f,-0.9963f,0.1229f,-0.9142f,-0.4013f,-0.057f,-0.5985f,0f,0f,0f,1f],start_interpolation: 0,interpolation_duration: 1}
$data merge entity $(bone_left_leg) {transformation: [-1f,0f,0f,0.125f,0f,0.2097f,-0.9778f,0.2056f,0f,-0.9778f,-0.2097f,-0.7495f,0f,0f,0f,1f],start_interpolation: 0,interpolation_duration: 1}
$data merge entity $(bone_right_leg) {transformation: [-1f,0f,0f,-0.125f,0f,0.2097f,-0.9778f,0.2056f,0f,-0.9778f,-0.2097f,-0.7495f,0f,0f,0f,1f],start_interpolation: 0,interpolation_duration: 1}
data modify entity @s data merge value {"cameras":{},"locators":{"scythe_blade":{"posx":-1.442929381164828,"posy":0.1696742363456018,"posz":-2.5926233997968264,"roty":63.88731664069681,"rotx":-80.45157954103479},"scythe_pole":{"posx":-0.8748544952441857,"posy":0.18038492242427479,"posz":-1.578355828990201,"roty":63.88731664069681,"rotx":-80.45157954103479}}}