# This file was generated by Animated Java via MC-Build. It is not recommended to edit this file directly.
$data merge entity $(bone_hair_side) {transformation: [-0.9914f,0.1311f,0.0063f,-0.2969f,0.0031f,0.0712f,-0.9975f,0.5263f,-0.1312f,-0.9888f,-0.071f,-1.9423f,0f,0f,0f,1f],start_interpolation: 0,interpolation_duration: 1}
$data merge entity $(bone_hair_side1) {transformation: [-0.9846f,-0.1724f,-0.029f,0.2969f,0.0261f,0.0192f,-0.9995f,0.5263f,0.1729f,-0.9848f,-0.0144f,-1.9423f,0f,0f,0f,1f],start_interpolation: 0,interpolation_duration: 1}
$data merge entity $(bone_beard) {transformation: [-1f,0f,0f,0f,0f,-0.0654f,-0.9979f,0.5805f,0f,-0.9979f,0.0654f,-1.6282f,0f,0f,0f,1f],start_interpolation: 0,interpolation_duration: 1}
$data merge entity $(bone_head) {transformation: [-1f,0f,0f,0f,0f,0.0268f,-0.9996f,0.3018f,0f,-0.9996f,-0.0268f,-1.7295f,0f,0f,0f,1f],start_interpolation: 0,interpolation_duration: 1}
$data merge entity $(bone_body) {transformation: [-1.125f,0f,0f,0f,0f,0.0846f,-1.1218f,0.2513f,0f,-1.1218f,-0.0846f,-1.0595f,0f,0f,0f,1f],start_interpolation: 0,interpolation_duration: 1}
$data merge entity $(bone_left4) {transformation: [-0.458f,-0.8619f,-0.2177f,0.5474f,-0.0394f,0.2644f,-0.9636f,0.205f,0.8881f,-0.4327f,-0.155f,-1.3004f,0f,0f,0f,1f],start_interpolation: 0,interpolation_duration: 1}
$data merge entity $(bone_left3) {transformation: [-0.458f,-0.8619f,-0.2177f,1.347f,-0.0394f,0.2644f,-0.9636f,-0.0964f,0.8881f,-0.4327f,-0.155f,-0.5495f,0f,0f,0f,1f],start_interpolation: 0,interpolation_duration: 1}
$data merge entity $(bone_scythe) {transformation: [-2.3176f,0.2452f,0.4575f,-0.9116f,-0.426f,0.2978f,-2.3174f,0.1664f,-0.2966f,-2.3435f,-0.2466f,-1.3816f,0f,0f,0f,1f],start_interpolation: 0,interpolation_duration: 1}
$data merge entity $(bone_right2) {transformation: [0.1926f,0.9647f,-0.1795f,-0.598f,-0.9758f,0.169f,-0.1391f,0.2371f,-0.1038f,0.2019f,0.9739f,-1.3137f,0f,0f,0f,1f],start_interpolation: 0,interpolation_duration: 1}
$data merge entity $(bone_right1) {transformation: [-0.3914f,0.9137f,0.1093f,-1.4465f,0.0406f,0.1358f,-0.9899f,0.0801f,-0.9193f,-0.383f,-0.0902f,-0.6195f,0f,0f,0f,1f],start_interpolation: 0,interpolation_duration: 1}
$data merge entity $(bone_left_leg) {transformation: [-1f,0f,0f,0.125f,0f,0.2327f,-0.9726f,0.2216f,0f,-0.9726f,-0.2327f,-0.7483f,0f,0f,0f,1f],start_interpolation: 0,interpolation_duration: 1}
$data merge entity $(bone_right_leg) {transformation: [-1f,0f,0f,-0.125f,0f,0.2327f,-0.9726f,0.2216f,0f,-0.9726f,-0.2327f,-0.7483f,0f,0f,0f,1f],start_interpolation: 0,interpolation_duration: 1}
data modify entity @s data merge value {"cameras":{},"locators":{"scythe_blade":{"posx":-1.449459825715277,"posy":0.18886477307676966,"posz":-2.5909847716272223,"roty":61.67509842176945,"rotx":-77.36008035104494},"scythe_pole":{"posx":-0.8753517480138864,"posy":0.1946340006949427,"posz":-1.5800796667184076,"roty":61.67509842176945,"rotx":-77.36008035104494}}}