# This file was generated by Animated Java via MC-Build. It is not recommended to edit this file directly.
$data merge entity $(bone_hair_side) {transformation: [-0.9913f,0.1314f,0.0095f,-0.2969f,0.0039f,0.1011f,-0.9949f,0.5773f,-0.1316f,-0.9862f,-0.1007f,-1.9354f,0f,0f,0f,1f],start_interpolation: 0,interpolation_duration: 1}
$data merge entity $(bone_hair_side1) {transformation: [-0.9845f,-0.1727f,-0.0322f,0.2969f,0.0249f,0.0439f,-0.9987f,0.5773f,0.1739f,-0.984f,-0.039f,-1.9354f,0f,0f,0f,1f],start_interpolation: 0,interpolation_duration: 1}
$data merge entity $(bone_beard) {transformation: [-1f,0f,0f,0f,0f,-0.0185f,-0.9998f,0.6287f,0f,-0.9998f,0.0185f,-1.6209f,0f,0f,0f,1f],start_interpolation: 0,interpolation_duration: 1}
$data merge entity $(bone_head) {transformation: [-1f,0f,0f,0f,0f,0.0352f,-0.9994f,0.351f,0f,-0.9994f,-0.0352f,-1.7245f,0f,0f,0f,1f],start_interpolation: 0,interpolation_duration: 1}
$data merge entity $(bone_body) {transformation: [-1.125f,0f,0f,0f,0f,0.1199f,-1.1186f,0.2793f,0f,-1.1186f,-0.1199f,-1.0564f,0f,0f,0f,1f],start_interpolation: 0,interpolation_duration: 1}
$data merge entity $(bone_left4) {transformation: [-0.4369f,-0.8589f,-0.2673f,0.5469f,-0.0534f,0.3214f,-0.9454f,0.2287f,0.8979f,-0.3987f,-0.1863f,-1.3056f,0f,0f,0f,1f],start_interpolation: 0,interpolation_duration: 1}
$data merge entity $(bone_left3) {transformation: [-0.4369f,-0.8589f,-0.2673f,1.3498f,-0.0534f,0.3214f,-0.9454f,-0.1396f,0.8979f,-0.3987f,-0.1863f,-0.5889f,0f,0f,0f,1f],start_interpolation: 0,interpolation_duration: 1}
$data merge entity $(bone_scythe) {transformation: [-2.2943f,0.2131f,0.5755f,-0.9077f,-0.5367f,0.3831f,-2.2816f,0.1733f,-0.2976f,-2.3342f,-0.3219f,-1.3845f,0f,0f,0f,1f],start_interpolation: 0,interpolation_duration: 1}
$data merge entity $(bone_right2) {transformation: [0.2423f,0.9565f,-0.1625f,-0.5977f,-0.9607f,0.2132f,-0.1779f,0.2582f,-0.1355f,0.1992f,0.9705f,-1.317f,0f,0f,0f,1f],start_interpolation: 0,interpolation_duration: 1}
$data merge entity $(bone_right1) {transformation: [-0.3762f,0.9125f,0.1606f,-1.4496f,0.0564f,0.1955f,-0.9791f,0.0328f,-0.9248f,-0.3593f,-0.125f,-0.6462f,0f,0f,0f,1f],start_interpolation: 0,interpolation_duration: 1}
$data merge entity $(bone_left_leg) {transformation: [-1f,0f,0f,0.125f,0f,0.2584f,-0.966f,0.2398f,0f,-0.966f,-0.2584f,-0.7464f,0f,0f,0f,1f],start_interpolation: 0,interpolation_duration: 1}
$data merge entity $(bone_right_leg) {transformation: [-1f,0f,0f,-0.125f,0f,0.2584f,-0.966f,0.2398f,0f,-0.966f,-0.2584f,-0.7464f,0f,0f,0f,1f],start_interpolation: 0,interpolation_duration: 1}
data modify entity @s data merge value {"cameras":{},"locators":{"scythe_blade":{"posx":-1.454426742344383,"posy":0.2054004364438108,"posz":-2.5897014061201293,"roty":60.78015823794961,"rotx":-73.87962150254141},"scythe_pole":{"posx":-0.874398327105826,"posy":0.2095579607255074,"posz":-1.582173613695675,"roty":60.78015823794961,"rotx":-73.87962150254141}}}