# This file was generated by Animated Java via MC-Build. It is not recommended to edit this file directly.
$data merge entity $(bone_hair_side) {transformation: [-0.9911f,0.1318f,0.0168f,-0.2969f,0.0056f,0.1681f,-0.9858f,-1.7452f,-0.1327f,-0.9769f,-0.1673f,-1.9138f,0f,0f,0f,1f],start_interpolation: 0,interpolation_duration: 1}
$data merge entity $(bone_hair_side1) {transformation: [-0.9841f,-0.1731f,-0.0396f,0.2969f,0.0226f,0.0994f,-0.9948f,-1.7452f,0.1761f,-0.9799f,-0.0939f,-1.9138f,0f,0f,0f,1f],start_interpolation: 0,interpolation_duration: 1}
$data merge entity $(bone_beard) {transformation: [-1f,0f,0f,0f,0f,0.0875f,-0.9962f,-1.6994f,0f,-0.9962f,-0.0875f,-1.5984f,0f,0f,0f,1f],start_interpolation: 0,interpolation_duration: 1}
$data merge entity $(bone_head) {transformation: [-1f,0f,0f,0f,0f,0.0532f,-0.9986f,-1.9752f,0f,-0.9986f,-0.0532f,-1.707f,0f,0f,0f,1f],start_interpolation: 0,interpolation_duration: 1}
$data merge entity $(bone_body) {transformation: [-1.125f,0f,0f,0f,0f,0.1991f,-1.1072f,-2.0941f,0f,-1.1072f,-0.1991f,-1.0457f,0f,0f,0f,1f],start_interpolation: 0,interpolation_duration: 1}
$data merge entity $(bone_left4) {transformation: [-0.3869f,-0.8408f,-0.3786f,0.5425f,-0.0864f,0.4419f,-0.8929f,-2.1526f,0.918f,-0.3128f,-0.2436f,-1.3149f,0f,0f,0f,1f],start_interpolation: 0,interpolation_duration: 1}
$data merge entity $(bone_left3) {transformation: [-0.3869f,-0.8408f,-0.3786f,1.3412f,-0.0864f,0.4419f,-0.8929f,-2.6629f,0.918f,-0.3128f,-0.2436f,-0.6859f,0f,0f,0f,1f],start_interpolation: 0,interpolation_duration: 1}
$data merge entity $(bone_aura) {transformation: [-2.2172f,0.1348f,0.8404f,-2.0606f,-0.7898f,0.5487f,-2.1716f,-2.4526f,-0.3174f,-2.3068f,-0.4674f,-2.5383f,0f,0f,0f,1f],start_interpolation: 0,interpolation_duration: 1}
$data merge entity $(bone_scythe) {transformation: [-1.5949f,0.0969f,0.6045f,-0.892f,-0.5681f,0.3947f,-1.562f,-2.2472f,-0.2283f,-1.6593f,-0.3362f,-1.3916f,0f,0f,0f,1f],start_interpolation: 0,interpolation_duration: 1}
$data merge entity $(bone_right2) {transformation: [0.3539f,0.9273f,-0.1217f,-0.5933f,-0.9144f,0.3156f,-0.2537f,-2.1293f,-0.1968f,0.2011f,0.9596f,-1.3226f,0f,0f,0f,1f],start_interpolation: 0,interpolation_duration: 1}
$data merge entity $(bone_right1) {transformation: [-0.3407f,0.8985f,0.2767f,-1.4415f,0.0925f,0.3249f,-0.9412f,-2.5034f,-0.9356f,-0.2951f,-0.1938f,-0.7167f,0f,0f,0f,1f],start_interpolation: 0,interpolation_duration: 1}
$data merge entity $(bone_left_leg) {transformation: [-1f,0f,0f,0.125f,0f,0.3169f,-0.9484f,-2.1556f,0f,-0.9484f,-0.3169f,-0.7393f,0f,0f,0f,1f],start_interpolation: 0,interpolation_duration: 1}
$data merge entity $(bone_right_leg) {transformation: [-1f,0f,0f,-0.125f,0f,0.3169f,-0.9484f,-2.1556f,0f,-0.9484f,-0.3169f,-0.7393f,0f,0f,0f,1f],start_interpolation: 0,interpolation_duration: 1}
data modify entity @s data merge value {"cameras":{},"locators":{"scythe_blade":{"posx":-1.4545722689801779,"posy":-2.2070495208678773,"posz":-2.5893100522918413,"roty":60.916878547202884,"rotx":-66.11412410281335},"scythe_pole":{"posx":-0.8659324562578222,"posy":-2.195026784440568,"posz":-1.586852509706128,"roty":60.916878547202884,"rotx":-66.11412410281335}}}