# This file was generated by Animated Java via MC-Build. It is not recommended to edit this file directly.
$data merge entity $(bone_hair_side) {transformation: [-0.9911f,0.1318f,0.0209f,-0.2969f,0.0066f,0.2044f,-0.9789f,0.7552f,-0.1333f,-0.97f,-0.2035f,-1.8983f,0f,0f,0f,1f],start_interpolation: 0,interpolation_duration: 1}
$data merge entity $(bone_hair_side1) {transformation: [-0.9839f,-0.1732f,-0.0437f,0.2969f,0.0212f,0.1296f,-0.9913f,0.7552f,0.1773f,-0.9763f,-0.1239f,-1.8983f,0f,0f,0f,1f],start_interpolation: 0,interpolation_duration: 1}
$data merge entity $(bone_beard) {transformation: [-1f,0f,0f,0f,0f,0.1452f,-0.9894f,0.7979f,0f,-0.9894f,-0.1452f,-1.5824f,0f,0f,0f,1f],start_interpolation: 0,interpolation_duration: 1}
$data merge entity $(bone_head) {transformation: [-1f,0f,0f,0f,0f,0.0632f,-0.998f,0.5231f,0f,-0.998f,-0.0632f,-1.6938f,0f,0f,0f,1f],start_interpolation: 0,interpolation_duration: 1}
$data merge entity $(bone_body) {transformation: [-1.125f,0f,0f,0f,0f,0.242f,-1.0987f,0.3786f,0f,-1.0987f,-0.242f,-1.0376f,0f,0f,0f,1f],start_interpolation: 0,interpolation_duration: 1}
$data merge entity $(bone_left4) {transformation: [-0.3593f,-0.8246f,-0.4371f,0.5383f,-0.1056f,0.5013f,-0.8588f,0.3176f,0.9272f,-0.2624f,-0.2672f,-1.3179f,0f,0f,0f,1f],start_interpolation: 0,interpolation_duration: 1}
$data merge entity $(bone_left3) {transformation: [-0.3593f,-0.8246f,-0.4371f,1.3279f,-0.1056f,0.5013f,-0.8588f,-0.2637f,0.9272f,-0.2624f,-0.2672f,-0.7412f,0f,0f,0f,1f],start_interpolation: 0,interpolation_duration: 1}
$data merge entity $(bone_scythe) {transformation: [-2.1615f,0.0908f,0.9799f,-0.8796f,-0.9244f,0.6239f,-2.0969f,0.2017f,-0.3376f,-2.2898f,-0.5325f,-1.3953f,0f,0f,0f,1f],start_interpolation: 0,interpolation_duration: 1}
$data merge entity $(bone_right2) {transformation: [0.4126f,0.9055f,-0.099f,-0.5889f,-0.8829f,0.3708f,-0.2881f,0.3372f,-0.2242f,0.2063f,0.9525f,-1.3241f,0f,0f,0f,1f],start_interpolation: 0,interpolation_duration: 1}
$data merge entity $(bone_right1) {transformation: [-0.3211f,0.8845f,0.3384f,-1.4284f,0.113f,0.3906f,-0.9136f,-0.1131f,-0.9403f,-0.2551f,-0.2253f,-0.7592f,0f,0f,0f,1f],start_interpolation: 0,interpolation_duration: 1}
$data merge entity $(bone_left_leg) {transformation: [-1f,0f,0f,0.125f,0f,0.3489f,-0.9371f,0.3052f,0f,-0.9371f,-0.3489f,-0.7338f,0f,0f,0f,1f],start_interpolation: 0,interpolation_duration: 1}
$data merge entity $(bone_right_leg) {transformation: [-1f,0f,0f,-0.125f,0f,0.3489f,-0.9371f,0.3052f,0f,-0.9371f,-0.3489f,-0.7338f,0f,0f,0f,1f],start_interpolation: 0,interpolation_duration: 1}
data modify entity @s data merge value {"cameras":{},"locators":{"scythe_blade":{"posx":-1.447455428810326,"posy":0.23985651769595012,"posz":-2.5905143217782487,"roty":61.48099314968867,"rotx":-61.99306635063824},"scythe_pole":{"posx":-0.8576008207130367,"posy":0.2611694872317015,"posz":-1.5889256843447157,"roty":61.48099314968867,"rotx":-61.99306635063824}}}