# This file was generated by Animated Java via MC-Build. It is not recommended to edit this file directly.
$data merge entity $(bone_hair_side) {transformation: [-0.991f,0.1317f,0.025f,-0.2969f,0.0077f,0.2422f,-0.9702f,0.8209f,-0.1338f,-0.9612f,-0.241f,-1.879f,0f,0f,0f,1f],start_interpolation: 0,interpolation_duration: 1}
$data merge entity $(bone_hair_side1) {transformation: [-0.9837f,-0.1731f,-0.0478f,0.2969f,0.0196f,0.1613f,-0.9867f,0.8209f,0.1786f,-0.9716f,-0.1553f,-1.879f,0f,0f,0f,1f],start_interpolation: 0,interpolation_duration: 1}
$data merge entity $(bone_beard) {transformation: [-1f,0f,0f,0f,0f,0.2048f,-0.9788f,0.86f,0f,-0.9788f,-0.2048f,-1.5628f,0f,0f,0f,1f],start_interpolation: 0,interpolation_duration: 1}
$data merge entity $(bone_head) {transformation: [-1f,0f,0f,0f,0f,0.0743f,-0.9972f,0.5865f,0f,-0.9972f,-0.0743f,-1.6771f,0f,0f,0f,1f],start_interpolation: 0,interpolation_duration: 1}
$data merge entity $(bone_body) {transformation: [-1.125f,0f,0f,0f,0f,0.2866f,-1.0879f,0.4153f,0f,-1.0879f,-0.2866f,-1.0274f,0f,0f,0f,1f],start_interpolation: 0,interpolation_duration: 1}
$data merge entity $(bone_left4) {transformation: [-0.3306f,-0.8034f,-0.4952f,0.5328f,-0.1268f,0.5578f,-0.8202f,0.3531f,0.9352f,-0.2083f,-0.2863f,-1.3191f,0f,0f,0f,1f],start_interpolation: 0,interpolation_duration: 1}
$data merge entity $(bone_left3) {transformation: [-0.3306f,-0.8034f,-0.4952f,1.3082f,-0.1268f,0.5578f,-0.8202f,-0.2966f,0.9352f,-0.2083f,-0.2863f,-0.799f,0f,0f,0f,1f],start_interpolation: 0,interpolation_duration: 1}
$data merge entity $(bone_aura) {transformation: [-2.0942f,0.0458f,1.1193f,-2.002f,-1.0591f,0.6918f,-2.01f,-0.0783f,-0.3648f,-2.2715f,-0.5896f,-2.5565f,0f,0f,0f,1f],start_interpolation: 0,interpolation_duration: 1}
$data merge entity $(bone_scythe) {transformation: [-1.5064f,0.0329f,0.8051f,-0.864f,-0.7618f,0.4976f,-1.4458f,0.2158f,-0.2624f,-1.6339f,-0.4241f,-1.3985f,0f,0f,0f,1f],start_interpolation: 0,interpolation_duration: 1}
$data merge entity $(bone_right2) {transformation: [0.4713f,0.8787f,-0.0756f,-0.583f,-0.8463f,0.4264f,-0.3192f,0.3689f,-0.2483f,0.2144f,0.9447f,-1.3242f,0f,0f,0f,1f],start_interpolation: 0,interpolation_duration: 1}
$data merge entity $(bone_right1) {transformation: [-0.3008f,0.8656f,0.4004f,-1.4087f,0.1353f,0.4543f,-0.8805f,-0.1561f,-0.9441f,-0.2107f,-0.2537f,-0.8054f,0f,0f,0f,1f],start_interpolation: 0,interpolation_duration: 1}
$data merge entity $(bone_left_leg) {transformation: [-1f,0f,0f,0.125f,0f,0.3823f,-0.9241f,0.3297f,0f,-0.9241f,-0.3823f,-0.7268f,0f,0f,0f,1f],start_interpolation: 0,interpolation_duration: 1}
$data merge entity $(bone_right_leg) {transformation: [-1f,0f,0f,-0.125f,0f,0.3823f,-0.9241f,0.3297f,0f,-0.9241f,-0.3823f,-0.7268f,0f,0f,0f,1f],start_interpolation: 0,interpolation_duration: 1}
data modify entity @s data merge value {"cameras":{},"locators":{"scythe_blade":{"posx":-1.434426972159661,"posy":0.24839478121450986,"posz":-2.5926019049492726,"roty":62.21960867139752,"rotx":-57.81433069102249},"scythe_pole":{"posx":-0.8462711335087763,"posy":0.2818975102886401,"posz":-1.5903480565628163,"roty":62.21960867139752,"rotx":-57.81433069102249}}}