# This file was generated by Animated Java via MC-Build. It is not recommended to edit this file directly.
$data merge entity $(bone_hair_side) {transformation: [-0.9908f,0.1304f,0.0369f,-0.2969f,0.0126f,0.3601f,-0.9328f,-1.4096f,-0.1349f,-0.9237f,-0.3585f,-1.797f,0f,0f,0f,1f],start_interpolation: 0,interpolation_duration: 1}
$data merge entity $(bone_hair_side1) {transformation: [-0.9833f,-0.172f,-0.0599f,0.2969f,0.0128f,0.2626f,-0.9648f,-1.4096f,0.1817f,-0.9494f,-0.256f,-1.797f,0f,0f,0f,1f],start_interpolation: 0,interpolation_duration: 1}
$data merge entity $(bone_beard) {transformation: [-1f,0f,0f,0f,0f,0.387f,-0.9221f,-1.384f,0f,-0.9221f,-0.387f,-1.4794f,0f,0f,0f,1f],start_interpolation: 0,interpolation_duration: 1}
$data merge entity $(bone_head) {transformation: [-1f,0f,0f,0f,0f,0.1166f,-0.9932f,-1.6524f,0f,-0.9932f,-0.1166f,-1.6053f,0f,0f,0f,1f],start_interpolation: 0,interpolation_duration: 1}
$data merge entity $(bone_body) {transformation: [-1.125f,0f,0f,0f,0f,0.4259f,-1.0413f,-1.9067f,0f,-1.0413f,-0.4259f,-0.9834f,0f,0f,0f,1f],start_interpolation: 0,interpolation_duration: 1}
$data merge entity $(bone_left4) {transformation: [-0.2451f,-0.7156f,-0.6541f,0.5094f,-0.2017f,0.6976f,-0.6875f,-1.9626f,0.9483f,-0.0366f,-0.3154f,-1.3075f,0f,0f,0f,1f],start_interpolation: 0,interpolation_duration: 1}
$data merge entity $(bone_left3) {transformation: [-0.2451f,-0.7156f,-0.6541f,1.2155f,-0.2017f,0.6976f,-0.6875f,-2.7886f,0.9483f,-0.0366f,-0.3154f,-0.9711f,0f,0f,0f,1f],start_interpolation: 0,interpolation_duration: 1}
$data merge entity $(bone_aura) {transformation: [-1.836f,-0.0792f,1.5045f,-1.8492f,-1.4274f,0.8506f,-1.697f,-2.5903f,-0.4822f,-2.216f,-0.7052f,-2.5996f,0f,0f,0f,1f],start_interpolation: 0,interpolation_duration: 1}
$data merge entity $(bone_scythe) {transformation: [-1.3206f,-0.057f,1.0822f,-0.8013f,-1.0267f,0.6118f,-1.2206f,-2.1597f,-0.3469f,-1.594f,-0.5072f,-1.4f,0f,0f,0f,1f],start_interpolation: 0,interpolation_duration: 1}
$data merge entity $(bone_right2) {transformation: [0.6335f,0.7737f,-0.0094f,-0.5573f,-0.7145f,0.5803f,-0.3908f,-1.9581f,-0.2969f,0.2543f,0.9204f,-1.3119f,0f,0f,0f,1f],start_interpolation: 0,interpolation_duration: 1}
$data merge entity $(bone_right1) {transformation: [-0.2399f,0.7833f,0.5734f,-1.3146f,0.2127f,0.6187f,-0.7562f,-2.682f,-0.9472f,-0.0595f,-0.3151f,-0.9528f,0f,0f,0f,1f],start_interpolation: 0,interpolation_duration: 1}
$data merge entity $(bone_left_leg) {transformation: [-1f,0f,0f,0.125f,0f,0.4864f,-0.8738f,-2.0308f,0f,-0.8738f,-0.4864f,-0.6966f,0f,0f,0f,1f],start_interpolation: 0,interpolation_duration: 1}
$data merge entity $(bone_right_leg) {transformation: [-1f,0f,0f,-0.125f,0f,0.4864f,-0.8738f,-2.0308f,0f,-0.8738f,-0.4864f,-0.6966f,0f,0f,0f,1f],start_interpolation: 0,interpolation_duration: 1}
data modify entity @s data merge value {"cameras":{},"locators":{"scythe_blade":{"posx":-1.3587095994746168,"posy":-2.1549630003255476,"posz":-2.6007106449184016,"roty":64.88742521165689,"rotx":-45.60399526580023},"scythe_pole":{"posx":-0.7959658932237431,"posy":-2.0775465889580014,"posz":-1.5863691243613456,"roty":64.88742521165689,"rotx":-45.60399526580023}}}