# This file was generated by Animated Java via MC-Build. It is not recommended to edit this file directly.
$data merge entity $(bone_hair_side) {transformation: [-0.9907f,0.1288f,0.0434f,-0.2969f,0.0177f,0.4387f,-0.8984f,1.1676f,-0.1348f,-0.8893f,-0.4369f,-1.7212f,0f,0f,0f,1f],start_interpolation: 0,interpolation_duration: 1}
$data merge entity $(bone_hair_side1) {transformation: [-0.9831f,-0.1704f,-0.0664f,0.2969f,0.0059f,0.3332f,-0.9428f,1.1676f,0.1828f,-0.9273f,-0.3265f,-1.7212f,0f,0f,0f,1f],start_interpolation: 0,interpolation_duration: 1}
$data merge entity $(bone_beard) {transformation: [-1f,0f,0f,0f,0f,0.5026f,-0.8645f,1.1809f,0f,-0.8645f,-0.5026f,-1.4027f,0f,0f,0f,1f],start_interpolation: 0,interpolation_duration: 1}
$data merge entity $(bone_head) {transformation: [-1f,0f,0f,0f,0f,0.1551f,-0.9879f,0.9176f,0f,-0.9879f,-0.1551f,-1.539f,0f,0f,0f,1f],start_interpolation: 0,interpolation_duration: 1}
$data merge entity $(bone_body) {transformation: [-1.125f,0f,0f,0f,0f,0.5187f,-0.9983f,0.6078f,0f,-0.9983f,-0.5187f,-0.9428f,0f,0f,0f,1f],start_interpolation: 0,interpolation_duration: 1}
$data merge entity $(bone_left4) {transformation: [-0.1957f,-0.6466f,-0.7373f,0.4908f,-0.2604f,0.7591f,-0.5966f,0.5648f,0.9455f,0.0752f,-0.317f,-1.2838f,0f,0f,0f,1f],start_interpolation: 0,interpolation_duration: 1}
$data merge entity $(bone_left3) {transformation: [-0.1957f,-0.6466f,-0.7373f,1.1368f,-0.2604f,0.7591f,-0.5966f,-0.3468f,0.9455f,0.0752f,-0.317f,-1.0707f,0f,0f,0f,1f],start_interpolation: 0,interpolation_duration: 1}
$data merge entity $(bone_scythe) {transformation: [-1.6415f,-0.142f,1.7105f,-0.7528f,-1.6145f,0.931f,-1.4721f,0.3372f,-0.5825f,-2.1803f,-0.74f,-1.3902f,0f,0f,0f,1f],start_interpolation: 0,interpolation_duration: 1}
$data merge entity $(bone_right2) {transformation: [0.7202f,0.6933f,0.0256f,-0.5365f,-0.6198f,0.6596f,-0.4251f,0.5633f,-0.3116f,0.2903f,0.9048f,-1.2901f,0f,0f,0f,1f],start_interpolation: 0,interpolation_duration: 1}
$data merge entity $(bone_right1) {transformation: [-0.2039f,0.7169f,0.6667f,-1.2345f,0.2729f,0.6957f,-0.6645f,-0.2611f,-0.9402f,0.0464f,-0.3374f,-1.0456f,0f,0f,0f,1f],start_interpolation: 0,interpolation_duration: 1}
$data merge entity $(bone_left_leg) {transformation: [-1f,0f,0f,0.125f,0f,0.5555f,-0.8315f,0.4581f,0f,-0.8315f,-0.5555f,-0.6684f,0f,0f,0f,1f],start_interpolation: 0,interpolation_duration: 1}
$data merge entity $(bone_right_leg) {transformation: [-1f,0f,0f,-0.125f,0f,0.5555f,-0.8315f,0.4581f,0f,-0.8315f,-0.5555f,-0.6684f,0f,0f,0f,1f],start_interpolation: 0,interpolation_duration: 1}
data modify entity @s data merge value {"cameras":{},"locators":{"scythe_blade":{"posx":-1.2853327305844582,"posy":0.327554806553738,"posz":-2.6021101202780614,"roty":66.60583253312397,"rotx":-38.30467022065213},"scythe_pole":{"posx":-0.7540981924143342,"posy":0.42743270560123714,"posz":-1.572849817566919,"roty":66.60583253312397,"rotx":-38.30467022065213}}}