# This file was generated by Animated Java via MC-Build. It is not recommended to edit this file directly.
$data merge entity $(bone_hair_side) {transformation: [-0.9907f,0.1279f,0.046f,-0.2969f,0.0208f,0.477f,-0.8787f,1.2361f,-0.1343f,-0.8696f,-0.4752f,-1.677f,0f,0f,0f,1f],start_interpolation: 0,interpolation_duration: 1}
$data merge entity $(bone_hair_side1) {transformation: [-0.9831f,-0.1693f,-0.0689f,0.2969f,0.0017f,0.3686f,-0.9296f,1.2361f,0.1828f,-0.914f,-0.3621f,-1.677f,0f,0f,0f,1f],start_interpolation: 0,interpolation_duration: 1}
$data merge entity $(bone_beard) {transformation: [-1f,0f,0f,0f,0f,0.5563f,-0.831f,1.2419f,0f,-0.831f,-0.5563f,-1.3584f,0f,0f,0f,1f],start_interpolation: 0,interpolation_duration: 1}
$data merge entity $(bone_head) {transformation: [-1f,0f,0f,0f,0f,0.1782f,-0.984f,0.9818f,0f,-0.984f,-0.1782f,-1.5008f,0f,0f,0f,1f],start_interpolation: 0,interpolation_duration: 1}
$data merge entity $(bone_body) {transformation: [-1.125f,0f,0f,0f,0f,0.5639f,-0.9735f,0.6451f,0f,-0.9735f,-0.5639f,-0.9194f,0f,0f,0f,1f],start_interpolation: 0,interpolation_duration: 1}
$data merge entity $(bone_left4) {transformation: [-0.1753f,-0.6128f,-0.7706f,0.4816f,-0.2921f,0.7798f,-0.5537f,0.6109f,0.9402f,0.128f,-0.3157f,-1.267f,0f,0f,0f,1f],start_interpolation: 0,interpolation_duration: 1}
$data merge entity $(bone_left3) {transformation: [-0.1753f,-0.6128f,-0.7706f,1.097f,-0.2921f,0.7798f,-0.5537f,-0.3333f,0.9402f,0.128f,-0.3157f,-1.1132f,0f,0f,0f,1f],start_interpolation: 0,interpolation_duration: 1}
$data merge entity $(bone_scythe) {transformation: [-1.5473f,-0.166f,1.7941f,-0.7291f,-1.6853f,0.9699f,-1.3637f,0.3719f,-0.6374f,-2.1615f,-0.7497f,-1.3814f,0f,0f,0f,1f],start_interpolation: 0,interpolation_duration: 1}
$data merge entity $(bone_right2) {transformation: [0.7554f,0.654f,0.0395f,-0.5263f,-0.5742f,0.6898f,-0.441f,0.6072f,-0.3157f,0.3104f,0.8967f,-1.2746f,0f,0f,0f,1f],start_interpolation: 0,interpolation_duration: 1}
$data merge entity $(bone_right1) {transformation: [-0.1885f,0.6841f,0.7047f,-1.1942f,0.3052f,0.7228f,-0.62f,-0.2562f,-0.9334f,0.0982f,-0.345f,-1.0872f,0f,0f,0f,1f],start_interpolation: 0,interpolation_duration: 1}
$data merge entity $(bone_left_leg) {transformation: [-1f,0f,0f,0.125f,0f,0.5889f,-0.8082f,0.483f,0f,-0.8082f,-0.5889f,-0.6521f,0f,0f,0f,1f],start_interpolation: 0,interpolation_duration: 1}
$data merge entity $(bone_right_leg) {transformation: [-1f,0f,0f,-0.125f,0f,0.5889f,-0.8082f,0.483f,0f,-0.8082f,-0.5889f,-0.6521f,0f,0f,0f,1f],start_interpolation: 0,interpolation_duration: 1}
data modify entity @s data merge value {"cameras":{},"locators":{"scythe_blade":{"posx":-1.246538660383183,"posy":0.36091488686683515,"posz":-2.5997838573375613,"roty":67.32092061559885,"rotx":-35.04265031467815},"scythe_pole":{"posx":-0.7330931740118666,"posy":0.46589249000046745,"posz":-1.562038254906387,"roty":67.32092061559885,"rotx":-35.04265031467815}}}