# This file was generated by Animated Java via MC-Build. It is not recommended to edit this file directly.
$data merge entity $(bone_hair_side) {transformation: [-0.9909f,0.1251f,0.0494f,-0.2969f,0.0332f,0.5834f,-0.8115f,1.4289f,-0.1303f,-0.8025f,-0.5823f,-1.5229f,0f,0f,0f,1f],start_interpolation: 0,interpolation_duration: 1}
$data merge entity $(bone_hair_side1) {transformation: [-0.9836f,-0.1654f,-0.072f,0.2969f,-0.0151f,0.4731f,-0.8809f,1.4289f,0.1798f,-0.8653f,-0.4679f,-1.5229f,0f,0f,0f,1f],start_interpolation: 0,interpolation_duration: 1}
$data merge entity $(bone_beard) {transformation: [-1f,0f,0f,0f,0f,0.6949f,-0.7191f,1.4062f,0f,-0.7191f,-0.6949f,-1.205f,0f,0f,0f,1f],start_interpolation: 0,interpolation_duration: 1}
$data merge entity $(bone_head) {transformation: [-1f,0f,0f,0f,0f,0.2653f,-0.9642f,1.1599f,0f,-0.9642f,-0.2653f,-1.3701f,0f,0f,0f,1f],start_interpolation: 0,interpolation_duration: 1}
$data merge entity $(bone_body) {transformation: [-1.125f,0f,0f,0f,0f,0.6898f,-0.8887f,0.7479f,0f,-0.8887f,-0.6898f,-0.8393f,0f,0f,0f,1f],start_interpolation: 0,interpolation_duration: 1}
$data merge entity $(bone_left4) {transformation: [-0.1393f,-0.5295f,-0.8368f,0.4588f,-0.3956f,0.8044f,-0.4432f,0.7475f,0.9078f,0.2693f,-0.3215f,-1.1986f,0f,0f,0f,1f],start_interpolation: 0,interpolation_duration: 1}
$data merge entity $(bone_left3) {transformation: [-0.1393f,-0.5295f,-0.8368f,0.9944f,-0.3956f,0.8044f,-0.4432f,-0.256f,0.9078f,0.2693f,-0.3215f,-1.2095f,0f,0f,0f,1f],start_interpolation: 0,interpolation_duration: 1}
$data merge entity $(bone_aura) {transformation: [-1.3181f,-0.218f,1.9636f,-1.4919f,-1.7975f,1.1119f,-1.0832f,-0.034f,-0.8198f,-2.0873f,-0.7821f,-2.6719f,0f,0f,0f,1f],start_interpolation: 0,interpolation_duration: 1}
$data merge entity $(bone_scythe) {transformation: [-0.9481f,-0.1568f,1.4124f,-0.6717f,-1.2929f,0.7998f,-0.7791f,0.4912f,-0.5897f,-1.5014f,-0.5626f,-1.34f,0f,0f,0f,1f],start_interpolation: 0,interpolation_duration: 1}
$data merge entity $(bone_right2) {transformation: [0.8268f,0.5581f,0.0708f,-0.5015f,-0.4561f,0.7386f,-0.4965f,0.7406f,-0.3293f,0.3782f,0.8652f,-1.2107f,0f,0f,0f,1f],start_interpolation: 0,interpolation_duration: 1}
$data merge entity $(bone_right1) {transformation: [-0.158f,0.6048f,0.7806f,-1.0947f,0.4106f,0.7592f,-0.5051f,-0.1943f,-0.898f,0.2406f,-0.3683f,-1.1858f,0f,0f,0f,1f],start_interpolation: 0,interpolation_duration: 1}
$data merge entity $(bone_left_leg) {transformation: [-1f,0f,0f,0.125f,0f,0.6815f,-0.7318f,0.5514f,0f,-0.7318f,-0.6815f,-0.5963f,0f,0f,0f,1f],start_interpolation: 0,interpolation_duration: 1}
$data merge entity $(bone_right_leg) {transformation: [-1f,0f,0f,-0.125f,0f,0.6815f,-0.7318f,0.5514f,0f,-0.7318f,-0.6815f,-0.5963f,0f,0f,0f,1f],start_interpolation: 0,interpolation_duration: 1}
data modify entity @s data merge value {"cameras":{},"locators":{"scythe_blade":{"posx":-1.1493074886607986,"posy":0.5166645927068654,"posz":-2.5743548824351272,"roty":68.28108231918544,"rotx":-27.134382057650225},"scythe_pole":{"posx":-0.681669072605028,"posy":0.5980762872408477,"posz":-1.5131061143218472,"roty":68.28108231918544,"rotx":-27.134382057650225}}}