# This file was generated by Animated Java via MC-Build. It is not recommended to edit this file directly.
$data merge entity $(bone_hair_side) {transformation: [-0.991f,0.1243f,0.0488f,-0.2969f,0.0384f,0.6153f,-0.7874f,1.4872f,-0.1279f,-0.7784f,-0.6146f,-1.4656f,0f,0f,0f,1f],start_interpolation: 0,interpolation_duration: 1}
$data merge entity $(bone_hair_side1) {transformation: [-0.9839f,-0.1639f,-0.0712f,0.2969f,-0.022f,0.5066f,-0.8619f,1.4872f,0.1773f,-0.8464f,-0.5021f,-1.4656f,0f,0f,0f,1f],start_interpolation: 0,interpolation_duration: 1}
$data merge entity $(bone_beard) {transformation: [-1f,0f,0f,0f,0f,0.7323f,-0.6809f,1.4528f,0f,-0.6809f,-0.7323f,-1.1487f,0f,0f,0f,1f],start_interpolation: 0,interpolation_duration: 1}
$data merge entity $(bone_head) {transformation: [-1f,0f,0f,0f,0f,0.301f,-0.9536f,1.2128f,0f,-0.9536f,-0.301f,-1.3228f,0f,0f,0f,1f],start_interpolation: 0,interpolation_duration: 1}
$data merge entity $(bone_body) {transformation: [-1.125f,0f,0f,0f,0f,0.7276f,-0.858f,0.7783f,0f,-0.858f,-0.7276f,-0.8104f,0f,0f,0f,1f],start_interpolation: 0,interpolation_duration: 1}
$data merge entity $(bone_left4) {transformation: [-0.1377f,-0.5119f,-0.8479f,0.4539f,-0.4326f,0.8012f,-0.4135f,0.7908f,0.891f,0.3099f,-0.3318f,-1.171f,0f,0f,0f,1f],start_interpolation: 0,interpolation_duration: 1}
$data merge entity $(bone_left3) {transformation: [-0.1377f,-0.5119f,-0.8479f,0.9707f,-0.4326f,0.8012f,-0.4135f,-0.2207f,0.891f,0.3099f,-0.3318f,-1.2315f,0f,0f,0f,1f],start_interpolation: 0,interpolation_duration: 1}
$data merge entity $(bone_aura) {transformation: [-1.2703f,-0.2335f,1.9931f,-1.4604f,-1.8002f,1.1749f,-1.0097f,0.0345f,-0.8867f,-2.0508f,-0.8054f,-2.6755f,0f,0f,0f,1f],start_interpolation: 0,interpolation_duration: 1}
$data merge entity $(bone_scythe) {transformation: [-0.9137f,-0.1679f,1.4336f,-0.6601f,-1.2949f,0.8451f,-0.7263f,0.5346f,-0.6378f,-1.4751f,-0.5793f,-1.322f,0f,0f,0f,1f],start_interpolation: 0,interpolation_duration: 1}
$data merge entity $(bone_right2) {transformation: [0.8392f,0.538f,0.0796f,-0.4967f,-0.4251f,0.7403f,-0.5208f,0.7842f,-0.3391f,0.4033f,0.8499f,-1.1844f,0f,0f,0f,1f],start_interpolation: 0,interpolation_duration: 1}
$data merge entity $(bone_right1) {transformation: [-0.1545f,0.5894f,0.7929f,-1.0746f,0.448f,0.7571f,-0.4755f,-0.1602f,-0.8806f,0.2818f,-0.381f,-1.2086f,0f,0f,0f,1f],start_interpolation: 0,interpolation_duration: 1}
$data merge entity $(bone_left_leg) {transformation: [-1f,0f,0f,0.125f,0f,0.709f,-0.7052f,0.5714f,0f,-0.7052f,-0.709f,-0.5761f,0f,0f,0f,1f],start_interpolation: 0,interpolation_duration: 1}
$data merge entity $(bone_right_leg) {transformation: [-1f,0f,0f,-0.125f,0f,0.709f,-0.7052f,0.5714f,0f,-0.7052f,-0.709f,-0.5761f,0f,0f,0f,1f],start_interpolation: 0,interpolation_duration: 1}
data modify entity @s data merge value {"cameras":{},"locators":{"scythe_blade":{"posx":-1.1315919079642192,"posy":0.5896279344976292,"posz":-2.557800877312201,"roty":67.9970640864817,"rotx":-25.15997202637572},"scythe_pole":{"posx":-0.6717057338539331,"posy":0.6469708395436605,"posz":-1.4916024914087684,"roty":67.9970640864817,"rotx":-25.15997202637572}}}