# This file was generated by Animated Java via MC-Build. It is not recommended to edit this file directly.
$data merge entity $(bone_hair_side) {transformation: [-0.9912f,0.1234f,0.0473f,-0.2969f,0.044f,0.6451f,-0.7629f,-0.8956f,-0.1247f,-0.7541f,-0.6448f,-1.406f,0f,0f,0f,1f],start_interpolation: 0,interpolation_duration: 1}
$data merge entity $(bone_hair_side1) {transformation: [-0.9843f,-0.1622f,-0.0694f,0.2969f,-0.0295f,0.5392f,-0.8417f,-0.8956f,0.174f,-0.8264f,-0.5355f,-1.406f,0f,0f,0f,1f],start_interpolation: 0,interpolation_duration: 1}
$data merge entity $(bone_beard) {transformation: [-1f,0f,0f,0f,0f,0.7652f,-0.6438f,-0.9431f,0f,-0.6438f,-0.7652f,-1.0909f,0f,0f,0f,1f],start_interpolation: 0,interpolation_duration: 1}
$data merge entity $(bone_head) {transformation: [-1f,0f,0f,0f,0f,0.3401f,-0.9404f,-1.1757f,0f,-0.9404f,-0.3401f,-1.2747f,0f,0f,0f,1f],start_interpolation: 0,interpolation_duration: 1}
$data merge entity $(bone_body) {transformation: [-1.125f,0f,0f,0f,0f,0.7629f,-0.8268f,-1.6313f,0f,-0.8268f,-0.7629f,-0.7809f,0f,0f,0f,1f],start_interpolation: 0,interpolation_duration: 1}
$data merge entity $(bone_left4) {transformation: [-0.1424f,-0.5012f,-0.8536f,0.4508f,-0.4705f,0.793f,-0.3871f,-1.6052f,0.8708f,0.3465f,-0.3487f,-1.1417f,0f,0f,0f,1f],start_interpolation: 0,interpolation_duration: 1}
$data merge entity $(bone_left3) {transformation: [-0.1424f,-0.5012f,-0.8536f,0.9544f,-0.4705f,0.793f,-0.3871f,-2.6195f,0.8708f,0.3465f,-0.3487f,-1.2485f,0f,0f,0f,1f],start_interpolation: 0,interpolation_duration: 1}
$data merge entity $(bone_aura) {transformation: [-1.2417f,-0.2507f,2.009f,-1.4454f,-1.7847f,1.2483f,-0.9473f,-2.3187f,-0.9559f,-2.0049f,-0.841f,-2.6748f,0f,0f,0f,1f],start_interpolation: 0,interpolation_duration: 1}
$data merge entity $(bone_scythe) {transformation: [-0.8931f,-0.1803f,1.4451f,-0.6536f,-1.2837f,0.8979f,-0.6814f,-1.8581f,-0.6876f,-1.4421f,-0.6049f,-1.3024f,0f,0f,0f,1f],start_interpolation: 0,interpolation_duration: 1}
$data merge entity $(bone_right2) {transformation: [0.8459f,0.5259f,0.0888f,-0.4943f,-0.3989f,0.7342f,-0.5494f,-1.6109f,-0.3541f,0.4293f,0.8309f,-1.156f,0f,0f,0f,1f],start_interpolation: 0,interpolation_duration: 1}
$data merge entity $(bone_right1) {transformation: [-0.1549f,0.5816f,0.7986f,-1.0639f,0.4862f,0.7485f,-0.4509f,-2.5582f,-0.86f,0.3184f,-0.3987f,-1.2256f,0f,0f,0f,1f],start_interpolation: 0,interpolation_duration: 1}
$data merge entity $(bone_left_leg) {transformation: [-1f,0f,0f,0.125f,0f,0.7345f,-0.6786f,-1.8478f,0f,-0.6786f,-0.7345f,-0.5555f,0f,0f,0f,1f],start_interpolation: 0,interpolation_duration: 1}
$data merge entity $(bone_right_leg) {transformation: [-1f,0f,0f,-0.125f,0f,0.7345f,-0.6786f,-1.8478f,0f,-0.6786f,-0.7345f,-0.5555f,0f,0f,0f,1f],start_interpolation: 0,interpolation_duration: 1}
data modify entity @s data merge value {"cameras":{},"locators":{"scythe_blade":{"posx":-1.1252710928018033,"posy":-1.7634325928046688,"posz":-2.5357023922875688,"roty":67.2849852826391,"rotx":-23.506418740926286},"scythe_pole":{"posx":-0.6668839772301162,"posy":-1.7395625267870913,"posz":-1.4675853705028834,"roty":67.2849852826391,"rotx":-23.506418740926286}}}