# This file was generated by Animated Java via MC-Build. It is not recommended to edit this file directly.
$data merge entity $(bone_hair_side) {transformation: [-0.9914f,0.1227f,0.0446f,-0.2969f,0.05f,0.6725f,-0.7384f,1.5926f,-0.1206f,-0.7299f,-0.6729f,-1.3448f,0f,0f,0f,1f],start_interpolation: 0,interpolation_duration: 1}
$data merge entity $(bone_hair_side1) {transformation: [-0.9848f,-0.1604f,-0.0665f,0.2969f,-0.0376f,0.5705f,-0.8204f,1.5926f,0.1695f,-0.8054f,-0.5679f,-1.3448f,0f,0f,0f,1f],start_interpolation: 0,interpolation_duration: 1}
$data merge entity $(bone_beard) {transformation: [-1f,0f,0f,0f,0f,0.7934f,-0.6088f,1.5307f,0f,-0.6088f,-0.7934f,-1.0321f,0f,0f,0f,1f],start_interpolation: 0,interpolation_duration: 1}
$data merge entity $(bone_head) {transformation: [-1f,0f,0f,0f,0f,0.3827f,-0.9239f,1.3067f,0f,-0.9239f,-0.3827f,-1.2264f,0f,0f,0f,1f],start_interpolation: 0,interpolation_duration: 1}
$data merge entity $(bone_body) {transformation: [-1.125f,0f,0f,0f,0f,0.7955f,-0.7955f,0.8317f,0f,-0.7955f,-0.7955f,-0.7513f,0f,0f,0f,1f],start_interpolation: 0,interpolation_duration: 1}
$data merge entity $(bone_left4) {transformation: [-0.154f,-0.4983f,-0.8532f,0.4498f,-0.5089f,0.7802f,-0.3638f,0.8717f,0.8469f,0.3782f,-0.3737f,-1.1108f,0f,0f,0f,1f],start_interpolation: 0,interpolation_duration: 1}
$data merge entity $(bone_left3) {transformation: [-0.154f,-0.4983f,-0.8532f,0.9467f,-0.5089f,0.7802f,-0.3638f,-0.1407f,0.8469f,0.3782f,-0.3737f,-1.2598f,0f,0f,0f,1f],start_interpolation: 0,interpolation_duration: 1}
$data merge entity $(bone_scythe) {transformation: [-1.2351f,-0.271f,2.0104f,-0.653f,-1.75f,1.3329f,-0.8954f,0.6253f,-1.0261f,-1.947f,-0.8928f,-1.2811f,0f,0f,0f,1f],start_interpolation: 0,interpolation_duration: 1}
$data merge entity $(bone_right2) {transformation: [0.8465f,0.5231f,0.0989f,-0.4946f,-0.377f,0.7202f,-0.5824f,0.8675f,-0.3759f,0.4557f,0.8069f,-1.1257f,0f,0f,0f,1f],start_interpolation: 0,interpolation_duration: 1}
$data merge entity $(bone_right1) {transformation: [-0.1597f,0.5826f,0.7969f,-1.0636f,0.525f,0.7338f,-0.4312f,-0.0762f,-0.836f,0.3496f,-0.423f,-1.2359f,0f,0f,0f,1f],start_interpolation: 0,interpolation_duration: 1}
$data merge entity $(bone_left_leg) {transformation: [-1f,0f,0f,0.125f,0f,0.758f,-0.6523f,0.6063f,0f,-0.6523f,-0.758f,-0.5347f,0f,0f,0f,1f],start_interpolation: 0,interpolation_duration: 1}
$data merge entity $(bone_right_leg) {transformation: [-1f,0f,0f,-0.125f,0f,0.758f,-0.6523f,0.6063f,0f,-0.6523f,-0.758f,-0.5347f,0f,0f,0f,1f],start_interpolation: 0,interpolation_duration: 1}
data modify entity @s data merge value {"cameras":{},"locators":{"scythe_blade":{"posx":-1.1325132965004057,"posy":0.7703841437331559,"posz":-2.506444474731621,"roty":66.05486726640414,"rotx":-22.148361268123175},"scythe_pole":{"posx":-0.6680258838029307,"posy":0.7508250535016823,"posz":-1.44087824711603,"roty":66.05486726640414,"rotx":-22.148361268123175}}}