# This file was generated by Animated Java via MC-Build. It is not recommended to edit this file directly.
$data merge entity $(bone_hair_side) {transformation: [-1f,0f,0f,-0.2969f,0f,0.9999f,-0.014f,1.9153f,0f,-0.014f,-0.9999f,0.2509f,0f,0f,0f,1f],start_interpolation: 0,interpolation_duration: 1}
$data merge entity $(bone_hair_side1) {transformation: [-1f,0f,0f,0.2969f,0f,0.9999f,-0.014f,1.9153f,0f,-0.014f,-0.9999f,0.2509f,0f,0f,0f,1f],start_interpolation: 0,interpolation_duration: 1}
$data merge entity $(bone_beard) {transformation: [-1f,0f,0f,0f,0f,0.9999f,-0.014f,1.5969f,0f,-0.014f,-0.9999f,0.2626f,0f,0f,0f,1f],start_interpolation: 0,interpolation_duration: 1}
$data merge entity $(bone_head) {transformation: [-1f,0f,0f,0f,0f,0.9871f,0.1599f,1.7344f,0f,0.1599f,-0.9871f,0f,0f,0f,0f,1f],start_interpolation: 0,interpolation_duration: 1}
$data merge entity $(bone_scythe) {transformation: [-2.3676f,-0.1802f,-0.0509f,-0.8579f,-0.1773f,2.3651f,-0.1252f,1.176f,0.0602f,-0.1211f,-2.3711f,0.0099f,0f,0f,0f,1f],start_interpolation: 0,interpolation_duration: 1}
$data merge entity $(bone_right2) {transformation: [-0.0214f,0.9926f,0.1193f,-0.5319f,-0.0527f,0.118f,-0.9916f,1.2156f,-0.9984f,-0.0276f,0.0498f,0.0164f,0f,0f,0f,1f],start_interpolation: 0,interpolation_duration: 1}
$data merge entity $(bone_right1) {transformation: [-0.7118f,0.7021f,-0.0214f,-1.0555f,0.7021f,0.7101f,-0.0527f,0.2417f,-0.0218f,-0.0526f,-0.9984f,0.0791f,0f,0f,0f,1f],start_interpolation: 0,interpolation_duration: 1}
data modify entity @s data merge value {"cameras":{},"locators":{"scythe_blade":{"posx":-1.6142579164256161,"posy":2.2617365849337596,"posz":-0.03123029545779927,"roty":358.7697126007159,"rotx":-3.022865847783866},"scythe_pole":{"posx":-0.857779357576975,"posy":1.3794774039290911,"posz":-0.0008752705812713202,"roty":358.7697126007159,"rotx":-3.022865847783866}}}