# This file was generated by Animated Java via MC-Build. It is not recommended to edit this file directly.
$data merge entity $(bone_hair_side) {transformation: [-1f,0f,0f,-0.2969f,0f,0.9999f,-0.014f,1.9153f,0f,-0.014f,-0.9999f,0.2509f,0f,0f,0f,1f],start_interpolation: 0,interpolation_duration: 1}
$data merge entity $(bone_hair_side1) {transformation: [-1f,0f,0f,0.2969f,0f,0.9999f,-0.014f,1.9153f,0f,-0.014f,-0.9999f,0.2509f,0f,0f,0f,1f],start_interpolation: 0,interpolation_duration: 1}
$data merge entity $(bone_beard) {transformation: [-1f,0f,0f,0f,0f,0.9999f,-0.014f,1.5969f,0f,-0.014f,-0.9999f,0.2626f,0f,0f,0f,1f],start_interpolation: 0,interpolation_duration: 1}
$data merge entity $(bone_head) {transformation: [-1f,0f,0f,0f,0f,0.9871f,0.1599f,1.7344f,0f,0.1599f,-0.9871f,0f,0f,0f,0f,1f],start_interpolation: 0,interpolation_duration: 1}
$data merge entity $(bone_scythe) {transformation: [-1.703f,-0.1296f,-0.0366f,-0.8579f,-0.1275f,1.7012f,-0.0901f,1.176f,0.0433f,-0.0871f,-1.7056f,0.0099f,0f,0f,0f,1f],start_interpolation: 0,interpolation_duration: 1}
$data merge entity $(bone_right2) {transformation: [-0.0214f,0.9926f,0.1193f,-0.5319f,-0.0527f,0.118f,-0.9916f,1.2156f,-0.9984f,-0.0276f,0.0498f,0.0164f,0f,0f,0f,1f],start_interpolation: 0,interpolation_duration: 1}
$data merge entity $(bone_right1) {transformation: [-0.7118f,0.7021f,-0.0214f,-1.0555f,0.7021f,0.7101f,-0.0527f,0.2417f,-0.0218f,-0.0526f,-0.9984f,0.0791f,0f,0f,0f,1f],start_interpolation: 0,interpolation_duration: 1}
data modify entity @s data merge value {"cameras":{},"locators":{"hitbox":{"posx":-0.9912029265555217,"posy":2.308388716027772,"posz":-0.04707511361275437,"roty":358.7697126007159,"rotx":-3.022865847783866},"hitbox2":{"posx":-1.738868914399635,"posy":2.2524061587149573,"posz":-0.02806133182680825,"roty":358.7697126007159,"rotx":-3.022865847783866}}}