# This file was generated by Animated Java via MC-Build. It is not recommended to edit this file directly.
$data merge entity $(bone_hair_side) {transformation: [-1f,0f,0f,-0.2969f,0f,0.9763f,-0.2164f,1.9625f,0f,-0.2164f,-0.9763f,0.209f,0f,0f,0f,1f],start_interpolation: 0,interpolation_duration: 1}
$data merge entity $(bone_hair_side1) {transformation: [-1f,0f,0f,0.2969f,0f,0.9763f,-0.2164f,1.9625f,0f,-0.2164f,-0.9763f,0.209f,0f,0f,0f,1f],start_interpolation: 0,interpolation_duration: 1}
$data merge entity $(bone_beard) {transformation: [-1f,0f,0f,0f,0f,0.9763f,-0.2164f,1.653f,0f,-0.2164f,-0.9763f,0.2851f,0f,0f,0f,1f],start_interpolation: 0,interpolation_duration: 1}
$data merge entity $(bone_head) {transformation: [-1f,0f,0f,0f,0f,0.999f,-0.0436f,1.7344f,0f,-0.0436f,-0.999f,0f,0f,0f,0f,1f],start_interpolation: 0,interpolation_duration: 1}
$data merge entity $(bone_scythe) {transformation: [-1.1269f,-0.2342f,-1.2624f,-0.7429f,0.4013f,1.5313f,-0.6423f,1.5599f,1.2196f,-0.7203f,-0.9551f,0.4587f,0f,0f,0f,1f],start_interpolation: 0,interpolation_duration: 1}
$data merge entity $(bone_right2) {transformation: [-0.739f,0.6531f,0.1657f,-0.5171f,-0.376f,-0.1956f,-0.9057f,1.5016f,-0.5591f,-0.7316f,0.3901f,0.2274f,0f,0f,0f,1f],start_interpolation: 0,interpolation_duration: 1}
$data merge entity $(bone_right1) {transformation: [-0.1589f,0.6547f,-0.739f,-1.1631f,0.9037f,-0.205f,-0.376f,1.437f,-0.3977f,-0.7275f,-0.5591f,1.1246f,0f,0f,0f,1f],start_interpolation: 0,interpolation_duration: 1}
data modify entity @s data merge value {"cameras":{},"locators":{"hitbox":{"posx":-0.9302100469833072,"posy":2.593281270361094,"posz":0.011224022566068304,"roty":307.1108445191594,"rotx":-22.08538356803014},"hitbox2":{"posx":-1.4249576623879565,"posy":2.7694746891605853,"posz":0.5466497188332161,"roty":307.1108445191594,"rotx":-22.08538356803014}}}