# This file was generated by Animated Java via MC-Build. It is not recommended to edit this file directly.
$data merge entity $(bone_beard) {transformation: [-1f,0f,0f,0f,0f,0.999f,0.0454f,1.6165f,0f,0.0454f,-0.999f,0.272f,0f,0f,0f,1f],start_interpolation: 0,interpolation_duration: 1}
$data merge entity $(bone_left4) {transformation: [-0.964f,-0.266f,0.0082f,0.3739f,-0.2659f,0.964f,0.0079f,1.1642f,-0.01f,0.0054f,-0.9999f,-0.0017f,0f,0f,0f,1f],start_interpolation: 0,interpolation_duration: 1}
$data merge entity $(bone_left3) {transformation: [-0.964f,-0.266f,0.0082f,0.3635f,-0.2659f,0.964f,0.0079f,0.0268f,-0.01f,0.0054f,-0.9999f,-0.0107f,0f,0f,0f,1f],start_interpolation: 0,interpolation_duration: 1}
$data merge entity $(bone_scythe) {transformation: [-2.373f,-0.0964f,-0.0076f,-0.8633f,-0.0965f,2.3521f,0.3147f,1.2031f,-0.0053f,0.3148f,-2.354f,-0.0216f,0f,0f,0f,1f],start_interpolation: 0,interpolation_duration: 1}
$data merge entity $(bone_right2) {transformation: [-0.0028f,0.9985f,0.054f,-0.5356f,0.1326f,0.0539f,-0.9897f,1.2187f,-0.9912f,0.0044f,-0.1326f,-0.0047f,0f,0f,0f,1f],start_interpolation: 0,interpolation_duration: 1}
$data merge entity $(bone_right1) {transformation: [-0.7003f,0.7139f,0.0031f,-1.0753f,0.7138f,0.7001f,0.0181f,0.2518f,0.0108f,0.0149f,-0.9998f,-0.0239f,0f,0f,0f,1f],start_interpolation: 0,interpolation_duration: 1}
data modify entity @s data merge value {"cameras":{},"locators":{"scythe_blade":{"posx":-1.5808697586646399,"posy":2.305421310709196,"posz":0.12808254949127792,"roty":359.8159587992298,"rotx":7.615237179986819},"scythe_pole":{"posx":-0.8559060008631513,"posy":1.4049058924470563,"posz":0.005355081716102137,"roty":359.8159587992298,"rotx":7.615237179986819}}}