# This file was generated by Animated Java via MC-Build. It is not recommended to edit this file directly.
$data merge entity $(bone_hair_side) {transformation: [-1f,0f,0f,-0.2969f,0f,0.9714f,-0.2375f,-0.4706f,0f,-0.2375f,-0.9714f,0.204f,0f,0f,0f,1f],start_interpolation: 0,interpolation_duration: 1}
$data merge entity $(bone_hair_side1) {transformation: [-1f,0f,0f,0.2969f,0f,0.9714f,-0.2375f,-0.4706f,0f,-0.2375f,-0.9714f,0.204f,0f,0f,0f,1f],start_interpolation: 0,interpolation_duration: 1}
$data merge entity $(bone_beard) {transformation: [-1f,0f,0f,0f,0f,0.9714f,-0.2375f,-0.7783f,0f,-0.2375f,-0.9714f,0.2868f,0f,0f,0f,1f],start_interpolation: 0,interpolation_duration: 1}
$data merge entity $(bone_head) {transformation: [-1f,0f,0f,0f,0f,0.9979f,-0.0652f,-0.7031f,0f,-0.0652f,-0.9979f,0f,0f,0f,0f,1f],start_interpolation: 0,interpolation_duration: 1}
$data merge entity $(bone_aura) {transformation: [-1.3386f,-0.1739f,-1.9541f,-1.4972f,0.8173f,2.1012f,-0.7469f,0.5286f,1.7835f,-1.0934f,-1.1244f,1.0105f,0f,0f,0f,1f],start_interpolation: 0,interpolation_duration: 1}
$data merge entity $(bone_scythe) {transformation: [-0.9628f,-0.1251f,-1.4056f,-0.6842f,0.5879f,1.5114f,-0.5372f,-0.8077f,1.2829f,-0.7865f,-0.8088f,0.4853f,0f,0f,0f,1f],start_interpolation: 0,interpolation_duration: 1}
$data merge entity $(bone_right2) {transformation: [-0.8228f,0.5599f,0.0977f,-0.4876f,-0.3145f,-0.3052f,-0.8989f,-0.9029f,-0.4734f,-0.7703f,0.4272f,0.2399f,0f,0f,0f,1f],start_interpolation: 0,interpolation_duration: 1}
$data merge entity $(bone_right1) {transformation: [-0.0944f,0.5605f,-0.8228f,-1.0536f,0.897f,-0.3106f,-0.3145f,-0.8533f,-0.4318f,-0.7677f,-0.4734f,1.1906f,0f,0f,0f,1f],start_interpolation: 0,interpolation_duration: 1}
data modify entity @s data merge value {"cameras":{},"locators":{"scythe_blade":{"posx":-1.1464221101569116,"posy":0.432602121323838,"posz":0.4647105752171148,"roty":299.9162733476852,"rotx":-18.32852783340654},"scythe_pole":{"posx":-0.690281658090518,"posy":-0.6333847697054105,"posz":0.38003273784236985,"roty":299.9162733476852,"rotx":-18.32852783340654}}}