# This file was generated by Animated Java via MC-Build. It is not recommended to edit this file directly.
$data merge entity $(bone_hair_side) {transformation: [-1f,0f,0f,-0.2969f,0f,0.9672f,-0.2541f,1.9704f,0f,-0.2541f,-0.9672f,0.2f,0f,0f,0f,1f],start_interpolation: 0,interpolation_duration: 1}
$data merge entity $(bone_hair_side1) {transformation: [-1f,0f,0f,0.2969f,0f,0.9672f,-0.2541f,1.9704f,0f,-0.2541f,-0.9672f,0.2f,0f,0f,0f,1f],start_interpolation: 0,interpolation_duration: 1}
$data merge entity $(bone_beard) {transformation: [-1f,0f,0f,0f,0f,0.9672f,-0.2541f,1.6641f,0f,-0.2541f,-0.9672f,0.288f,0f,0f,0f,1f],start_interpolation: 0,interpolation_duration: 1}
$data merge entity $(bone_head) {transformation: [-1f,0f,0f,0f,0f,0.9966f,-0.0823f,1.7344f,0f,-0.0823f,-0.9966f,0f,0f,0f,0f,1f],start_interpolation: 0,interpolation_duration: 1}
$data merge entity $(bone_scythe) {transformation: [-0.7829f,-0.0283f,-1.5181f,-0.6192f,0.7401f,1.4843f,-0.4094f,1.6864f,1.3258f,-0.8453f,-0.668f,0.5046f,0f,0f,0f,1f],start_interpolation: 0,interpolation_duration: 1}
$data merge entity $(bone_right2) {transformation: [-0.8887f,0.4571f,0.0366f,-0.4553f,-0.2396f,-0.3949f,-0.8869f,1.5606f,-0.391f,-0.7969f,0.4605f,0.2492f,0f,0f,0f,1f],start_interpolation: 0,interpolation_duration: 1}
$data merge entity $(bone_right1) {transformation: [-0.0371f,0.4571f,-0.8887f,-0.9294f,0.8874f,-0.3939f,-0.2396f,1.7019f,-0.4596f,-0.7974f,-0.391f,1.2401f,0f,0f,0f,1f],start_interpolation: 0,interpolation_duration: 1}
data modify entity @s data merge value {"cameras":{},"locators":{"hitbox":{"posx":-0.6596130069845932,"posy":2.697780580813548,"posz":-0.023410655286032367,"roty":293.7492748263506,"rotx":-13.86421509821452},"hitbox2":{"posx":-1.0033276271096083,"posy":3.022688396599799,"posz":0.5586504851050128,"roty":293.7492748263506,"rotx":-13.86421509821452}}}