# This file was generated by Animated Java via MC-Build. It is not recommended to edit this file directly.
$data merge entity $(bone_hair_side) {transformation: [-1f,0f,0f,-0.2969f,0f,0.9656f,-0.2602f,1.9716f,0f,-0.2602f,-0.9656f,0.1985f,0f,0f,0f,1f],start_interpolation: 0,interpolation_duration: 1}
$data merge entity $(bone_hair_side1) {transformation: [-1f,0f,0f,0.2969f,0f,0.9656f,-0.2602f,1.9716f,0f,-0.2602f,-0.9656f,0.1985f,0f,0f,0f,1f],start_interpolation: 0,interpolation_duration: 1}
$data merge entity $(bone_beard) {transformation: [-1f,0f,0f,0f,0f,0.9656f,-0.2602f,1.6659f,0f,-0.2602f,-0.9656f,0.2884f,0f,0f,0f,1f],start_interpolation: 0,interpolation_duration: 1}
$data merge entity $(bone_head) {transformation: [-1f,0f,0f,0f,0f,0.9961f,-0.0885f,1.7344f,0f,-0.0885f,-0.9961f,0f,0f,0f,0f,1f],start_interpolation: 0,interpolation_duration: 1}
$data merge entity $(bone_scythe) {transformation: [-0.6008f,0.0525f,-1.5983f,-0.5531f,0.8527f,1.455f,-0.2728f,1.7279f,1.3529f,-0.8937f,-0.5379f,0.5181f,0f,0f,0f,1f],start_interpolation: 0,interpolation_duration: 1}
$data merge entity $(bone_right2) {transformation: [-0.9356f,0.3527f,-0.0153f,-0.4228f,-0.1597f,-0.4615f,-0.8727f,1.579f,-0.3149f,-0.814f,0.4881f,0.2559f,0f,0f,0f,1f],start_interpolation: 0,interpolation_duration: 1}
$data merge entity $(bone_right1) {transformation: [0.0119f,0.3528f,-0.9356f,-0.8014f,0.8772f,-0.4529f,-0.1597f,1.7861f,-0.48f,-0.8188f,-0.3149f,1.2759f,0f,0f,0f,1f],start_interpolation: 0,interpolation_duration: 1}
data modify entity @s data merge value {"cameras":{},"locators":{"hitbox":{"posx":-0.5345791679329194,"posy":2.7228116662938797,"posz":-0.04152735499539317,"roty":288.6001574050831,"rotx":-9.187920834367004},"hitbox2":{"posx":-0.7983570982256933,"posy":3.0971500654730795,"posz":0.5524355785201712,"roty":288.6001574050831,"rotx":-9.187920834367004}}}