# This file was generated by Animated Java via MC-Build. It is not recommended to edit this file directly.
$data merge entity $(bone_hair_side) {transformation: [-1f,0f,0f,-0.2969f,0f,0.9656f,-0.2602f,1.9716f,0f,-0.2602f,-0.9656f,0.1985f,0f,0f,0f,1f],start_interpolation: 0,interpolation_duration: 1}
$data merge entity $(bone_hair_side1) {transformation: [-1f,0f,0f,0.2969f,0f,0.9656f,-0.2602f,1.9716f,0f,-0.2602f,-0.9656f,0.1985f,0f,0f,0f,1f],start_interpolation: 0,interpolation_duration: 1}
$data merge entity $(bone_beard) {transformation: [-1f,0f,0f,0f,0f,0.9656f,-0.2602f,1.6659f,0f,-0.2602f,-0.9656f,0.2884f,0f,0f,0f,1f],start_interpolation: 0,interpolation_duration: 1}
$data merge entity $(bone_head) {transformation: [-1f,0f,0f,0f,0f,0.9961f,-0.0885f,1.7344f,0f,-0.0885f,-0.9961f,0f,0f,0f,0f,1f],start_interpolation: 0,interpolation_duration: 1}
$data merge entity $(bone_scythe) {transformation: [-0.8353f,0.0729f,-2.2221f,-0.5531f,1.1854f,2.0228f,-0.3792f,1.7279f,1.8809f,-1.2424f,-0.7478f,0.5181f,0f,0f,0f,1f],start_interpolation: 0,interpolation_duration: 1}
$data merge entity $(bone_right2) {transformation: [-0.9356f,0.3527f,-0.0153f,-0.4228f,-0.1597f,-0.4615f,-0.8727f,1.579f,-0.3149f,-0.814f,0.4881f,0.2559f,0f,0f,0f,1f],start_interpolation: 0,interpolation_duration: 1}
$data merge entity $(bone_right1) {transformation: [0.0119f,0.3528f,-0.9356f,-0.8014f,0.8772f,-0.4529f,-0.1597f,1.7861f,-0.48f,-0.8188f,-0.3149f,1.2759f,0f,0f,0f,1f],start_interpolation: 0,interpolation_duration: 1}
data modify entity @s data merge value {"cameras":{},"locators":{"scythe_blade":{"posx":-0.7543941098435644,"posy":3.034760332276546,"posz":0.4534417562675771,"roty":288.6001574050831,"rotx":-9.187920834367004},"scythe_pole":{"posx":-0.5413825486044497,"posy":1.8931519158188141,"posz":0.39941585274579694,"roty":288.6001574050831,"rotx":-9.187920834367004}}}