# This file was generated by Animated Java via MC-Build. It is not recommended to edit this file directly.
$data merge entity $(bone_hair_side) {transformation: [-1f,0f,0f,-0.2969f,0f,0.9763f,-0.2164f,1.9625f,0f,-0.2164f,-0.9763f,0.209f,0f,0f,0f,1f],start_interpolation: 0,interpolation_duration: 1}
$data merge entity $(bone_hair_side1) {transformation: [-1f,0f,0f,0.2969f,0f,0.9763f,-0.2164f,1.9625f,0f,-0.2164f,-0.9763f,0.209f,0f,0f,0f,1f],start_interpolation: 0,interpolation_duration: 1}
$data merge entity $(bone_beard) {transformation: [-1f,0f,0f,0f,0f,0.9763f,-0.2164f,1.653f,0f,-0.2164f,-0.9763f,0.2851f,0f,0f,0f,1f],start_interpolation: 0,interpolation_duration: 1}
$data merge entity $(bone_head) {transformation: [-1f,0f,0f,0f,0f,0.999f,-0.0436f,1.7344f,0f,-0.0436f,-0.999f,0f,0f,0f,0f,1f],start_interpolation: 0,interpolation_duration: 1}
$data merge entity $(bone_scythe) {transformation: [-0.2857f,0.1597f,-1.6767f,-0.4382f,0.9601f,1.4127f,-0.029f,1.7662f,1.3838f,-0.9472f,-0.326f,0.5355f,0f,0f,0f,1f],start_interpolation: 0,interpolation_duration: 1}
$data merge entity $(bone_right2) {transformation: [-0.9815f,0.1711f,-0.0861f,-0.3667f,-0.017f,-0.5254f,-0.8507f,1.5941f,-0.1908f,-0.8335f,0.5186f,0.265f,0f,0f,0f,1f],start_interpolation: 0,interpolation_duration: 1}
$data merge entity $(bone_right1) {transformation: [0.0812f,0.1735f,-0.9815f,-0.5765f,0.8653f,-0.501f,-0.017f,1.856f,-0.4947f,-0.8479f,-0.1908f,1.3204f,0f,0f,0f,1f],start_interpolation: 0,interpolation_duration: 1}