# This file was generated by Animated Java via MC-Build. It is not recommended to edit this file directly.
$data merge entity $(bone_hair_side) {transformation: [-1f,0f,0f,-0.2969f,0f,0.9872f,-0.1593f,1.9298f,0f,-0.1593f,-0.9872f,0.2398f,0f,0f,0f,1f],start_interpolation: 0,interpolation_duration: 1}
$data merge entity $(bone_hair_side1) {transformation: [-1f,0f,0f,0.2969f,0f,0.9872f,-0.1593f,1.9298f,0f,-0.1593f,-0.9872f,0.2398f,0f,0f,0f,1f],start_interpolation: 0,interpolation_duration: 1}
$data merge entity $(bone_beard) {transformation: [-1f,0f,0f,0f,0f,0.9793f,-0.2022f,1.6203f,0f,-0.2022f,-0.9793f,0.2711f,0f,0f,0f,1f],start_interpolation: 0,interpolation_duration: 1}
$data merge entity $(bone_head) {transformation: [-1f,0f,0f,0f,0f,0.9948f,0.1016f,1.7344f,0f,0.1016f,-0.9948f,0f,0f,0f,0f,1f],start_interpolation: 0,interpolation_duration: 1}
$data merge entity $(bone_left4) {transformation: [-0.9763f,-0.2163f,0.011f,0.3598f,-0.2164f,0.9761f,-0.0174f,1.1615f,-0.007f,-0.0194f,-0.9998f,0.0053f,0f,0f,0f,1f],start_interpolation: 0,interpolation_duration: 1}
$data merge entity $(bone_left3) {transformation: [-0.9763f,-0.2163f,0.011f,0.2913f,-0.2164f,0.9761f,-0.0174f,0.0262f,-0.007f,-0.0194f,-0.9998f,0.0244f,0f,0f,0f,1f],start_interpolation: 0,interpolation_duration: 1}
$data merge entity $(bone_scythe) {transformation: [0.1245f,0.212f,-1.6906f,-0.2845f,0.7136f,1.5327f,0.2448f,1.6844f,1.5472f,-0.724f,0.0231f,0.5906f,0f,0f,0f,1f],start_interpolation: 0,interpolation_duration: 1}
$data merge entity $(bone_right2) {transformation: [-0.9896f,-0.0701f,-0.1257f,-0.292f,0.1433f,-0.398f,-0.9061f,1.5516f,0.0135f,-0.9147f,0.404f,0.2902f,0f,0f,0f,1f],start_interpolation: 0,interpolation_duration: 1}
$data merge entity $(bone_right1) {transformation: [0.1281f,-0.0656f,-0.9896f,-0.2624f,0.9199f,-0.365f,0.1433f,1.6519f,-0.3706f,-0.9287f,0.0135f,1.3928f,0f,0f,0f,1f],start_interpolation: 0,interpolation_duration: 1}
data modify entity @s data merge value {"cameras":{},"locators":{"hitbox":{"posx":-0.13949651028389584,"posy":2.7273654883047636,"posz":0.14960676732958933,"roty":269.2159029626575,"rotx":8.237220174197668},"hitbox2":{"posx":-0.08484313917783826,"posy":3.0406525810136764,"posz":0.828844727523762,"roty":269.2159029626575,"rotx":8.237220174197668}}}