# This file was generated by Animated Java via MC-Build. It is not recommended to edit this file directly.
$data merge entity $(bone_hair_side) {transformation: [-1f,0f,0f,-0.2969f,0f,0.9988f,-0.0485f,1.8785f,0f,-0.0485f,-0.9988f,0.2737f,0f,0f,0f,1f],start_interpolation: 0,interpolation_duration: 1}
$data merge entity $(bone_hair_side1) {transformation: [-1f,0f,0f,0.2969f,0f,0.9988f,-0.0485f,1.8785f,0f,-0.0485f,-0.9988f,0.2737f,0f,0f,0f,1f],start_interpolation: 0,interpolation_duration: 1}
$data merge entity $(bone_beard) {transformation: [-1f,0f,0f,0f,0f,0.9908f,-0.1353f,1.5765f,0f,-0.1353f,-0.9908f,0.2455f,0f,0f,0f,1f],start_interpolation: 0,interpolation_duration: 1}
$data merge entity $(bone_head) {transformation: [-1f,0f,0f,0f,0f,0.9552f,0.2961f,1.7344f,0f,0.2961f,-0.9552f,0f,0f,0f,0f,1f],start_interpolation: 0,interpolation_duration: 1}
$data merge entity $(bone_left4) {transformation: [-0.9759f,-0.2137f,0.044f,0.3591f,-0.2164f,0.9738f,-0.0696f,1.1621f,-0.028f,-0.0775f,-0.9966f,0.0213f,0f,0f,0f,1f],start_interpolation: 0,interpolation_duration: 1}
$data merge entity $(bone_left3) {transformation: [-0.9759f,-0.2137f,0.044f,0.2878f,-0.2164f,0.9738f,-0.0696f,0.0294f,-0.028f,-0.0775f,-0.9966f,0.0973f,0f,0f,0f,1f],start_interpolation: 0,interpolation_duration: 1}
$data merge entity $(bone_aura) {transformation: [0.3843f,0.1541f,-2.3386f,0.0522f,0.3453f,2.3403f,0.2109f,2.6954f,2.3181f,-0.3741f,0.3563f,1.7529f,0f,0f,0f,1f],start_interpolation: 0,interpolation_duration: 1}
$data merge entity $(bone_scythe) {transformation: [0.2764f,0.1108f,-1.6822f,-0.2251f,0.2484f,1.6834f,0.1517f,1.5192f,1.6674f,-0.2691f,0.2563f,0.6294f,0f,0f,0f,1f],start_interpolation: 0,interpolation_duration: 1}
$data merge entity $(bone_right2) {transformation: [-0.9847f,-0.1618f,-0.0649f,-0.2628f,0.0888f,-0.1454f,-0.9854f,1.4701f,0.15f,-0.9761f,0.1575f,0.3068f,0f,0f,0f,1f],start_interpolation: 0,interpolation_duration: 1}
$data merge entity $(bone_right1) {transformation: [0.0716f,-0.159f,-0.9847f,-0.1163f,0.9906f,-0.1043f,0.0888f,1.2713f,-0.1168f,-0.9818f,0.15f,1.3864f,0f,0f,0f,1f],start_interpolation: 0,interpolation_duration: 1}
data modify entity @s data merge value {"cameras":{},"locators":{"scythe_blade":{"posx":-0.04237778099111511,"posy":2.7408073036203273,"posz":1.1055116027106835,"roty":261.33731579096644,"rotx":5.095716962737492},"scythe_pole":{"posx":-0.2144559974034163,"posy":1.7170610346527535,"posz":0.5821616583987224,"roty":261.33731579096644,"rotx":5.095716962737492}}}