# This file was generated by Animated Java via MC-Build. It is not recommended to edit this file directly.
$data merge entity $(bone_hair_side) {transformation: [-1f,0f,0f,-0.2969f,0f,1f,0f,-0.5973f,0f,0f,-1f,0.2907f,0f,0f,0f,1f],start_interpolation: 0,interpolation_duration: 1}
$data merge entity $(bone_hair_side1) {transformation: [-1f,0f,0f,0.2969f,0f,1f,0f,-0.5973f,0f,0f,-1f,0.2907f,0f,0f,0f,1f],start_interpolation: 0,interpolation_duration: 1}
$data merge entity $(bone_beard) {transformation: [-1f,0f,0f,0f,0f,0.9914f,-0.1305f,-0.8857f,0f,-0.1305f,-0.9914f,0.2252f,0f,0f,0f,1f],start_interpolation: 0,interpolation_duration: 1}
$data merge entity $(bone_head) {transformation: [-1f,0f,0f,0f,0f,0.9063f,0.4226f,-0.7031f,0f,0.4226f,-0.9063f,0f,0f,0f,0f,1f],start_interpolation: 0,interpolation_duration: 1}
$data merge entity $(bone_left4) {transformation: [-0.9744f,-0.2025f,0.0981f,0.356f,-0.216f,0.9638f,-0.1561f,-1.2726f,-0.063f,-0.1733f,-0.9829f,0.0476f,0f,0f,0f,1f],start_interpolation: 0,interpolation_duration: 1}
$data merge entity $(bone_left3) {transformation: [-0.9744f,-0.2025f,0.0981f,0.2729f,-0.216f,0.9638f,-0.1561f,-2.3943f,-0.063f,-0.1733f,-0.9829f,0.2175f,0f,0f,0f,1f],start_interpolation: 0,interpolation_duration: 1}
$data merge entity $(bone_aura) {transformation: [0.5571f,0.0274f,-2.3086f,0.1419f,-0.1598f,2.3696f,-0.0105f,-0.1334f,2.3032f,0.1578f,0.5577f,1.9641f,0f,0f,0f,1f],start_interpolation: 0,interpolation_duration: 1}
$data merge entity $(bone_scythe) {transformation: [0.4007f,0.0197f,-1.6606f,-0.1774f,-0.1149f,1.7044f,-0.0075f,-1.0428f,1.6567f,0.1135f,0.4011f,0.6248f,0f,0f,0f,1f],start_interpolation: 0,interpolation_duration: 1}
$data merge entity $(bone_right2) {transformation: [-0.972f,-0.2348f,-0.0064f,-0.2393f,-0.0044f,0.0455f,-0.999f,-1.0278f,0.2348f,-0.971f,-0.0453f,0.3025f,0f,0f,0f,1f],start_interpolation: 0,interpolation_duration: 1}
$data merge entity $(bone_right1) {transformation: [0.0166f,-0.2343f,-0.972f,0.0044f,0.996f,0.089f,-0.0044f,-1.4337f,0.0876f,-0.9681f,0.2348f,1.3038f,0f,0f,0f,1f],start_interpolation: 0,interpolation_duration: 1}
data modify entity @s data merge value {"cameras":{},"locators":{"scythe_blade":{"posx":-0.00669989414927763,"posy":0.05000203849760054,"posz":1.3521410176121211,"roty":256.41946690729566,"rotx":-0.2522854473783948},"scythe_pole":{"posx":-0.17877324572188935,"posy":-0.8391074878952798,"posz":0.623143410101647,"roty":256.41946690729566,"rotx":-0.2522854473783948}}}