# This file was generated by Animated Java via MC-Build. It is not recommended to edit this file directly.
$data merge entity $(bone_hair_side) {transformation: [-1f,0f,0f,-0.2969f,0f,0.9999f,0.0127f,1.8365f,0f,0.0127f,-0.9999f,0.292f,0f,0f,0f,1f],start_interpolation: 0,interpolation_duration: 1}
$data merge entity $(bone_hair_side1) {transformation: [-1f,0f,0f,0.2969f,0f,0.9999f,0.0127f,1.8365f,0f,0.0127f,-0.9999f,0.292f,0f,0f,0f,1f],start_interpolation: 0,interpolation_duration: 1}
$data merge entity $(bone_beard) {transformation: [-1f,0f,0f,0f,0f,0.993f,-0.1179f,1.556f,0f,-0.1179f,-0.993f,0.2262f,0f,0f,0f,1f],start_interpolation: 0,interpolation_duration: 1}
$data merge entity $(bone_head) {transformation: [-1f,0f,0f,0f,0f,0.9009f,0.4341f,1.7344f,0f,0.4341f,-0.9009f,0f,0f,0f,0f,1f],start_interpolation: 0,interpolation_duration: 1}
$data merge entity $(bone_left4) {transformation: [-0.9702f,-0.1728f,0.17f,0.3477f,-0.2151f,0.9371f,-0.275f,1.1724f,-0.1118f,-0.3034f,-0.9463f,0.0834f,0f,0f,0f,1f],start_interpolation: 0,interpolation_duration: 1}
$data merge entity $(bone_left3) {transformation: [-0.9702f,-0.1728f,0.17f,0.2335f,-0.2151f,0.9371f,-0.275f,0.0803f,-0.1118f,-0.3034f,-0.9463f,0.3803f,0f,0f,0f,1f],start_interpolation: 0,interpolation_duration: 1}
$data merge entity $(bone_aura) {transformation: [0.5508f,0.0879f,-2.3086f,0.1627f,-0.4168f,2.3381f,-0.0105f,2.0933f,2.2723f,0.4076f,0.5577f,2.0461f,0f,0f,0f,1f],start_interpolation: 0,interpolation_duration: 1}
$data merge entity $(bone_scythe) {transformation: [0.3962f,0.0632f,-1.6606f,-0.1787f,-0.2998f,1.6818f,-0.0075f,1.3391f,1.6345f,0.2932f,0.4011f,0.6188f,0f,0f,0f,1f],start_interpolation: 0,interpolation_duration: 1}
$data merge entity $(bone_right2) {transformation: [-0.972f,-0.2333f,-0.0268f,-0.24f,-0.0044f,0.1324f,-0.9912f,1.3827f,0.2348f,-0.9633f,-0.1297f,0.299f,0f,0f,0f,1f],start_interpolation: 0,interpolation_duration: 1}
$data merge entity $(bone_right1) {transformation: [0.037f,-0.2319f,-0.972f,-0.0052f,0.9845f,0.1755f,-0.0044f,0.8885f,0.1716f,-0.9568f,0.2348f,1.2619f,0f,0f,0f,1f],start_interpolation: 0,interpolation_duration: 1}
data modify entity @s data merge value {"cameras":{},"locators":{"scythe_blade":{"posx":0.019361450580669876,"posy":2.3441401277321274,"posz":1.4573377225101851,"roty":256.41946690728736,"rotx":-0.25228544745675013},"scythe_pole":{"posx":-0.1747669036157038,"posy":1.541857877385744,"posz":0.6386681476045635,"roty":256.41946690728736,"rotx":-0.25228544745675013}}}
execute on vehicle unless entity @s[tag=aj.transforms_only] at @s run function animated_java:lich/animations/pray/zzz/frames/19_root_commands