# This file was generated by Animated Java via MC-Build. It is not recommended to edit this file directly.
$data merge entity $(bone_hair_side) {transformation: [-1f,0f,0f,-0.2969f,0f,0.9999f,0.0163f,1.8354f,0f,0.0163f,-0.9999f,0.2924f,0f,0f,0f,1f],start_interpolation: 0,interpolation_duration: 1}
$data merge entity $(bone_hair_side1) {transformation: [-1f,0f,0f,0.2969f,0f,0.9999f,0.0163f,1.8354f,0f,0.0163f,-0.9999f,0.2924f,0f,0f,0f,1f],start_interpolation: 0,interpolation_duration: 1}
$data merge entity $(bone_beard) {transformation: [-1f,0f,0f,0f,0f,0.9934f,-0.1144f,1.5552f,0f,-0.1144f,-0.9934f,0.2256f,0f,0f,0f,1f],start_interpolation: -1,interpolation_duration: 0}
$data merge entity $(bone_head) {transformation: [-1f,0f,0f,0f,0f,0.8993f,0.4373f,1.7344f,0f,0.4373f,-0.8993f,0f,0f,0f,0f,1f],start_interpolation: 0,interpolation_duration: 1}
$data merge entity $(bone_left4) {transformation: [-0.9614f,-0.1122f,0.2513f,0.3309f,-0.2131f,0.8814f,-0.4216f,1.188f,-0.1742f,-0.4589f,-0.8712f,0.126f,0f,0f,0f,1f],start_interpolation: 0,interpolation_duration: 1}
$data merge entity $(bone_left3) {transformation: [-0.9614f,-0.1122f,0.2513f,0.1532f,-0.2131f,0.8814f,-0.4216f,0.1575f,-0.1742f,-0.4589f,-0.8712f,0.5735f,0f,0f,0f,1f],start_interpolation: 0,interpolation_duration: 1}
$data merge entity $(bone_scythe) {transformation: [0.3979f,0.0902f,-1.6589f,-0.1781f,-0.2964f,1.6823f,0.0203f,1.3407f,1.6347f,0.2831f,0.4075f,0.6189f,0f,0f,0f,1f],start_interpolation: 0,interpolation_duration: 1}
$data merge entity $(bone_right2) {transformation: [-0.9711f,-0.235f,-0.0426f,-0.24f,0.0119f,0.1304f,-0.9914f,1.3833f,0.2385f,-0.9632f,-0.1238f,0.2991f,0f,0f,0f,1f],start_interpolation: 0,interpolation_duration: 1}
$data merge entity $(bone_right1) {transformation: [0.0365f,-0.232f,-0.972f,-0.0049f,0.9848f,0.1735f,-0.0044f,0.8912f,0.1697f,-0.9571f,0.2348f,1.263f,0f,0f,0f,1f],start_interpolation: 0,interpolation_duration: 1}
data modify entity @s data merge value {"cameras":{},"locators":{"hitbox":{"posx":-0.10693257019542478,"posy":2.455810291504757,"posz":0.8527259739191099,"roty":256.1982339895064,"rotx":0.6822851770388605},"hitbox2":{"posx":0.06777167245961696,"posy":2.325695101567592,"posz":1.57039474497296,"roty":256.1982339895064,"rotx":0.6822851770388605}}}