# This file was generated by Animated Java via MC-Build. It is not recommended to edit this file directly.
$data merge entity $(bone_hair_side) {transformation: [-1f,0f,0f,-0.2969f,0f,0.9999f,0.0124f,1.8366f,0f,0.0124f,-0.9999f,0.292f,0f,0f,0f,1f],start_interpolation: 0,interpolation_duration: 1}
$data merge entity $(bone_hair_side1) {transformation: [-1f,0f,0f,0.2969f,0f,0.9999f,0.0124f,1.8366f,0f,0.0124f,-0.9999f,0.292f,0f,0f,0f,1f],start_interpolation: 0,interpolation_duration: 1}
$data merge entity $(bone_beard) {transformation: [-1f,0f,0f,0f,0f,0.993f,-0.1182f,1.5561f,0f,-0.1182f,-0.993f,0.2263f,0f,0f,0f,1f],start_interpolation: 0,interpolation_duration: 1}
$data merge entity $(bone_head) {transformation: [-1f,0f,0f,0f,0f,0.901f,0.4338f,1.7344f,0f,0.4338f,-0.901f,0f,0f,0f,0f,1f],start_interpolation: 0,interpolation_duration: 1}
$data merge entity $(bone_left4) {transformation: [-0.9454f,-0.0093f,0.3257f,0.3023f,-0.2096f,0.7826f,-0.5862f,1.2157f,-0.2494f,-0.6225f,-0.7418f,0.1708f,0f,0f,0f,1f],start_interpolation: 0,interpolation_duration: 1}
$data merge entity $(bone_left3) {transformation: [-0.9454f,-0.0093f,0.3257f,0.017f,-0.2096f,0.7826f,-0.5862f,0.2943f,-0.2494f,-0.6225f,-0.7418f,0.7736f,0f,0f,0f,1f],start_interpolation: 0,interpolation_duration: 1}
$data merge entity $(bone_aura) {transformation: [0.5694f,0.1736f,-2.2992f,0.2124f,-0.3991f,2.3399f,0.0779f,2.1092f,2.2709f,0.3677f,0.5902f,2.0287f,0f,0f,0f,1f],start_interpolation: 0,interpolation_duration: 1}
$data merge entity $(bone_scythe) {transformation: [0.4096f,0.1249f,-1.6538f,-0.1754f,-0.2871f,1.6831f,0.056f,1.3445f,1.6335f,0.2645f,0.4245f,0.6189f,0f,0f,0f,1f],start_interpolation: 0,interpolation_duration: 1}
$data merge entity $(bone_right2) {transformation: [-0.9681f,-0.2427f,-0.0626f,-0.2399f,0.0328f,0.1249f,-0.9916f,1.385f,0.2485f,-0.962f,-0.113f,0.2994f,0f,0f,0f,1f],start_interpolation: 0,interpolation_duration: 1}
$data merge entity $(bone_right1) {transformation: [0.0352f,-0.2323f,-0.972f,-0.0041f,0.9858f,0.1679f,-0.0044f,0.8985f,0.1643f,-0.958f,0.2349f,1.266f,0f,0f,0f,1f],start_interpolation: 0,interpolation_duration: 1}
data modify entity @s data merge value {"cameras":{},"locators":{"scythe_blade":{"posx":0.06906649432449558,"posy":2.355418648177041,"posz":1.4379645279002033,"roty":255.60363738355298,"rotx":1.8788500414012554},"scythe_pole":{"posx":-0.16430047908250103,"posy":1.5472955824611674,"posz":0.6354438326026711,"roty":255.60363738355298,"rotx":1.8788500414012554}}}