# This file was generated by Animated Java via MC-Build. It is not recommended to edit this file directly.
$data merge entity $(bone_hair_side) {transformation: [-1f,0f,0f,-0.2969f,0f,0.9999f,-0.0111f,1.8434f,0f,-0.0111f,-0.9999f,0.2895f,0f,0f,0f,1f],start_interpolation: 0,interpolation_duration: 1}
$data merge entity $(bone_hair_side1) {transformation: [-1f,0f,0f,0.2969f,0f,0.9999f,-0.0111f,1.8434f,0f,-0.0111f,-0.9999f,0.2895f,0f,0f,0f,1f],start_interpolation: 0,interpolation_duration: 1}
$data merge entity $(bone_beard) {transformation: [-1f,0f,0f,0f,0f,0.9899f,-0.1416f,1.5614f,0f,-0.1416f,-0.9899f,0.2304f,0f,0f,0f,1f],start_interpolation: 0,interpolation_duration: 1}
$data merge entity $(bone_head) {transformation: [-1f,0f,0f,0f,0f,0.911f,0.4125f,1.7344f,0f,0.4125f,-0.911f,0f,0f,0f,0f,1f],start_interpolation: 0,interpolation_duration: 1}
$data merge entity $(bone_left4) {transformation: [-0.8799f,0.3302f,0.3417f,0.2082f,-0.1951f,0.4048f,-0.8934f,1.3216f,-0.4333f,-0.8527f,-0.2918f,0.2327f,0f,0f,0f,1f],start_interpolation: 0,interpolation_duration: 1}
$data merge entity $(bone_left3) {transformation: [-0.8799f,0.3302f,0.3417f,-0.4279f,-0.1951f,0.4048f,-0.8934f,0.8179f,-0.4333f,-0.8527f,-0.2918f,1.0299f,0f,0f,0f,1f],start_interpolation: 0,interpolation_duration: 1}
$data merge entity $(bone_scythe) {transformation: [0.4823f,0.1911f,-1.6277f,-0.1604f,-0.258f,1.6844f,0.1213f,1.3565f,1.6184f,0.2116f,0.5044f,0.6172f,0f,0f,0f,1f],start_interpolation: 0,interpolation_duration: 1}
$data merge entity $(bone_right2) {transformation: [-0.9528f,-0.2869f,-0.0994f,-0.2397f,0.071f,0.1079f,-0.9916f,1.3908f,0.2952f,-0.9519f,-0.0824f,0.3003f,0f,0f,0f,1f],start_interpolation: 0,interpolation_duration: 1}
$data merge entity $(bone_right1) {transformation: [0.0309f,-0.233f,-0.972f,-0.0018f,0.9888f,0.1493f,-0.0044f,0.9232f,0.1462f,-0.9609f,0.235f,1.2756f,0f,0f,0f,1f],start_interpolation: 0,interpolation_duration: 1}
data modify entity @s data merge value {"cameras":{},"locators":{"hitbox":{"posx":-0.019606404676672018,"posy":2.4740902610765554,"posz":0.8029234869260281,"roty":252.78291715480327,"rotx":4.071644360833635},"hitbox2":{"posx":0.1921262649342344,"posy":2.3608114946505268,"posz":1.5134424505691075,"roty":252.78291715480327,"rotx":4.071644360833635}}}