# This file was generated by Animated Java via MC-Build. It is not recommended to edit this file directly.
$data merge entity $(bone_hair_side) {transformation: [-1f,0f,0f,-0.2969f,0f,0.9996f,-0.0274f,1.8481f,0f,-0.0274f,-0.9996f,0.2877f,0f,0f,0f,1f],start_interpolation: 0,interpolation_duration: 1}
$data merge entity $(bone_hair_side1) {transformation: [-1f,0f,0f,0.2969f,0f,0.9996f,-0.0274f,1.8481f,0f,-0.0274f,-0.9996f,0.2877f,0f,0f,0f,1f],start_interpolation: 0,interpolation_duration: 1}
$data merge entity $(bone_beard) {transformation: [-1f,0f,0f,0f,0f,0.9875f,-0.1577f,1.5652f,0f,-0.1577f,-0.9875f,0.2332f,0f,0f,0f,1f],start_interpolation: 0,interpolation_duration: 1}
$data merge entity $(bone_head) {transformation: [-1f,0f,0f,0f,0f,0.9176f,0.3976f,1.7344f,0f,0.3976f,-0.9176f,0f,0f,0f,0f,1f],start_interpolation: 0,interpolation_duration: 1}
$data merge entity $(bone_left4) {transformation: [-0.8234f,0.5246f,0.2164f,0.1546f,-0.1825f,0.1163f,-0.9763f,1.4025f,-0.5373f,-0.8434f,0f,0.2287f,0f,0f,0f,1f],start_interpolation: 0,interpolation_duration: 1}
$data merge entity $(bone_left3) {transformation: [-0.8234f,0.5246f,0.2164f,-0.6764f,-0.1825f,0.1163f,-0.9763f,1.2183f,-0.5373f,-0.8434f,0f,0.9832f,0f,0f,0f,1f],start_interpolation: 0,interpolation_duration: 1}
$data merge entity $(bone_aura) {transformation: [0.7554f,0.2864f,-2.2334f,0.3898f,-0.3351f,2.3438f,0.1872f,2.1652f,2.2266f,0.2556f,0.7858f,1.9529f,0f,0f,0f,1f],start_interpolation: 0,interpolation_duration: 1}
$data merge entity $(bone_scythe) {transformation: [0.5433f,0.206f,-1.6065f,-0.1483f,-0.241f,1.6859f,0.1347f,1.3635f,1.6016f,0.1838f,0.5653f,0.6148f,0f,0f,0f,1f],start_interpolation: 0,interpolation_duration: 1}
$data merge entity $(bone_right2) {transformation: [-0.9404f,-0.323f,-0.1066f,-0.2396f,0.0788f,0.0979f,-0.9921f,1.3944f,0.3309f,-0.9413f,-0.0666f,0.3008f,0f,0f,0f,1f],start_interpolation: 0,interpolation_duration: 1}
$data merge entity $(bone_right1) {transformation: [0.0282f,-0.2334f,-0.972f,-0.0004f,0.9905f,0.1378f,-0.0044f,0.9385f,0.135f,-0.9626f,0.235f,1.2814f,0f,0f,0f,1f],start_interpolation: 0,interpolation_duration: 1}
data modify entity @s data merge value {"cameras":{},"locators":{"scythe_blade":{"posx":0.20295686568267948,"posy":2.394365699058877,"posz":1.3674864992896585,"roty":250.61483791845654,"rotx":4.520998105577243},"scythe_pole":{"posx":-0.12875321334695208,"posy":1.5661975104914323,"posz":0.6220548291044747,"roty":250.61483791845654,"rotx":4.520998105577243}}}