# This file was generated by Animated Java via MC-Build. It is not recommended to edit this file directly.
$data merge entity $(bone_hair_side) {transformation: [-1f,0f,0f,-0.2969f,0f,0.9982f,-0.0607f,1.8576f,0f,-0.0607f,-0.9982f,0.2837f,0f,0f,0f,1f],start_interpolation: 0,interpolation_duration: 1}
$data merge entity $(bone_hair_side1) {transformation: [-1f,0f,0f,0.2969f,0f,0.9982f,-0.0607f,1.8576f,0f,-0.0607f,-0.9982f,0.2837f,0f,0f,0f,1f],start_interpolation: 0,interpolation_duration: 1}
$data merge entity $(bone_beard) {transformation: [-1f,0f,0f,0f,0f,0.9817f,-0.1904f,1.544f,0f,-0.1904f,-0.9817f,0.2272f,0f,0f,0f,1f],start_interpolation: 0,interpolation_duration: 1}
$data merge entity $(bone_head) {transformation: [-1f,0f,0f,0f,0f,0.9303f,0.3668f,1.7344f,0f,0.3668f,-0.9303f,0f,0f,0f,0f,1f],start_interpolation: 0,interpolation_duration: 1}
$data merge entity $(bone_left4) {transformation: [-0.8412f,0.4955f,0.2164f,0.1625f,-0.1865f,0.1099f,-0.9763f,1.4042f,-0.5075f,-0.8616f,0f,0.2342f,0f,0f,0f,1f],start_interpolation: 0,interpolation_duration: 1}
$data merge entity $(bone_left3) {transformation: [-0.8412f,0.4955f,0.2164f,-0.6423f,-0.1865f,0.1099f,-0.9763f,1.2258f,-0.5075f,-0.8616f,0f,1.018f,0f,0f,0f,1f],start_interpolation: 0,interpolation_duration: 1}
$data merge entity $(bone_scythe) {transformation: [0.682f,0.1746f,-1.5565f,-0.1213f,-0.2032f,1.6932f,0.1009f,1.3779f,1.553f,0.1449f,0.6968f,0.6073f,0f,0f,0f,1f],start_interpolation: 0,interpolation_duration: 1}
$data merge entity $(bone_right2) {transformation: [-0.9111f,-0.4033f,-0.0847f,-0.2394f,0.0591f,0.0756f,-0.9954f,1.4018f,0.4079f,-0.9119f,-0.0451f,0.3017f,0f,0f,0f,1f],start_interpolation: 0,interpolation_duration: 1}
$data merge entity $(bone_right1) {transformation: [0.0226f,-0.2339f,-0.972f,0.0021f,0.9935f,0.1142f,-0.0044f,0.9701f,0.112f,-0.9655f,0.235f,1.2926f,0f,0f,0f,1f],start_interpolation: 0,interpolation_duration: 1}