# This file was generated by Animated Java via MC-Build. It is not recommended to edit this file directly.
$data merge entity $(bone_hair_side) {transformation: [-1f,0f,0f,-0.2969f,0f,0.9972f,-0.0743f,1.8615f,0f,-0.0743f,-0.9972f,0.282f,0f,0f,0f,1f],start_interpolation: 0,interpolation_duration: 1}
$data merge entity $(bone_hair_side1) {transformation: [-1f,0f,0f,0.2969f,0f,0.9972f,-0.0743f,1.8615f,0f,-0.0743f,-0.9972f,0.282f,0f,0f,0f,1f],start_interpolation: 0,interpolation_duration: 1}
$data merge entity $(bone_beard) {transformation: [-1f,0f,0f,0f,0f,0.979f,-0.2038f,1.5763f,0f,-0.2038f,-0.979f,0.2409f,0f,0f,0f,1f],start_interpolation: 0,interpolation_duration: 1}
$data merge entity $(bone_head) {transformation: [-1f,0f,0f,0f,0f,0.9352f,0.3541f,1.7344f,0f,0.3541f,-0.9352f,0f,0f,0f,0f,1f],start_interpolation: 0,interpolation_duration: 1}
$data merge entity $(bone_left4) {transformation: [-0.8497f,0.4808f,0.2164f,0.1665f,-0.1884f,0.1066f,-0.9763f,1.4051f,-0.4924f,-0.8704f,0f,0.2368f,0f,0f,0f,1f],start_interpolation: 0,interpolation_duration: 1}
$data merge entity $(bone_left3) {transformation: [-0.8497f,0.4808f,0.2164f,-0.6249f,-0.1884f,0.1066f,-0.9763f,1.2297f,-0.4924f,-0.8704f,0f,1.0349f,0f,0f,0f,1f],start_interpolation: 0,interpolation_duration: 1}
$data merge entity $(bone_aura) {transformation: [1.0313f,0.1856f,-2.1313f,0.5382f,-0.2539f,2.3599f,0.0827f,2.2382f,2.1243f,0.1919f,1.0446f,1.8581f,0f,0f,0f,1f],start_interpolation: 0,interpolation_duration: 1}
$data merge entity $(bone_scythe) {transformation: [0.7418f,0.1335f,-1.5331f,-0.1099f,-0.1826f,1.6975f,0.0595f,1.3848f,1.528f,0.138f,0.7514f,0.6033f,0f,0f,0f,1f],start_interpolation: 0,interpolation_duration: 1}
$data merge entity $(bone_right2) {transformation: [-0.8974f,-0.4372f,-0.0592f,-0.2393f,0.0348f,0.0634f,-0.9974f,1.4051f,0.4398f,-0.8971f,-0.0417f,0.3021f,0f,0f,0f,1f],start_interpolation: 0,interpolation_duration: 1}
$data merge entity $(bone_right1) {transformation: [0.0201f,-0.2341f,-0.972f,0.0031f,0.9946f,0.1036f,-0.0044f,0.9842f,0.1018f,-0.9667f,0.2349f,1.2974f,0f,0f,0f,1f],start_interpolation: 0,interpolation_duration: 1}
data modify entity @s data merge value {"cameras":{},"locators":{"scythe_blade":{"posx":0.27100480679029093,"posy":2.446423892416672,"posz":1.2964323968750733,"roty":243.89015275375624,"rotx":1.9961963370779254},"scythe_pole":{"posx":-0.10080640255050964,"posy":1.5883513187471994,"posz":0.6057585354000793,"roty":243.89015275375624,"rotx":1.9961963370779254}}}