# This file was generated by Animated Java via MC-Build. It is not recommended to edit this file directly.
$data merge entity $(bone_hair_side) {transformation: [-1f,0f,0f,-0.2969f,0f,0.9984f,-0.0563f,-0.5117f,0f,-0.0563f,-0.9984f,0.243f,0f,0f,0f,1f],start_interpolation: 0,interpolation_duration: 1}
$data merge entity $(bone_hair_side1) {transformation: [-1f,0f,0f,0.2969f,0f,0.9984f,-0.0563f,-0.5117f,0f,-0.0563f,-0.9984f,0.243f,0f,0f,0f,1f],start_interpolation: 0,interpolation_duration: 1}
$data merge entity $(bone_beard) {transformation: [-1f,0f,0f,0f,0f,0.9984f,-0.0563f,-0.8294f,0f,-0.0563f,-0.9984f,0.2682f,0f,0f,0f,1f],start_interpolation: 0,interpolation_duration: 1}
$data merge entity $(bone_head) {transformation: [-1f,0f,0f,0f,0f,0.993f,0.118f,-0.7031f,0f,0.118f,-0.993f,0f,0f,0f,0f,1f],start_interpolation: 0,interpolation_duration: 1}
$data merge entity $(bone_aura) {transformation: [-2.2423f,-0.7482f,-0.2302f,-2.4134f,-0.6957f,2.2248f,-0.4549f,-0.7504f,0.359f,-0.3621f,-2.3196f,0.1436f,0f,0f,0f,1f],start_interpolation: 0,interpolation_duration: 1}
$data merge entity $(bone_scythe) {transformation: [-1.6129f,-0.5382f,-0.1656f,-0.8592f,-0.5004f,1.6003f,-0.3272f,-1.3027f,0.2582f,-0.2604f,-1.6685f,0.0976f,0f,0f,0f,1f],start_interpolation: 0,interpolation_duration: 1}
$data merge entity $(bone_right2) {transformation: [-0.0969f,0.9295f,0.3559f,-0.5527f,-0.1915f,0.3335f,-0.9231f,-1.1903f,-0.9767f,-0.1577f,0.1457f,0.0612f,0f,0f,0f,1f],start_interpolation: 0,interpolation_duration: 1}
$data merge entity $(bone_right1) {transformation: [-0.6322f,0.7687f,-0.0969f,-1.172f,0.7698f,0.6089f,-0.1915f,-2.0778f,-0.0882f,-0.1957f,-0.9767f,0.2967f,0f,0f,0f,1f],start_interpolation: 0,interpolation_duration: 1}
data modify entity @s data merge value {"cameras":{},"locators":{"scythe_blade":{"posx":-1.852891525348972,"posy":-0.43100873419130203,"posz":0.02529898181816259,"roty":354.3319025681335,"rotx":-11.042887751807474},"scythe_pole":{"posx":-0.9084674464358559,"posy":-1.1078428487292116,"posz":0.0643020658859208,"roty":354.3319025681335,"rotx":-11.042887751807474}}}