# This file was generated by Animated Java via MC-Build. It is not recommended to edit this file directly.
$data merge entity $(bone_hair_side) {transformation: [-1f,0f,0f,-0.2969f,0f,0.9971f,-0.0763f,1.862f,0f,-0.0763f,-0.9971f,0.2818f,0f,0f,0f,1f],start_interpolation: 0,interpolation_duration: 1}
$data merge entity $(bone_hair_side1) {transformation: [-1f,0f,0f,0.2969f,0f,0.9971f,-0.0763f,1.862f,0f,-0.0763f,-0.9971f,0.2818f,0f,0f,0f,1f],start_interpolation: 0,interpolation_duration: 1}
$data merge entity $(bone_beard) {transformation: [-1f,0f,0f,0f,0f,0.9786f,-0.2058f,1.5768f,0f,-0.2058f,-0.9786f,0.2412f,0f,0f,0f,1f],start_interpolation: 0,interpolation_duration: 1}
$data merge entity $(bone_head) {transformation: [-1f,0f,0f,0f,0f,0.9359f,0.3523f,1.7344f,0f,0.3523f,-0.9359f,0f,0f,0f,0f,1f],start_interpolation: 0,interpolation_duration: 1}
$data merge entity $(bone_left4) {transformation: [-0.8652f,0.4523f,0.2164f,0.1743f,-0.1918f,0.1003f,-0.9763f,1.4069f,-0.4632f,-0.8862f,0f,0.2417f,0f,0f,0f,1f],start_interpolation: 0,interpolation_duration: 1}
$data merge entity $(bone_left3) {transformation: [-0.8652f,0.4523f,0.2164f,-0.5908f,-0.1918f,0.1003f,-0.9763f,1.2373f,-0.4632f,-0.8862f,0f,1.0662f,0f,0f,0f,1f],start_interpolation: 0,interpolation_duration: 1}
$data merge entity $(bone_aura) {transformation: [1.1344f,0.0707f,-2.0854f,0.5606f,-0.2001f,2.3664f,-0.0287f,2.2811f,2.077f,0.1894f,1.1362f,1.8254f,0f,0f,0f,1f],start_interpolation: 0,interpolation_duration: 1}
$data merge entity $(bone_scythe) {transformation: [0.816f,0.0508f,-1.5f,-0.0961f,-0.144f,1.7021f,-0.0206f,1.3954f,1.494f,0.1363f,0.8173f,0.5978f,0f,0f,0f,1f],start_interpolation: 0,interpolation_duration: 1}
data modify entity @s data merge value {"cameras":{},"locators":{"scythe_blade":{"posx":0.2587919099456468,"posy":2.4752469500838137,"posz":1.2763405855111367,"roty":241.4164122311037,"rotx":-0.6917139440737864},"scythe_pole":{"posx":-0.09747667731832002,"posy":1.5990838371625313,"posz":0.6003425135575081,"roty":241.4164122311037,"rotx":-0.6917139440737864}}}