# This file was generated by Animated Java via MC-Build. It is not recommended to edit this file directly.
$data merge entity $(bone_hair_side) {transformation: [-1f,0f,0f,-0.2969f,0f,0.9979f,-0.0654f,1.859f,0f,-0.0654f,-0.9979f,0.2832f,0f,0f,0f,1f],start_interpolation: 0,interpolation_duration: 1}
$data merge entity $(bone_hair_side1) {transformation: [-1f,0f,0f,0.2969f,0f,0.9979f,-0.0654f,1.859f,0f,-0.0654f,-0.9979f,0.2832f,0f,0f,0f,1f],start_interpolation: 0,interpolation_duration: 1}
$data merge entity $(bone_beard) {transformation: [-1f,0f,0f,0f,0f,0.9808f,-0.1951f,1.5451f,0f,-0.1951f,-0.9808f,0.2281f,0f,0f,0f,1f],start_interpolation: 0,interpolation_duration: 1}
$data merge entity $(bone_head) {transformation: [-1f,0f,0f,0f,0f,0.932f,0.3624f,1.7344f,0f,0.3624f,-0.932f,0f,0f,0f,0f,1f],start_interpolation: 0,interpolation_duration: 1}
$data merge entity $(bone_left4) {transformation: [-0.863f,0.4565f,0.2164f,0.1731f,-0.1913f,0.1012f,-0.9763f,1.4066f,-0.4676f,-0.8839f,0f,0.241f,0f,0f,0f,1f],start_interpolation: 0,interpolation_duration: 1}
$data merge entity $(bone_left3) {transformation: [-0.863f,0.4565f,0.2164f,-0.5959f,-0.1913f,0.1012f,-0.9763f,1.2361f,-0.4676f,-0.8839f,0f,1.0616f,0f,0f,0f,1f],start_interpolation: 0,interpolation_duration: 1}
$data merge entity $(bone_scythe) {transformation: [0.816f,0.0556f,-1.4998f,-0.0961f,-0.1353f,1.7029f,-0.0105f,1.3954f,1.4947f,0.1238f,0.8179f,0.5978f,0f,0f,0f,1f],start_interpolation: 0,interpolation_duration: 1}