# This file was generated by Animated Java via MC-Build. It is not recommended to edit this file directly.
$data merge entity $(bone_hair_side) {transformation: [-1f,0f,0f,-0.2969f,0f,0.999f,-0.0436f,1.8528f,0f,-0.0436f,-0.999f,0.2858f,0f,0f,0f,1f],start_interpolation: 0,interpolation_duration: 1}
$data merge entity $(bone_hair_side1) {transformation: [-1f,0f,0f,0.2969f,0f,0.999f,-0.0436f,1.8528f,0f,-0.0436f,-0.999f,0.2858f,0f,0f,0f,1f],start_interpolation: 0,interpolation_duration: 1}
$data merge entity $(bone_beard) {transformation: [-1f,0f,0f,0f,0f,0.9848f,-0.1736f,1.569f,0f,-0.1736f,-0.9848f,0.2359f,0f,0f,0f,1f],start_interpolation: 0,interpolation_duration: 1}
$data merge entity $(bone_head) {transformation: [-1f,0f,0f,0f,0f,0.9239f,0.3827f,1.7344f,0f,0.3827f,-0.9239f,0f,0f,0f,0f,1f],start_interpolation: 0,interpolation_duration: 1}
$data merge entity $(bone_left4) {transformation: [-0.8542f,0.4728f,0.2164f,0.1687f,-0.1894f,0.1048f,-0.9763f,1.4056f,-0.4843f,-0.8749f,0f,0.2382f,0f,0f,0f,1f],start_interpolation: 0,interpolation_duration: 1}
$data merge entity $(bone_left3) {transformation: [-0.8542f,0.4728f,0.2164f,-0.6154f,-0.1894f,0.1048f,-0.9763f,1.2318f,-0.4843f,-0.8749f,0f,1.0438f,0f,0f,0f,1f],start_interpolation: 0,interpolation_duration: 1}
$data merge entity $(bone_aura) {transformation: [1.1346f,0.0944f,-2.0843f,0.5707f,-0.1599f,2.3695f,0.0203f,2.3047f,2.0803f,0.1307f,1.1384f,1.8025f,0f,0f,0f,1f],start_interpolation: 0,interpolation_duration: 1}
$data merge entity $(bone_scythe) {transformation: [0.8161f,0.0679f,-1.4992f,-0.0961f,-0.115f,1.7044f,0.0146f,1.3954f,1.4964f,0.094f,0.8188f,0.5978f,0f,0f,0f,1f],start_interpolation: 0,interpolation_duration: 1}
data modify entity @s data merge value {"cameras":{},"locators":{"scythe_blade":{"posx":0.270269933422031,"posy":2.488129434152629,"posz":1.2490684519162638,"roty":241.35843665542654,"rotx":0.4893743152589983},"scythe_pole":{"posx":-0.09544670927586887,"posy":1.5990881796394736,"posz":0.595295184622891,"roty":241.35843665542654,"rotx":0.4893743152589983}}}