# This file was generated by Animated Java via MC-Build. It is not recommended to edit this file directly.
$data merge entity $(bone_hair_side) {transformation: [-1f,0f,0f,-0.2969f,0f,0.9995f,-0.0327f,1.8496f,0f,-0.0327f,-0.9995f,0.2871f,0f,0f,0f,1f],start_interpolation: 0,interpolation_duration: 1}
$data merge entity $(bone_hair_side1) {transformation: [-1f,0f,0f,0.2969f,0f,0.9995f,-0.0327f,1.8496f,0f,-0.0327f,-0.9995f,0.2871f,0f,0f,0f,1f],start_interpolation: 0,interpolation_duration: 1}
$data merge entity $(bone_beard) {transformation: [-1f,0f,0f,0f,0f,0.9866f,-0.1629f,1.5377f,0f,-0.1629f,-0.9866f,0.2218f,0f,0f,0f,1f],start_interpolation: 0,interpolation_duration: 1}
$data merge entity $(bone_head) {transformation: [-1f,0f,0f,0f,0f,0.9197f,0.3927f,1.7344f,0f,0.3927f,-0.9197f,0f,0f,0f,0f,1f],start_interpolation: 0,interpolation_duration: 1}
$data merge entity $(bone_left4) {transformation: [-0.8479f,0.484f,0.2164f,0.1656f,-0.188f,0.1073f,-0.9763f,1.4049f,-0.4958f,-0.8684f,0f,0.2363f,0f,0f,0f,1f],start_interpolation: 0,interpolation_duration: 1}
$data merge entity $(bone_left3) {transformation: [-0.8479f,0.484f,0.2164f,-0.6288f,-0.188f,0.1073f,-0.9763f,1.2288f,-0.4958f,-0.8684f,0f,1.0312f,0f,0f,0f,1f],start_interpolation: 0,interpolation_duration: 1}
$data merge entity $(bone_scythe) {transformation: [0.8161f,0.0761f,-1.4988f,-0.0961f,-0.1095f,1.7046f,0.0269f,1.3954f,1.4968f,0.0832f,0.8192f,0.5978f,0f,0f,0f,1f],start_interpolation: 0,interpolation_duration: 1}