# This file was generated by Animated Java via MC-Build. It is not recommended to edit this file directly.
$data merge entity $(bone_hair_side) {transformation: [-1f,0f,0f,-0.2969f,0f,0.9999f,-0.0109f,1.8433f,0f,-0.0109f,-0.9999f,0.2895f,0f,0f,0f,1f],start_interpolation: 0,interpolation_duration: 1}
$data merge entity $(bone_hair_side1) {transformation: [-1f,0f,0f,0.2969f,0f,0.9999f,-0.0109f,1.8433f,0f,-0.0109f,-0.9999f,0.2895f,0f,0f,0f,1f],start_interpolation: 0,interpolation_duration: 1}
$data merge entity $(bone_beard) {transformation: [-1f,0f,0f,0f,0f,0.99f,-0.1413f,1.5614f,0f,-0.1413f,-0.99f,0.2304f,0f,0f,0f,1f],start_interpolation: 0,interpolation_duration: 1}
$data merge entity $(bone_head) {transformation: [-1f,0f,0f,0f,0f,0.9109f,0.4127f,1.7344f,0f,0.4127f,-0.9109f,0f,0f,0f,0f,1f],start_interpolation: 0,interpolation_duration: 1}
$data merge entity $(bone_left4) {transformation: [-0.8322f,0.5105f,0.2164f,0.1584f,-0.1845f,0.1132f,-0.9763f,1.4033f,-0.5229f,-0.8524f,0f,0.2314f,0f,0f,0f,1f],start_interpolation: 0,interpolation_duration: 1}
$data merge entity $(bone_left3) {transformation: [-0.8322f,0.5105f,0.2164f,-0.66f,-0.1845f,0.1132f,-0.9763f,1.2219f,-0.5229f,-0.8524f,0f,1.0003f,0f,0f,0f,1f],start_interpolation: 0,interpolation_duration: 1}
$data merge entity $(bone_scythe) {transformation: [1.1346f,0.1359f,-2.082f,-0.0961f,-0.1705f,2.3681f,0.0617f,1.3954f,2.0795f,0.12f,1.141f,0.5978f,0f,0f,0f,1f],start_interpolation: 0,interpolation_duration: 1}
data modify entity @s data merge value {"cameras":{},"locators":{"scythe_blade":{"posx":0.29020081964850963,"posy":2.4844364051113192,"posz":1.2437166267001651,"roty":241.27546293787478,"rotx":1.488639391789032},"scythe_pole":{"posx":-0.09189548401353284,"posy":1.5990333771852026,"posz":0.5943889799246195,"roty":241.27546293787478,"rotx":1.488639391789032}}}