# This file was generated by Animated Java via MC-Build. It is not recommended to edit this file directly.
$data merge entity $(bone_hair_side) {transformation: [-1f,0f,0f,-0.2969f,0f,1f,0f,-0.5973f,0f,0f,-1f,0.2907f,0f,0f,0f,1f],start_interpolation: 0,interpolation_duration: 1}
$data merge entity $(bone_hair_side1) {transformation: [-1f,0f,0f,0.2969f,0f,1f,0f,-0.5973f,0f,0f,-1f,0.2907f,0f,0f,0f,1f],start_interpolation: 0,interpolation_duration: 1}
$data merge entity $(bone_beard) {transformation: [-1f,0f,0f,0f,0f,0.9914f,-0.1305f,-0.8786f,0f,-0.1305f,-0.9914f,0.2285f,0f,0f,0f,1f],start_interpolation: 0,interpolation_duration: 1}
$data merge entity $(bone_head) {transformation: [-1f,0f,0f,0f,0f,0.9063f,0.4226f,-0.7031f,0f,0.4226f,-0.9063f,0f,0f,0f,0f,1f],start_interpolation: 0,interpolation_duration: 1}
$data merge entity $(bone_left4) {transformation: [-0.8234f,0.5246f,0.2164f,0.1546f,-0.1825f,0.1163f,-0.9763f,-1.035f,-0.5373f,-0.8434f,0f,0.2287f,0f,0f,0f,1f],start_interpolation: 0,interpolation_duration: 1}
$data merge entity $(bone_left3) {transformation: [-0.8234f,0.5246f,0.2164f,-0.6764f,-0.1825f,0.1163f,-0.9763f,-1.2192f,-0.5373f,-0.8434f,0f,0.9832f,0f,0f,0f,1f],start_interpolation: 0,interpolation_duration: 1}
$data merge entity $(bone_aura) {transformation: [1.1343f,0.1557f,-2.0808f,0.5964f,-0.2051f,2.3652f,0.0652f,-0.1596f,2.0765f,0.1485f,1.1431f,1.8079f,0f,0f,0f,1f],start_interpolation: 0,interpolation_duration: 1}
$data merge entity $(bone_scythe) {transformation: [0.8159f,0.112f,-1.4967f,-0.0961f,-0.1475f,1.7013f,0.0469f,-1.0421f,1.4936f,0.1068f,0.8222f,0.5978f,0f,0f,0f,1f],start_interpolation: 0,interpolation_duration: 1}
data modify entity @s data merge value {"cameras":{},"locators":{"scythe_blade":{"posx":0.29959940880590685,"posy":0.035800907364420986,"posz":1.256579109561537,"roty":241.21749453394284,"rotx":1.5721803786990158},"scythe_pole":{"posx":-0.09020657282015056,"posy":-0.8384817284170143,"posz":0.5968491121689586,"roty":241.21749453394284,"rotx":1.5721803786990158}}}
execute on vehicle unless entity @s[tag=aj.transforms_only] at @s run function animated_java:lich/animations/pray/zzz/frames/37_root_commands