# This file was generated by Animated Java via MC-Build. It is not recommended to edit this file directly.
$data merge entity $(bone_hair_side) {transformation: [-0.9999f,0.0127f,0.0027f,-0.2969f,0.011f,0.9403f,-0.3402f,-0.5172f,-0.0068f,-0.3402f,-0.9403f,0.2472f,0f,0f,0f,1f],start_interpolation: 0,interpolation_duration: 1}
$data merge entity $(bone_hair_side1) {transformation: [-0.9999f,-0.0128f,-0.0021f,0.2969f,-0.0113f,0.9401f,-0.3406f,-0.5172f,0.0064f,-0.3405f,-0.9402f,0.2472f,0f,0f,0f,1f],start_interpolation: 0,interpolation_duration: 1}
$data merge entity $(bone_beard) {transformation: [-1f,0f,0f,0f,0f,0.9601f,-0.2795f,-0.8354f,0f,-0.2795f,-0.9601f,0.2653f,0f,0f,0f,1f],start_interpolation: 0,interpolation_duration: 1}
$data merge entity $(bone_head) {transformation: [-1f,0f,0f,0f,0f,0.9901f,0.1401f,-0.7031f,0f,0.1401f,-0.9901f,0f,0f,0f,0f,1f],start_interpolation: 0,interpolation_duration: 1}
$data merge entity $(bone_left4) {transformation: [-0.8175f,0.5692f,0.0875f,0.1422f,-0.1675f,-0.0897f,-0.9818f,-0.9772f,-0.551f,-0.8173f,0.1687f,0.2212f,0f,0f,0f,1f],start_interpolation: 0,interpolation_duration: 1}
$data merge entity $(bone_left3) {transformation: [-0.8175f,0.5692f,0.0875f,-0.7358f,-0.1675f,-0.0897f,-0.9818f,-0.9314f,-0.551f,-0.8173f,0.1687f,0.9429f,0f,0f,0f,1f],start_interpolation: 0,interpolation_duration: 1}
$data merge entity $(bone_aura) {transformation: [1.3215f,0.0943f,-1.9711f,0.7033f,0.138f,2.3621f,0.2056f,0.1834f,1.9686f,-0.229f,1.3088f,1.5652f,0f,0f,0f,1f],start_interpolation: 0,interpolation_duration: 1}
$data merge entity $(bone_scythe) {transformation: [0.9505f,0.0679f,-1.4178f,-0.0667f,0.0993f,1.699f,0.1479f,-0.8874f,1.416f,-0.1647f,0.9414f,0.5737f,0f,0f,0f,1f],start_interpolation: 0,interpolation_duration: 1}
$data merge entity $(bone_right2) {transformation: [-0.8317f,-0.5516f,0.0627f,-0.2347f,0.0528f,-0.1909f,-0.9802f,-0.9509f,0.5527f,-0.8119f,0.1879f,0.2987f,0f,0f,0f,1f],start_interpolation: 0,interpolation_duration: 1}
$data merge entity $(bone_right1) {transformation: [-0.0502f,-0.2489f,-0.9672f,0.0454f,0.9875f,-0.1572f,-0.0108f,-1.0925f,-0.1493f,-0.9557f,0.2536f,1.3608f,0f,0f,0f,1f],start_interpolation: 0,interpolation_duration: 1}
data modify entity @s data merge value {"cameras":{},"locators":{"scythe_blade":{"posx":0.35242833796487416,"posy":0.2860362911907528,"posz":1.0206453476908868,"roty":236.4164710039194,"rotx":4.966174454286611},"scythe_pole":{"posx":-0.06734920767782683,"posy":-0.6863125146254971,"posz":0.5411799036785969,"roty":236.4164710039194,"rotx":4.966174454286611}}}