# This file was generated by Animated Java via MC-Build. It is not recommended to edit this file directly.
$data merge entity $(bone_hair_side) {transformation: [-0.9995f,0.0314f,0.0041f,-0.2969f,0.0244f,0.8454f,-0.5336f,1.9525f,-0.0203f,-0.5333f,-0.8457f,0.2194f,0f,0f,0f,1f],start_interpolation: 0,interpolation_duration: 1}
$data merge entity $(bone_hair_side1) {transformation: [-0.9995f,-0.0316f,-0.0027f,0.2969f,-0.0252f,0.8447f,-0.5347f,1.9525f,0.0192f,-0.5344f,-0.845f,0.2194f,0f,0f,0f,1f],start_interpolation: 0,interpolation_duration: 1}
$data merge entity $(bone_beard) {transformation: [-1f,0f,0f,0f,0f,0.9617f,-0.2741f,1.6398f,0f,-0.2741f,-0.9617f,0.281f,0f,0f,0f,1f],start_interpolation: 0,interpolation_duration: 1}
$data merge entity $(bone_head) {transformation: [-1f,0f,0f,0f,0f,1f,0.0029f,1.7344f,0f,0.0029f,-1f,0f,0f,0f,0f,1f],start_interpolation: 0,interpolation_duration: 1}
$data merge entity $(bone_left4) {transformation: [-0.8165f,0.5768f,0.0266f,0.1401f,-0.1612f,-0.1835f,-0.9697f,1.4867f,-0.5544f,-0.796f,0.2428f,0.2152f,0f,0f,0f,1f],start_interpolation: 0,interpolation_duration: 1}
$data merge entity $(bone_left3) {transformation: [-0.8165f,0.5768f,0.0266f,-0.7459f,-0.1612f,-0.1835f,-0.9697f,1.637f,-0.5544f,-0.796f,0.2428f,0.9126f,0f,0f,0f,1f],start_interpolation: 0,interpolation_duration: 1}
$data merge entity $(bone_aura) {transformation: [1.3857f,0.0757f,-1.9273f,0.7375f,0.2829f,2.3395f,0.2953f,2.7588f,1.908f,-0.4018f,1.356f,1.4367f,0f,0f,0f,1f],start_interpolation: 0,interpolation_duration: 1}
$data merge entity $(bone_scythe) {transformation: [0.9968f,0.0545f,-1.3863f,-0.0602f,0.2035f,1.6828f,0.2124f,1.6174f,1.3724f,-0.289f,0.9754f,0.5515f,0f,0f,0f,1f],start_interpolation: 0,interpolation_duration: 1}
$data merge entity $(bone_right2) {transformation: [-0.8135f,-0.5743f,0.0921f,-0.2359f,0.0966f,-0.2896f,-0.9523f,1.5209f,0.5735f,-0.7657f,0.2911f,0.2913f,0f,0f,0f,1f],start_interpolation: 0,interpolation_duration: 1}
$data merge entity $(bone_right1) {transformation: [-0.0787f,-0.2451f,-0.9663f,0.049f,0.9637f,-0.2668f,-0.0108f,1.5032f,-0.2552f,-0.9321f,0.2572f,1.3613f,0f,0f,0f,1f],start_interpolation: 0,interpolation_duration: 1}
data modify entity @s data merge value {"cameras":{},"locators":{"scythe_blade":{"posx":0.3681767812369291,"posy":2.821021103894527,"posz":0.8982700979687548,"roty":234.87088043571188,"rotx":7.141549811330583},"scythe_pole":{"posx":-0.06283883918085245,"posy":1.8156406126976727,"posz":0.5045721136246071,"roty":234.87088043571188,"rotx":7.141549811330583}}}