# This file was generated by Animated Java via MC-Build. It is not recommended to edit this file directly.
$data merge entity $(bone_hair_side) {transformation: [-0.9986f,0.0538f,0.0021f,-0.2969f,0.0361f,0.6979f,-0.7153f,1.9814f,-0.0399f,-0.7142f,-0.6988f,0.1863f,0f,0f,0f,1f],start_interpolation: 0,interpolation_duration: 1}
$data merge entity $(bone_hair_side1) {transformation: [-0.9986f,-0.0538f,0.0004f,0.2969f,-0.0378f,0.6962f,-0.7168f,1.9814f,0.0383f,-0.7158f,-0.6972f,0.1863f,0f,0f,0f,1f],start_interpolation: 0,interpolation_duration: 1}
$data merge entity $(bone_beard) {transformation: [-1f,0f,0f,0f,0f,0.9621f,-0.2728f,1.6805f,0f,-0.2728f,-0.9621f,0.2915f,0f,0f,0f,1f],start_interpolation: 0,interpolation_duration: 1}
$data merge entity $(bone_head) {transformation: [-1f,0f,0f,0f,0f,0.9903f,-0.1387f,1.7344f,0f,-0.1387f,-0.9903f,0f,0f,0f,0f,1f],start_interpolation: 0,interpolation_duration: 1}
$data merge entity $(bone_left4) {transformation: [-0.8161f,0.5768f,-0.0363f,0.1401f,-0.1544f,-0.2782f,-0.948f,1.5132f,-0.5569f,-0.7681f,0.3161f,0.2073f,0f,0f,0f,1f],start_interpolation: 0,interpolation_duration: 1}
$data merge entity $(bone_left3) {transformation: [-0.8161f,0.5768f,-0.0363f,-0.7458f,-0.1544f,-0.2782f,-0.948f,1.7693f,-0.5569f,-0.7681f,0.3161f,0.8734f,0f,0f,0f,1f],start_interpolation: 0,interpolation_duration: 1}
$data merge entity $(bone_scythe) {transformation: [1.0357f,0.0485f,-1.3577f,-0.0573f,0.3016f,1.6564f,0.2893f,1.6824f,1.3246f,-0.4151f,0.9957f,0.5222f,0f,0f,0f,1f],start_interpolation: 0,interpolation_duration: 1}
$data merge entity $(bone_right2) {transformation: [-0.797f,-0.5921f,0.1189f,-0.2391f,0.1482f,-0.3827f,-0.9119f,1.5545f,0.5855f,-0.7092f,0.3927f,0.2803f,0f,0f,0f,1f],start_interpolation: 0,interpolation_duration: 1}
$data merge entity $(bone_right1) {transformation: [-0.1049f,-0.2349f,-0.9664f,0.0432f,0.9272f,-0.3745f,-0.0096f,1.6627f,-0.3597f,-0.897f,0.257f,1.3457f,0f,0f,0f,1f],start_interpolation: 0,interpolation_duration: 1}
data modify entity @s data merge value {"cameras":{},"locators":{"hitbox":{"posx":0.0035327421319132635,"posy":2.7966469122270556,"posz":0.28135252985087006,"roty":233.74466436015746,"rotx":9.749936270116427},"hitbox2":{"posx":0.45824432758494493,"posy":2.9290702935125115,"posz":0.862903406510614,"roty":233.74466436015746,"rotx":9.749936270116427}}}