# This file was generated by Animated Java via MC-Build. It is not recommended to edit this file directly.
$data merge entity $(bone_hair_side) {transformation: [-0.9986f,0.0538f,0.0021f,-0.2969f,0.0361f,0.6979f,-0.7153f,-0.4561f,-0.0399f,-0.7142f,-0.6988f,0.1863f,0f,0f,0f,1f],start_interpolation: 0,interpolation_duration: 1}
$data merge entity $(bone_hair_side1) {transformation: [-0.9986f,-0.0538f,0.0004f,0.2969f,-0.0378f,0.6962f,-0.7168f,-0.4561f,0.0383f,-0.7158f,-0.6972f,0.1863f,0f,0f,0f,1f],start_interpolation: 0,interpolation_duration: 1}
$data merge entity $(bone_beard) {transformation: [-1f,0f,0f,0f,0f,0.9621f,-0.2728f,-0.757f,0f,-0.2728f,-0.9621f,0.2915f,0f,0f,0f,1f],start_interpolation: 0,interpolation_duration: 1}
$data merge entity $(bone_head) {transformation: [-1f,0f,0f,0f,0f,0.9903f,-0.1387f,-0.7031f,0f,-0.1387f,-0.9903f,0f,0f,0f,0f,1f],start_interpolation: 0,interpolation_duration: 1}
$data merge entity $(bone_left4) {transformation: [-0.8161f,0.5768f,-0.0363f,0.1401f,-0.1544f,-0.2782f,-0.948f,-0.9243f,-0.5569f,-0.7681f,0.3161f,0.2073f,0f,0f,0f,1f],start_interpolation: 0,interpolation_duration: 1}
$data merge entity $(bone_left3) {transformation: [-0.8161f,0.5768f,-0.0363f,-0.7458f,-0.1544f,-0.2782f,-0.948f,-0.6682f,-0.5569f,-0.7681f,0.3161f,0.8734f,0f,0f,0f,1f],start_interpolation: 0,interpolation_duration: 1}
$data merge entity $(bone_aura) {transformation: [1.4399f,0.0675f,-1.8875f,0.7669f,0.4193f,2.3028f,0.4022f,0.4463f,1.8416f,-0.5771f,1.3843f,1.2969f,0f,0f,0f,1f],start_interpolation: 0,interpolation_duration: 1}
$data merge entity $(bone_scythe) {transformation: [1.0357f,0.0485f,-1.3577f,-0.0573f,0.3016f,1.6564f,0.2893f,-0.7551f,1.3246f,-0.4151f,0.9957f,0.5222f,0f,0f,0f,1f],start_interpolation: 0,interpolation_duration: 1}
$data merge entity $(bone_right2) {transformation: [-0.797f,-0.5921f,0.1189f,-0.2391f,0.1482f,-0.3827f,-0.9119f,-0.883f,0.5855f,-0.7092f,0.3927f,0.2803f,0f,0f,0f,1f],start_interpolation: 0,interpolation_duration: 1}
$data merge entity $(bone_right1) {transformation: [-0.1049f,-0.2349f,-0.9664f,0.0432f,0.9272f,-0.3745f,-0.0096f,-0.7748f,-0.3597f,-0.897f,0.257f,1.3457f,0f,0f,0f,1f],start_interpolation: 0,interpolation_duration: 1}
data modify entity @s data merge value {"cameras":{},"locators":{"scythe_blade":{"posx":0.382459063342773,"posy":0.46949972996493505,"posz":0.7659782604006566,"roty":233.74466436015746,"rotx":9.749936270116427},"scythe_pole":{"posx":-0.06098824409395666,"posy":-0.5608989720613667,"posz":0.46069887952204835,"roty":233.74466436015746,"rotx":9.749936270116427}}}