# This file was generated by Animated Java via MC-Build. It is not recommended to edit this file directly.
$data merge entity $(bone_hair_side) {transformation: [-0.997f,0.0769f,-0.0042f,-0.2969f,0.0434f,0.515f,-0.8561f,2.0045f,-0.0637f,-0.8538f,-0.5168f,0.1508f,0f,0f,0f,1f],start_interpolation: 0,interpolation_duration: 1}
$data merge entity $(bone_hair_side1) {transformation: [-0.997f,-0.0767f,0.0078f,0.2969f,-0.0461f,0.5122f,-0.8576f,2.0045f,0.0617f,-0.8554f,-0.5142f,0.1508f,0f,0f,0f,1f],start_interpolation: 0,interpolation_duration: 1}
$data merge entity $(bone_beard) {transformation: [-1f,0f,0f,0f,0f,0.9637f,-0.2668f,1.7209f,0f,-0.2668f,-0.9637f,0.2962f,0f,0f,0f,1f],start_interpolation: 0,interpolation_duration: 1}
$data merge entity $(bone_head) {transformation: [-1f,0f,0f,0f,0f,0.9621f,-0.2728f,1.7344f,0f,-0.2728f,-0.9621f,0f,0f,0f,0f,1f],start_interpolation: 0,interpolation_duration: 1}
$data merge entity $(bone_left4) {transformation: [-0.8165f,0.5693f,-0.0963f,0.1422f,-0.1474f,-0.3667f,-0.9186f,1.5381f,-0.5583f,-0.7358f,0.3833f,0.1983f,0f,0f,0f,1f],start_interpolation: 0,interpolation_duration: 1}
$data merge entity $(bone_left3) {transformation: [-0.8165f,0.5693f,-0.0963f,-0.7356f,-0.1474f,-0.3667f,-0.9186f,1.8932f,-0.5583f,-0.7358f,0.3833f,0.8286f,0f,0f,0f,1f],start_interpolation: 0,interpolation_duration: 1}
$data merge entity $(bone_aura) {transformation: [1.4822f,0.0725f,-1.8543f,0.7922f,0.5366f,2.2551f,0.5171f,2.9859f,1.7764f,-0.7417f,1.391f,1.158f,0f,0f,0f,1f],start_interpolation: 0,interpolation_duration: 1}
$data merge entity $(bone_scythe) {transformation: [1.0662f,0.0522f,-1.3338f,-0.0574f,0.386f,1.6221f,0.372f,1.7398f,1.2778f,-0.5335f,1.0005f,0.4886f,0f,0f,0f,1f],start_interpolation: 0,interpolation_duration: 1}
$data merge entity $(bone_right2) {transformation: [-0.7835f,-0.6054f,0.1403f,-0.2438f,0.2028f,-0.4625f,-0.8631f,1.5849f,0.5874f,-0.6477f,0.4852f,0.2669f,0f,0f,0f,1f],start_interpolation: 0,interpolation_duration: 1}
$data merge entity $(bone_right1) {transformation: [-0.1261f,-0.2197f,-0.9674f,0.0291f,0.8817f,-0.4717f,-0.0078f,1.8105f,-0.4546f,-0.854f,0.2532f,1.3162f,0f,0f,0f,1f],start_interpolation: 0,interpolation_duration: 1}
data modify entity @s data merge value {"cameras":{},"locators":{"scythe_blade":{"posx":0.39672731996919514,"posy":2.9746496977474575,"posz":0.6349224585252727,"roty":233.12423226841193,"rotx":12.576636500738797},"scythe_pole":{"posx":-0.06098058846306076,"posy":1.929173000015594,"posz":0.4134626539144869,"roty":233.12423226841193,"rotx":12.576636500738797}}}