# This file was generated by Animated Java via MC-Build. It is not recommended to edit this file directly.
$data merge entity $(bone_hair_side) {transformation: [-0.99f,0.1382f,-0.0275f,-0.2969f,0.0401f,0.0892f,-0.9952f,-0.3993f,-0.135f,-0.9864f,-0.0938f,0.058f,0f,0f,0f,1f],start_interpolation: 0,interpolation_duration: 1}
$data merge entity $(bone_hair_side1) {transformation: [-0.9901f,-0.1366f,0.0321f,0.2969f,-0.0454f,0.0954f,-0.9944f,-0.3993f,0.1328f,-0.986f,-0.1007f,0.058f,0f,0f,0f,1f],start_interpolation: 0,interpolation_duration: 1}
$data merge entity $(bone_beard) {transformation: [-1f,0f,0f,0f,0f,0.9892f,-0.1468f,-0.6226f,0f,-0.1468f,-0.9892f,0.2853f,0f,0f,0f,1f],start_interpolation: 0,interpolation_duration: 1}
$data merge entity $(bone_head) {transformation: [-1f,0f,0f,0f,0f,0.8271f,-0.562f,-0.7031f,0f,-0.562f,-0.8271f,0f,0f,0f,0f,1f],start_interpolation: 0,interpolation_duration: 1}
$data merge entity $(bone_left4) {transformation: [-0.8275f,0.5139f,-0.226f,0.1575f,-0.1186f,-0.5535f,-0.8244f,-0.8468f,-0.5488f,-0.6554f,0.519f,0.1759f,0f,0f,0f,1f],start_interpolation: 0,interpolation_duration: 1}
$data merge entity $(bone_left3) {transformation: [-0.8275f,0.5139f,-0.226f,-0.6632f,-0.1186f,-0.5535f,-0.8244f,-0.2785f,-0.5488f,-0.6554f,0.519f,0.7213f,0f,0f,0f,1f],start_interpolation: 0,interpolation_duration: 1}
$data merge entity $(bone_aura) {transformation: [1.5705f,0.1784f,-1.7727f,0.8843f,0.7059f,2.1074f,0.8375f,0.6778f,1.6358f,-1.0807f,1.3405f,0.8511f,0f,0f,0f,1f],start_interpolation: 0,interpolation_duration: 1}
$data merge entity $(bone_scythe) {transformation: [1.1297f,0.1283f,-1.2751f,-0.0587f,0.5078f,1.5158f,0.6024f,-0.5996f,1.1766f,-0.7773f,0.9642f,0.4021f,0f,0f,0f,1f],start_interpolation: 0,interpolation_duration: 1}
$data merge entity $(bone_right2) {transformation: [-0.7499f,-0.6427f,0.1566f,-0.2578f,0.3507f,-0.587f,-0.7297f,-0.7977f,0.5609f,-0.4923f,0.6656f,0.2318f,0f,0f,0f,1f],start_interpolation: 0,interpolation_duration: 1}
$data merge entity $(bone_right1) {transformation: [-0.1541f,-0.1749f,-0.9724f,-0.0238f,0.7621f,-0.6474f,-0.0043f,-0.348f,-0.6288f,-0.7418f,0.2331f,1.2165f,0f,0f,0f,1f],start_interpolation: 0,interpolation_duration: 1}
data modify entity @s data merge value {"cameras":{},"locators":{"scythe_blade":{"posx":0.4712886102559414,"posy":0.6121808991082044,"posz":0.3458583978423502,"roty":232.9032493294652,"rotx":20.647317198084433},"scythe_pole":{"posx":-0.053733946107246154,"posy":-0.4240194051268448,"posz":0.29892498955938107,"roty":232.9032493294652,"rotx":20.647317198084433}}}