# This file was generated by Animated Java via MC-Build. It is not recommended to edit this file directly.
$data merge entity $(bone_hair_side) {transformation: [-0.9893f,0.1448f,-0.0194f,-0.2969f,0.0435f,0.1651f,-0.9853f,2.0389f,-0.1395f,-0.9756f,-0.1696f,0.0545f,0f,0f,0f,1f],start_interpolation: 0,interpolation_duration: 1}
$data merge entity $(bone_hair_side1) {transformation: [-0.9895f,-0.1429f,0.0218f,0.2969f,-0.0478f,0.1809f,-0.9823f,2.0389f,0.1364f,-0.9731f,-0.1858f,0.0545f,0f,0f,0f,1f],start_interpolation: 0,interpolation_duration: 1}
$data merge entity $(bone_beard) {transformation: [-1f,0f,0f,0f,0f,0.9894f,-0.1453f,1.8182f,0f,-0.1453f,-0.9894f,0.2844f,0f,0f,0f,1f],start_interpolation: 0,interpolation_duration: 1}
$data merge entity $(bone_head) {transformation: [-1f,0f,0f,0f,0f,0.8206f,-0.5715f,1.7344f,0f,-0.5715f,-0.8206f,0f,0f,0f,0f,1f],start_interpolation: 0,interpolation_duration: 1}
$data merge entity $(bone_left4) {transformation: [-0.8331f,0.5044f,-0.2271f,0.1601f,-0.1113f,-0.5549f,-0.8244f,1.5912f,-0.5419f,-0.6615f,0.5184f,0.1777f,0f,0f,0f,1f],start_interpolation: 0,interpolation_duration: 1}
$data merge entity $(bone_left3) {transformation: [-0.8331f,0.5044f,-0.2271f,-0.6519f,-0.1113f,-0.5549f,-0.8244f,2.1634f,-0.5419f,-0.6615f,0.5184f,0.732f,0f,0f,0f,1f],start_interpolation: 0,interpolation_duration: 1}
$data merge entity $(bone_scythe) {transformation: [1.1411f,0.153f,-1.2621f,-0.0543f,0.4828f,1.5167f,0.6204f,1.8315f,1.1761f,-0.7711f,0.9699f,0.4041f,0f,0f,0f,1f],start_interpolation: 0,interpolation_duration: 1}
$data merge entity $(bone_right2) {transformation: [-0.7423f,-0.6536f,0.1473f,-0.2572f,0.3617f,-0.576f,-0.7331f,1.6368f,0.564f,-0.4909f,0.664f,0.2342f,0f,0f,0f,1f],start_interpolation: 0,interpolation_duration: 1}
$data merge entity $(bone_right1) {transformation: [-0.1523f,-0.177f,-0.9724f,-0.0216f,0.7701f,-0.6379f,-0.0045f,2.0739f,-0.6195f,-0.7495f,0.2334f,1.2242f,0f,0f,0f,1f],start_interpolation: 0,interpolation_duration: 1}