# This file was generated by Animated Java via MC-Build. It is not recommended to edit this file directly.
$data merge entity $(bone_hair_side) {transformation: [-0.9893f,0.1461f,-0.0049f,-0.2969f,0.0467f,0.2841f,-0.9577f,2.0387f,-0.1386f,-0.9476f,-0.2879f,0.0555f,0f,0f,0f,1f],start_interpolation: 0,interpolation_duration: 1}
$data merge entity $(bone_hair_side1) {transformation: [-0.9896f,-0.1437f,0.0052f,0.2969f,-0.05f,0.3098f,-0.9495f,2.0387f,0.1348f,-0.9399f,-0.3138f,0.0555f,0f,0f,0f,1f],start_interpolation: 0,interpolation_duration: 1}
$data merge entity $(bone_beard) {transformation: [-1f,0f,0f,0f,0f,0.9916f,-0.1291f,1.8173f,0f,-0.1291f,-0.9916f,0.2846f,0f,0f,0f,1f],start_interpolation: 0,interpolation_duration: 1}
$data merge entity $(bone_head) {transformation: [-1f,0f,0f,0f,0f,0.8224f,-0.5688f,1.7344f,0f,-0.5688f,-0.8224f,0f,0f,0f,0f,1f],start_interpolation: 0,interpolation_duration: 1}
$data merge entity $(bone_left4) {transformation: [-0.8396f,0.4959f,-0.2217f,0.1624f,-0.1033f,-0.5464f,-0.8312f,1.589f,-0.5333f,-0.675f,0.5099f,0.1816f,0f,0f,0f,1f],start_interpolation: 0,interpolation_duration: 1}
$data merge entity $(bone_left3) {transformation: [-0.8396f,0.4959f,-0.2217f,-0.6423f,-0.1033f,-0.5464f,-0.8312f,2.1543f,-0.5333f,-0.675f,0.5099f,0.7532f,0f,0f,0f,1f],start_interpolation: 0,interpolation_duration: 1}
$data merge entity $(bone_scythe) {transformation: [1.1519f,0.1842f,-1.248f,-0.0486f,0.4373f,1.5269f,0.629f,1.8179f,1.1833f,-0.7436f,0.9825f,0.412f,0f,0f,0f,1f],start_interpolation: 0,interpolation_duration: 1}
$data merge entity $(bone_right2) {transformation: [-0.7341f,-0.6656f,0.1343f,-0.2555f,0.3672f,-0.5555f,-0.746f,1.6299f,0.5712f,-0.4984f,0.6522f,0.2396f,0f,0f,0f,1f],start_interpolation: 0,interpolation_duration: 1}
$data merge entity $(bone_right1) {transformation: [-0.1484f,-0.1824f,-0.972f,-0.0153f,0.7881f,-0.6155f,-0.0048f,2.0376f,-0.5974f,-0.7667f,0.2351f,1.2409f,0f,0f,0f,1f],start_interpolation: 0,interpolation_duration: 1}