# This file was generated by Animated Java via MC-Build. It is not recommended to edit this file directly.
$data merge entity $(bone_hair_side) {transformation: [-1f,0f,0f,-0.2969f,0f,0.9941f,-0.1089f,-0.4992f,0f,-0.1089f,-0.9941f,0.2326f,0f,0f,0f,1f],start_interpolation: 0,interpolation_duration: 1}
$data merge entity $(bone_hair_side1) {transformation: [-1f,0f,0f,0.2969f,0f,0.9941f,-0.1089f,-0.4992f,0f,-0.1089f,-0.9941f,0.2326f,0f,0f,0f,1f],start_interpolation: 0,interpolation_duration: 1}
$data merge entity $(bone_beard) {transformation: [-1f,0f,0f,0f,0f,0.9941f,-0.1089f,-0.8151f,0f,-0.1089f,-0.9941f,0.2745f,0f,0f,0f,1f],start_interpolation: 0,interpolation_duration: 1}
$data merge entity $(bone_head) {transformation: [-1f,0f,0f,0f,0f,0.9979f,0.0654f,-0.7031f,0f,0.0654f,-0.9979f,0f,0f,0f,0f,1f],start_interpolation: 0,interpolation_duration: 1}
$data merge entity $(bone_aura) {transformation: [-2.0559f,-1.0527f,-0.5528f,-2.4304f,-0.8475f,2.0719f,-0.7936f,-0.8655f,0.834f,-0.4898f,-2.1692f,0.4734f,0f,0f,0f,1f],start_interpolation: 0,interpolation_duration: 1}
$data merge entity $(bone_scythe) {transformation: [-1.4788f,-0.7572f,-0.3976f,-0.851f,-0.6096f,1.4903f,-0.5709f,-1.2695f,0.5999f,-0.3523f,-1.5603f,0.2187f,0f,0f,0f,1f],start_interpolation: 0,interpolation_duration: 1}
$data merge entity $(bone_right2) {transformation: [-0.2327f,0.8455f,0.4806f,-0.5699f,-0.3342f,0.3945f,-0.856f,-1.1348f,-0.9133f,-0.3598f,0.1907f,0.1149f,0f,0f,0f,1f],start_interpolation: 0,interpolation_duration: 1}
$data merge entity $(bone_right1) {transformation: [-0.517f,0.8237f,-0.2327f,-1.2836f,0.8379f,0.4315f,-0.3342f,-1.8552f,-0.1748f,-0.3678f,-0.9133f,0.5603f,0f,0f,0f,1f],start_interpolation: 0,interpolation_duration: 1}
data modify entity @s data merge value {"cameras":{},"locators":{"scythe_blade":{"posx":-1.9381716737721197,"posy":-0.5142294291751867,"posz":0.21942746262999946,"roty":345.70380029341777,"rotx":-19.521400366944768},"scythe_pole":{"posx":-0.9274927578173158,"posy":-1.0867492401629906,"posz":0.17134737453824447,"roty":345.70380029341777,"rotx":-19.521400366944768}}}