# This file was generated by Animated Java via MC-Build. It is not recommended to edit this file directly.
$data merge entity $(bone_hair_side) {transformation: [-0.9914f,0.1261f,0.0338f,-0.2969f,0.0392f,0.5348f,-0.8441f,2.0364f,-0.1245f,-0.8355f,-0.5352f,0.067f,0f,0f,0f,1f],start_interpolation: 0,interpolation_duration: 1}
$data merge entity $(bone_hair_side1) {transformation: [-0.9914f,-0.1261f,-0.0338f,0.2969f,-0.0446f,0.5708f,-0.8199f,2.0364f,0.1227f,-0.8114f,-0.5715f,0.067f,0f,0f,0f,1f],start_interpolation: 0,interpolation_duration: 1}
$data merge entity $(bone_beard) {transformation: [-1f,0f,0f,0f,0f,0.9979f,-0.0654f,1.8064f,0f,-0.0654f,-0.9979f,0.2876f,0f,0f,0f,1f],start_interpolation: 0,interpolation_duration: 1}
$data merge entity $(bone_head) {transformation: [-1f,0f,0f,0f,0f,0.8434f,-0.5373f,1.7344f,0f,-0.5373f,-0.8434f,0f,0f,0f,0f,1f],start_interpolation: 0,interpolation_duration: 1}
$data merge entity $(bone_left4) {transformation: [-0.8543f,0.4802f,-0.1989f,0.1666f,-0.086f,-0.5079f,-0.8571f,1.5784f,-0.5126f,-0.7151f,0.4752f,0.1931f,0f,0f,0f,1f],start_interpolation: 0,interpolation_duration: 1}
$data merge entity $(bone_left3) {transformation: [-0.8543f,0.4802f,-0.1989f,-0.6256f,-0.086f,-0.5079f,-0.8571f,2.1071f,-0.5126f,-0.7151f,0.4752f,0.8151f,0f,0f,0f,1f],start_interpolation: 0,interpolation_duration: 1}
$data merge entity $(bone_aura) {transformation: [1.6231f,0.3624f,-1.6955f,1.0141f,0.4224f,2.1699f,0.8682f,2.922f,1.6815f,-0.8949f,1.4185f,0.9906f,0f,0f,0f,1f],start_interpolation: 0,interpolation_duration: 1}
$data merge entity $(bone_scythe) {transformation: [1.1675f,0.2607f,-1.2196f,-0.0355f,0.3039f,1.5608f,0.6245f,1.7749f,1.2095f,-0.6437f,1.0203f,0.4381f,0f,0f,0f,1f],start_interpolation: 0,interpolation_duration: 1}
$data merge entity $(bone_right2) {transformation: [-0.7175f,-0.6894f,0.0995f,-0.2505f,0.3655f,-0.4942f,-0.7887f,1.607f,0.593f,-0.5295f,0.6066f,0.2551f,0f,0f,0f,1f],start_interpolation: 0,interpolation_duration: 1}
$data merge entity $(bone_right1) {transformation: [-0.1346f,-0.1985f,-0.9708f,0.0024f,0.84f,-0.5425f,-0.0055f,1.9209f,-0.5256f,-0.8163f,0.2397f,1.2866f,0f,0f,0f,1f],start_interpolation: 0,interpolation_duration: 1}
data modify entity @s data merge value {"cameras":{},"locators":{"scythe_blade":{"posx":0.5977495490505199,"posy":2.9365343273442237,"posz":0.4840172982343629,"roty":230.08311721519362,"rotx":21.441327450799633},"scythe_pole":{"posx":-0.015152774375555306,"posy":1.9577147733421298,"posz":0.35050504171062696,"roty":230.08311721519362,"rotx":21.441327450799633}}}