# This file was generated by Animated Java via MC-Build. It is not recommended to edit this file directly.
$data merge entity $(bone_hair_side) {transformation: [-0.9934f,0.1013f,0.0536f,-0.2969f,0.0226f,0.6318f,-0.7748f,2.0344f,-0.1124f,-0.7685f,-0.6299f,0.0754f,0f,0f,0f,1f],start_interpolation: 0,interpolation_duration: 1}
$data merge entity $(bone_hair_side1) {transformation: [-0.993f,-0.1065f,-0.0518f,0.2969f,-0.0326f,0.6665f,-0.7448f,2.0344f,0.1138f,-0.7379f,-0.6652f,0.0754f,0f,0f,0f,1f],start_interpolation: 0,interpolation_duration: 1}
$data merge entity $(bone_beard) {transformation: [-1f,0f,0f,0f,0f,0.9975f,-0.07f,1.7983f,0f,-0.07f,-0.9975f,0.2895f,0f,0f,0f,1f],start_interpolation: 0,interpolation_duration: 1}
$data merge entity $(bone_head) {transformation: [-1f,0f,0f,0f,0f,0.8582f,-0.5134f,1.7344f,0f,-0.5134f,-0.8582f,0f,0f,0f,0f,1f],start_interpolation: 0,interpolation_duration: 1}
$data merge entity $(bone_left4) {transformation: [-0.8617f,0.4724f,-0.1851f,0.1687f,-0.0771f,-0.4826f,-0.8724f,1.5715f,-0.5015f,-0.7375f,0.4523f,0.1996f,0f,0f,0f,1f],start_interpolation: 0,interpolation_duration: 1}
$data merge entity $(bone_left3) {transformation: [-0.8617f,0.4724f,-0.1851f,-0.6173f,-0.0771f,-0.4826f,-0.8724f,2.0752f,-0.5015f,-0.7375f,0.4523f,0.8495f,0f,0f,0f,1f],start_interpolation: 0,interpolation_duration: 1}
$data merge entity $(bone_aura) {transformation: [1.6279f,0.4204f,-1.6774f,1.0473f,0.3145f,2.1934f,0.8549f,2.8461f,1.7005f,-0.8081f,1.4478f,1.0522f,0f,0f,0f,1f],start_interpolation: 0,interpolation_duration: 1}
$data merge entity $(bone_scythe) {transformation: [1.171f,0.3024f,-1.2066f,-0.0294f,0.2262f,1.5777f,0.6149f,1.7488f,1.2231f,-0.5813f,1.0414f,0.4527f,0f,0f,0f,1f],start_interpolation: 0,interpolation_duration: 1}
$data merge entity $(bone_right2) {transformation: [-0.7098f,-0.6999f,0.0793f,-0.2479f,0.3605f,-0.4576f,-0.8128f,1.593f,0.6052f,-0.5484f,0.5771f,0.2633f,0f,0f,0f,1f],start_interpolation: 0,interpolation_duration: 1}
$data merge entity $(bone_right1) {transformation: [-0.125f,-0.2066f,-0.9704f,0.0106f,0.8674f,-0.4975f,-0.0058f,1.8505f,-0.4816f,-0.8425f,0.2414f,1.3089f,0f,0f,0f,1f],start_interpolation: 0,interpolation_duration: 1}
data modify entity @s data merge value {"cameras":{},"locators":{"scythe_blade":{"posx":0.6330637641168738,"posy":2.8911161567599577,"posz":0.5456271772708092,"roty":229.2031658293683,"rotx":21.098113922500975},"scythe_pole":{"posx":-0.004129742354029627,"posy":1.9342827801263511,"posz":0.3723735346792449,"roty":229.2031658293683,"rotx":21.098113922500975}}}