# This file was generated by Animated Java via MC-Build. It is not recommended to edit this file directly.
$data merge entity $(bone_hair_side) {transformation: [-0.9954f,0.0615f,0.0736f,-0.2969f,-0.0054f,0.73f,-0.6834f,-0.4055f,-0.0958f,-0.6806f,-0.7263f,0.0844f,0f,0f,0f,1f],start_interpolation: 0,interpolation_duration: 1}
$data merge entity $(bone_hair_side1) {transformation: [-0.9947f,-0.0752f,-0.0699f,0.2969f,-0.012f,0.761f,-0.6486f,-0.4055f,0.102f,-0.6443f,-0.7579f,0.0844f,0f,0f,0f,1f],start_interpolation: 0,interpolation_duration: 1}
$data merge entity $(bone_beard) {transformation: [-1f,0f,0f,0f,0f,0.9973f,-0.0728f,-0.6479f,0f,-0.0728f,-0.9973f,0.2913f,0f,0f,0f,1f],start_interpolation: 0,interpolation_duration: 1}
$data merge entity $(bone_head) {transformation: [-1f,0f,0f,0f,0f,0.8731f,-0.4875f,-0.7031f,0f,-0.4875f,-0.8731f,0f,0f,0f,0f,1f],start_interpolation: 0,interpolation_duration: 1}
$data merge entity $(bone_left4) {transformation: [-0.8688f,0.4644f,-0.172f,0.1708f,-0.0685f,-0.4566f,-0.887f,-0.8732f,-0.4904f,-0.7589f,0.4285f,0.2057f,0f,0f,0f,1f],start_interpolation: 0,interpolation_duration: 1}
$data merge entity $(bone_left3) {transformation: [-0.8688f,0.4644f,-0.172f,-0.6086f,-0.0685f,-0.4566f,-0.887f,-0.3952f,-0.4904f,-0.7589f,0.4285f,0.8824f,0f,0f,0f,1f],start_interpolation: 0,interpolation_duration: 1}
$data merge entity $(bone_aura) {transformation: [1.6288f,0.4776f,-1.6612f,1.0771f,0.2066f,2.2124f,0.8387f,0.3303f,1.7161f,-0.7197f,1.4757f,1.1116f,0f,0f,0f,1f],start_interpolation: 0,interpolation_duration: 1}
$data merge entity $(bone_scythe) {transformation: [1.1716f,0.3435f,-1.1949f,-0.0242f,0.1486f,1.5914f,0.6032f,-0.7154f,1.2344f,-0.5177f,1.0615f,0.4662f,0f,0f,0f,1f],start_interpolation: 0,interpolation_duration: 1}
$data merge entity $(bone_right2) {transformation: [-0.703f,-0.7088f,0.0588f,-0.2458f,0.3541f,-0.4204f,-0.8354f,-0.8589f,0.6168f,-0.5665f,0.5465f,0.2707f,0f,0f,0f,1f],start_interpolation: 0,interpolation_duration: 1}
$data merge entity $(bone_right1) {transformation: [-0.1145f,-0.2136f,-0.9702f,0.017f,0.8923f,-0.4515f,-0.0059f,-0.6581f,-0.4368f,-0.8663f,0.2423f,1.3277f,0f,0f,0f,1f],start_interpolation: 0,interpolation_duration: 1}
data modify entity @s data merge value {"cameras":{},"locators":{"scythe_blade":{"posx":0.6659939131063496,"posy":0.40552785960530746,"posz":0.6060900619392473,"roty":228.3844621364195,"rotx":20.678187271085772},"scythe_pole":{"posx":0.005973915451364976,"posy":-0.527584199417459,"posz":0.3933978241828876,"roty":228.3844621364195,"rotx":20.678187271085772}}}