# This file was generated by Animated Java via MC-Build. It is not recommended to edit this file directly.
$data merge entity $(bone_hair_side) {transformation: [-0.9939f,-0.0644f,0.0897f,-0.2969f,-0.0959f,0.9062f,-0.4117f,2.0256f,-0.0548f,-0.4178f,-0.9069f,0.1044f,0f,0f,0f,1f],start_interpolation: 0,interpolation_duration: 1}
$data merge entity $(bone_hair_side1) {transformation: [-0.9958f,0.0237f,-0.0887f,0.2969f,0.0552f,0.9268f,-0.3714f,2.0256f,0.0734f,-0.3747f,-0.9242f,0.1044f,0f,0f,0f,1f],start_interpolation: 0,interpolation_duration: 1}
$data merge entity $(bone_beard) {transformation: [-1f,0f,0f,0f,0f,0.9947f,-0.1027f,1.7697f,0f,-0.1027f,-0.9947f,0.2944f,0f,0f,0f,1f],start_interpolation: 0,interpolation_duration: 1}
$data merge entity $(bone_head) {transformation: [-1f,0f,0f,0f,0f,0.9043f,-0.4269f,1.7344f,0f,-0.4269f,-0.9043f,0f,0f,0f,0f,1f],start_interpolation: 0,interpolation_duration: 1}
$data merge entity $(bone_left4) {transformation: [-0.8852f,0.4406f,-0.1493f,0.1772f,-0.0462f,-0.4025f,-0.9142f,1.5495f,-0.4629f,-0.8024f,0.3767f,0.2182f,0f,0f,0f,1f],start_interpolation: 0,interpolation_duration: 1}
$data merge entity $(bone_left3) {transformation: [-0.8852f,0.4406f,-0.1493f,-0.5813f,-0.0462f,-0.4025f,-0.9142f,1.9753f,-0.4629f,-0.8024f,0.3767f,0.9511f,0f,0f,0f,1f],start_interpolation: 0,interpolation_duration: 1}
$data merge entity $(bone_scythe) {transformation: [1.1687f,0.4361f,-1.1672f,-0.0144f,-0.0235f,1.6077f,0.5772f,1.6622f,1.2458f,-0.3788f,1.1059f,0.4908f,0f,0f,0f,1f],start_interpolation: 0,interpolation_duration: 1}
$data merge entity $(bone_right2) {transformation: [-0.6866f,-0.7269f,0.0128f,-0.2422f,0.3398f,-0.3363f,-0.8783f,1.5465f,0.6428f,-0.5987f,0.4779f,0.2843f,0f,0f,0f,1f],start_interpolation: 0,interpolation_duration: 1}
$data merge entity $(bone_right1) {transformation: [-0.0896f,-0.225f,-0.9702f,0.0249f,0.9372f,-0.3488f,-0.0057f,1.6242f,-0.3371f,-0.9098f,0.2422f,1.3563f,0f,0f,0f,1f],start_interpolation: 0,interpolation_duration: 1}
data modify entity @s data merge value {"cameras":{},"locators":{"hitbox":{"posx":0.308870766362661,"posy":2.734967169447984,"posz":0.27207032896718,"roty":226.54435542191743,"rotx":19.745804452341236},"hitbox2":{"posx":0.8219702394347466,"posy":2.7246436302736283,"posz":0.8189911232985561,"roty":226.54435542191743,"rotx":19.745804452341236}}}