# This file was generated by Animated Java via MC-Build. It is not recommended to edit this file directly.
$data merge entity $(bone_hair_side) {transformation: [-0.9931f,-0.0774f,0.0882f,-0.2969f,-0.1056f,0.9168f,-0.3851f,2.0251f,-0.051f,-0.3918f,-0.9186f,0.1058f,0f,0f,0f,1f],start_interpolation: 0,interpolation_duration: 1}
$data merge entity $(bone_hair_side1) {transformation: [-0.9955f,0.034f,-0.0882f,0.2969f,0.0625f,0.9366f,-0.3447f,2.0251f,0.0709f,-0.3487f,-0.9346f,0.1058f,0f,0f,0f,1f],start_interpolation: 0,interpolation_duration: 1}
$data merge entity $(bone_beard) {transformation: [-1f,0f,0f,0f,0f,0.9914f,-0.1305f,1.7683f,0f,-0.1305f,-0.9914f,0.2945f,0f,0f,0f,1f],start_interpolation: 0,interpolation_duration: 1}
$data merge entity $(bone_head) {transformation: [-1f,0f,0f,0f,0f,0.9063f,-0.4226f,1.7344f,0f,-0.4226f,-0.9063f,0f,0f,0f,0f,1f],start_interpolation: 0,interpolation_duration: 1}
$data merge entity $(bone_left4) {transformation: [-0.8883f,0.4336f,-0.151f,0.1792f,-0.041f,-0.4025f,-0.9145f,1.5495f,-0.4574f,-0.8062f,0.3753f,0.2194f,0f,0f,0f,1f],start_interpolation: 0,interpolation_duration: 1}
$data merge entity $(bone_left3) {transformation: [-0.8883f,0.4336f,-0.151f,-0.5727f,-0.041f,-0.4025f,-0.9145f,1.977f,-0.4574f,-0.8062f,0.3753f,0.9582f,0f,0f,0f,1f],start_interpolation: 0,interpolation_duration: 1}
$data merge entity $(bone_scythe) {transformation: [1.63f,0.6216f,-1.6116f,-0.0125f,-0.056f,2.2337f,0.8049f,1.6573f,1.7264f,-0.5144f,1.5477f,0.4913f,0f,0f,0f,1f],start_interpolation: 0,interpolation_duration: 1}
$data merge entity $(bone_right2) {transformation: [-0.6819f,-0.7314f,0.0091f,-0.2419f,0.341f,-0.3289f,-0.8807f,1.5441f,0.6471f,-0.5974f,0.4737f,0.2851f,0f,0f,0f,1f],start_interpolation: 0,interpolation_duration: 1}
$data merge entity $(bone_right1) {transformation: [-0.0881f,-0.2261f,-0.9701f,0.0259f,0.94f,-0.3411f,-0.0059f,1.6127f,-0.3296f,-0.9124f,0.2426f,1.3576f,0f,0f,0f,1f],start_interpolation: 0,interpolation_duration: 1}
data modify entity @s data merge value {"cameras":{},"locators":{"scythe_blade":{"posx":0.7471327217374125,"posy":2.7142666750918543,"posz":0.7326185618337469,"roty":226.15887926425287,"rotx":19.811454255846403},"scythe_pole":{"posx":0.02990977761836329,"posy":1.8487434049307478,"posz":0.4359314922826312,"roty":226.15887926425287,"rotx":19.811454255846403}}}
execute on vehicle unless entity @s[tag=aj.transforms_only] at @s run function animated_java:lich/animations/pray/zzz/frames/57_root_commands