# This file was generated by Animated Java via MC-Build. It is not recommended to edit this file directly.
$data merge entity $(bone_hair_side) {transformation: [-0.9941f,-0.0567f,0.0919f,-0.2969f,-0.0922f,0.8893f,-0.448f,2.0279f,-0.0563f,-0.4538f,-0.8893f,0.0978f,0f,0f,0f,1f],start_interpolation: 0,interpolation_duration: 1}
$data merge entity $(bone_hair_side1) {transformation: [-0.9958f,0.0172f,-0.0903f,0.2969f,0.0528f,0.9113f,-0.4083f,2.0279f,0.0753f,-0.4113f,-0.9084f,0.0978f,0f,0f,0f,1f],start_interpolation: 0,interpolation_duration: 1}
$data merge entity $(bone_beard) {transformation: [-1f,0f,0f,0f,0f,0.9849f,-0.1734f,1.7763f,0f,-0.1734f,-0.9849f,0.2935f,0f,0f,0f,1f],start_interpolation: 0,interpolation_duration: 1}
$data merge entity $(bone_head) {transformation: [-1f,0f,0f,0f,0f,0.8944f,-0.4472f,1.7344f,0f,-0.4472f,-0.8944f,0f,0f,0f,0f,1f],start_interpolation: 0,interpolation_duration: 1}
$data merge entity $(bone_left4) {transformation: [-0.8919f,0.415f,-0.1798f,0.1843f,-0.0332f,-0.4565f,-0.8891f,1.5648f,-0.451f,-0.787f,0.4209f,0.2141f,0f,0f,0f,1f],start_interpolation: 0,interpolation_duration: 1}
$data merge entity $(bone_left3) {transformation: [-0.8919f,0.415f,-0.1798f,-0.5482f,-0.0332f,-0.4565f,-0.8891f,2.0538f,-0.451f,-0.787f,0.4209f,0.9339f,0f,0f,0f,1f],start_interpolation: 0,interpolation_duration: 1}
$data merge entity $(bone_scythe) {transformation: [1.204f,0.4104f,-1.1404f,-0.01f,0.0356f,1.5947f,0.6115f,1.6887f,1.2114f,-0.4548f,1.1154f,0.4724f,0f,0f,0f,1f],start_interpolation: 0,interpolation_duration: 1}
$data merge entity $(bone_right2) {transformation: [-0.671f,-0.7405f,0.0374f,-0.2425f,0.3598f,-0.3693f,-0.8568f,1.5619f,0.6483f,-0.5615f,0.5143f,0.278f,0f,0f,0f,1f],start_interpolation: 0,interpolation_duration: 1}
$data merge entity $(bone_right1) {transformation: [-0.1055f,-0.2239f,-0.9689f,0.0284f,0.9174f,-0.3979f,-0.008f,1.698f,-0.3838f,-0.8897f,0.2474f,1.3432f,0f,0f,0f,1f],start_interpolation: 0,interpolation_duration: 1}