# This file was generated by Animated Java via MC-Build. It is not recommended to edit this file directly.
$data merge entity $(bone_hair_side) {transformation: [-0.9955f,-0.0064f,0.094f,-0.2969f,-0.0602f,0.8102f,-0.583f,2.0328f,-0.0725f,-0.5861f,-0.807f,0.0817f,0f,0f,0f,1f],start_interpolation: 0,interpolation_duration: 1}
$data merge entity $(bone_hair_side1) {transformation: [-0.9957f,-0.0234f,-0.0898f,0.2969f,0.0296f,0.8374f,-0.5458f,2.0328f,0.088f,-0.5461f,-0.8331f,0.0817f,0f,0f,0f,1f],start_interpolation: 0,interpolation_duration: 1}
$data merge entity $(bone_beard) {transformation: [-1f,0f,0f,0f,0f,0.9702f,-0.2424f,1.7922f,0f,-0.2424f,-0.9702f,0.2908f,0f,0f,0f,1f],start_interpolation: 0,interpolation_duration: 1}
$data merge entity $(bone_head) {transformation: [-1f,0f,0f,0f,0f,0.8687f,-0.4953f,1.7344f,0f,-0.4953f,-0.8687f,0f,0f,0f,0f,1f],start_interpolation: 0,interpolation_duration: 1}
$data merge entity $(bone_left4) {transformation: [-0.8911f,0.394f,-0.2253f,0.1902f,-0.0318f,-0.5494f,-0.8349f,1.5908f,-0.4528f,-0.7368f,0.5021f,0.2f,0f,0f,0f,1f],start_interpolation: 0,interpolation_duration: 1}
$data merge entity $(bone_left3) {transformation: [-0.8911f,0.394f,-0.2253f,-0.5192f,-0.0318f,-0.5494f,-0.8349f,2.1818f,-0.4528f,-0.7368f,0.5021f,0.8644f,0f,0f,0f,1f],start_interpolation: 0,interpolation_duration: 1}
$data merge entity $(bone_scythe) {transformation: [1.24f,0.3207f,-1.1304f,-0.014f,0.2005f,1.5617f,0.6629f,1.7525f,1.1578f,-0.6138f,1.096f,0.4329f,0f,0f,0f,1f],start_interpolation: 0,interpolation_duration: 1}
$data merge entity $(bone_right2) {transformation: [-0.6655f,-0.7403f,0.0953f,-0.2465f,0.3893f,-0.4532f,-0.8019f,1.5977f,0.6369f,-0.4965f,0.5898f,0.2601f,0f,0f,0f,1f],start_interpolation: 0,interpolation_duration: 1}
$data merge entity $(bone_right1) {transformation: [-0.1363f,-0.2113f,-0.9679f,0.0206f,0.8585f,-0.5127f,-0.009f,1.8741f,-0.4943f,-0.8322f,0.2513f,1.2987f,0f,0f,0f,1f],start_interpolation: 0,interpolation_duration: 1}