# This file was generated by Animated Java via MC-Build. It is not recommended to edit this file directly.
$data merge entity $(bone_hair_side) {transformation: [-1f,0f,0f,-0.2969f,0f,0.9907f,-0.1357f,1.9446f,0f,-0.1357f,-0.9907f,0.227f,0f,0f,0f,1f],start_interpolation: 0,interpolation_duration: 1}
$data merge entity $(bone_hair_side1) {transformation: [-1f,0f,0f,0.2969f,0f,0.9907f,-0.1357f,1.9446f,0f,-0.1357f,-0.9907f,0.227f,0f,0f,0f,1f],start_interpolation: 0,interpolation_duration: 1}
$data merge entity $(bone_beard) {transformation: [-1f,0f,0f,0f,0f,0.9907f,-0.1357f,1.6299f,0f,-0.1357f,-0.9907f,0.2774f,0f,0f,0f,1f],start_interpolation: 0,interpolation_duration: 1}
$data merge entity $(bone_head) {transformation: [-1f,0f,0f,0f,0f,0.9993f,0.0384f,1.7344f,0f,0.0384f,-0.9993f,0f,0f,0f,0f,1f],start_interpolation: 0,interpolation_duration: 1}
$data merge entity $(bone_scythe) {transformation: [-1.4682f,-0.6759f,-0.5532f,-0.8539f,-0.4447f,1.5097f,-0.6644f,1.2349f,0.7517f,-0.427f,-1.4734f,0.2765f,0f,0f,0f,1f],start_interpolation: 0,interpolation_duration: 1}
$data merge entity $(bone_right2) {transformation: [-0.3238f,0.8413f,0.4328f,-0.5728f,-0.3889f,0.2986f,-0.8715f,1.3389f,-0.8625f,-0.4505f,0.2305f,0.1422f,0f,0f,0f,1f],start_interpolation: 0,interpolation_duration: 1}
$data merge entity $(bone_right1) {transformation: [-0.4489f,0.8328f,-0.3238f,-1.3173f,0.8656f,0.3154f,-0.3889f,0.7333f,-0.2218f,-0.4549f,-0.8625f,0.6948f,0f,0f,0f,1f],start_interpolation: 0,interpolation_duration: 1}