# This file was generated by Animated Java via MC-Build. It is not recommended to edit this file directly.
$data merge entity $(bone_hair_side) {transformation: [-0.9951f,0.0542f,0.0825f,-0.2969f,-0.0226f,0.6888f,-0.7246f,-0.4006f,-0.0961f,-0.7229f,-0.6842f,0.0645f,0f,0f,0f,1f],start_interpolation: 0,interpolation_duration: 1}
$data merge entity $(bone_hair_side1) {transformation: [-0.9944f,-0.0717f,-0.0778f,0.2969f,0.0021f,0.722f,-0.6919f,-0.4006f,0.1058f,-0.6882f,-0.7178f,0.0645f,0f,0f,0f,1f],start_interpolation: 0,interpolation_duration: 1}
$data merge entity $(bone_beard) {transformation: [-1f,0f,0f,0f,0f,0.9498f,-0.3129f,-0.6287f,0f,-0.3129f,-0.9498f,0.287f,0f,0f,0f,1f],start_interpolation: 0,interpolation_duration: 1}
$data merge entity $(bone_head) {transformation: [-1f,0f,0f,0f,0f,0.839f,-0.5442f,-0.7031f,0f,-0.5442f,-0.839f,0f,0f,0f,0f,1f],start_interpolation: 0,interpolation_duration: 1}
$data merge entity $(bone_left4) {transformation: [-0.8885f,0.3728f,-0.2674f,0.1962f,-0.0333f,-0.6337f,-0.7728f,-0.8232f,-0.4576f,-0.6778f,0.5755f,0.1834f,0f,0f,0f,1f],start_interpolation: 0,interpolation_duration: 1}
$data merge entity $(bone_left3) {transformation: [-0.8885f,0.3728f,-0.2674f,-0.4893f,-0.0333f,-0.6337f,-0.7728f,-0.1404f,-0.4576f,-0.6778f,0.5755f,0.7818f,0f,0f,0f,1f],start_interpolation: 0,interpolation_duration: 1}
$data merge entity $(bone_aura) {transformation: [1.7521f,0.3203f,-1.5711f,1.0795f,0.5007f,2.1014f,0.9868f,0.5359f,1.5232f,-1.0592f,1.4827f,0.7841f,0f,0f,0f,1f],start_interpolation: 0,interpolation_duration: 1}
$data merge entity $(bone_scythe) {transformation: [1.2603f,0.2304f,-1.1301f,-0.0236f,0.3601f,1.5116f,0.7098f,-0.6257f,1.0956f,-0.7619f,1.0665f,0.3883f,0f,0f,0f,1f],start_interpolation: 0,interpolation_duration: 1}
$data merge entity $(bone_right2) {transformation: [-0.6654f,-0.7312f,0.15f,-0.2531f,0.4162f,-0.5302f,-0.7387f,-0.8061f,0.6197f,-0.4292f,0.6572f,0.2378f,0f,0f,0f,1f],start_interpolation: 0,interpolation_duration: 1}
$data merge entity $(bone_right1) {transformation: [-0.1595f,-0.19f,-0.9687f,-0.0015f,0.7843f,-0.6204f,-0.0075f,-0.3921f,-0.5995f,-0.761f,0.2479f,1.2337f,0f,0f,0f,1f],start_interpolation: 0,interpolation_duration: 1}
data modify entity @s data merge value {"cameras":{},"locators":{"scythe_blade":{"posx":0.6258925173163208,"posy":0.5252338159811002,"posz":0.3105010112391815,"roty":226.65678048775345,"rotx":24.551786490227418},"scythe_pole":{"posx":-0.007732507742515795,"posy":-0.44922057744454075,"posz":0.28768735847036164,"roty":226.65678048775345,"rotx":24.551786490227418}}}