# This file was generated by Animated Java via MC-Build. It is not recommended to edit this file directly.
$data merge entity $(bone_hair_side) {transformation: [-0.9929f,0.1039f,0.0577f,-0.2969f,0.0113f,0.5662f,-0.8242f,2.039f,-0.1183f,-0.8177f,-0.5634f,0.0537f,0f,0f,0f,1f],start_interpolation: 0,interpolation_duration: 1}
$data merge entity $(bone_hair_side1) {transformation: [-0.9923f,-0.1105f,-0.0553f,0.2969f,-0.0228f,0.6034f,-0.7971f,2.039f,0.1214f,-0.7897f,-0.6013f,0.0537f,0f,0f,0f,1f],start_interpolation: 0,interpolation_duration: 1}
$data merge entity $(bone_beard) {transformation: [-1f,0f,0f,0f,0f,0.9324f,-0.3614f,1.8189f,0f,-0.3614f,-0.9324f,0.2842f,0f,0f,0f,1f],start_interpolation: 0,interpolation_duration: 1}
$data merge entity $(bone_head) {transformation: [-1f,0f,0f,0f,0f,0.8192f,-0.5736f,1.7344f,0f,-0.5736f,-0.8192f,0f,0f,0f,0f,1f],start_interpolation: 0,interpolation_duration: 1}
$data merge entity $(bone_left4) {transformation: [-0.887f,0.3612f,-0.2878f,0.1994f,-0.034f,-0.6725f,-0.7393f,1.6252f,-0.4606f,-0.6459f,0.6088f,0.1745f,0f,0f,0f,1f],start_interpolation: 0,interpolation_duration: 1}
$data merge entity $(bone_left3) {transformation: [-0.887f,0.3612f,-0.2878f,-0.4728f,-0.034f,-0.6725f,-0.7393f,2.3501f,-0.4606f,-0.6459f,0.6088f,0.737f,0f,0f,0f,1f],start_interpolation: 0,interpolation_duration: 1}
$data merge entity $(bone_scythe) {transformation: [1.2699f,0.1799f,-1.1285f,-0.03f,0.4358f,1.4833f,0.7269f,1.84f,1.0564f,-0.8282f,1.0567f,0.363f,0f,0f,0f,1f],start_interpolation: 0,interpolation_duration: 1}
$data merge entity $(bone_right2) {transformation: [-0.6646f,-0.725f,0.1805f,-0.2576f,0.4259f,-0.5661f,-0.7058f,1.6476f,0.6139f,-0.3922f,0.685f,0.2247f,0f,0f,0f,1f],start_interpolation: 0,interpolation_duration: 1}
$data merge entity $(bone_right1) {transformation: [-0.1678f,-0.1758f,-0.97f,-0.0183f,0.7402f,-0.6723f,-0.0062f,2.1306f,-0.6511f,-0.7191f,0.2429f,1.1922f,0f,0f,0f,1f],start_interpolation: 0,interpolation_duration: 1}