# This file was generated by Animated Java via MC-Build. It is not recommended to edit this file directly.
$data merge entity $(bone_hair_side) {transformation: [-0.9927f,0.119f,0.019f,-0.2969f,0.0364f,0.4461f,-0.8942f,2.0402f,-0.1149f,-0.887f,-0.4472f,0.0463f,0f,0f,0f,1f],start_interpolation: 0,interpolation_duration: 1}
$data merge entity $(bone_hair_side1) {transformation: [-0.993f,-0.116f,-0.0198f,0.2969f,-0.0384f,0.4787f,-0.8771f,2.0402f,0.1113f,-0.8703f,-0.4798f,0.0463f,0f,0f,0f,1f],start_interpolation: 0,interpolation_duration: 1}
$data merge entity $(bone_beard) {transformation: [-1f,0f,0f,0f,0f,0.9106f,-0.4133f,1.8258f,0f,-0.4133f,-0.9106f,0.282f,0f,0f,0f,1f],start_interpolation: 0,interpolation_duration: 1}
$data merge entity $(bone_head) {transformation: [-1f,0f,0f,0f,0f,0.805f,-0.5933f,1.7344f,0f,-0.5933f,-0.805f,0f,0f,0f,0f,1f],start_interpolation: 0,interpolation_duration: 1}
$data merge entity $(bone_left4) {transformation: [-0.8869f,0.3714f,-0.2747f,0.1966f,-0.0328f,-0.6438f,-0.7645f,1.6172f,-0.4608f,-0.669f,0.5832f,0.1809f,0f,0f,0f,1f],start_interpolation: 0,interpolation_duration: 1}
$data merge entity $(bone_left3) {transformation: [-0.8869f,0.3714f,-0.2747f,-0.4867f,-0.0328f,-0.6438f,-0.7645f,2.3111f,-0.4608f,-0.669f,0.5832f,0.7687f,0f,0f,0f,1f],start_interpolation: 0,interpolation_duration: 1}
$data merge entity $(bone_aura) {transformation: [1.7685f,0.205f,-1.572f,1.033f,0.5376f,2.138f,0.8835f,3.0245f,1.4913f,-1.0137f,1.5456f,0.7771f,0f,0f,0f,1f],start_interpolation: 0,interpolation_duration: 1}
$data merge entity $(bone_scythe) {transformation: [1.2721f,0.1474f,-1.1307f,-0.0306f,0.3867f,1.5379f,0.6355f,1.8272f,1.0727f,-0.7292f,1.1118f,0.3797f,0f,0f,0f,1f],start_interpolation: 0,interpolation_duration: 1}
$data merge entity $(bone_right2) {transformation: [-0.666f,-0.7185f,0.2004f,-0.256f,0.3725f,-0.5531f,-0.7452f,1.6399f,0.6463f,-0.4216f,0.636f,0.2313f,0f,0f,0f,1f],start_interpolation: 0,interpolation_duration: 1}
$data merge entity $(bone_right1) {transformation: [-0.1619f,-0.1809f,-0.9701f,-0.0132f,0.7618f,-0.6478f,-0.0063f,2.0901f,-0.6273f,-0.7401f,0.2426f,1.2136f,0f,0f,0f,1f],start_interpolation: 0,interpolation_duration: 1}
data modify entity @s data merge value {"cameras":{},"locators":{"scythe_blade":{"posx":0.5681092611794833,"posy":3.0061198304334047,"posz":0.3147641179659699,"roty":225.48439824413043,"rotx":21.839884413462713},"scythe_pole":{"posx":-0.024724987260566225,"posy":2.0065628138995226,"posz":0.283207429698571,"roty":225.48439824413043,"rotx":21.839884413462713}}}