# This file was generated by Animated Java via MC-Build. It is not recommended to edit this file directly.
$data merge entity $(bone_hair_side) {transformation: [-0.9955f,0.0946f,0.0095f,-0.2969f,0.0322f,0.4298f,-0.9023f,-0.397f,-0.0894f,-0.8979f,-0.4309f,0.0446f,0f,0f,0f,1f],start_interpolation: 0,interpolation_duration: 1}
$data merge entity $(bone_hair_side1) {transformation: [-0.9959f,-0.0901f,-0.0104f,0.2969f,-0.0318f,0.4542f,-0.8903f,-0.397f,0.0849f,-0.8863f,-0.4552f,0.0446f,0f,0f,0f,1f],start_interpolation: 0,interpolation_duration: 1}
$data merge entity $(bone_beard) {transformation: [-1f,0f,0f,0f,0f,0.9013f,-0.4331f,-0.6101f,0f,-0.4331f,-0.9013f,0.2815f,0f,0f,0f,1f],start_interpolation: 0,interpolation_duration: 1}
$data merge entity $(bone_head) {transformation: [-1f,0f,0f,0f,0f,0.8016f,-0.5979f,-0.7031f,0f,-0.5979f,-0.8016f,0f,0f,0f,0f,1f],start_interpolation: 0,interpolation_duration: 1}
$data merge entity $(bone_left4) {transformation: [-0.887f,0.3834f,-0.2574f,0.1932f,-0.0324f,-0.6076f,-0.7936f,-0.8305f,-0.4607f,-0.6956f,0.5513f,0.1884f,0f,0f,0f,1f],start_interpolation: 0,interpolation_duration: 1}
$data merge entity $(bone_left3) {transformation: [-0.887f,0.3834f,-0.2574f,-0.5033f,-0.0324f,-0.6076f,-0.7936f,-0.176f,-0.4607f,-0.6956f,0.5513f,0.8052f,0f,0f,0f,1f],start_interpolation: 0,interpolation_duration: 1}
$data merge entity $(bone_aura) {transformation: [1.7641f,0.1985f,-1.5778f,1.0292f,0.4503f,2.1976f,0.7801f,0.5441f,1.5251f,-0.8786f,1.5946f,0.8731f,0f,0f,0f,1f],start_interpolation: 0,interpolation_duration: 1}
$data merge entity $(bone_scythe) {transformation: [1.2689f,0.1428f,-1.1349f,-0.0292f,0.3239f,1.5807f,0.5611f,-0.6301f,1.097f,-0.632f,1.147f,0.4002f,0f,0f,0f,1f],start_interpolation: 0,interpolation_duration: 1}
$data merge entity $(bone_right2) {transformation: [-0.6685f,-0.7155f,0.2029f,-0.2536f,0.3291f,-0.5292f,-0.7821f,-0.8089f,0.667f,-0.456f,0.5893f,0.2401f,0f,0f,0f,1f],start_interpolation: 0,interpolation_duration: 1}
$data merge entity $(bone_right1) {transformation: [-0.1538f,-0.1886f,-0.9699f,-0.0052f,0.7912f,-0.6115f,-0.0066f,-0.4065f,-0.5919f,-0.7685f,0.2432f,1.2416f,0f,0f,0f,1f],start_interpolation: 0,interpolation_duration: 1}
data modify entity @s data merge value {"cameras":{},"locators":{"scythe_blade":{"posx":0.5651587806603091,"posy":0.5527007278745384,"posz":0.40968402284440397,"roty":224.69561316272936,"rotx":19.17458093010162},"scythe_pole":{"posx":-0.023861766364411174,"posy":-0.4451240389023048,"posz":0.31501074261478024,"roty":224.69561316272936,"rotx":19.17458093010162}}}