# This file was generated by Animated Java via MC-Build. It is not recommended to edit this file directly.
$data merge entity $(bone_hair_side) {transformation: [-0.9998f,-0.0188f,0.0046f,-0.2969f,-0.0162f,0.6831f,-0.7302f,2.0265f,0.0106f,-0.7301f,-0.6832f,0.1017f,0f,0f,0f,1f],start_interpolation: 0,interpolation_duration: 1}
$data merge entity $(bone_hair_side1) {transformation: [-1f,0.0094f,-0.0023f,0.2969f,0.0081f,0.6831f,-0.7303f,2.0265f,-0.0053f,-0.7302f,-0.6832f,0.1017f,0f,0f,0f,1f],start_interpolation: 0,interpolation_duration: 1}
$data merge entity $(bone_beard) {transformation: [-1f,0f,0f,0f,0f,0.9435f,-0.3314f,1.7724f,0f,-0.3314f,-0.9435f,0.294f,0f,0f,0f,1f],start_interpolation: 0,interpolation_duration: 1}
$data merge entity $(bone_head) {transformation: [-1f,0f,0f,0f,0f,0.9003f,-0.4352f,1.7344f,0f,-0.4352f,-0.9003f,0f,0f,0f,0f,1f],start_interpolation: 0,interpolation_duration: 1}
$data merge entity $(bone_left4) {transformation: [-0.8841f,0.4298f,-0.1833f,0.1803f,-0.0152f,-0.4185f,-0.9081f,1.5544f,-0.467f,-0.8001f,0.3765f,0.2175f,0f,0f,0f,1f],start_interpolation: 0,interpolation_duration: 1}
$data merge entity $(bone_left3) {transformation: [-0.8841f,0.4298f,-0.1833f,-0.5661f,-0.0152f,-0.4185f,-0.9081f,2.0073f,-0.467f,-0.8001f,0.3765f,0.9467f,0f,0f,0f,1f],start_interpolation: 0,interpolation_duration: 1}
$data merge entity $(bone_scythe) {transformation: [1.3365f,0.4895f,-0.9447f,0.0328f,-0.0648f,1.5515f,0.7121f,1.6646f,1.062f,-0.5213f,1.2324f,0.4404f,0f,0f,0f,1f],start_interpolation: 0,interpolation_duration: 1}
$data merge entity $(bone_right2) {transformation: [-0.5572f,-0.8298f,0.0326f,-0.2308f,0.4182f,-0.3143f,-0.8522f,1.5549f,0.7174f,-0.4612f,0.5221f,0.2778f,0f,0f,0f,1f],start_interpolation: 0,interpolation_duration: 1}
$data merge entity $(bone_right1) {transformation: [-0.0944f,-0.2616f,-0.9606f,0.0766f,0.9267f,-0.3757f,0.0112f,1.6644f,-0.3638f,-0.8891f,0.2778f,1.3362f,0f,0f,0f,1f],start_interpolation: 0,interpolation_duration: 1}
data modify entity @s data merge value {"cameras":{},"locators":{"hitbox":{"posx":0.3962878827260825,"posy":2.698676386939786,"posz":0.12148306838970224,"roty":217.47288691939525,"rotx":24.635760013130703},"hitbox2":{"posx":0.9830562470548349,"posy":2.6702056808422707,"posz":0.5877365461432407,"roty":217.47288691939525,"rotx":24.635760013130703}}}