# This file was generated by Animated Java via MC-Build. It is not recommended to edit this file directly.
$data merge entity $(bone_hair_side) {transformation: [-1f,0f,0f,-0.2969f,0f,0.9869f,-0.1612f,1.9503f,0f,-0.1612f,-0.9869f,0.2215f,0f,0f,0f,1f],start_interpolation: 0,interpolation_duration: 1}
$data merge entity $(bone_hair_side1) {transformation: [-1f,0f,0f,0.2969f,0f,0.9869f,-0.1612f,1.9503f,0f,-0.1612f,-0.9869f,0.2215f,0f,0f,0f,1f],start_interpolation: 0,interpolation_duration: 1}
$data merge entity $(bone_beard) {transformation: [-1f,0f,0f,0f,0f,0.9869f,-0.1612f,1.6371f,0f,-0.1612f,-0.9869f,0.28f,0f,0f,0f,1f],start_interpolation: 0,interpolation_duration: 1}
$data merge entity $(bone_head) {transformation: [-1f,0f,0f,0f,0f,0.9999f,0.0127f,1.7344f,0f,0.0127f,-0.9999f,0f,0f,0f,0f,1f],start_interpolation: 0,interpolation_duration: 1}
$data merge entity $(bone_aura) {transformation: [-1.9929f,-0.8027f,-1.0123f,-2.2857f,-0.3444f,2.1237f,-1.006f,2.0162f,1.2452f,-0.6973f,-1.8984f,0.726f,0f,0f,0f,1f],start_interpolation: 0,interpolation_duration: 1}
$data merge entity $(bone_scythe) {transformation: [-1.4335f,-0.5774f,-0.7281f,-0.8464f,-0.2477f,1.5276f,-0.7236f,1.3123f,0.8957f,-0.5016f,-1.3655f,0.3315f,0f,0f,0f,1f],start_interpolation: 0,interpolation_duration: 1}
$data merge entity $(bone_right2) {transformation: [-0.4262f,0.8236f,0.3743f,-0.5695f,-0.4236f,0.1839f,-0.887f,1.3793f,-0.7993f,-0.5366f,0.2705f,0.1679f,0f,0f,0f,1f],start_interpolation: 0,interpolation_duration: 1}
$data merge entity $(bone_right1) {transformation: [-0.3765f,0.8225f,-0.4262f,-1.3258f,0.8865f,0.1863f,-0.4236f,0.9043f,-0.269f,-0.5373f,-0.7993f,0.8229f,0f,0f,0f,1f],start_interpolation: 0,interpolation_duration: 1}
data modify entity @s data merge value {"cameras":{},"locators":{"scythe_blade":{"posx":-1.7957085813998188,"posy":2.2348238318020353,"posz":0.34884591841119156,"roty":331.9314800802458,"rotx":-25.060548494334455},"scythe_pole":{"posx":-0.9019701666282336,"posy":1.4962178074698875,"posz":0.26366794718721204,"roty":331.9314800802458,"rotx":-25.060548494334455}}}