# This file was generated by Animated Java via MC-Build. It is not recommended to edit this file directly.
$data merge entity $(bone_hair_side) {transformation: [-0.9983f,-0.0578f,0.0059f,-0.2969f,-0.0565f,0.9419f,-0.3311f,1.9749f,0.0136f,-0.3309f,-0.9436f,0.1946f,0f,0f,0f,1f],start_interpolation: 0,interpolation_duration: 1}
$data merge entity $(bone_hair_side1) {transformation: [-0.9996f,0.0289f,-0.003f,0.2969f,0.0283f,0.9431f,-0.3313f,1.9749f,-0.0068f,-0.3312f,-0.9435f,0.1946f,0f,0f,0f,1f],start_interpolation: 0,interpolation_duration: 1}
$data merge entity $(bone_beard) {transformation: [-1f,0f,0f,0f,0f,0.9984f,-0.0568f,1.6706f,0f,-0.0568f,-0.9984f,0.2895f,0f,0f,0f,1f],start_interpolation: 0,interpolation_duration: 1}
$data merge entity $(bone_head) {transformation: [-1f,0f,0f,0f,0f,0.9945f,-0.1048f,1.7344f,0f,-0.1048f,-0.9945f,0f,0f,0f,0f,1f],start_interpolation: 0,interpolation_duration: 1}
$data merge entity $(bone_left4) {transformation: [-0.8736f,0.4448f,-0.1975f,0.1763f,0.0371f,-0.3437f,-0.9383f,1.5342f,-0.4852f,-0.8271f,0.2838f,0.2248f,0f,0f,0f,1f],start_interpolation: 0,interpolation_duration: 1}
$data merge entity $(bone_left3) {transformation: [-0.8736f,0.4448f,-0.1975f,-0.5832f,0.0371f,-0.3437f,-0.9383f,1.9217f,-0.4852f,-0.8271f,0.2838f,0.9778f,0f,0f,0f,1f],start_interpolation: 0,interpolation_duration: 1}
$data merge entity $(bone_aura) {transformation: [1.7306f,1.4004f,-0.8274f,1.6405f,-0.332f,1.4868f,1.822f,1.9815f,1.5923f,-1.212f,1.2792f,0.8031f,0f,0f,0f,1f],start_interpolation: 0,interpolation_duration: 1}
$data merge entity $(bone_scythe) {transformation: [1.2448f,1.0073f,-0.5951f,0.0945f,-0.2388f,1.0695f,1.3106f,1.539f,1.1453f,-0.8718f,0.9201f,0.4334f,0f,0f,0f,1f],start_interpolation: 0,interpolation_duration: 1}
$data merge entity $(bone_right2) {transformation: [-0.3522f,-0.8964f,-0.2691f,-0.1942f,0.7684f,-0.1128f,-0.63f,1.49f,0.5344f,-0.4287f,0.7285f,0.2844f,0f,0f,0f,1f],start_interpolation: 0,interpolation_duration: 1}
$data merge entity $(bone_right1) {transformation: [-0.0355f,-0.3786f,-0.9249f,0.2192f,0.9853f,-0.1679f,0.0309f,1.3605f,-0.167f,-0.9102f,0.379f,1.3037f,0f,0f,0f,1f],start_interpolation: 0,interpolation_duration: 1}
data modify entity @s data merge value {"cameras":{},"locators":{"scythe_blade":{"posx":1.2565817573283002,"posy":2.1591231570908134,"posz":0.30179393020702294,"roty":212.89612909218872,"rotx":50.100583041293696},"scythe_pole":{"posx":0.20284012376246263,"posy":1.6683230881648712,"posz":0.3192971308369246,"roty":212.89612909218872,"rotx":50.100583041293696}}}