# This file was generated by Animated Java via MC-Build. It is not recommended to edit this file directly.
$data merge entity $(bone_hair_side) {transformation: [-0.9985f,0.055f,0.0006f,-0.2969f,0.0549f,0.9983f,-0.0173f,1.9332f,-0.0015f,-0.0173f,-0.9998f,0.237f,0f,0f,0f,1f],start_interpolation: 0,interpolation_duration: 1}
$data merge entity $(bone_hair_side1) {transformation: [-0.9973f,-0.0729f,-0.0013f,0.2969f,-0.0729f,0.9972f,-0.0191f,1.9332f,0.0026f,-0.019f,-0.9998f,0.237f,0f,0f,0f,1f],start_interpolation: 0,interpolation_duration: 1}
$data merge entity $(bone_beard) {transformation: [-1f,0f,0f,0f,0f,0.9963f,0.0854f,1.6165f,0f,0.0854f,-0.9963f,0.272f,0f,0f,0f,1f],start_interpolation: 0,interpolation_duration: 1}
$data merge entity $(bone_left4) {transformation: [-0.8692f,0.2641f,0.418f,0.2268f,-0.2956f,0.4001f,-0.8675f,1.3216f,-0.3964f,-0.8776f,-0.2697f,0.2402f,0f,0f,0f,1f],start_interpolation: 0,interpolation_duration: 1}
$data merge entity $(bone_left3) {transformation: [-0.8692f,0.2641f,0.418f,-0.3337f,-0.2956f,0.4001f,-0.8675f,0.7916f,-0.3964f,-0.8776f,-0.2697f,1.0761f,0f,0f,0f,1f],start_interpolation: 0,interpolation_duration: 1}
$data merge entity $(bone_scythe) {transformation: [0.3787f,1.5342f,-0.6489f,-0.1149f,-0.1933f,0.7015f,1.5456f,1.478f,1.6546f,-0.2692f,0.3291f,0.5897f,0f,0f,0f,1f],start_interpolation: 0,interpolation_duration: 1}
$data merge entity $(bone_right2) {transformation: [-0.3811f,-0.5403f,-0.7502f,-0.2862f,0.9054f,-0.0539f,-0.4211f,1.4462f,0.1871f,-0.8397f,0.5097f,0.3113f,0f,0f,0f,1f],start_interpolation: 0,interpolation_duration: 1}
$data merge entity $(bone_right1) {transformation: [-0.0234f,-0.0841f,-0.9962f,-0.1895f,0.9994f,-0.0277f,-0.0212f,1.1633f,-0.0259f,-0.9961f,0.0847f,1.3777f,0f,0f,0f,1f],start_interpolation: 0,interpolation_duration: 1}