# This file was generated by Animated Java via MC-Build. It is not recommended to edit this file directly.
$data merge entity $(bone_hair_side) {transformation: [-0.9985f,0.055f,0.0006f,-0.2969f,0.0549f,0.9983f,-0.0173f,-0.5043f,-0.0015f,-0.0173f,-0.9998f,0.237f,0f,0f,0f,1f],start_interpolation: 0,interpolation_duration: 1}
$data merge entity $(bone_hair_side1) {transformation: [-0.9973f,-0.0729f,-0.0013f,0.2969f,-0.0729f,0.9972f,-0.0191f,-0.5043f,0.0026f,-0.019f,-0.9998f,0.237f,0f,0f,0f,1f],start_interpolation: 0,interpolation_duration: 1}
$data merge entity $(bone_beard) {transformation: [-1f,0f,0f,0f,0f,0.9963f,0.0854f,-0.821f,0f,0.0854f,-0.9963f,0.272f,0f,0f,0f,1f],start_interpolation: 0,interpolation_duration: 1}
$data merge entity $(bone_left4) {transformation: [-0.8692f,0.2641f,0.418f,0.2268f,-0.2956f,0.4001f,-0.8675f,-1.1159f,-0.3964f,-0.8776f,-0.2697f,0.2402f,0f,0f,0f,1f],start_interpolation: 0,interpolation_duration: 1}
$data merge entity $(bone_left3) {transformation: [-0.8692f,0.2641f,0.418f,-0.3337f,-0.2956f,0.4001f,-0.8675f,-1.6459f,-0.3964f,-0.8776f,-0.2697f,1.0761f,0f,0f,0f,1f],start_interpolation: 0,interpolation_duration: 1}
$data merge entity $(bone_aura) {transformation: [-0.401f,2.1963f,-0.8101f,0.394f,-0.269f,0.7732f,2.2294f,-0.811f,2.3254f,0.4682f,0.1182f,2.1128f,0f,0f,0f,1f],start_interpolation: 0,interpolation_duration: 1}
$data merge entity $(bone_scythe) {transformation: [-0.2884f,1.5798f,-0.5827f,-0.3092f,-0.1935f,0.5562f,1.6036f,-0.9879f,1.6727f,0.3368f,0.085f,0.6306f,0f,0f,0f,1f],start_interpolation: 0,interpolation_duration: 1}
$data merge entity $(bone_right2) {transformation: [-0.3401f,-0.1885f,-0.9213f,-0.3657f,0.9393f,-0.022f,-0.3423f,-1.0098f,0.0442f,-0.9818f,0.1846f,0.3078f,0f,0f,0f,1f],start_interpolation: 0,interpolation_duration: 1}
$data merge entity $(bone_right1) {transformation: [-0.0309f,0.1703f,-0.9849f,-0.537f,0.9992f,0.0313f,-0.0259f,-1.3553f,0.0265f,-0.9849f,-0.1711f,1.346f,0f,0f,0f,1f],start_interpolation: 0,interpolation_duration: 1}
data modify entity @s data merge value {"cameras":{},"locators":{"scythe_blade":{"posx":0.6321646262190082,"posy":-0.6926271997807538,"posz":1.513322418160938,"roty":261.6973308538061,"rotx":69.8352602929841},"scythe_pole":{"posx":-0.1186991401394353,"posy":-0.9199807135402126,"posz":0.6553734195886214,"roty":261.6973308538061,"rotx":69.8352602929841}}}
execute on vehicle unless entity @s[tag=aj.transforms_only] if entity @s[tag=phase2] run function animated_java:lich/variants/scythe_aura/apply
execute on vehicle unless entity @s[tag=aj.transforms_only] at @s run function animated_java:lich/animations/pray/zzz/frames/77_root_commands