# This file was generated by Animated Java via MC-Build. It is not recommended to edit this file directly.
$data merge entity $(bone_hair_side) {transformation: [-0.8877f,0.4603f,0.0038f,-0.2969f,0.46f,0.8873f,-0.034f,1.9332f,-0.019f,-0.0284f,-0.9994f,0.237f,0f,0f,0f,1f],start_interpolation: 0,interpolation_duration: 1}
$data merge entity $(bone_hair_side1) {transformation: [-0.9161f,-0.4009f,-0.0031f,0.2969f,-0.4006f,0.9156f,-0.0352f,1.9332f,0.0169f,-0.031f,-0.9994f,0.237f,0f,0f,0f,1f],start_interpolation: 0,interpolation_duration: 1}
$data merge entity $(bone_beard) {transformation: [-1f,0f,0f,0f,0f,0.9966f,0.0819f,1.6165f,0f,0.0819f,-0.9966f,0.272f,0f,0f,0f,1f],start_interpolation: 0,interpolation_duration: 1}
$data merge entity $(bone_left4) {transformation: [-0.4431f,-0.8454f,0.2982f,0.543f,-0.8755f,0.4796f,0.0585f,1.2915f,-0.1925f,-0.2352f,-0.9527f,0.0632f,0f,0f,0f,1f],start_interpolation: 0,interpolation_duration: 1}
$data merge entity $(bone_left3) {transformation: [-0.4431f,-0.8454f,0.2982f,1.3292f,-0.8755f,0.4796f,0.0585f,0.4933f,-0.1925f,-0.2352f,-0.9527f,0.2603f,0f,0f,0f,1f],start_interpolation: 0,interpolation_duration: 1}
$data merge entity $(bone_scythe) {transformation: [-1.5387f,0.5831f,-0.4593f,-0.8105f,-0.3941f,0.2541f,1.6427f,1.3664f,0.629f,1.5855f,-0.0943f,0.393f,0f,0f,0f,1f],start_interpolation: 0,interpolation_duration: 1}
$data merge entity $(bone_right2) {transformation: [-0.2639f,0.7111f,-0.6517f,-0.5731f,0.9628f,0.1539f,-0.2219f,1.4018f,-0.0575f,-0.686f,-0.7253f,0.1688f,0f,0f,0f,1f],start_interpolation: 0,interpolation_duration: 1}
$data merge entity $(bone_right1) {transformation: [-0.0897f,0.8338f,-0.5447f,-1.431f,0.9934f,0.1141f,0.0111f,0.9701f,0.0714f,-0.5401f,-0.8386f,0.7203f,0f,0f,0f,1f],start_interpolation: 0,interpolation_duration: 1}
data modify entity @s data merge value {"cameras":{},"locators":{"hitbox":{"posx":-0.46342770612790685,"posy":1.5252049817718294,"posz":1.468868796439665,"roty":281.60659781527477,"rotx":74.07058356850204},"hitbox2":{"posx":-1.1389379302404572,"posy":1.352205159555425,"posz":1.7450154941068725,"roty":281.60659781527477,"rotx":74.07058356850204}}}