# This file was generated by Animated Java via MC-Build. It is not recommended to edit this file directly.
$data merge entity $(bone_hair_side) {transformation: [-1f,0f,0f,-0.2969f,0f,0.9829f,-0.184f,1.9554f,0f,-0.184f,-0.9829f,0.2164f,0f,0f,0f,1f],start_interpolation: 0,interpolation_duration: 1}
$data merge entity $(bone_hair_side1) {transformation: [-1f,0f,0f,0.2969f,0f,0.9829f,-0.184f,1.9554f,0f,-0.184f,-0.9829f,0.2164f,0f,0f,0f,1f],start_interpolation: 0,interpolation_duration: 1}
$data merge entity $(bone_beard) {transformation: [-1f,0f,0f,0f,0f,0.9829f,-0.184f,1.6436f,0f,-0.184f,-0.9829f,0.2822f,0f,0f,0f,1f],start_interpolation: 0,interpolation_duration: 1}
$data merge entity $(bone_head) {transformation: [-1f,0f,0f,0f,0f,0.9999f,-0.0105f,1.7344f,0f,-0.0105f,-0.9999f,0f,0f,0f,0f,1f],start_interpolation: 0,interpolation_duration: 1}
$data merge entity $(bone_scythe) {transformation: [-1.3666f,-0.4668f,-0.9126f,-0.8259f,-0.031f,1.5391f,-0.7407f,1.3959f,1.0246f,-0.576f,-1.2397f,0.3813f,0f,0f,0f,1f],start_interpolation: 0,interpolation_duration: 1}
$data merge entity $(bone_right2) {transformation: [-0.5342f,0.7873f,0.3079f,-0.5592f,-0.4336f,0.0574f,-0.8993f,1.4215f,-0.7257f,-0.6139f,0.3107f,0.1912f,0f,0f,0f,1f],start_interpolation: 0,interpolation_duration: 1}
$data merge entity $(bone_right1) {transformation: [-0.3023f,0.7894f,-0.5342f,-1.3035f,0.8997f,0.0511f,-0.4336f,1.0861f,-0.315f,-0.6117f,-0.7257f,0.9395f,0f,0f,0f,1f],start_interpolation: 0,interpolation_duration: 1}