# This file was generated by Animated Java via MC-Build. It is not recommended to edit this file directly.
$data merge entity $(bone_hair_side) {transformation: [-0.8434f,0.5373f,0f,-0.2969f,0.5368f,0.8426f,-0.0436f,1.9332f,-0.0234f,-0.0368f,-0.999f,0.237f,0f,0f,0f,1f],start_interpolation: 0,interpolation_duration: 1}
$data merge entity $(bone_hair_side1) {transformation: [-0.887f,-0.4617f,0f,0.2969f,-0.4613f,0.8862f,-0.0436f,1.9332f,0.0201f,-0.0387f,-0.999f,0.237f,0f,0f,0f,1f],start_interpolation: 0,interpolation_duration: 1}
$data merge entity $(bone_beard) {transformation: [-1f,0f,0f,0f,0f,0.9968f,0.0802f,1.6165f,0f,0.0802f,-0.9968f,0.272f,0f,0f,0f,1f],start_interpolation: 0,interpolation_duration: 1}
$data merge entity $(bone_left4) {transformation: [-0.2052f,-0.9755f,-0.0795f,0.5826f,-0.9704f,0.1922f,0.1461f,1.3706f,-0.1272f,0.1071f,-0.9861f,-0.0317f,0f,0f,0f,1f],start_interpolation: 0,interpolation_duration: 1}
$data merge entity $(bone_left3) {transformation: [-0.2052f,-0.9755f,-0.0795f,1.5854f,-0.9704f,0.1922f,0.1461f,0.8571f,-0.1272f,0.1071f,-0.9861f,-0.1886f,0f,0f,0f,1f],start_interpolation: 0,interpolation_duration: 1}
$data merge entity $(bone_aura) {transformation: [-1.9386f,-1.3385f,-0.3014f,-2.5716f,-0.1615f,-0.2954f,2.351f,1.1717f,-1.3625f,1.9395f,0.1501f,-0.0709f,0f,0f,0f,1f],start_interpolation: 0,interpolation_duration: 1}
$data merge entity $(bone_scythe) {transformation: [-1.3944f,-0.9628f,-0.2168f,-0.9367f,-0.1162f,-0.2125f,1.6911f,1.3853f,-0.98f,1.3951f,0.108f,-0.1346f,0f,0f,0f,1f],start_interpolation: 0,interpolation_duration: 1}
$data merge entity $(bone_right2) {transformation: [-0.1221f,0.9672f,0.2226f,-0.6174f,0.9903f,0.1038f,0.0922f,1.4039f,0.0661f,0.2317f,-0.9705f,-0.0596f,0f,0f,0f,1f],start_interpolation: 0,interpolation_duration: 1}
$data merge entity $(bone_right1) {transformation: [-0.1354f,0.9757f,0.1721f,-1.6118f,0.9809f,0.1075f,0.1623f,0.9832f,0.1399f,0.1908f,-0.9716f,-0.306f,0f,0f,0f,1f],start_interpolation: 0,interpolation_duration: 1}
data modify entity @s data merge value {"cameras":{},"locators":{"scythe_blade":{"posx":-2.127956939671445,"posy":1.1977508417043448,"posz":0.41141303629337495,"roty":243.51770460662792,"rotx":81.8496898308574},"scythe_pole":{"posx":-1.038420527163633,"posy":1.3611236021826534,"posz":0.040222725329707665,"roty":243.51770460662792,"rotx":81.8496898308574}}}
execute on vehicle unless entity @s[tag=aj.transforms_only] run function animated_java:lich/variants/default/apply