# This file was generated by Animated Java via MC-Build. It is not recommended to edit this file directly.
$data merge entity $(bone_hair_side) {transformation: [-0.8742f,0.4855f,0.0004f,-0.2969f,0.4851f,0.8735f,-0.0413f,1.9332f,-0.0204f,-0.0359f,-0.9991f,0.237f,0f,0f,0f,1f],start_interpolation: 0,interpolation_duration: 1}
$data merge entity $(bone_hair_side1) {transformation: [-0.9112f,-0.4119f,-0.0003f,0.2969f,-0.4115f,0.9104f,-0.0417f,1.9332f,0.0174f,-0.0378f,-0.9991f,0.237f,0f,0f,0f,1f],start_interpolation: 0,interpolation_duration: 1}
$data merge entity $(bone_beard) {transformation: [-1f,0f,0f,0f,0f,0.9969f,0.0785f,1.6165f,0f,0.0785f,-0.9969f,0.272f,0f,0f,0f,1f],start_interpolation: 0,interpolation_duration: 1}
$data merge entity $(bone_left4) {transformation: [-0.1417f,-0.9744f,-0.1744f,0.5832f,-0.9828f,0.1173f,0.1428f,1.3914f,-0.1187f,0.1916f,-0.9743f,-0.0552f,0f,0f,0f,1f],start_interpolation: 0,interpolation_duration: 1}
$data merge entity $(bone_left3) {transformation: [-0.1417f,-0.9744f,-0.1744f,1.6047f,-0.9828f,0.1173f,0.1428f,0.9559f,-0.1187f,0.1916f,-0.9743f,-0.3019f,0f,0f,0f,1f],start_interpolation: 0,interpolation_duration: 1}
$data merge entity $(bone_scythe) {transformation: [-1.3971f,-0.959f,-0.2169f,-0.9367f,-0.1167f,-0.2124f,1.6911f,1.3853f,-0.9762f,1.3977f,0.1082f,-0.1346f,0f,0f,0f,1f],start_interpolation: 0,interpolation_duration: 1}
data modify entity @s data merge value {"cameras":{},"locators":{"hitbox":{"posx":-1.6153078987418796,"posy":1.2403023690901027,"posz":0.7718428751025184,"roty":243.48036263441284,"rotx":81.8441987979392},"hitbox2":{"posx":-2.228652140475562,"posy":1.189075317257716,"posz":0.3432584256731255,"roty":243.48036263441284,"rotx":81.8441987979392}}}