# This file was generated by Animated Java via MC-Build. It is not recommended to edit this file directly.
$data merge entity $(bone_hair_side) {transformation: [-0.9359f,0.3524f,0.0005f,-0.2969f,0.3521f,0.9352f,-0.0374f,1.9332f,-0.0137f,-0.0349f,-0.9993f,0.237f,0f,0f,0f,1f],start_interpolation: 0,interpolation_duration: 1}
$data merge entity $(bone_hair_side1) {transformation: [-0.9565f,-0.2918f,-0.0003f,0.2969f,-0.2916f,0.9558f,-0.0388f,1.9332f,0.0116f,-0.037f,-0.9992f,0.237f,0f,0f,0f,1f],start_interpolation: 0,interpolation_duration: 1}
$data merge entity $(bone_beard) {transformation: [-1f,0f,0f,0f,0f,0.9971f,0.0767f,1.6165f,0f,0.0767f,-0.9971f,0.272f,0f,0f,0f,1f],start_interpolation: 0,interpolation_duration: 1}
$data merge entity $(bone_left4) {transformation: [-0.1013f,-0.97f,-0.221f,0.5825f,-0.9871f,0.0703f,0.1438f,1.4045f,-0.1239f,0.2327f,-0.9646f,-0.0668f,0f,0f,0f,1f],start_interpolation: 0,interpolation_duration: 1}
$data merge entity $(bone_left3) {transformation: [-0.1013f,-0.97f,-0.221f,1.6118f,-0.9871f,0.0703f,0.1438f,1.0191f,-0.1239f,0.2327f,-0.9646f,-0.36f,0f,0f,0f,1f],start_interpolation: 0,interpolation_duration: 1}
$data merge entity $(bone_aura) {transformation: [-1.6739f,-1.6562f,-0.3092f,-2.53f,0.01f,-0.4456f,2.3328f,1.2294f,-1.6848f,1.6429f,0.321f,-0.4739f,0f,0f,0f,1f],start_interpolation: 0,interpolation_duration: 1}
$data merge entity $(bone_scythe) {transformation: [-1.2041f,-1.1913f,-0.2224f,-0.9076f,0.0072f,-0.3205f,1.678f,1.4114f,-1.2119f,1.1817f,0.2309f,-0.2346f,0f,0f,0f,1f],start_interpolation: 0,interpolation_duration: 1}
$data merge entity $(bone_right2) {transformation: [-0.1258f,0.9108f,0.3933f,-0.6068f,0.9823f,0.059f,0.1777f,1.4155f,0.1387f,0.4087f,-0.9021f,-0.1027f,0f,0f,0f,1f],start_interpolation: 0,interpolation_duration: 1}
$data merge entity $(bone_right1) {transformation: [-0.1277f,0.9418f,0.311f,-1.5676f,0.9795f,0.0705f,0.1885f,1.0344f,0.1556f,0.3287f,-0.9315f,-0.5005f,0f,0f,0f,1f],start_interpolation: 0,interpolation_duration: 1}
data modify entity @s data merge value {"cameras":{},"locators":{"scythe_blade":{"posx":-2.176583852000897,"posy":1.2002910668080702,"posz":0.07777440484585885,"roty":223.92300432889385,"rotx":79.18443376437554},"scythe_pole":{"posx":-1.0382622269950765,"posy":1.3732750906668547,"posz":-0.08304507635505895,"roty":223.92300432889385,"rotx":79.18443376437554}}}