# This file was generated by Animated Java via MC-Build. It is not recommended to edit this file directly.
$data merge entity $(bone_hair_side) {transformation: [-0.9842f,0.1769f,-0.0003f,-0.2969f,0.1768f,0.9836f,-0.0366f,-0.5043f,-0.0062f,-0.0361f,-0.9993f,0.237f,0f,0f,0f,1f],start_interpolation: 0,interpolation_duration: 1}
$data merge entity $(bone_hair_side1) {transformation: [-0.9904f,-0.1383f,0.0002f,0.2969f,-0.1382f,0.9897f,-0.0383f,-0.5043f,0.0051f,-0.0379f,-0.9993f,0.237f,0f,0f,0f,1f],start_interpolation: 0,interpolation_duration: 1}
$data merge entity $(bone_beard) {transformation: [-1f,0f,0f,0f,0f,0.9972f,0.075f,-0.821f,0f,0.075f,-0.9972f,0.272f,0f,0f,0f,1f],start_interpolation: 0,interpolation_duration: 1}
$data merge entity $(bone_left4) {transformation: [-0.0828f,-0.9695f,-0.2307f,0.5826f,-0.9869f,0.0476f,0.1544f,-1.0267f,-0.1387f,0.2404f,-0.9607f,-0.0691f,0f,0f,0f,1f],start_interpolation: 0,interpolation_duration: 1}
$data merge entity $(bone_left3) {transformation: [-0.0828f,-0.9695f,-0.2307f,1.6171f,-0.9869f,0.0476f,0.1544f,-1.3871f,-0.1387f,0.2404f,-0.9607f,-0.3755f,0f,0f,0f,1f],start_interpolation: 0,interpolation_duration: 1}
$data merge entity $(bone_aura) {transformation: [-1.6585f,-1.6666f,-0.3351f,-2.5236f,0.0435f,-0.5096f,2.3193f,-1.2104f,-1.6994f,1.6135f,0.3864f,-0.5011f,0f,0f,0f,1f],start_interpolation: 0,interpolation_duration: 1}
$data merge entity $(bone_scythe) {transformation: [-1.193f,-1.1988f,-0.241f,-0.9053f,0.0313f,-0.3666f,1.6682f,-1.0198f,-1.2224f,1.1606f,0.2779f,-0.2413f,0f,0f,0f,1f],start_interpolation: 0,interpolation_duration: 1}
$data merge entity $(bone_right2) {transformation: [-0.1368f,0.9051f,0.4026f,-0.6062f,0.9766f,0.055f,0.2081f,-1.017f,0.1662f,0.4217f,-0.8914f,-0.1055f,0f,0f,0f,1f],start_interpolation: 0,interpolation_duration: 1}
$data merge entity $(bone_right1) {transformation: [-0.1141f,0.9397f,0.3224f,-1.5689f,0.9807f,0.0546f,0.1879f,-1.3815f,0.159f,0.3376f,-0.9278f,-0.5139f,0f,0f,0f,1f],start_interpolation: 0,interpolation_duration: 1}
data modify entity @s data merge value {"cameras":{},"locators":{"scythe_blade":{"posx":-2.1748757648932715,"posy":-1.2522823230508933,"posz":0.0528647741730828,"roty":220.93105789268793,"rotx":77.56348818221815},"scythe_pole":{"posx":-1.0368996341462635,"posy":-1.0637127614831532,"posz":-0.09209848427614936,"roty":220.93105789268793,"rotx":77.56348818221815}}}