# This file was generated by Animated Java via MC-Build. It is not recommended to edit this file directly.
$data merge entity $(bone_hair_side) {transformation: [-0.9967f,-0.0807f,0.0005f,-0.2969f,-0.0807f,0.9957f,-0.0466f,1.9332f,0.0032f,-0.0465f,-0.9989f,0.237f,0f,0f,0f,1f],start_interpolation: 0,interpolation_duration: 1}
$data merge entity $(bone_hair_side1) {transformation: [-0.9972f,0.0743f,-0.0004f,0.2969f,0.0742f,0.9962f,-0.0461f,1.9332f,-0.0031f,-0.046f,-0.9989f,0.237f,0f,0f,0f,1f],start_interpolation: 0,interpolation_duration: 1}
$data merge entity $(bone_beard) {transformation: [-1f,0f,0f,0f,0f,0.9976f,0.0698f,1.6165f,0f,0.0698f,-0.9976f,0.272f,0f,0f,0f,1f],start_interpolation: 0,interpolation_duration: 1}
$data merge entity $(bone_left4) {transformation: [-0.1408f,-0.9811f,-0.133f,0.5851f,-0.9701f,0.1098f,0.2166f,1.3937f,-0.1979f,0.1595f,-0.9672f,-0.0473f,0f,0f,0f,1f],start_interpolation: 0,interpolation_duration: 1}
$data merge entity $(bone_left3) {transformation: [-0.1408f,-0.9811f,-0.133f,1.6141f,-0.9701f,0.1098f,0.2166f,0.9704f,-0.1979f,0.1595f,-0.9672f,-0.2836f,0f,0f,0f,1f],start_interpolation: 0,interpolation_duration: 1}
$data merge entity $(bone_aura) {transformation: [-1.8632f,-1.4277f,-0.3616f,-2.5583f,-0.0281f,-0.5486f,2.3106f,1.1622f,-1.4725f,1.8169f,0.4135f,-0.2261f,0f,0f,0f,1f],start_interpolation: 0,interpolation_duration: 1}
$data merge entity $(bone_scythe) {transformation: [-1.3402f,-1.027f,-0.2601f,-0.9275f,-0.0202f,-0.3946f,1.662f,1.4087f,-1.0592f,1.3069f,0.2974f,-0.1774f,0f,0f,0f,1f],start_interpolation: 0,interpolation_duration: 1}
$data merge entity $(bone_right2) {transformation: [-0.1476f,0.9461f,0.2884f,-0.6148f,0.9731f,0.0868f,0.2133f,1.4219f,0.1768f,0.3121f,-0.9334f,-0.0777f,0f,0f,0f,1f],start_interpolation: 0,interpolation_duration: 1}
$data merge entity $(bone_right1) {transformation: [-0.0902f,0.9673f,0.2371f,-1.6143f,0.984f,0.0498f,0.1712f,1.0615f,0.1538f,0.2487f,-0.9563f,-0.39f,0f,0f,0f,1f],start_interpolation: 0,interpolation_duration: 1}
data modify entity @s data merge value {"cameras":{},"locators":{"scythe_blade":{"posx":-2.1402831614981235,"posy":1.1372632992588423,"posz":0.2786587643004947,"roty":221.17276677000916,"rotx":76.6271281930188},"scythe_pole":{"posx":-1.0373651644151483,"posy":1.3619435695199502,"posz":-0.012293410233182311,"roty":221.17276677000916,"rotx":76.6271281930188}}}