# This file was generated by Animated Java via MC-Build. It is not recommended to edit this file directly.
$data merge entity $(bone_hair_side) {transformation: [-0.9962f,0.0872f,0f,-0.2969f,0.0871f,0.9952f,-0.0436f,1.9332f,-0.0038f,-0.0435f,-0.999f,0.237f,0f,0f,0f,1f],start_interpolation: 0,interpolation_duration: 1}
$data merge entity $(bone_hair_side1) {transformation: [-0.9962f,-0.0872f,0f,0.2969f,-0.0871f,0.9952f,-0.0436f,1.9332f,0.0038f,-0.0435f,-0.999f,0.237f,0f,0f,0f,1f],start_interpolation: 0,interpolation_duration: 1}
$data merge entity $(bone_beard) {transformation: [-1f,0f,0f,0f,0f,0.9978f,0.0663f,1.6165f,0f,0.0663f,-0.9978f,0.272f,0f,0f,0f,1f],start_interpolation: 0,interpolation_duration: 1}
$data merge entity $(bone_left4) {transformation: [-0.2536f,-0.9656f,-0.0576f,0.5792f,-0.9447f,0.2344f,0.2293f,1.3591f,-0.2079f,0.1126f,-0.9717f,-0.0343f,0f,0f,0f,1f],start_interpolation: 0,interpolation_duration: 1}
$data merge entity $(bone_left3) {transformation: [-0.2536f,-0.9656f,-0.0576f,1.5561f,-0.9447f,0.2344f,0.2293f,0.8076f,-0.2079f,0.1126f,-0.9717f,-0.2224f,0f,0f,0f,1f],start_interpolation: 0,interpolation_duration: 1}
$data merge entity $(bone_aura) {transformation: [-1.9767f,-1.2816f,-0.3014f,-2.5687f,-0.1692f,-0.292f,2.3509f,1.1689f,-1.3057f,1.9781f,0.1517f,-0.0233f,0f,0f,0f,1f],start_interpolation: 0,interpolation_duration: 1}
$data merge entity $(bone_scythe) {transformation: [-1.4218f,-0.9219f,-0.2168f,-0.9367f,-0.1217f,-0.21f,1.691f,1.3853f,-0.9392f,1.4228f,0.1092f,-0.1346f,0f,0f,0f,1f],start_interpolation: 0,interpolation_duration: 1}
$data merge entity $(bone_right2) {transformation: [-0.1221f,0.9672f,0.2226f,-0.6174f,0.9903f,0.1038f,0.0922f,1.4039f,0.0661f,0.2317f,-0.9705f,-0.0596f,0f,0f,0f,1f],start_interpolation: 0,interpolation_duration: 1}
$data merge entity $(bone_right1) {transformation: [-0.1354f,0.9757f,0.1721f,-1.6118f,0.9809f,0.1075f,0.1623f,0.9832f,0.1399f,0.1908f,-0.9716f,-0.306f,0f,0f,0f,1f],start_interpolation: 0,interpolation_duration: 1}
data modify entity @s data merge value {"cameras":{},"locators":{"scythe_blade":{"posx":-2.111403466968168,"posy":1.1972371199939849,"posz":0.44600387058723784,"roty":243.27750301070677,"rotx":81.83123467803519},"scythe_pole":{"posx":-1.033304616108076,"posy":1.361468532013836,"posz":0.043147306683763015,"roty":243.27750301070677,"rotx":81.83123467803519}}}