# This file was generated by Animated Java via MC-Build. It is not recommended to edit this file directly.
$data merge entity $(bone_hair_side) {transformation: [-1f,0f,0f,-0.2969f,0f,0.9792f,-0.2028f,1.9595f,0f,-0.2028f,-0.9792f,0.2122f,0f,0f,0f,1f],start_interpolation: 0,interpolation_duration: 1}
$data merge entity $(bone_hair_side1) {transformation: [-1f,0f,0f,0.2969f,0f,0.9792f,-0.2028f,1.9595f,0f,-0.2028f,-0.9792f,0.2122f,0f,0f,0f,1f],start_interpolation: 0,interpolation_duration: 1}
$data merge entity $(bone_beard) {transformation: [-1f,0f,0f,0f,0f,0.9792f,-0.2028f,1.649f,0f,-0.2028f,-0.9792f,0.2839f,0f,0f,0f,1f],start_interpolation: 0,interpolation_duration: 1}
$data merge entity $(bone_head) {transformation: [-1f,0f,0f,0f,0f,0.9996f,-0.0297f,1.7344f,0f,-0.0297f,-0.9996f,0f,0f,0f,0f,1f],start_interpolation: 0,interpolation_duration: 1}
$data merge entity $(bone_scythe) {transformation: [-1.2639f,-0.3502f,-1.0947f,-0.7911f,0.1905f,1.5408f,-0.7128f,1.4803f,1.1335f,-0.6494f,-1.1009f,0.424f,0f,0f,0f,1f],start_interpolation: 0,interpolation_duration: 1}
$data merge entity $(bone_right2) {transformation: [-0.6408f,0.7302f,0.2371f,-0.5415f,-0.4172f,-0.072f,-0.9059f,1.4631f,-0.6444f,-0.6795f,0.3508f,0.2111f,0f,0f,0f,1f],start_interpolation: 0,interpolation_duration: 1}
$data merge entity $(bone_right1) {transformation: [-0.229f,0.7328f,-0.6408f,-1.2485f,0.9051f,-0.0821f,-0.4172f,1.2675f,-0.3583f,-0.6755f,-0.6444f,1.0408f,0f,0f,0f,1f],start_interpolation: 0,interpolation_duration: 1}