# This file was generated by Animated Java via MC-Build. It is not recommended to edit this file directly.
$data merge entity $(bone_hair_side) {transformation: [-1f,0f,0f,-0.2969f,0f,0.9792f,-0.2028f,1.9595f,0f,-0.2028f,-0.9792f,0.2122f,0f,0f,0f,1f],start_interpolation: 0,interpolation_duration: 1}
$data merge entity $(bone_hair_side1) {transformation: [-1f,0f,0f,0.2969f,0f,0.9792f,-0.2028f,1.9595f,0f,-0.2028f,-0.9792f,0.2122f,0f,0f,0f,1f],start_interpolation: 0,interpolation_duration: 1}
$data merge entity $(bone_beard) {transformation: [-1f,0f,0f,0f,0f,0.9792f,-0.2028f,1.649f,0f,-0.2028f,-0.9792f,0.2839f,0f,0f,0f,1f],start_interpolation: 0,interpolation_duration: 1}
$data merge entity $(bone_head) {transformation: [-1f,0f,0f,0f,0f,0.9996f,-0.0297f,1.7344f,0f,-0.0297f,-0.9996f,0f,0f,0f,0f,1f],start_interpolation: 0,interpolation_duration: 1}
$data merge entity $(bone_scythe) {transformation: [-1.7571f,-0.4868f,-1.5219f,-0.7911f,0.2648f,2.1421f,-0.9909f,1.4803f,1.5758f,-0.9028f,-1.5305f,0.424f,0f,0f,0f,1f],start_interpolation: 0,interpolation_duration: 1}
$data merge entity $(bone_right2) {transformation: [-0.6408f,0.7302f,0.2371f,-0.5415f,-0.4172f,-0.072f,-0.9059f,1.4631f,-0.6444f,-0.6795f,0.3508f,0.2111f,0f,0f,0f,1f],start_interpolation: 0,interpolation_duration: 1}
$data merge entity $(bone_right1) {transformation: [-0.229f,0.7328f,-0.6408f,-1.2485f,0.9051f,-0.0821f,-0.4172f,1.2675f,-0.3583f,-0.6755f,-0.6444f,1.0408f,0f,0f,0f,1f],start_interpolation: 0,interpolation_duration: 1}
data modify entity @s data merge value {"cameras":{},"locators":{"scythe_blade":{"posx":-1.5219651231849114,"posy":2.5839466795050834,"posz":0.4361867468875634,"roty":315.16018020735527,"rotx":-24.660200217817952},"scythe_pole":{"posx":-0.8211640183386368,"posy":1.661730505172873,"posz":0.336398775436578,"roty":315.16018020735527,"rotx":-24.660200217817952}}}