# This file was generated by Animated Java via MC-Build. It is not recommended to edit this file directly.
$data merge entity $(bone_hair_side) {transformation: [-0.9995f,0.0323f,0.001f,-0.2969f,0.0323f,0.9994f,-0.0129f,-0.5043f,-0.0014f,-0.0128f,-0.9999f,0.237f,0f,0f,0f,1f],start_interpolation: 0,interpolation_duration: 1}
$data merge entity $(bone_hair_side1) {transformation: [-0.9995f,-0.0323f,-0.001f,0.2969f,-0.0323f,0.9994f,-0.0129f,-0.5043f,0.0014f,-0.0128f,-0.9999f,0.237f,0f,0f,0f,1f],start_interpolation: 0,interpolation_duration: 1}
$data merge entity $(bone_beard) {transformation: [-1f,0f,0f,0f,0f,0.998f,0.0628f,-0.821f,0f,0.0628f,-0.998f,0.272f,0f,0f,0f,1f],start_interpolation: 0,interpolation_duration: 1}
$data merge entity $(bone_left4) {transformation: [-0.3676f,-0.9296f,-0.0247f,0.5676f,-0.9104f,0.3543f,0.2138f,-1.1114f,-0.19f,0.1011f,-0.9766f,-0.0309f,0f,0f,0f,1f],start_interpolation: 0,interpolation_duration: 1}
$data merge entity $(bone_left3) {transformation: [-0.3676f,-0.9296f,-0.0247f,1.4695f,-0.9104f,0.3543f,0.2138f,-1.7835f,-0.19f,0.1011f,-0.9766f,-0.2008f,0f,0f,0f,1f],start_interpolation: 0,interpolation_duration: 1}
$data merge entity $(bone_aura) {transformation: [-2.0929f,-1.106f,-0.1929f,-2.5574f,-0.3525f,0.2601f,2.3342f,-1.1735f,-1.0659f,2.0856f,-0.3934f,0.1764f,0f,0f,0f,1f],start_interpolation: 0,interpolation_duration: 1}
$data merge entity $(bone_scythe) {transformation: [-1.5054f,-0.7956f,-0.1387f,-0.9351f,-0.2536f,0.1871f,1.679f,-1.0882f,-0.7667f,1.5002f,-0.2829f,-0.1127f,0f,0f,0f,1f],start_interpolation: 0,interpolation_duration: 1}
$data merge entity $(bone_right2) {transformation: [-0.077f,0.9776f,0.1958f,-0.6132f,0.9835f,0.1068f,-0.1463f,-1.0685f,-0.164f,0.1813f,-0.9697f,-0.0507f,0f,0f,0f,1f],start_interpolation: 0,interpolation_duration: 1}
$data merge entity $(bone_right1) {transformation: [-0.2395f,0.9621f,0.1303f,-1.5606f,0.9636f,0.2192f,0.1528f,-1.6025f,0.1185f,0.1622f,-0.9796f,-0.26f,0f,0f,0f,1f],start_interpolation: 0,interpolation_duration: 1}
data modify entity @s data merge value {"cameras":{},"locators":{"scythe_blade":{"posx":-2.058389345912894,"posy":-1.0629933288042106,"posz":0.587370604102707,"roty":333.88219476156,"rotx":79.37024677033237},"scythe_pole":{"posx":-1.0159686224130735,"posy":-1.0636044664169844,"posz":0.07266567724759197,"roty":333.88219476156,"rotx":79.37024677033237}}}