# This file was generated by Animated Java via MC-Build. It is not recommended to edit this file directly.
$data merge entity $(bone_hair_side) {transformation: [-1f,0f,0f,-0.2969f,0f,1f,0f,1.9332f,0f,0f,-1f,0.237f,0f,0f,0f,1f],start_interpolation: 0,interpolation_duration: 1}
$data merge entity $(bone_hair_side1) {transformation: [-1f,0f,0f,0.2969f,0f,1f,0f,1.9332f,0f,0f,-1f,0.237f,0f,0f,0f,1f],start_interpolation: 0,interpolation_duration: 1}
$data merge entity $(bone_beard) {transformation: [-1f,0f,0f,0f,0f,0.9981f,0.061f,1.6165f,0f,0.061f,-0.9981f,0.272f,0f,0f,0f,1f],start_interpolation: 0,interpolation_duration: 1}
$data merge entity $(bone_left4) {transformation: [-0.4418f,-0.8971f,-0.006f,0.5575f,-0.8797f,0.4319f,0.1988f,1.3048f,-0.1758f,0.0931f,-0.98f,-0.0284f,0f,0f,0f,1f],start_interpolation: 0,interpolation_duration: 1}
$data merge entity $(bone_left3) {transformation: [-0.4418f,-0.8971f,-0.006f,1.4006f,-0.8797f,0.4319f,0.1988f,0.5574f,-0.1758f,0.0931f,-0.98f,-0.1852f,0f,0f,0f,1f],start_interpolation: 0,interpolation_duration: 1}
$data merge entity $(bone_scythe) {transformation: [-1.5429f,-0.7255f,-0.1082f,-0.9326f,-0.2992f,0.3924f,1.6355f,1.3318f,-0.6697f,1.496f,-0.4814f,-0.1019f,0f,0f,0f,1f],start_interpolation: 0,interpolation_duration: 1}
$data merge entity $(bone_right2) {transformation: [-0.0595f,0.9819f,0.1799f,-0.6095f,0.958f,0.1068f,-0.266f,1.3519f,-0.2804f,0.1566f,-0.947f,-0.0462f,0f,0f,0f,1f],start_interpolation: 0,interpolation_duration: 1}
$data merge entity $(bone_right1) {transformation: [-0.2908f,0.9503f,0.1109f,-1.5283f,0.9507f,0.2739f,0.1453f,0.7637f,0.1077f,0.1477f,-0.9831f,-0.2368f,0f,0f,0f,1f],start_interpolation: 0,interpolation_duration: 1}