# This file was generated by Animated Java via MC-Build. It is not recommended to edit this file directly.
$data merge entity $(bone_beard) {transformation: [-1f,0f,0f,0f,0f,0.9984f,0.0558f,1.6165f,0f,0.0558f,-0.9984f,0.272f,0f,0f,0f,1f],start_interpolation: 0,interpolation_duration: 1}
$data merge entity $(bone_left4) {transformation: [-0.683f,-0.7295f,0.0362f,0.5074f,-0.7205f,0.681f,0.1307f,1.2372f,-0.12f,0.0632f,-0.9908f,-0.0193f,0f,0f,0f,1f],start_interpolation: 0,interpolation_duration: 1}
$data merge entity $(bone_left3) {transformation: [-0.683f,-0.7295f,0.0362f,1.0919f,-0.7205f,0.681f,0.1307f,0.2672f,-0.12f,0.0632f,-0.9908f,-0.1259f,0f,0f,0f,1f],start_interpolation: 0,interpolation_duration: 1}
$data merge entity $(bone_aura) {transformation: [-2.2689f,-0.6987f,-0.0668f,-2.4662f,-0.4775f,1.3708f,1.8798f,1.5957f,-0.5144f,1.8092f,-1.45f,0.4066f,0f,0f,0f,1f],start_interpolation: 0,interpolation_duration: 1}
$data merge entity $(bone_scythe) {transformation: [-1.632f,-0.5025f,-0.0481f,-0.9182f,-0.3434f,0.986f,1.3521f,1.2824f,-0.37f,1.3014f,-1.043f,-0.0709f,0f,0f,0f,1f],start_interpolation: 0,interpolation_duration: 1}
$data merge entity $(bone_right2) {transformation: [-0.0253f,0.9911f,0.1306f,-0.5926f,0.7921f,0.0996f,-0.6022f,1.3027f,-0.6098f,0.0882f,-0.7876f,-0.0325f,0f,0f,0f,1f],start_interpolation: 0,interpolation_duration: 1}
$data merge entity $(bone_right1) {transformation: [-0.4395f,0.8962f,0.0604f,-1.4074f,0.895f,0.4313f,0.1133f,0.5647f,0.0755f,0.1039f,-0.9917f,-0.1665f,0f,0f,0f,1f],start_interpolation: 0,interpolation_duration: 1}
data modify entity @s data merge value {"cameras":{},"locators":{"scythe_blade":{"posx":-1.8955691814234203,"posy":1.8056807095128957,"posz":0.6524406195065888,"roty":357.3617675953088,"rotx":52.32406116928704},"scythe_pole":{"posx":-0.9629875953920168,"posy":1.4027826120658486,"posz":0.08717324165014317,"roty":357.3617675953088,"rotx":52.32406116928704}}}