# This file was generated by Animated Java via MC-Build. It is not recommended to edit this file directly.
$data merge entity $(bone_beard) {transformation: [-1f,0f,0f,0f,0f,0.9985f,0.0541f,1.6165f,0f,0.0541f,-0.9985f,0.272f,0f,0f,0f,1f],start_interpolation: 0,interpolation_duration: 1}
$data merge entity $(bone_left4) {transformation: [-0.756f,-0.6533f,0.0411f,0.4851f,-0.6471f,0.7553f,0.1043f,1.2174f,-0.0992f,0.0523f,-0.9937f,-0.016f,0f,0f,0f,1f],start_interpolation: 0,interpolation_duration: 1}
$data merge entity $(bone_left3) {transformation: [-0.756f,-0.6533f,0.0411f,0.9634f,-0.6471f,0.7553f,0.1043f,0.1892f,-0.0992f,0.0523f,-0.9937f,-0.1041f,0f,0f,0f,1f],start_interpolation: 0,interpolation_duration: 1}
$data merge entity $(bone_scythe) {transformation: [-2.2988f,-0.5944f,-0.0507f,-0.9112f,-0.4547f,1.6151f,1.6809f,1.2672f,-0.3863f,1.6367f,-1.6771f,-0.0614f,0f,0f,0f,1f],start_interpolation: 0,interpolation_duration: 1}
$data merge entity $(bone_right2) {transformation: [-0.0189f,0.9932f,0.1153f,-0.5851f,0.7084f,0.0947f,-0.6995f,1.2872f,-0.7056f,0.0684f,-0.7053f,-0.0279f,0f,0f,0f,1f],start_interpolation: 0,interpolation_duration: 1}
$data merge entity $(bone_right1) {transformation: [-0.4869f,0.8722f,0.0466f,-1.3596f,0.8711f,0.4809f,0.0999f,0.504f,0.0647f,0.0892f,-0.9939f,-0.1428f,0f,0f,0f,1f],start_interpolation: 0,interpolation_duration: 1}
data modify entity @s data merge value {"cameras":{},"locators":{"scythe_blade":{"posx":-1.8470575335175654,"posy":1.9142441926875517,"posz":0.6154373920431659,"roty":358.2696465156587,"rotx":45.052775549436994},"scythe_pole":{"posx":-0.9469565095778578,"posy":1.4083361835792156,"posz":0.08117366220299685,"roty":358.2696465156587,"rotx":45.052775549436994}}}