# This file was generated by Animated Java via MC-Build. It is not recommended to edit this file directly.
$data merge entity $(bone_beard) {transformation: [-1f,0f,0f,0f,0f,0.9986f,0.0523f,1.6165f,0f,0.0523f,-0.9986f,0.272f,0f,0f,0f,1f],start_interpolation: 0,interpolation_duration: 1}
$data merge entity $(bone_left4) {transformation: [-0.8198f,-0.5712f,0.0408f,0.4612f,-0.5673f,0.8198f,0.0788f,1.2005f,-0.0785f,0.0414f,-0.9961f,-0.0126f,0f,0f,0f,1f],start_interpolation: 0,interpolation_duration: 1}
$data merge entity $(bone_left3) {transformation: [-0.8198f,-0.5712f,0.0408f,0.8298f,-0.5673f,0.8198f,0.0788f,0.1266f,-0.0785f,0.0414f,-0.9961f,-0.0824f,0f,0f,0f,1f],start_interpolation: 0,interpolation_duration: 1}
$data merge entity $(bone_scythe) {transformation: [-1.6711f,-0.3535f,-0.0277f,-0.9034f,-0.2963f,1.319f,1.0444f,1.2528f,-0.1947f,1.0265f,-1.3516f,-0.0522f,0f,0f,0f,1f],start_interpolation: 0,interpolation_duration: 1}
$data merge entity $(bone_right2) {transformation: [-0.0142f,0.9948f,0.101f,-0.5767f,0.6119f,0.0885f,-0.786f,1.2723f,-0.7908f,0.0507f,-0.61f,-0.0232f,0f,0f,0f,1f],start_interpolation: 0,interpolation_duration: 1}
$data merge entity $(bone_right1) {transformation: [-0.5329f,0.8455f,0.0343f,-1.3085f,0.8445f,0.5288f,0.0853f,0.4465f,0.0539f,0.0744f,-0.9958f,-0.1191f,0f,0f,0f,1f],start_interpolation: 0,interpolation_duration: 1}