# This file was generated by Animated Java via MC-Build. It is not recommended to edit this file directly.
$data merge entity $(bone_beard) {transformation: [-1f,0f,0f,0f,0f,0.9987f,0.0506f,1.6165f,0f,0.0506f,-0.9987f,0.272f,0f,0f,0f,1f],start_interpolation: 0,interpolation_duration: 1}
$data merge entity $(bone_left4) {transformation: [-0.8726f,-0.4871f,0.0361f,0.437f,-0.4849f,0.8728f,0.0555f,1.1868f,-0.0585f,0.0309f,-0.9978f,-0.0094f,0f,0f,0f,1f],start_interpolation: 0,interpolation_duration: 1}
$data merge entity $(bone_left3) {transformation: [-0.8726f,-0.4871f,0.0361f,0.6971f,-0.4849f,0.8728f,0.0555f,0.0806f,-0.0585f,0.0309f,-0.9978f,-0.0616f,0f,0f,0f,1f],start_interpolation: 0,interpolation_duration: 1}
$data merge entity $(bone_aura) {transformation: [-2.3425f,-0.3902f,-0.0292f,-2.3534f,-0.3516f,2.0212f,1.1965f,1.8959f,-0.1717f,1.1845f,-2.0514f,0.3602f,0f,0f,0f,1f],start_interpolation: 0,interpolation_duration: 1}
$data merge entity $(bone_scythe) {transformation: [-1.685f,-0.2807f,-0.021f,-0.8945f,-0.2529f,1.4539f,0.8606f,1.2391f,-0.1235f,0.852f,-1.4756f,-0.0436f,0f,0f,0f,1f],start_interpolation: 0,interpolation_duration: 1}
$data merge entity $(bone_right2) {transformation: [-0.0106f,0.9961f,0.0878f,-0.5675f,0.5042f,0.0812f,-0.8597f,1.2579f,-0.8635f,0.0351f,-0.5031f,-0.0186f,0f,0f,0f,1f],start_interpolation: 0,interpolation_duration: 1}
$data merge entity $(bone_right1) {transformation: [-0.5774f,0.8161f,0.0238f,-1.2543f,0.8153f,0.5748f,0.0696f,0.3924f,0.0432f,0.0596f,-0.9973f,-0.0954f,0f,0f,0f,1f],start_interpolation: 0,interpolation_duration: 1}
data modify entity @s data merge value {"cameras":{},"locators":{"scythe_blade":{"posx":-1.7446502353216866,"posy":2.1103707893208146,"posz":0.47663637556516136,"roty":359.1845772706097,"rotx":30.251259988859545},"scythe_pole":{"posx":-0.9125117910644325,"posy":1.4142990234163864,"posz":0.05879405327144306,"roty":359.1845772706097,"rotx":30.251259988859545}}}