# This file was generated by Animated Java via MC-Build. It is not recommended to edit this file directly.
$data merge entity $(bone_beard) {transformation: [-1f,0f,0f,0f,0f,0.9988f,0.0488f,1.6165f,0f,0.0488f,-0.9988f,0.272f,0f,0f,0f,1f],start_interpolation: 0,interpolation_duration: 1}
$data merge entity $(bone_left4) {transformation: [-0.9137f,-0.4053f,0.028f,0.4135f,-0.4043f,0.9139f,0.0356f,1.1763f,-0.04f,0.0212f,-0.999f,-0.0065f,0f,0f,0f,1f],start_interpolation: 0,interpolation_duration: 1}
$data merge entity $(bone_left3) {transformation: [-0.9137f,-0.4053f,0.028f,0.5713f,-0.4043f,0.9139f,0.0356f,0.0504f,-0.04f,0.0212f,-0.999f,-0.0422f,0f,0f,0f,1f],start_interpolation: 0,interpolation_duration: 1}
$data merge entity $(bone_scythe) {transformation: [-1.6954f,-0.2092f,-0.0155f,-0.8849f,-0.1989f,1.5628f,0.6607f,1.2263f,-0.0667f,0.6575f,-1.5753f,-0.0356f,0f,0f,0f,1f],start_interpolation: 0,interpolation_duration: 1}
$data merge entity $(bone_right2) {transformation: [-0.0078f,0.9971f,0.0758f,-0.5576f,0.3871f,0.0729f,-0.9192f,1.2441f,-0.922f,0.0221f,-0.3865f,-0.014f,0f,0f,0f,1f],start_interpolation: 0,interpolation_duration: 1}
$data merge entity $(bone_right1) {transformation: [-0.6202f,0.7843f,0.015f,-1.1971f,0.7838f,0.6187f,0.0531f,0.3418f,0.0324f,0.0447f,-0.9985f,-0.0716f,0f,0f,0f,1f],start_interpolation: 0,interpolation_duration: 1}
data modify entity @s data merge value {"cameras":{},"locators":{"hitbox":{"posx":-1.07109033897816,"posy":2.2642778699032573,"posz":0.4015151542421897,"roty":359.43635757680744,"rotx":22.751660953016813},"hitbox2":{"posx":-1.8154148453632815,"posy":2.1769687182086463,"posz":0.37222110664011476,"roty":359.43635757680744,"rotx":22.751660953016813}}}