# This file was generated by Animated Java via MC-Build. It is not recommended to edit this file directly.
$data merge entity $(bone_chestplate) {transformation: [-0.9998f,0.0053f,0.0174f,-0.0026f,0.0091f,0.9732f,0.2297f,-0.8745f,-0.0158f,0.2298f,-0.9731f,0.0499f,0f,0f,0f,1f],start_interpolation: 0,interpolation_duration: 1}
$data merge entity $(bone_weapon) {transformation: [-2.1491f,0.3955f,-0.8183f,-0.5748f,0.6027f,2.1927f,-0.5229f,-0.9152f,0.6803f,-0.6929f,-2.1217f,0.0846f,0f,0f,0f,1f],start_interpolation: 0,interpolation_duration: 1}
$data merge entity $(bone_right_forearm) {transformation: [-0.921f,0.1695f,-0.3507f,-0.5298f,0.2583f,0.9397f,-0.2241f,-0.6656f,0.2916f,-0.297f,-0.9093f,0.0058f,0f,0f,0f,1f],start_interpolation: 0,interpolation_duration: 1}
$data merge entity $(bone_right_arm) {transformation: [-0.964f,0.2659f,-0.0082f,-0.3095f,0.2658f,0.964f,0.0115f,-0.3374f,0.0109f,0.0089f,-0.9999f,0.0077f,0f,0f,0f,1f],start_interpolation: 0,interpolation_duration: 1}
$data merge entity $(bone_shield) {transformation: [-0.9371f,0.1419f,0.319f,0.6694f,-0.029f,0.8788f,-0.4763f,-0.8328f,-0.3479f,-0.4556f,-0.8194f,0.2395f,0f,0f,0f,1f],start_interpolation: 0,interpolation_duration: 1}
$data merge entity $(bone_left_forearm) {transformation: [-0.9371f,0.1419f,0.319f,0.5203f,-0.029f,0.8788f,-0.4763f,-0.6735f,-0.3479f,-0.4556f,-0.8194f,0.0889f,0f,0f,0f,1f],start_interpolation: 0,interpolation_duration: 1}
$data merge entity $(bone_left_arm) {transformation: [-0.9694f,-0.2233f,0.1016f,0.3154f,-0.2368f,0.96f,-0.1493f,-0.3431f,-0.0642f,-0.1688f,-0.9836f,0.0176f,0f,0f,0f,1f],start_interpolation: 0,interpolation_duration: 1}
$data merge entity $(bone_bone) {transformation: [-0.9982f,0.017f,0.058f,-0.0065f,0.0116f,0.9957f,-0.0918f,0.0257f,-0.0593f,-0.0909f,-0.9941f,0.242f,0f,0f,0f,1f],start_interpolation: 0,interpolation_duration: 1}
$data merge entity $(bone_head) {transformation: [-0.9982f,-0.0012f,0.0604f,0.0029f,0.0116f,0.9772f,0.2119f,-0.3402f,-0.0593f,0.2122f,-0.9754f,0.0127f,0f,0f,0f,1f],start_interpolation: 0,interpolation_duration: 1}
$data merge entity $(bone_torso) {transformation: [-0.9998f,0.0082f,0.0163f,0f,0.0091f,0.9983f,0.0572f,-0.5625f,-0.0158f,0.0573f,-0.9982f,0.0679f,0f,0f,0f,1f],start_interpolation: 0,interpolation_duration: 1}
data modify entity @s data merge value {"cameras":{},"locators":{"locator":{"px":0.02493337941290852,"py":-0.49303022640133604,"pz":1.6051455705393811,"ry":338.90989798023196,"rx":-12.949859077542415}}}