# This file was generated by Animated Java via MC-Build. It is not recommended to edit this file directly.
$data merge entity $(bone_chestplate) {transformation: [-0.9588f,-0.0428f,0.2809f,-0.0021f,0.0318f,0.9663f,0.2556f,-0.8737f,-0.2823f,0.254f,-0.9251f,0.0399f,0f,0f,0f,1f],start_interpolation: 0,interpolation_duration: 1}
$data merge entity $(bone_weapon) {transformation: [-1.9375f,0.4755f,-1.2101f,-0.5828f,1.1157f,1.7232f,-1.1092f,-0.8152f,0.6677f,-1.4996f,-1.6583f,0.2038f,0f,0f,0f,1f],start_interpolation: 0,interpolation_duration: 1}
$data merge entity $(bone_right_forearm) {transformation: [-0.8304f,0.2038f,-0.5186f,-0.5287f,0.4782f,0.7385f,-0.4754f,-0.619f,0.2861f,-0.6427f,-0.7107f,0.0331f,0f,0f,0f,1f],start_interpolation: 0,interpolation_duration: 1}
$data merge entity $(bone_right_arm) {transformation: [-0.9278f,0.3569f,0.1091f,-0.2789f,0.2868f,0.8689f,-0.4033f,-0.329f,-0.2388f,-0.3429f,-0.9085f,-0.0656f,0f,0f,0f,1f],start_interpolation: 0,interpolation_duration: 1}
$data merge entity $(bone_shield) {transformation: [0.3022f,0.944f,0.1324f,0.0589f,-0.0487f,0.154f,-0.9869f,-0.5797f,-0.952f,0.2917f,0.0925f,0.5677f,0f,0f,0f,1f],start_interpolation: 0,interpolation_duration: 1}
$data merge entity $(bone_left_forearm) {transformation: [0.3022f,0.944f,0.1324f,0.2925f,-0.0487f,0.154f,-0.9869f,-0.56f,-0.952f,0.2917f,0.0925f,0.4439f,0f,0f,0f,1f],start_interpolation: 0,interpolation_duration: 1}
$data merge entity $(bone_left_arm) {transformation: [-0.5964f,0.273f,0.7548f,0.3204f,-0.414f,0.701f,-0.5807f,-0.3489f,-0.6877f,-0.6589f,-0.305f,0.1108f,0f,0f,0f,1f],start_interpolation: 0,interpolation_duration: 1}
$data merge entity $(bone_bone) {transformation: [-0.9455f,0.0329f,0.324f,-0.0529f,0.0354f,0.9994f,0.0018f,0.0037f,-0.3237f,0.0132f,-0.9461f,0.2751f,0f,0f,0f,1f],start_interpolation: 0,interpolation_duration: 1}
$data merge entity $(bone_head) {transformation: [-0.9455f,-0.066f,0.3189f,0.0207f,0.0354f,0.9526f,0.3022f,-0.3389f,-0.3237f,0.297f,-0.8983f,0.0226f,0f,0f,0f,1f],start_interpolation: 0,interpolation_duration: 1}
$data merge entity $(bone_torso) {transformation: [-0.9588f,0.0067f,0.284f,0f,0.0318f,0.996f,0.0839f,-0.5625f,-0.2823f,0.0895f,-0.9551f,0.0679f,0f,0f,0f,1f],start_interpolation: 0,interpolation_duration: 1}
data modify entity @s data merge value {"cameras":{},"locators":{"locator":{"px":0.30191209192443924,"py":0.02159619458254014,"pz":1.3729996823001713,"ry":323.8797629955451,"rx":-28.382274346566735}}}