# This file was generated by Animated Java via MC-Build. It is not recommended to edit this file directly.
$data merge entity $(bone_hair_side) {transformation: [-0.997f,0.0134f,0.0766f,-0.313f,0.0135f,0.9999f,0.0008f,-0.5219f,-0.0766f,0.0019f,-0.9971f,0.2303f,0f,0f,0f,1f],start_interpolation: 0,interpolation_duration: 1}
$data merge entity $(bone_hair_side1) {transformation: [-0.997f,0.0134f,0.0766f,0.2789f,0.0135f,0.9999f,0.0008f,-0.5299f,-0.0766f,0.0019f,-0.9971f,0.2757f,0f,0f,0f,1f],start_interpolation: 0,interpolation_duration: 1}
$data merge entity $(bone_beard) {transformation: [-0.997f,0.0134f,0.0766f,-0.0219f,0.0135f,0.9999f,0.0008f,-0.8445f,-0.0766f,0.0019f,-0.9971f,0.2597f,0f,0f,0f,1f],start_interpolation: 0,interpolation_duration: 1}
$data merge entity $(bone_head) {transformation: [-0.997f,-0.0001f,0.0778f,0f,0.0135f,0.9846f,0.1745f,-0.7031f,-0.0766f,0.175f,-0.9816f,0f,0f,0f,0f,1f],start_interpolation: 0,interpolation_duration: 1}
$data merge entity $(bone_body) {transformation: [-1.0934f,0f,0.2649f,0f,0f,1.125f,0f,-1.375f,-0.2649f,0f,-1.0934f,0f,0f,0f,0f,1f],start_interpolation: 0,interpolation_duration: 1}
$data merge entity $(bone_left4) {transformation: [-0.5149f,0.8463f,0.1369f,0.286f,0.4754f,0.4148f,-0.7759f,-1.1942f,-0.7134f,-0.3344f,-0.6158f,0.2871f,0f,0f,0f,1f],start_interpolation: 0,interpolation_duration: 1}
$data merge entity $(bone_left3) {transformation: [-0.9663f,0.048f,0.2531f,-0.0685f,-0.152f,0.6868f,-0.7108f,-1.9929f,-0.208f,-0.7253f,-0.6563f,1.0154f,0f,0f,0f,1f],start_interpolation: 0,interpolation_duration: 1}
$data merge entity $(bone_aura) {transformation: [-2.3566f,-0.1652f,-0.2441f,-2.3229f,0.1958f,0.5928f,-2.2915f,-0.5996f,0.2204f,-2.2939f,-0.5746f,-0.8564f,0f,0f,0f,1f],start_interpolation: 0,interpolation_duration: 1}
$data merge entity $(bone_scythe) {transformation: [-1.6951f,-0.1189f,-0.1756f,-0.951f,0.1408f,0.4264f,-1.6483f,-0.9574f,0.1585f,-1.65f,-0.4133f,-0.0124f,0f,0f,0f,1f],start_interpolation: 0,interpolation_duration: 1}
$data merge entity $(bone_right2) {transformation: [-0.1017f,0.9942f,0.0349f,-0.6232f,-0.9649f,-0.09f,-0.2468f,-0.9719f,-0.2422f,-0.0588f,0.9684f,-0.0279f,0f,0f,0f,1f],start_interpolation: 0,interpolation_duration: 1}
$data merge entity $(bone_right1) {transformation: [0.0914f,0.9942f,-0.0565f,-1.7081f,0.9956f,-0.09f,0.0276f,-1.1874f,0.0223f,-0.0588f,-0.998f,0.0276f,0f,0f,0f,1f],start_interpolation: 0,interpolation_duration: 1}
execute on vehicle unless entity @s[tag=aj.transforms_only] positioned ^-1.69704349 ^-0.6173297153 ^-1.0516833028 rotated ~336.9852045944 ~-74.7598531943 run function animated_java:lich/animations/swing_flurry/zzz/frames/10_locator_commands
execute on vehicle unless entity @s[tag=aj.transforms_only] positioned ^-0.9496292179 ^-0.9080057535 ^-0.2099934273 rotated ~336.9852045944 ~-74.7598531943 run function animated_java:lich/animations/swing_flurry/zzz/frames/10_locator_commands
data modify entity @s data merge value {"cameras":{},"locators":{"scythe_blade":{"posx":-1.6970434900398892,"posy":-0.6173297152607248,"posz":-1.051683302820466,"roty":336.9852045944368,"rotx":-74.75985319426067},"scythe_pole":{"posx":-0.9496292178732537,"posy":-0.9080057534846104,"posz":-0.20999342729380663,"roty":336.9852045944368,"rotx":-74.75985319426067}}}
execute on vehicle unless entity @s[tag=aj.transforms_only] at @s run function animated_java:lich/animations/swing_flurry/zzz/frames/10_root_commands