# This file was generated by Animated Java via MC-Build. It is not recommended to edit this file directly.
$data merge entity $(bone_hair_side) {transformation: [-0.9763f,-0.0376f,-0.2132f,-0.2425f,-0.0376f,0.9993f,-0.0041f,1.9016f,0.2132f,0.0041f,-0.977f,0.3116f,0f,0f,0f,1f],start_interpolation: 0,interpolation_duration: 1}
$data merge entity $(bone_hair_side1) {transformation: [-0.9763f,-0.0376f,-0.2132f,0.3372f,-0.0376f,0.9993f,-0.0041f,1.9239f,0.2132f,0.0041f,-0.977f,0.185f,0f,0f,0f,1f],start_interpolation: 0,interpolation_duration: 1}
$data merge entity $(bone_beard) {transformation: [-0.9763f,-0.0376f,-0.2132f,0.0609f,-0.0376f,0.9993f,-0.0041f,1.5944f,0.2132f,0.0041f,-0.977f,0.2541f,0f,0f,0f,1f],start_interpolation: 0,interpolation_duration: 1}
$data merge entity $(bone_head) {transformation: [-0.9763f,0f,-0.2164f,0f,-0.0376f,0.9848f,0.1695f,1.7344f,0.2132f,0.1736f,-0.9615f,0f,0f,0f,0f,1f],start_interpolation: 0,interpolation_duration: 1}
$data merge entity $(bone_body) {transformation: [-1.0394f,0f,-0.4305f,0f,0f,1.125f,0f,1.0625f,0.4305f,0f,-1.0394f,0f,0f,0f,0f,1f],start_interpolation: 0,interpolation_duration: 1}
$data merge entity $(bone_left4) {transformation: [-0.8265f,-0.2371f,-0.5106f,0.4508f,0.2473f,0.6618f,-0.7077f,1.2173f,0.5057f,-0.7112f,-0.4883f,-0.2292f,0f,0f,0f,1f],start_interpolation: 0,interpolation_duration: 1}
$data merge entity $(bone_left3) {transformation: [-0.6876f,-0.5275f,-0.4989f,0.8128f,-0.6481f,0.7557f,0.0942f,0.1882f,0.3273f,0.3881f,-0.8615f,-0.5514f,0f,0f,0f,1f],start_interpolation: 0,interpolation_duration: 1}
$data merge entity $(bone_scythe) {transformation: [1.6505f,-0.3222f,-0.3009f,0.2245f,-0.2146f,0.4313f,-1.639f,1.3989f,0.3851f,1.6213f,0.3762f,0.5664f,0f,0f,0f,1f],start_interpolation: 0,interpolation_duration: 1}
$data merge entity $(bone_right2) {transformation: [-0.1811f,-0.8426f,0.5072f,-0.0492f,-0.9589f,0.0368f,-0.2812f,1.426f,0.2183f,-0.5373f,-0.8147f,0.3867f,0f,0f,0f,1f],start_interpolation: 0,interpolation_duration: 1}
$data merge entity $(bone_right1) {transformation: [0.0436f,-0.8426f,-0.5368f,0.8324f,0.999f,0.0368f,0.0234f,1.0747f,0f,-0.5373f,0.8434f,0.9575f,0f,0f,0f,1f],start_interpolation: 0,interpolation_duration: 1}
data modify entity @s data merge value {"cameras":{},"locators":{"hitbox":{"posx":0.05461175672411586,"posy":1.6810532381888132,"posz":1.6594343455835305,"roty":218.65177412419825,"rotx":-73.61957576137775},"hitbox2":{"posx":0.7792070752136417,"posy":1.5868332000494378,"posz":1.8285029968352546,"roty":218.65177412419825,"rotx":-73.61957576137775}}}