# This file was generated by Animated Java via MC-Build. It is not recommended to edit this file directly.
$data merge entity $(bone_hair_side) {transformation: [-0.9962f,-0.0151f,-0.0855f,-0.2768f,-0.0154f,0.9999f,0.0018f,1.9068f,0.0855f,0.0031f,-0.9963f,0.2784f,0f,0f,0f,1f],start_interpolation: 0,interpolation_duration: 1}
$data merge entity $(bone_hair_side1) {transformation: [-0.9962f,-0.0151f,-0.0855f,0.3147f,-0.0154f,0.9999f,0.0018f,1.9159f,0.0855f,0.0031f,-0.9963f,0.2277f,0f,0f,0f,1f],start_interpolation: 0,interpolation_duration: 1}
$data merge entity $(bone_beard) {transformation: [-0.9962f,-0.0151f,-0.0855f,0.0244f,-0.0154f,0.9999f,0.0018f,1.5928f,0.0855f,0.0031f,-0.9963f,0.2593f,0f,0f,0f,1f],start_interpolation: 0,interpolation_duration: 1}
$data merge entity $(bone_head) {transformation: [-0.9962f,-0.0001f,-0.0868f,0f,-0.0154f,0.9844f,0.1754f,1.7344f,0.0855f,0.1761f,-0.9807f,0f,0f,0f,0f,1f],start_interpolation: 0,interpolation_duration: 1}
$data merge entity $(bone_body) {transformation: [-1.1185f,0f,-0.1207f,0f,0f,1.125f,0f,1.0625f,0.1207f,0f,-1.1185f,0f,0f,0f,0f,1f],start_interpolation: 0,interpolation_duration: 1}
$data merge entity $(bone_left4) {transformation: [-0.89f,0.3662f,-0.2716f,0.4315f,0.4539f,0.6563f,-0.6026f,1.1864f,-0.0424f,-0.6597f,-0.7504f,0.0039f,0f,0f,0f,1f],start_interpolation: 0,interpolation_duration: 1}
$data merge entity $(bone_left3) {transformation: [-0.8831f,-0.4681f,-0.0303f,0.6676f,-0.4589f,0.8755f,-0.1516f,0.0854f,0.0975f,-0.12f,-0.988f,0.1656f,0f,0f,0f,1f],start_interpolation: 0,interpolation_duration: 1}
$data merge entity $(bone_aura) {transformation: [0.1775f,-2.3248f,-0.4524f,-1.2691f,-0.1366f,0.4428f,-2.3293f,1.5177f,2.3644f,0.2001f,-0.1006f,2.1277f,0f,0f,0f,1f],start_interpolation: 0,interpolation_duration: 1}
$data merge entity $(bone_scythe) {transformation: [0.1277f,-1.6722f,-0.3254f,-0.3884f,-0.0983f,0.3185f,-1.6755f,1.4067f,1.7007f,0.144f,-0.0724f,0.7368f,0f,0f,0f,1f],start_interpolation: 0,interpolation_duration: 1}
$data merge entity $(bone_right2) {transformation: [-0.1907f,0.1138f,0.975f,-0.3481f,-0.9806f,0.0241f,-0.1946f,1.43f,-0.0456f,-0.9932f,0.107f,0.4116f,0f,0f,0f,1f],start_interpolation: 0,interpolation_duration: 1}
$data merge entity $(bone_right1) {transformation: [0.1064f,0.1138f,-0.9878f,-0.5023f,0.9937f,0.0241f,0.1098f,1.0938f,0.0363f,-0.9932f,-0.1105f,1.4556f,0f,0f,0f,1f],start_interpolation: 0,interpolation_duration: 1}
execute on vehicle unless entity @s[tag=aj.transforms_only] positioned ^-1.4546609137 ^1.5807679219 ^1.5018156408 rotated ~282.5412698079 ~-78.7477674163 run function animated_java:lich/animations/swing_flurry/zzz/frames/12_locator_commands
execute on vehicle unless entity @s[tag=aj.transforms_only] positioned ^-0.5883893446 ^1.4455144962 ^0.7383743664 rotated ~282.5412698079 ~-78.7477674163 run function animated_java:lich/animations/swing_flurry/zzz/frames/12_locator_commands
data modify entity @s data merge value {"cameras":{},"locators":{"scythe_blade":{"posx":-1.4546609136535307,"posy":1.5807679219255601,"posz":1.5018156407834518,"roty":282.5412698078608,"rotx":-78.747767416274},"scythe_pole":{"posx":-0.5883893445673009,"posy":1.445514496219037,"posz":0.7383743664030766,"roty":282.5412698078608,"rotx":-78.747767416274}}}
execute on vehicle unless entity @s[tag=aj.transforms_only] at @s run function animated_java:lich/animations/swing_flurry/zzz/frames/12_root_commands