# This file was generated by Animated Java via MC-Build. It is not recommended to edit this file directly.
$data merge entity $(bone_hair_side) {transformation: [-0.9672f,-0.0442f,-0.2502f,-0.2316f,-0.0438f,0.999f,-0.0069f,1.9004f,0.2503f,0.0043f,-0.9682f,0.3204f,0f,0f,0f,1f],start_interpolation: 0,interpolation_duration: 1}
$data merge entity $(bone_hair_side1) {transformation: [-0.9672f,-0.0442f,-0.2502f,0.3427f,-0.0438f,0.999f,-0.0069f,1.9264f,0.2503f,0.0043f,-0.9682f,0.1718f,0f,0f,0f,1f],start_interpolation: 0,interpolation_duration: 1}
$data merge entity $(bone_beard) {transformation: [-0.9672f,-0.0442f,-0.2502f,0.0715f,-0.0438f,0.999f,-0.0069f,1.5951f,0.2503f,0.0043f,-0.9682f,0.2518f,0f,0f,0f,1f],start_interpolation: 0,interpolation_duration: 1}
$data merge entity $(bone_head) {transformation: [-0.9672f,0f,-0.2541f,0f,-0.0438f,0.985f,0.1667f,1.7344f,0.2503f,0.1724f,-0.9527f,0f,0f,0f,0f,1f],start_interpolation: 0,interpolation_duration: 1}
$data merge entity $(bone_body) {transformation: [-0.9902f,0f,-0.5339f,0f,0f,1.125f,0f,1.0625f,0.5339f,0f,-0.9902f,0f,0f,0f,0f,1f],start_interpolation: 0,interpolation_duration: 1}
$data merge entity $(bone_left4) {transformation: [-0.7981f,-0.4102f,-0.4413f,0.4619f,0.1439f,0.5815f,-0.8007f,1.2363f,0.5851f,-0.7026f,-0.4051f,-0.2733f,0f,0f,0f,1f],start_interpolation: 0,interpolation_duration: 1}
$data merge entity $(bone_left3) {transformation: [-0.5883f,-0.5624f,-0.5811f,0.8931f,-0.7259f,0.6839f,0.073f,0.2614f,0.3564f,0.4647f,-0.8106f,-0.6703f,0f,0f,0f,1f],start_interpolation: 0,interpolation_duration: 1}
$data merge entity $(bone_scythe) {transformation: [1.6133f,0.4026f,-0.3918f,0.3032f,-0.5561f,1.3129f,-0.941f,1.3993f,0.0794f,1.0162f,1.3709f,0.4246f,0f,0f,0f,1f],start_interpolation: 0,interpolation_duration: 1}
$data merge entity $(bone_right2) {transformation: [-0.2345f,-0.9669f,0.101f,-0.0104f,-0.5497f,0.0462f,-0.8341f,1.4231f,0.8017f,-0.2511f,-0.5424f,0.3296f,0f,0f,0f,1f],start_interpolation: 0,interpolation_duration: 1}
$data merge entity $(bone_right1) {transformation: [0.0506f,-0.9669f,-0.2503f,1.0011f,0.9987f,0.0462f,0.0232f,1.0619f,-0.0109f,-0.2511f,0.9679f,0.5998f,0f,0f,0f,1f],start_interpolation: 0,interpolation_duration: 1}
data modify entity @s data merge value {"cameras":{},"locators":{"hitbox":{"posx":0.616287787793768,"posy":2.260627674005896,"posz":1.105250308032143,"roty":195.9502566810582,"rotx":-33.42429289398215},"hitbox2":{"posx":1.3245768037383594,"posy":2.01647031072282,"posz":1.1400906847077552,"roty":195.9502566810582,"rotx":-33.42429289398215}}}