# This file was generated by Animated Java via MC-Build. It is not recommended to edit this file directly.
$data merge entity $(bone_hair_side) {transformation: [-0.9672f,-0.0442f,-0.2502f,-0.2316f,-0.0438f,0.999f,-0.0069f,1.9004f,0.2503f,0.0043f,-0.9682f,0.3204f,0f,0f,0f,1f],start_interpolation: 0,interpolation_duration: 1}
$data merge entity $(bone_hair_side1) {transformation: [-0.9672f,-0.0442f,-0.2502f,0.3427f,-0.0438f,0.999f,-0.0069f,1.9264f,0.2503f,0.0043f,-0.9682f,0.1718f,0f,0f,0f,1f],start_interpolation: 0,interpolation_duration: 1}
$data merge entity $(bone_beard) {transformation: [-0.9672f,-0.0442f,-0.2502f,0.0715f,-0.0438f,0.999f,-0.0069f,1.5951f,0.2503f,0.0043f,-0.9682f,0.2518f,0f,0f,0f,1f],start_interpolation: 0,interpolation_duration: 1}
$data merge entity $(bone_head) {transformation: [-0.9672f,0f,-0.2541f,0f,-0.0438f,0.985f,0.1667f,1.7344f,0.2503f,0.1724f,-0.9527f,0f,0f,0f,0f,1f],start_interpolation: 0,interpolation_duration: 1}
$data merge entity $(bone_body) {transformation: [-0.9902f,0f,-0.5339f,0f,0f,1.125f,0f,1.0625f,0.5339f,0f,-0.9902f,0f,0f,0f,0f,1f],start_interpolation: 0,interpolation_duration: 1}
$data merge entity $(bone_left4) {transformation: [-0.7981f,-0.4102f,-0.4413f,0.4619f,0.1439f,0.5815f,-0.8007f,1.2363f,0.5851f,-0.7026f,-0.4051f,-0.2733f,0f,0f,0f,1f],start_interpolation: 0,interpolation_duration: 1}
$data merge entity $(bone_left3) {transformation: [-0.5883f,-0.5624f,-0.5811f,0.8931f,-0.7259f,0.6839f,0.073f,0.2614f,0.3564f,0.4647f,-0.8106f,-0.6703f,0f,0f,0f,1f],start_interpolation: 0,interpolation_duration: 1}
$data merge entity $(bone_aura) {transformation: [2.1819f,0.6795f,-0.6466f,1.7899f,-0.9358f,1.6885f,-1.3834f,1.5387f,0.0639f,1.5257f,1.819f,1.1003f,0f,0f,0f,1f],start_interpolation: 0,interpolation_duration: 1}
$data merge entity $(bone_scythe) {transformation: [1.5695f,0.4887f,-0.4651f,0.298f,-0.6731f,1.2145f,-0.9951f,1.3449f,0.046f,1.0975f,1.3084f,0.4225f,0f,0f,0f,1f],start_interpolation: 0,interpolation_duration: 1}
$data merge entity $(bone_right2) {transformation: [-0.2773f,-0.9597f,0.0448f,-0.0126f,-0.581f,0.1304f,-0.8034f,1.3968f,0.7652f,-0.2488f,-0.5938f,0.3289f,0f,0f,0f,1f],start_interpolation: 0,interpolation_duration: 1}
$data merge entity $(bone_right1) {transformation: [0.1212f,-0.9597f,-0.2534f,0.9693f,0.9913f,0.1304f,-0.0199f,0.9484f,0.0522f,-0.2488f,0.9671f,0.577f,0f,0f,0f,1f],start_interpolation: 0,interpolation_duration: 1}
data modify entity @s data merge value {"cameras":{},"locators":{"scythe_blade":{"posx":1.2415728397550618,"posy":1.8910944806938248,"posz":1.1733572960729364,"roty":199.56978554999793,"rotx":-35.62586247450245},"scythe_pole":{"posx":0.34175293992116185,"posy":1.4954610433349182,"posz":0.5525829158779355,"roty":199.56978554999793,"rotx":-35.62586247450245}}}
execute on vehicle unless entity @s[tag=aj.transforms_only] at @s run function animated_java:lich/animations/swing_flurry/zzz/frames/12_root_commands