# This file was generated by Animated Java via MC-Build. It is not recommended to edit this file directly.
$data merge entity $(bone_hair_side) {transformation: [-0.9864f,-0.0285f,-0.1619f,-0.2569f,-0.0288f,0.9996f,-0.001f,1.9035f,0.1618f,0.0037f,-0.9868f,0.2988f,0f,0f,0f,1f],start_interpolation: 0,interpolation_duration: 1}
$data merge entity $(bone_hair_side1) {transformation: [-0.9864f,-0.0285f,-0.1619f,0.3288f,-0.0288f,0.9996f,-0.001f,1.9205f,0.1618f,0.0037f,-0.9868f,0.2027f,0f,0f,0f,1f],start_interpolation: 0,interpolation_duration: 1}
$data merge entity $(bone_beard) {transformation: [-0.9864f,-0.0285f,-0.1619f,0.0462f,-0.0288f,0.9996f,-0.001f,1.5935f,0.1618f,0.0037f,-0.9868f,0.2567f,0f,0f,0f,1f],start_interpolation: 0,interpolation_duration: 1}
$data merge entity $(bone_head) {transformation: [-0.9864f,0f,-0.1644f,0f,-0.0288f,0.9846f,0.1726f,1.7344f,0.1618f,0.175f,-0.9712f,0f,0f,0f,0f,1f],start_interpolation: 0,interpolation_duration: 1}
$data merge entity $(bone_body) {transformation: [-1.0422f,0f,-0.4236f,0f,0f,1.125f,0f,1.0625f,0.4236f,0f,-1.0422f,0f,0f,0f,0f,1f],start_interpolation: 0,interpolation_duration: 1}
$data merge entity $(bone_left4) {transformation: [-0.9773f,-0.0019f,-0.2117f,0.5035f,0.1733f,0.5674f,-0.805f,1.2327f,0.1216f,-0.8235f,-0.5542f,-0.1f,0f,0f,0f,1f],start_interpolation: 0,interpolation_duration: 1}
$data merge entity $(bone_left3) {transformation: [-0.6819f,-0.7157f,-0.1512f,1.0732f,-0.6953f,0.6984f,-0.1697f,0.2516f,0.2271f,-0.0106f,-0.9738f,-0.0174f,0f,0f,0f,1f],start_interpolation: 0,interpolation_duration: 1}
$data merge entity $(bone_scythe) {transformation: [0.6205f,2.2898f,-0.1108f,0.0549f,-0.3159f,0.1991f,2.3455f,1.3945f,2.2706f,-0.598f,0.3566f,0.704f,0f,0f,0f,1f],start_interpolation: 0,interpolation_duration: 1}
$data merge entity $(bone_right2) {transformation: [-0.0488f,-0.5747f,-0.8169f,-0.1329f,0.9882f,0.0912f,-0.1232f,1.409f,0.1453f,-0.8132f,0.5635f,0.4349f,0f,0f,0f,1f],start_interpolation: 0,interpolation_duration: 1}
$data merge entity $(bone_right1) {transformation: [0.1094f,-0.5747f,-0.811f,0.4436f,0.9934f,0.0912f,0.0693f,1.0016f,0.0341f,-0.8132f,0.5809f,1.2883f,0f,0f,0f,1f],start_interpolation: 0,interpolation_duration: 1}
execute on vehicle unless entity @s[tag=aj.transforms_only] positioned ^1.3301874777 ^1.4007556376 ^1.0591409615 rotated ~197.2609631636 ~80.9536029891 run function animated_java:lich/animations/swing_flurry/zzz/frames/15_locator_commands
execute on vehicle unless entity @s[tag=aj.transforms_only] positioned ^0.246690917 ^1.4136132925 ^0.6379137263 rotated ~197.2609631636 ~80.9536029891 run function animated_java:lich/animations/swing_flurry/zzz/frames/15_locator_commands
data modify entity @s data merge value {"cameras":{},"locators":{"scythe_blade":{"posx":1.3301874777101488,"posy":1.4007556375596977,"posz":1.0591409614961331,"roty":197.2609631636063,"rotx":80.95360298905418},"scythe_pole":{"posx":0.24669091702671306,"posy":1.4136132925194187,"posz":0.6379137262701764,"roty":197.2609631636063,"rotx":80.95360298905418}}}