# This file was generated by Animated Java via MC-Build. It is not recommended to edit this file directly.
$data merge entity $(bone_hair_side) {transformation: [-0.9962f,-0.0151f,-0.0855f,-0.2768f,-0.0154f,0.9999f,0.0018f,1.9068f,0.0855f,0.0031f,-0.9963f,0.2784f,0f,0f,0f,1f],start_interpolation: 0,interpolation_duration: 1}
$data merge entity $(bone_hair_side1) {transformation: [-0.9962f,-0.0151f,-0.0855f,0.3147f,-0.0154f,0.9999f,0.0018f,1.9159f,0.0855f,0.0031f,-0.9963f,0.2277f,0f,0f,0f,1f],start_interpolation: 0,interpolation_duration: 1}
$data merge entity $(bone_beard) {transformation: [-0.9962f,-0.0151f,-0.0855f,0.0244f,-0.0154f,0.9999f,0.0018f,1.5928f,0.0855f,0.0031f,-0.9963f,0.2593f,0f,0f,0f,1f],start_interpolation: 0,interpolation_duration: 1}
$data merge entity $(bone_head) {transformation: [-0.9962f,-0.0001f,-0.0868f,0f,-0.0154f,0.9844f,0.1754f,1.7344f,0.0855f,0.1761f,-0.9807f,0f,0f,0f,0f,1f],start_interpolation: 0,interpolation_duration: 1}
$data merge entity $(bone_body) {transformation: [-1.0927f,0f,-0.2676f,0f,0f,1.125f,0f,1.0625f,0.2676f,0f,-1.0927f,0f,0f,0f,0f,1f],start_interpolation: 0,interpolation_duration: 1}
$data merge entity $(bone_left4) {transformation: [-0.9435f,0.2884f,-0.1632f,0.4647f,0.3f,0.5346f,-0.79f,1.2196f,-0.1406f,-0.7944f,-0.591f,0.0102f,0f,0f,0f,1f],start_interpolation: 0,interpolation_duration: 1}
$data merge entity $(bone_left3) {transformation: [-0.8118f,-0.5834f,0.0242f,0.8491f,-0.5513f,0.7523f,-0.3606f,0.2244f,0.1921f,-0.3061f,-0.9324f,0.4051f,0f,0f,0f,1f],start_interpolation: 0,interpolation_duration: 1}
$data merge entity $(bone_scythe) {transformation: [-0.4961f,1.6343f,0.0357f,-0.2775f,0.0622f,-0.0184f,1.7071f,1.476f,1.6335f,0.497f,-0.0542f,0.7634f,0f,0f,0f,1f],start_interpolation: 0,interpolation_duration: 1}
$data merge entity $(bone_right2) {transformation: [0.0217f,-0.0541f,-0.9983f,-0.2956f,0.9991f,-0.0357f,0.0236f,1.4487f,-0.037f,-0.9979f,0.0533f,0.4366f,0f,0f,0f,1f],start_interpolation: 0,interpolation_duration: 1}
$data merge entity $(bone_right1) {transformation: [0.0687f,-0.0541f,-0.9962f,-0.2596f,0.9969f,-0.0357f,0.0707f,1.1751f,-0.0394f,-0.9979f,0.0515f,1.5092f,0f,0f,0f,1f],start_interpolation: 0,interpolation_duration: 1}
data modify entity @s data merge value {"cameras":{},"locators":{"hitbox":{"posx":0.8001025717328223,"posy":1.465411378048147,"posz":1.1401302626187564,"roty":33.409002578402124,"rotx":87.8232125341506},"hitbox2":{"posx":0.5823080191899741,"posy":1.492724826805738,"posz":1.8572909896525411,"roty":33.409002578402124,"rotx":87.8232125341506}}}