# This file was generated by Animated Java via MC-Build. It is not recommended to edit this file directly.
$data merge entity $(bone_hair_side) {transformation: [-0.9672f,-0.0442f,-0.2502f,-0.2316f,-0.0438f,0.999f,-0.0069f,1.9004f,0.2503f,0.0043f,-0.9682f,0.3204f,0f,0f,0f,1f],start_interpolation: 0,interpolation_duration: 1}
$data merge entity $(bone_hair_side1) {transformation: [-0.9672f,-0.0442f,-0.2502f,0.3427f,-0.0438f,0.999f,-0.0069f,1.9264f,0.2503f,0.0043f,-0.9682f,0.1718f,0f,0f,0f,1f],start_interpolation: 0,interpolation_duration: 1}
$data merge entity $(bone_beard) {transformation: [-0.9672f,-0.0442f,-0.2502f,0.0715f,-0.0438f,0.999f,-0.0069f,1.5951f,0.2503f,0.0043f,-0.9682f,0.2518f,0f,0f,0f,1f],start_interpolation: 0,interpolation_duration: 1}
$data merge entity $(bone_head) {transformation: [-0.9672f,0f,-0.2541f,0f,-0.0438f,0.985f,0.1667f,1.7344f,0.2503f,0.1724f,-0.9527f,0f,0f,0f,0f,1f],start_interpolation: 0,interpolation_duration: 1}
$data merge entity $(bone_body) {transformation: [-0.9706f,0f,-0.5688f,0f,0f,1.125f,0f,1.0625f,0.5688f,0f,-0.9706f,0f,0f,0f,0f,1f],start_interpolation: 0,interpolation_duration: 1}
$data merge entity $(bone_left4) {transformation: [-0.8626f,-0.3962f,-0.3144f,0.4935f,0.064f,0.5311f,-0.8449f,1.2521f,0.5018f,-0.7489f,-0.4328f,-0.2499f,0f,0f,0f,1f],start_interpolation: 0,interpolation_duration: 1}
$data merge entity $(bone_left3) {transformation: [-0.5423f,-0.6734f,-0.5025f,1.0606f,-0.7807f,0.6248f,0.0053f,0.3247f,0.3104f,0.3952f,-0.8646f,-0.5851f,0f,0f,0f,1f],start_interpolation: 0,interpolation_duration: 1}
$data merge entity $(bone_aura) {transformation: [1.9641f,1.2456f,-0.4808f,1.9062f,-1.0545f,1.9717f,0.8006f,1.6058f,0.8191f,-0.4486f,2.1837f,0.6963f,0f,0f,0f,1f],start_interpolation: 0,interpolation_duration: 1}
$data merge entity $(bone_scythe) {transformation: [1.4128f,0.896f,-0.3459f,0.2963f,-0.7585f,1.4183f,0.5759f,1.3584f,0.5892f,-0.3227f,1.5707f,0.4325f,0f,0f,0f,1f],start_interpolation: 0,interpolation_duration: 1}
$data merge entity $(bone_right2) {transformation: [-0.2072f,-0.9554f,-0.2105f,-0.0139f,0.3387f,0.1318f,-0.9316f,1.3963f,0.9178f,-0.2644f,0.2963f,0.3315f,0f,0f,0f,1f],start_interpolation: 0,interpolation_duration: 1}
$data merge entity $(bone_right1) {transformation: [0.1218f,-0.9554f,-0.2691f,0.9631f,0.9911f,0.1318f,-0.0195f,0.9465f,0.0541f,-0.2644f,0.9629f,0.5954f,0f,0f,0f,1f],start_interpolation: 0,interpolation_duration: 1}
data modify entity @s data merge value {"cameras":{},"locators":{"scythe_blade":{"posx":1.4501770766941693,"posy":2.0069991090161547,"posz":0.4488007556209564,"roty":192.41774953735717,"rotx":19.69969421733063},"scythe_pole":{"posx":0.3899122253978429,"posy":1.5339254964942064,"posz":0.38878157334551766,"roty":192.41774953735717,"rotx":19.69969421733063}}}
execute on vehicle unless entity @s[tag=aj.transforms_only] at @s run function animated_java:lich/animations/swing_flurry/zzz/frames/16_root_commands