# This file was generated by Animated Java via MC-Build. It is not recommended to edit this file directly.
$data merge entity $(bone_hair_side) {transformation: [-1f,-0.0002f,-0.0003f,-0.2968f,-0.0002f,1f,0.0025f,1.9111f,0.0003f,0.0025f,-1f,0.2539f,0f,0f,0f,1f],start_interpolation: 0,interpolation_duration: 1}
$data merge entity $(bone_hair_side1) {transformation: [-1f,-0.0002f,-0.0003f,0.2969f,-0.0002f,1f,0.0025f,1.9112f,0.0003f,0.0025f,-1f,0.2538f,0f,0f,0f,1f],start_interpolation: 0,interpolation_duration: 1}
$data merge entity $(bone_beard) {transformation: [-1f,-0.0002f,-0.0003f,0.0001f,-0.0002f,1f,0.0025f,1.5926f,0.0003f,0.0025f,-1f,0.2603f,0f,0f,0f,1f],start_interpolation: 0,interpolation_duration: 1}
$data merge entity $(bone_head) {transformation: [-1f,-0.0001f,-0.0004f,0f,-0.0002f,0.9844f,0.1761f,1.7344f,0.0003f,0.1761f,-0.9844f,0f,0f,0f,0f,1f],start_interpolation: 0,interpolation_duration: 1}
$data merge entity $(bone_body) {transformation: [-1.1218f,0f,-0.0851f,0f,0f,1.125f,0f,1.0625f,0.0851f,0f,-1.1218f,0f,0f,0f,0f,1f],start_interpolation: 0,interpolation_duration: 1}
$data merge entity $(bone_left4) {transformation: [-0.8365f,0.539f,-0.0986f,0.4054f,0.3744f,0.4309f,-0.8211f,1.2346f,-0.4001f,-0.7238f,-0.5622f,0.1222f,0f,0f,0f,1f],start_interpolation: 0,interpolation_duration: 1}
$data merge entity $(bone_left3) {transformation: [-0.9205f,-0.3767f,0.104f,0.5297f,-0.3584f,0.708f,-0.6085f,0.3482f,0.1556f,-0.5974f,-0.7867f,0.8242f,0f,0f,0f,1f],start_interpolation: 0,interpolation_duration: 1}
$data merge entity $(bone_aura) {transformation: [-1.8862f,1.4189f,0.2643f,-1.1026f,0.1861f,-0.1922f,2.3599f,1.5077f,1.4312f,1.8949f,0.0415f,2.1893f,0f,0f,0f,1f],start_interpolation: 0,interpolation_duration: 1}
$data merge entity $(bone_scythe) {transformation: [-1.3567f,1.0206f,0.1901f,-0.6577f,0.1339f,-0.1383f,1.6975f,1.4858f,1.0295f,1.363f,0.0298f,0.6005f,0f,0f,0f,1f],start_interpolation: 0,interpolation_duration: 1}
$data merge entity $(bone_right2) {transformation: [0.115f,0.5416f,-0.8327f,-0.4818f,0.9933f,-0.0512f,0.1039f,1.4535f,0.0136f,-0.8391f,-0.5439f,0.325f,0f,0f,0f,1f],start_interpolation: 0,interpolation_duration: 1}
$data merge entity $(bone_right1) {transformation: [0.0859f,0.5416f,-0.8362f,-1.0841f,0.9963f,-0.0512f,0.0691f,1.1965f,-0.0053f,-0.8391f,-0.544f,1.2181f,0f,0f,0f,1f],start_interpolation: 0,interpolation_duration: 1}
execute on vehicle unless entity @s[tag=aj.transforms_only] positioned ^-0.5098507996 ^1.4461489251 ^1.9154023788 rotated ~98.9127745935 ~83.5314423927 run function animated_java:lich/animations/swing_flurry/zzz/frames/17_locator_commands
execute on vehicle unless entity @s[tag=aj.transforms_only] positioned ^-0.523929213 ^1.4681423598 ^0.7531284924 rotated ~98.9127745935 ~83.5314423927 run function animated_java:lich/animations/swing_flurry/zzz/frames/17_locator_commands
data modify entity @s data merge value {"cameras":{},"locators":{"scythe_blade":{"posx":-0.50985079958233,"posy":1.44614892512028,"posz":1.915402378843223,"roty":98.91277459352447,"rotx":83.53144239268015},"scythe_pole":{"posx":-0.5239292130174682,"posy":1.4681423597527412,"posz":0.7531284923998351,"roty":98.91277459352447,"rotx":83.53144239268015}}}
execute on vehicle unless entity @s[tag=aj.transforms_only] at @s run function animated_java:lich/animations/swing_flurry/zzz/frames/17_root_commands