# This file was generated by Animated Java via MC-Build. It is not recommended to edit this file directly.
$data merge entity $(bone_hair_side) {transformation: [-0.997f,0.0134f,0.0766f,-0.313f,0.0135f,0.9999f,0.0008f,1.9156f,-0.0766f,0.0019f,-0.9971f,0.2303f,0f,0f,0f,1f],start_interpolation: 0,interpolation_duration: 1}
$data merge entity $(bone_hair_side1) {transformation: [-0.997f,0.0134f,0.0766f,0.2789f,0.0135f,0.9999f,0.0008f,1.9076f,-0.0766f,0.0019f,-0.9971f,0.2757f,0f,0f,0f,1f],start_interpolation: 0,interpolation_duration: 1}
$data merge entity $(bone_beard) {transformation: [-0.997f,0.0134f,0.0766f,-0.0219f,0.0135f,0.9999f,0.0008f,1.593f,-0.0766f,0.0019f,-0.9971f,0.2597f,0f,0f,0f,1f],start_interpolation: 0,interpolation_duration: 1}
$data merge entity $(bone_head) {transformation: [-0.997f,-0.0001f,0.0778f,0f,0.0135f,0.9846f,0.1745f,1.7344f,-0.0766f,0.175f,-0.9816f,0f,0f,0f,0f,1f],start_interpolation: 0,interpolation_duration: 1}
$data merge entity $(bone_body) {transformation: [-1.1219f,0f,0.0828f,0f,0f,1.125f,0f,1.0625f,-0.0828f,0f,-1.1219f,0f,0f,0f,0f,1f],start_interpolation: 0,interpolation_duration: 1}
$data merge entity $(bone_left4) {transformation: [-0.7213f,0.6902f,-0.0586f,0.3539f,0.364f,0.3057f,-0.8798f,1.2788f,-0.5893f,-0.6559f,-0.4718f,0.2081f,0f,0f,0f,1f],start_interpolation: 0,interpolation_duration: 1}
$data merge entity $(bone_left3) {transformation: [-0.9787f,-0.1952f,0.0634f,0.2615f,-0.1641f,0.5593f,-0.8125f,0.6157f,0.1232f,-0.8056f,-0.5795f,1.1277f,0f,0f,0f,1f],start_interpolation: 0,interpolation_duration: 1}
$data merge entity $(bone_scythe) {transformation: [-1.6955f,0.1275f,0.1654f,-0.8918f,0.1596f,-0.0809f,1.6989f,1.5022f,0.1346f,1.7016f,0.0684f,0.273f,0f,0f,0f,1f],start_interpolation: 0,interpolation_duration: 1}
$data merge entity $(bone_right2) {transformation: [0.102f,0.9067f,-0.4092f,-0.5959f,0.994f,-0.0768f,0.0775f,1.4615f,0.0388f,-0.4146f,-0.9092f,0.1363f,0f,0f,0f,1f],start_interpolation: 0,interpolation_duration: 1}
$data merge entity $(bone_right1) {transformation: [0.0674f,0.9067f,-0.4163f,-1.5803f,0.997f,-0.0768f,-0.006f,1.2315f,-0.0374f,-0.4146f,-0.9092f,0.5886f,0f,0f,0f,1f],start_interpolation: 0,interpolation_duration: 1}
data modify entity @s data merge value {"cameras":{},"locators":{"hitbox":{"posx":-0.8531916470856289,"posy":1.4525702274470411,"posz":1.4128389148212839,"roty":112.47796256019667,"rotx":83.98624642713948},"hitbox2":{"posx":-1.597567887685158,"posy":1.5226499373506817,"posz":1.4719392252327674,"roty":112.47796256019667,"rotx":83.98624642713948}}}