# This file was generated by Animated Java via MC-Build. It is not recommended to edit this file directly.
$data merge entity $(bone_hair_side) {transformation: [-0.9979f,0.0114f,0.0644f,-0.3105f,0.0114f,0.9999f,0f,-0.5223f,-0.0644f,0.0007f,-0.9979f,0.2339f,0f,0f,0f,1f],start_interpolation: 0,interpolation_duration: 1}
$data merge entity $(bone_hair_side1) {transformation: [-0.9979f,0.0114f,0.0644f,0.2819f,0.0114f,0.9999f,0f,-0.5291f,-0.0644f,0.0007f,-0.9979f,0.2721f,0f,0f,0f,1f],start_interpolation: 0,interpolation_duration: 1}
$data merge entity $(bone_beard) {transformation: [-0.9979f,0.0114f,0.0644f,-0.0184f,0.0114f,0.9999f,0f,-0.8443f,-0.0644f,0.0007f,-0.9979f,0.2601f,0f,0f,0f,1f],start_interpolation: 0,interpolation_duration: 1}
$data merge entity $(bone_head) {transformation: [-0.9979f,0f,0.0654f,0f,0.0114f,0.9847f,0.1736f,-0.7031f,-0.0644f,0.174f,-0.9826f,0f,0f,0f,0f,1f],start_interpolation: 0,interpolation_duration: 1}
$data merge entity $(bone_body) {transformation: [-1.1079f,0f,0.1954f,0f,0f,1.125f,0f,-1.375f,-0.1954f,0f,-1.1079f,0f,0f,0f,0f,1f],start_interpolation: 0,interpolation_duration: 1}
$data merge entity $(bone_left4) {transformation: [-0.8864f,0.4178f,0.1993f,0.3101f,0.2812f,0.8279f,-0.4852f,-1.2436f,-0.3678f,-0.3741f,-0.8514f,0.2008f,0f,0f,0f,1f],start_interpolation: 0,interpolation_duration: 1}
$data merge entity $(bone_left3) {transformation: [-0.9792f,-0.0387f,0.1993f,0.0464f,-0.1329f,0.8642f,-0.4852f,-2.2304f,-0.1535f,-0.5016f,-0.8514f,0.7015f,0f,0f,0f,1f],start_interpolation: 0,interpolation_duration: 1}
$data merge entity $(bone_aura) {transformation: [-2.3231f,0.345f,0.3535f,-2.0543f,0.0965f,1.9839f,-1.3021f,-0.2366f,-0.4845f,-1.2592f,-1.9546f,-0.9779f,0f,0f,0f,1f],start_interpolation: 0,interpolation_duration: 1}
$data merge entity $(bone_scythe) {transformation: [-1.671f,0.2481f,0.2543f,-0.9157f,0.0694f,1.427f,-0.9366f,-1.1253f,-0.3485f,-0.9058f,-1.4059f,-0.18f,0f,0f,0f,1f],start_interpolation: 0,interpolation_duration: 1}
$data merge entity $(bone_right2) {transformation: [0.1489f,0.9835f,-0.1025f,-0.5953f,-0.5482f,-0.0041f,-0.8363f,-1.1181f,-0.823f,0.1807f,0.5386f,-0.1078f,0f,0f,0f,1f],start_interpolation: 0,interpolation_duration: 1}
$data merge entity $(bone_right1) {transformation: [-0.385f,0.9051f,0.1805f,-1.4367f,0.9229f,0.3778f,0.0742f,-1.8079f,-0.001f,0.1951f,-0.9808f,-0.3148f,0f,0f,0f,1f],start_interpolation: 0,interpolation_duration: 1}
data modify entity @s data merge value {"cameras":{},"locators":{"scythe_blade":{"posx":-1.4072402849631782,"posy":-0.14516941972850428,"posz":-0.9217890831046278,"roty":10.252593103017745,"rotx":-33.24580245673921},"scythe_pole":{"posx":-0.8709516051282451,"posy":-0.956225202577726,"posz":-0.2844936500535661,"roty":10.252593103017745,"rotx":-33.24580245673921}}}