# This file was generated by Animated Java via MC-Build. It is not recommended to edit this file directly.
$data merge entity $(bone_hair_side) {transformation: [-0.997f,0.0134f,0.0766f,-0.313f,0.0135f,0.9999f,0.0008f,1.9156f,-0.0766f,0.0019f,-0.9971f,0.2303f,0f,0f,0f,1f],start_interpolation: 0,interpolation_duration: 1}
$data merge entity $(bone_hair_side1) {transformation: [-0.997f,0.0134f,0.0766f,0.2789f,0.0135f,0.9999f,0.0008f,1.9076f,-0.0766f,0.0019f,-0.9971f,0.2757f,0f,0f,0f,1f],start_interpolation: 0,interpolation_duration: 1}
$data merge entity $(bone_beard) {transformation: [-0.997f,0.0134f,0.0766f,-0.0219f,0.0135f,0.9999f,0.0008f,1.593f,-0.0766f,0.0019f,-0.9971f,0.2597f,0f,0f,0f,1f],start_interpolation: 0,interpolation_duration: 1}
$data merge entity $(bone_head) {transformation: [-0.997f,-0.0001f,0.0778f,0f,0.0135f,0.9846f,0.1745f,1.7344f,-0.0766f,0.175f,-0.9816f,0f,0f,0f,0f,1f],start_interpolation: 0,interpolation_duration: 1}
$data merge entity $(bone_body) {transformation: [-1.1219f,0f,0.0828f,0f,0f,1.125f,0f,1.0625f,-0.0828f,0f,-1.1219f,0f,0f,0f,0f,1f],start_interpolation: 0,interpolation_duration: 1}
$data merge entity $(bone_left4) {transformation: [-0.7213f,0.6902f,-0.0586f,0.3539f,0.364f,0.3057f,-0.8798f,1.2788f,-0.5893f,-0.6559f,-0.4718f,0.2081f,0f,0f,0f,1f],start_interpolation: 0,interpolation_duration: 1}
$data merge entity $(bone_left3) {transformation: [-0.9787f,-0.1952f,0.0634f,0.2615f,-0.1641f,0.5593f,-0.8125f,0.6157f,0.1232f,-0.8056f,-0.5795f,1.1277f,0f,0f,0f,1f],start_interpolation: 0,interpolation_duration: 1}
$data merge entity $(bone_aura) {transformation: [-2.3556f,0.1749f,0.247f,-2.1197f,0.2365f,-0.1453f,2.3587f,1.5725f,0.1888f,2.3641f,0.1267f,1.3732f,0f,0f,0f,1f],start_interpolation: 0,interpolation_duration: 1}
$data merge entity $(bone_scythe) {transformation: [-1.6944f,0.1258f,0.1777f,-0.8915f,0.1701f,-0.1045f,1.6966f,1.5029f,0.1358f,1.7005f,0.0911f,0.2735f,0f,0f,0f,1f],start_interpolation: 0,interpolation_duration: 1}
$data merge entity $(bone_right2) {transformation: [0.1092f,0.9064f,-0.408f,-0.5958f,0.9927f,-0.0779f,0.0925f,1.4618f,0.0521f,-0.4151f,-0.9083f,0.1365f,0f,0f,0f,1f],start_interpolation: 0,interpolation_duration: 1}
$data merge entity $(bone_right1) {transformation: [0.0746f,0.9064f,-0.4157f,-1.5822f,0.9969f,-0.0779f,0.0092f,1.233f,-0.0241f,-0.4151f,-0.9095f,0.5851f,0f,0f,0f,1f],start_interpolation: 0,interpolation_duration: 1}
execute on vehicle unless entity @s[tag=aj.transforms_only] positioned ^-1.4739002924 ^1.5000595701 ^1.4622837989 rotated ~117.1472379841 ~83.2882245308 run function animated_java:lich/animations/swing_flurry/zzz/frames/21_locator_commands
execute on vehicle unless entity @s[tag=aj.transforms_only] positioned ^-0.8610242322 ^1.4889232778 ^0.4744470625 rotated ~117.1472379841 ~83.2882245308 run function animated_java:lich/animations/swing_flurry/zzz/frames/21_locator_commands
data modify entity @s data merge value {"cameras":{},"locators":{"scythe_blade":{"posx":-1.4739002924123135,"posy":1.5000595700510924,"posz":1.4622837989255322,"roty":117.14723798408787,"rotx":83.2882245308109},"scythe_pole":{"posx":-0.8610242322089997,"posy":1.4889232778208696,"posz":0.4744470625034511,"roty":117.14723798408787,"rotx":83.2882245308109}}}
execute on vehicle unless entity @s[tag=aj.transforms_only] run function animated_java:lich/variants/default/apply
execute on vehicle unless entity @s[tag=aj.transforms_only] at @s run function animated_java:lich/animations/swing_flurry/zzz/frames/21_root_commands