# This file was generated by Animated Java via MC-Build. It is not recommended to edit this file directly.
$data merge entity $(bone_hair_side) {transformation: [-0.9884f,0.0267f,0.1495f,-0.3266f,0.0245f,0.9996f,-0.016f,1.9231f,-0.1499f,-0.0122f,-0.9886f,0.2039f,0f,0f,0f,1f],start_interpolation: 0,interpolation_duration: 1}
$data merge entity $(bone_hair_side1) {transformation: [-0.9884f,0.0267f,0.1495f,0.2603f,0.0245f,0.9996f,-0.016f,1.9085f,-0.1499f,-0.0122f,-0.9886f,0.2929f,0f,0f,0f,1f],start_interpolation: 0,interpolation_duration: 1}
$data merge entity $(bone_beard) {transformation: [-0.9884f,0.0267f,0.1495f,-0.0427f,0.0245f,0.9996f,-0.016f,1.5975f,-0.1499f,-0.0122f,-0.9886f,0.2595f,0f,0f,0f,1f],start_interpolation: 0,interpolation_duration: 1}
$data merge entity $(bone_head) {transformation: [-0.9884f,0.0003f,0.1519f,0f,0.0245f,0.9872f,0.1578f,1.7344f,-0.1499f,0.1597f,-0.9757f,0f,0f,0f,0f,1f],start_interpolation: 0,interpolation_duration: 1}
$data merge entity $(bone_body) {transformation: [-1.0934f,0f,0.2649f,0f,0f,1.125f,0f,1.0625f,-0.2649f,0f,-1.0934f,0f,0f,0f,0f,1f],start_interpolation: 0,interpolation_duration: 1}
$data merge entity $(bone_left4) {transformation: [-0.5811f,0.8115f,-0.0619f,0.2468f,0.3722f,0.1974f,-0.9069f,1.3176f,-0.7237f,-0.5501f,-0.4167f,0.2842f,0f,0f,0f,1f],start_interpolation: 0,interpolation_duration: 1}
$data merge entity $(bone_left3) {transformation: [-0.9969f,0.0777f,-0.0099f,-0.1497f,0.0425f,0.4306f,-0.9015f,0.8598f,-0.0658f,-0.8992f,-0.4326f,1.2471f,0f,0f,0f,1f],start_interpolation: 0,interpolation_duration: 1}
$data merge entity $(bone_scythe) {transformation: [-2.1807f,-0.9152f,0.2184f,-0.9493f,-0.0891f,0.7496f,2.2518f,1.5174f,-0.9367f,2.0594f,-0.7226f,-0.0513f,0f,0f,0f,1f],start_interpolation: 0,interpolation_duration: 1}
$data merge entity $(bone_right2) {transformation: [0.0972f,0.9948f,-0.0297f,-0.6244f,0.9479f,-0.1016f,-0.3018f,1.4693f,-0.3033f,0.0012f,-0.9529f,-0.0461f,0f,0f,0f,1f],start_interpolation: 0,interpolation_duration: 1}
$data merge entity $(bone_right1) {transformation: [0.1016f,0.9948f,-0.0029f,-1.7131f,0.994f,-0.1016f,-0.0406f,1.2666f,-0.0407f,0.0012f,-0.9992f,-0.0347f,0f,0f,0f,1f],start_interpolation: 0,interpolation_duration: 1}
data modify entity @s data merge value {"cameras":{},"locators":{"scythe_blade":{"posx":-2.0057336903585674,"posy":1.8522394324706597,"posz":0.6727986384165532,"roty":16.81807266120603,"rotx":71.46649635553533},"scythe_pole":{"posx":-1.0132183616490686,"posy":1.5821122200149487,"posz":0.1310356723810526,"roty":16.81807266120603,"rotx":71.46649635553533}}}