# This file was generated by Animated Java via MC-Build. It is not recommended to edit this file directly.
$data merge entity $(bone_hair_side) {transformation: [-0.9823f,0.0342f,0.1844f,-0.3323f,0.0276f,0.9989f,-0.0382f,1.9295f,-0.1855f,-0.0324f,-0.9821f,0.188f,0f,0f,0f,1f],start_interpolation: 0,interpolation_duration: 1}
$data merge entity $(bone_hair_side1) {transformation: [-0.9823f,0.0342f,0.1844f,0.2509f,0.0276f,0.9989f,-0.0382f,1.9131f,-0.1855f,-0.0324f,-0.9821f,0.2982f,0f,0f,0f,1f],start_interpolation: 0,interpolation_duration: 1}
$data merge entity $(bone_beard) {transformation: [-0.9823f,0.0342f,0.1844f,-0.0529f,0.0276f,0.9989f,-0.0382f,1.6033f,-0.1855f,-0.0324f,-0.9821f,0.2606f,0f,0f,0f,1f],start_interpolation: 0,interpolation_duration: 1}
$data merge entity $(bone_head) {transformation: [-0.9823f,0.0017f,0.1876f,0f,0.0276f,0.9903f,0.1358f,1.7344f,-0.1855f,0.1386f,-0.9728f,0f,0f,0f,0f,1f],start_interpolation: 0,interpolation_duration: 1}
$data merge entity $(bone_body) {transformation: [-1.0607f,0f,0.3748f,0f,0f,1.125f,0f,1.0625f,-0.3748f,0f,-1.0607f,0f,0f,0f,0f,1f],start_interpolation: 0,interpolation_duration: 1}
$data merge entity $(bone_left4) {transformation: [-0.4566f,0.8869f,-0.0706f,0.1256f,0.4267f,0.1487f,-0.8921f,1.3253f,-0.7807f,-0.4374f,-0.4463f,0.3172f,0f,0f,0f,1f],start_interpolation: 0,interpolation_duration: 1}
$data merge entity $(bone_left3) {transformation: [-0.9371f,0.3492f,0.0032f,-0.5491f,0.1491f,0.4083f,-0.9006f,0.9253f,-0.3158f,-0.8434f,-0.4346f,1.141f,0f,0f,0f,1f],start_interpolation: 0,interpolation_duration: 1}
$data merge entity $(bone_aura) {transformation: [-2.1174f,-1.0115f,0.3664f,-2.5403f,-0.6063f,1.7902f,1.4382f,1.9586f,-0.8887f,1.1886f,-1.8542f,-0.1295f,0f,0f,0f,1f],start_interpolation: 0,interpolation_duration: 1}
$data merge entity $(bone_scythe) {transformation: [-1.523f,-0.7276f,0.2635f,-0.9443f,-0.4361f,1.2877f,1.0345f,1.5399f,-0.6392f,0.855f,-1.3337f,-0.1389f,0f,0f,0f,1f],start_interpolation: 0,interpolation_duration: 1}
$data merge entity $(bone_right2) {transformation: [0.1595f,0.9854f,-0.0592f,-0.6234f,0.6056f,-0.145f,-0.7824f,1.4828f,-0.7796f,0.0889f,-0.6199f,-0.0975f,0f,0f,0f,1f],start_interpolation: 0,interpolation_duration: 1}
$data merge entity $(bone_right1) {transformation: [0.1497f,0.9854f,0.0809f,-1.7172f,0.9876f,-0.145f,-0.0604f,1.3283f,-0.0478f,0.0889f,-0.9949f,-0.1771f,0f,0f,0f,1f],start_interpolation: 0,interpolation_duration: 1}
data modify entity @s data merge value {"cameras":{},"locators":{"scythe_blade":{"posx":-2.0290753150988134,"posy":2.2281004092907426,"posz":0.18056197314065692,"roty":11.177572624077783,"rotx":37.26821335557726},"scythe_pole":{"posx":-1.0168743303197878,"posy":1.6969784028876802,"posz":-0.03138396507651524,"roty":11.177572624077783,"rotx":37.26821335557726}}}