# This file was generated by Animated Java via MC-Build. It is not recommended to edit this file directly.
$data merge entity $(bone_hair_side) {transformation: [-0.9753f,0.0433f,0.2167f,-0.3368f,0.0304f,0.9976f,-0.0622f,1.9362f,-0.2189f,-0.0541f,-0.9742f,0.1723f,0f,0f,0f,1f],start_interpolation: 0,interpolation_duration: 1}
$data merge entity $(bone_hair_side1) {transformation: [-0.9753f,0.0433f,0.2167f,0.2423f,0.0304f,0.9976f,-0.0622f,1.9181f,-0.2189f,-0.0541f,-0.9742f,0.3023f,0f,0f,0f,1f],start_interpolation: 0,interpolation_duration: 1}
$data merge entity $(bone_beard) {transformation: [-0.9753f,0.0433f,0.2167f,-0.0626f,0.0304f,0.9976f,-0.0622f,1.6098f,-0.2189f,-0.0541f,-0.9742f,0.2616f,0f,0f,0f,1f],start_interpolation: 0,interpolation_duration: 1}
$data merge entity $(bone_head) {transformation: [-0.9753f,0.005f,0.2209f,0f,0.0304f,0.9932f,0.112f,1.7344f,-0.2189f,0.1159f,-0.9688f,0f,0f,0f,0f,1f],start_interpolation: 0,interpolation_duration: 1}
$data merge entity $(bone_body) {transformation: [-1.0176f,0f,0.4797f,0f,0f,1.125f,0f,1.0625f,-0.4797f,0f,-1.0176f,0f,0f,0f,0f,1f],start_interpolation: 0,interpolation_duration: 1}
$data merge entity $(bone_left4) {transformation: [-0.3266f,0.9436f,-0.0552f,0.0083f,0.4475f,0.103f,-0.8883f,1.3412f,-0.8325f,-0.3148f,-0.4559f,0.333f,0f,0f,0f,1f],start_interpolation: 0,interpolation_duration: 1}
$data merge entity $(bone_left3) {transformation: [-0.8004f,0.5982f,0.0386f,-0.8961f,0.2215f,0.3549f,-0.9083f,1.0222f,-0.557f,-0.7185f,-0.4166f,0.9448f,0f,0f,0f,1f],start_interpolation: 0,interpolation_duration: 1}
$data merge entity $(bone_scythe) {transformation: [-2.1765f,-0.8817f,0.3554f,-0.9349f,-0.897f,2.1987f,-0.039f,1.5626f,-0.3145f,-0.17f,-2.3479f,-0.2075f,0f,0f,0f,1f],start_interpolation: 0,interpolation_duration: 1}
$data merge entity $(bone_right2) {transformation: [0.1549f,0.9683f,-0.1958f,-0.6196f,-0.0164f,-0.1956f,-0.9805f,1.4986f,-0.9878f,0.1551f,-0.0144f,-0.1412f,0f,0f,0f,1f],start_interpolation: 0,interpolation_duration: 1}
$data merge entity $(bone_right1) {transformation: [0.206f,0.9683f,0.141f,-1.7128f,0.9771f,-0.1956f,-0.0841f,1.4011f,-0.0538f,0.1551f,-0.9864f,-0.2892f,0f,0f,0f,1f],start_interpolation: 0,interpolation_duration: 1}
data modify entity @s data merge value {"cameras":{},"locators":{"scythe_blade":{"posx":-1.974061369307765,"posy":2.364754808471665,"posz":-0.37815111805106516,"roty":8.606584701301074,"rotx":-0.9412357838538603},"scythe_pole":{"posx":-0.9960083558730866,"posy":1.7565056436973783,"posz":-0.22001270885605367,"roty":8.606584701301074,"rotx":-0.9412357838538603}}}