# This file was generated by Animated Java via MC-Build. It is not recommended to edit this file directly.
$data merge entity $(bone_hair_side) {transformation: [-0.9718f,0.0498f,0.2306f,-0.3381f,0.0317f,0.9961f,-0.0818f,1.9413f,-0.2338f,-0.0722f,-0.9696f,0.1635f,0f,0f,0f,1f],start_interpolation: 0,interpolation_duration: 1}
$data merge entity $(bone_hair_side1) {transformation: [-0.9718f,0.0498f,0.2306f,0.2389f,0.0317f,0.9961f,-0.0818f,1.9225f,-0.2338f,-0.0722f,-0.9696f,0.3023f,0f,0f,0f,1f],start_interpolation: 0,interpolation_duration: 1}
$data merge entity $(bone_beard) {transformation: [-0.9718f,0.0498f,0.2306f,-0.0672f,0.0317f,0.9961f,-0.0818f,1.6151f,-0.2338f,-0.0722f,-0.9696f,0.263f,0f,0f,0f,1f],start_interpolation: 0,interpolation_duration: 1}
$data merge entity $(bone_head) {transformation: [-0.9718f,0.009f,0.2358f,0f,0.0317f,0.9952f,0.0924f,1.7344f,-0.2338f,0.0973f,-0.9674f,0f,0f,0f,0f,1f],start_interpolation: 0,interpolation_duration: 1}
$data merge entity $(bone_body) {transformation: [-0.987f,0f,0.5399f,0f,0f,1.125f,0f,1.0625f,-0.5399f,0f,-0.987f,0f,0f,0f,0f,1f],start_interpolation: 0,interpolation_duration: 1}
$data merge entity $(bone_left4) {transformation: [-0.2465f,0.9691f,0.0073f,-0.0707f,0.4373f,0.118f,-0.8915f,1.3399f,-0.8649f,-0.2165f,-0.4529f,0.328f,0f,0f,0f,1f],start_interpolation: 0,interpolation_duration: 1}
$data merge entity $(bone_left3) {transformation: [-0.6591f,0.7408f,0.1295f,-1.0869f,0.2268f,0.3599f,-0.905f,1.0171f,-0.717f,-0.5671f,-0.4052f,0.7242f,0f,0f,0f,1f],start_interpolation: 0,interpolation_duration: 1}
$data merge entity $(bone_aura) {transformation: [-2.2123f,-0.859f,-0.091f,-2.5144f,-0.6626f,1.848f,-1.3367f,2.0046f,0.5543f,-1.2197f,-1.961f,-0.4118f,0f,0f,0f,1f],start_interpolation: 0,interpolation_duration: 1}
$data merge entity $(bone_scythe) {transformation: [-1.5913f,-0.6179f,-0.0655f,-0.9301f,-0.4766f,1.3292f,-0.9615f,1.5927f,0.3987f,-0.8774f,-1.4106f,-0.2045f,0f,0f,0f,1f],start_interpolation: 0,interpolation_duration: 1}
$data merge entity $(bone_right2) {transformation: [-0.033f,0.957f,-0.2882f,-0.6156f,-0.5633f,-0.256f,-0.7856f,1.5175f,-0.8256f,0.1364f,0.5476f,-0.1469f,0f,0f,0f,1f],start_interpolation: 0,interpolation_duration: 1}
$data merge entity $(bone_right1) {transformation: [0.2653f,0.957f,0.1173f,-1.7153f,0.9626f,-0.256f,-0.0887f,1.4887f,-0.0548f,0.1364f,-0.9891f,-0.2747f,0f,0f,0f,1f],start_interpolation: 0,interpolation_duration: 1}
data modify entity @s data merge value {"cameras":{},"locators":{"scythe_blade":{"posx":-1.9685066161715372,"posy":2.2927792640603903,"posz":-0.633537473943544,"roty":357.343105746297,"rotx":-34.250374739956975},"scythe_pole":{"posx":-0.9890074708427199,"posy":1.75511370110602,"posz":-0.3125083993831895,"roty":357.343105746297,"rotx":-34.250374739956975}}}
execute on vehicle unless entity @s[tag=aj.transforms_only] at @s run function animated_java:lich/animations/swing_flurry/zzz/frames/25_root_commands