# This file was generated by Animated Java via MC-Build. It is not recommended to edit this file directly.
$data merge entity $(bone_hair_side) {transformation: [-0.9763f,0.0487f,0.2107f,-0.3346f,0.03f,0.9954f,-0.0909f,1.9429f,-0.2141f,-0.0824f,-0.9733f,0.1685f,0f,0f,0f,1f],start_interpolation: 0,interpolation_duration: 1}
$data merge entity $(bone_hair_side1) {transformation: [-0.9763f,0.0487f,0.2107f,0.2451f,0.03f,0.9954f,-0.0909f,1.9251f,-0.2141f,-0.0824f,-0.9733f,0.2956f,0f,0f,0f,1f],start_interpolation: 0,interpolation_duration: 1}
$data merge entity $(bone_beard) {transformation: [-0.9763f,0.0487f,0.2107f,-0.0618f,0.03f,0.9954f,-0.0909f,1.6175f,-0.2141f,-0.0824f,-0.9733f,0.2654f,0f,0f,0f,1f],start_interpolation: 0,interpolation_duration: 1}
$data merge entity $(bone_head) {transformation: [-0.9763f,0.0114f,0.2159f,0f,0.03f,0.9961f,0.0834f,1.7344f,-0.2141f,0.0879f,-0.9728f,0f,0f,0f,0f,1f],start_interpolation: 0,interpolation_duration: 1}
$data merge entity $(bone_body) {transformation: [-0.9979f,0f,0.5195f,0f,0f,1.125f,0f,1.0625f,-0.5195f,0f,-0.9979f,0f,0f,0f,0f,1f],start_interpolation: 0,interpolation_duration: 1}
$data merge entity $(bone_left4) {transformation: [-0.2624f,0.9541f,0.1445f,-0.0859f,0.4257f,0.2488f,-0.87f,1.295f,-0.866f,-0.1668f,-0.4715f,0.3044f,0f,0f,0f,1f],start_interpolation: 0,interpolation_duration: 1}
$data merge entity $(bone_left3) {transformation: [-0.6149f,0.7242f,0.3122f,-1.0701f,0.1865f,0.5182f,-0.8347f,0.7865f,-0.7662f,-0.455f,-0.4537f,0.5627f,0f,0f,0f,1f],start_interpolation: 0,interpolation_duration: 1}
$data merge entity $(bone_scythe) {transformation: [-1.3593f,-0.9032f,-0.5049f,-0.9227f,-0.1789f,1.0262f,-1.354f,1.6328f,1.0191f,-1.0245f,-0.9111f,-0.0815f,0f,0f,0f,1f],start_interpolation: 0,interpolation_duration: 1}
$data merge entity $(bone_right2) {transformation: [-0.2905f,0.9454f,-0.1478f,-0.6079f,-0.7938f,-0.3243f,-0.5146f,1.5388f,-0.5344f,-0.0322f,0.8446f,-0.0837f,0f,0f,0f,1f],start_interpolation: 0,interpolation_duration: 1}
$data merge entity $(bone_right1) {transformation: [0.3227f,0.9454f,-0.0456f,-1.7133f,0.9454f,-0.3243f,-0.0338f,1.588f,-0.0467f,-0.0322f,-0.9984f,-0.0349f,0f,0f,0f,1f],start_interpolation: 0,interpolation_duration: 1}
data modify entity @s data merge value {"cameras":{},"locators":{"hitbox":{"posx":-1.5630407321461768,"posy":2.3130897566031328,"posz":-0.7375737880625819,"roty":331.0087567360473,"rotx":-52.42860832037697},"hitbox2":{"posx":-2.1598149346743787,"posy":2.234529860716148,"posz":-0.29014905254267953,"roty":331.0087567360473,"rotx":-52.42860832037697}}}