# This file was generated by Animated Java via MC-Build. It is not recommended to edit this file directly.
$data merge entity $(bone_hair_side) {transformation: [-0.9896f,0.0357f,0.1391f,-0.3227f,0.0239f,0.996f,-0.0862f,1.94f,-0.1416f,-0.082f,-0.9865f,0.1934f,0f,0f,0f,1f],start_interpolation: 0,interpolation_duration: 1}
$data merge entity $(bone_hair_side1) {transformation: [-0.9896f,0.0357f,0.1391f,0.2649f,0.0239f,0.996f,-0.0862f,1.9259f,-0.1416f,-0.082f,-0.9865f,0.2775f,0f,0f,0f,1f],start_interpolation: 0,interpolation_duration: 1}
$data merge entity $(bone_beard) {transformation: [-0.9896f,0.0357f,0.1391f,-0.0413f,0.0239f,0.996f,-0.0862f,1.6163f,-0.1416f,-0.082f,-0.9865f,0.2688f,0f,0f,0f,1f],start_interpolation: 0,interpolation_duration: 1}
$data merge entity $(bone_head) {transformation: [-0.9896f,0.011f,0.1432f,0f,0.0239f,0.9958f,0.088f,1.7344f,-0.1416f,0.0905f,-0.9858f,0f,0f,0f,0f,1f],start_interpolation: 0,interpolation_duration: 1}
$data merge entity $(bone_body) {transformation: [-1.0605f,0f,0.3755f,0f,0f,1.125f,0f,1.0625f,-0.3755f,0f,-1.0605f,0f,0f,0f,0f,1f],start_interpolation: 0,interpolation_duration: 1}
$data merge entity $(bone_left4) {transformation: [-0.414f,0.84f,0.3509f,0.0024f,0.4316f,0.5205f,-0.7368f,1.2058f,-0.8015f,-0.1535f,-0.578f,0.2413f,0f,0f,0f,1f],start_interpolation: 0,interpolation_duration: 1}
$data merge entity $(bone_left3) {transformation: [-0.7217f,0.4284f,0.5437f,-0.6916f,0.0804f,0.8321f,-0.5488f,0.3208f,-0.6875f,-0.3524f,-0.635f,0.4118f,0f,0f,0f,1f],start_interpolation: 0,interpolation_duration: 1}
$data merge entity $(bone_scythe) {transformation: [-0.9273f,-1.1567f,-0.8488f,-0.8443f,0.0322f,0.9936f,-1.3893f,1.6536f,1.4344f,-0.7701f,-0.5176f,0.2162f,0f,0f,0f,1f],start_interpolation: 0,interpolation_duration: 1}
$data merge entity $(bone_right2) {transformation: [-0.5045f,0.8326f,0.2286f,-0.5632f,-0.8043f,-0.3569f,-0.475f,1.549f,-0.3139f,-0.4235f,0.8498f,0.0821f,0f,0f,0f,1f],start_interpolation: 0,interpolation_duration: 1}
$data merge entity $(bone_right1) {transformation: [0.3834f,0.8326f,-0.3997f,-1.5676f,0.9233f,-0.3569f,0.142f,1.6398f,-0.0244f,-0.4235f,-0.9056f,0.5397f,0f,0f,0f,1f],start_interpolation: 0,interpolation_duration: 1}
data modify entity @s data merge value {"cameras":{},"locators":{"hitbox":{"posx":-1.6420270808437047,"posy":2.317915119841088,"posz":-0.25869629352393897,"roty":301.3728918243447,"rotx":-54.41270567297581},"hitbox2":{"posx":-2.0491518911397177,"posy":2.3320590779354364,"posz":0.37102534124086783,"roty":301.3728918243447,"rotx":-54.41270567297581}}}