# This file was generated by Animated Java via MC-Build. It is not recommended to edit this file directly.
$data merge entity $(bone_hair_side) {transformation: [-0.9763f,0.0487f,0.2107f,-0.3346f,0.03f,0.9954f,-0.0909f,-0.4946f,-0.2141f,-0.0824f,-0.9733f,0.1685f,0f,0f,0f,1f],start_interpolation: 0,interpolation_duration: 1}
$data merge entity $(bone_hair_side1) {transformation: [-0.9763f,0.0487f,0.2107f,0.2451f,0.03f,0.9954f,-0.0909f,-0.5124f,-0.2141f,-0.0824f,-0.9733f,0.2956f,0f,0f,0f,1f],start_interpolation: 0,interpolation_duration: 1}
$data merge entity $(bone_beard) {transformation: [-0.9763f,0.0487f,0.2107f,-0.0618f,0.03f,0.9954f,-0.0909f,-0.82f,-0.2141f,-0.0824f,-0.9733f,0.2654f,0f,0f,0f,1f],start_interpolation: 0,interpolation_duration: 1}
$data merge entity $(bone_head) {transformation: [-0.9763f,0.0114f,0.2159f,0f,0.03f,0.9961f,0.0834f,-0.7031f,-0.2141f,0.0879f,-0.9728f,0f,0f,0f,0f,1f],start_interpolation: 0,interpolation_duration: 1}
$data merge entity $(bone_body) {transformation: [-0.9979f,0f,0.5195f,0f,0f,1.125f,0f,-1.375f,-0.5195f,0f,-0.9979f,0f,0f,0f,0f,1f],start_interpolation: 0,interpolation_duration: 1}
$data merge entity $(bone_left4) {transformation: [-0.2624f,0.9541f,0.1445f,-0.0859f,0.4257f,0.2488f,-0.87f,-1.1425f,-0.866f,-0.1668f,-0.4715f,0.3044f,0f,0f,0f,1f],start_interpolation: 0,interpolation_duration: 1}
$data merge entity $(bone_left3) {transformation: [-0.6149f,0.7242f,0.3122f,-1.0701f,0.1865f,0.5182f,-0.8347f,-1.651f,-0.7662f,-0.455f,-0.4537f,0.5627f,0f,0f,0f,1f],start_interpolation: 0,interpolation_duration: 1}
$data merge entity $(bone_aura) {transformation: [-1.8898f,-1.2557f,-0.7019f,-2.4957f,-0.2488f,1.4266f,-1.8824f,-0.3415f,1.4168f,-1.4243f,-1.2667f,0.1018f,0f,0f,0f,1f],start_interpolation: 0,interpolation_duration: 1}
$data merge entity $(bone_scythe) {transformation: [-1.3593f,-0.9032f,-0.5049f,-0.9227f,-0.1789f,1.0262f,-1.354f,-0.8047f,1.0191f,-1.0245f,-0.9111f,-0.0815f,0f,0f,0f,1f],start_interpolation: 0,interpolation_duration: 1}
$data merge entity $(bone_right2) {transformation: [-0.2905f,0.9454f,-0.1478f,-0.6079f,-0.7938f,-0.3243f,-0.5146f,-0.8987f,-0.5344f,-0.0322f,0.8446f,-0.0837f,0f,0f,0f,1f],start_interpolation: 0,interpolation_duration: 1}
$data merge entity $(bone_right1) {transformation: [0.3227f,0.9454f,-0.0456f,-1.7133f,0.9454f,-0.3243f,-0.0338f,-0.8495f,-0.0467f,-0.0322f,-0.9984f,-0.0349f,0f,0f,0f,1f],start_interpolation: 0,interpolation_duration: 1}
execute on vehicle unless entity @s[tag=aj.transforms_only] positioned ^-2.0603525676 ^-0.1898768233 ^-0.3647198418 rotated ~331.008756736 ~-52.4286083204 run function animated_java:lich/animations/swing_flurry/zzz/frames/29_locator_commands
execute on vehicle unless entity @s[tag=aj.transforms_only] positioned ^-1.0176524175 ^-0.6810058794 ^-0.2126305681 rotated ~331.008756736 ~-52.4286083204 run function animated_java:lich/animations/swing_flurry/zzz/frames/29_locator_commands
data modify entity @s data merge value {"cameras":{},"locators":{"scythe_blade":{"posx":-2.060352567586345,"posy":-0.18987682330268796,"posz":-0.3647198417959966,"roty":331.0087567360473,"rotx":-52.42860832037697},"scythe_pole":{"posx":-1.0176524174596902,"posy":-0.6810058794138597,"posz":-0.2126305681137253,"roty":331.0087567360473,"rotx":-52.42860832037697}}}
execute on vehicle unless entity @s[tag=aj.transforms_only] at @s run function animated_java:lich/animations/swing_flurry/zzz/frames/29_root_commands