# This file was generated by Animated Java via MC-Build. It is not recommended to edit this file directly.
$data merge entity $(bone_hair_side) {transformation: [-0.9944f,-0.0046f,-0.1052f,-0.2694f,0.0017f,0.9982f,-0.0597f,1.9271f,0.1052f,-0.0596f,-0.9927f,0.2722f,0f,0f,0f,1f],start_interpolation: 0,interpolation_duration: 1}
$data merge entity $(bone_hair_side1) {transformation: [-0.9944f,-0.0046f,-0.1052f,0.3211f,0.0017f,0.9982f,-0.0597f,1.9261f,0.1052f,-0.0596f,-0.9927f,0.2097f,0f,0f,0f,1f],start_interpolation: 0,interpolation_duration: 1}
$data merge entity $(bone_beard) {transformation: [-0.9944f,-0.0046f,-0.1052f,0.0281f,0.0017f,0.9982f,-0.0597f,1.609f,0.1052f,-0.0596f,-0.9927f,0.2672f,0f,0f,0f,1f],start_interpolation: 0,interpolation_duration: 1}
$data merge entity $(bone_head) {transformation: [-0.9944f,0.0137f,-0.1044f,0f,0.0017f,0.9934f,0.1145f,1.7344f,0.1052f,0.1137f,-0.9879f,0f,0f,0f,0f,1f],start_interpolation: 0,interpolation_duration: 1}
$data merge entity $(bone_body) {transformation: [-1.1108f,0f,-0.1779f,0f,0f,1.125f,0f,1.0625f,0.1779f,0f,-1.1108f,0f,0f,0f,0f,1f],start_interpolation: 0,interpolation_duration: 1}
$data merge entity $(bone_left4) {transformation: [-0.9229f,0.3321f,0.195f,0.3308f,0.271f,0.9198f,-0.2839f,1.2065f,-0.2737f,-0.2092f,-0.9388f,-0.0785f,0f,0f,0f,1f],start_interpolation: 0,interpolation_duration: 1}
$data merge entity $(bone_left3) {transformation: [-0.8479f,-0.5299f,0.0163f,0.6454f,-0.4946f,0.8017f,0.3358f,0.1752f,-0.191f,0.2766f,-0.9418f,-0.4407f,0f,0f,0f,1f],start_interpolation: 0,interpolation_duration: 1}
$data merge entity $(bone_scythe) {transformation: [0.8146f,-1.578f,-1.577f,-0.2298f,-0.8247f,1.347f,-1.7737f,1.359f,2.0729f,1.156f,-0.0859f,0.7327f,0f,0f,0f,1f],start_interpolation: 0,interpolation_duration: 1}
$data merge entity $(bone_right2) {transformation: [-0.6991f,-0.0853f,0.7099f,-0.2469f,-0.7148f,0.1052f,-0.6914f,1.4046f,-0.0157f,-0.9908f,-0.1345f,0.4079f,0f,0f,0f,1f],start_interpolation: 0,interpolation_duration: 1}
$data merge entity $(bone_right1) {transformation: [0.512f,-0.0853f,-0.8547f,-0.3163f,0.8577f,0.1052f,0.5033f,1.0249f,0.047f,-0.9908f,0.127f,1.4459f,0f,0f,0f,1f],start_interpolation: 0,interpolation_duration: 1}
execute on vehicle unless entity @s[tag=aj.transforms_only] positioned ^-0.7571873734 ^1.7725633478 ^1.8743286842 rotated ~273.1188674268 ~-48.3172523646 run function animated_java:lich/animations/swing_flurry/zzz/frames/29_locator_commands
execute on vehicle unless entity @s[tag=aj.transforms_only] positioned ^-0.370117878 ^1.4795932631 ^0.8179631058 rotated ~273.1188674268 ~-48.3172523646 run function animated_java:lich/animations/swing_flurry/zzz/frames/29_locator_commands
data modify entity @s data merge value {"cameras":{},"locators":{"scythe_blade":{"posx":-0.7571873734023236,"posy":1.77256334776501,"posz":1.8743286841589326,"roty":273.11886742676484,"rotx":-48.317252364578316},"scythe_pole":{"posx":-0.37011787800177576,"posy":1.4795932630600326,"posz":0.8179631057731525,"roty":273.11886742676484,"rotx":-48.317252364578316}}}