# This file was generated by Animated Java via MC-Build. It is not recommended to edit this file directly.
$data merge entity $(bone_hair_side) {transformation: [-0.9747f,-0.0196f,-0.2225f,-0.2365f,-0.0089f,0.9988f,-0.049f,1.9214f,0.2231f,-0.0457f,-0.9737f,0.3049f,0f,0f,0f,1f],start_interpolation: 0,interpolation_duration: 1}
$data merge entity $(bone_hair_side1) {transformation: [-0.9747f,-0.0196f,-0.2225f,0.3423f,-0.0089f,0.9988f,-0.049f,1.9266f,0.2231f,-0.0457f,-0.9737f,0.1724f,0f,0f,0f,1f],start_interpolation: 0,interpolation_duration: 1}
$data merge entity $(bone_beard) {transformation: [-0.9747f,-0.0196f,-0.2225f,0.0608f,-0.0089f,0.9988f,-0.049f,1.6061f,0.2231f,-0.0457f,-0.9737f,0.2603f,0f,0f,0f,1f],start_interpolation: 0,interpolation_duration: 1}
$data merge entity $(bone_head) {transformation: [-0.9747f,0.0193f,-0.2225f,0f,-0.0089f,0.9921f,0.1252f,1.7344f,0.2231f,0.124f,-0.9669f,0f,0f,0f,0f,1f],start_interpolation: 0,interpolation_duration: 1}
$data merge entity $(bone_body) {transformation: [-1.0348f,0f,-0.4414f,0f,0f,1.125f,0f,1.0625f,0.4414f,0f,-1.0348f,0f,0f,0f,0f,1f],start_interpolation: 0,interpolation_duration: 1}
$data merge entity $(bone_left4) {transformation: [-0.9875f,0.0759f,-0.1382f,0.373f,0.1221f,0.9229f,-0.3653f,1.2664f,0.0998f,-0.3776f,-0.9206f,-0.2422f,0f,0f,0f,1f],start_interpolation: 0,interpolation_duration: 1}
$data merge entity $(bone_left3) {transformation: [-0.6648f,-0.5505f,-0.505f,0.7674f,-0.7403f,0.5759f,0.3467f,0.4051f,0.1f,0.6044f,-0.7904f,-0.8721f,0f,0f,0f,1f],start_interpolation: 0,interpolation_duration: 1}
$data merge entity $(bone_scythe) {transformation: [1.0687f,-0.6859f,-1.1427f,0.0586f,-0.9356f,0.657f,-1.2694f,1.1541f,0.9491f,1.42f,0.0354f,0.6489f,0f,0f,0f,1f],start_interpolation: 0,interpolation_duration: 1}
$data merge entity $(bone_right2) {transformation: [-0.6985f,-0.5136f,0.4983f,-0.099f,-0.7116f,0.4251f,-0.5594f,1.3047f,0.0755f,-0.7453f,-0.6624f,0.4032f,0f,0f,0f,1f],start_interpolation: 0,interpolation_duration: 1}
$data merge entity $(bone_right1) {transformation: [0.5631f,-0.5136f,-0.6474f,0.2707f,0.8224f,0.4251f,0.3781f,0.596f,0.081f,-0.7453f,0.6617f,1.1698f,0f,0f,0f,1f],start_interpolation: 0,interpolation_duration: 1}
data modify entity @s data merge value {"cameras":{},"locators":{"hitbox":{"posx":-0.3700350656462714,"posy":1.5670675089140014,"posz":1.623031705603796,"roty":268.22590913835415,"rotx":-47.99356363374024},"hitbox2":{"posx":0.09916626133813086,"posy":1.1563221284086769,"posz":2.039731054234931,"roty":268.22590913835415,"rotx":-47.99356363374024}}}