# This file was generated by Animated Java via MC-Build. It is not recommended to edit this file directly.
$data merge entity $(bone_hair_side) {transformation: [-0.9406f,-0.032f,-0.3381f,-0.1992f,-0.019f,0.9989f,-0.042f,1.9166f,0.3391f,-0.0331f,-0.9402f,0.333f,0f,0f,0f,1f],start_interpolation: 0,interpolation_duration: 1}
$data merge entity $(bone_hair_side1) {transformation: [-0.9406f,-0.032f,-0.3381f,0.3592f,-0.019f,0.9989f,-0.042f,1.9279f,0.3391f,-0.0331f,-0.9402f,0.1317f,0f,0f,0f,1f],start_interpolation: 0,interpolation_duration: 1}
$data merge entity $(bone_beard) {transformation: [-0.9406f,-0.032f,-0.3381f,0.0927f,-0.019f,0.9989f,-0.042f,1.6043f,0.3391f,-0.0331f,-0.9402f,0.2498f,0f,0f,0f,1f],start_interpolation: 0,interpolation_duration: 1}
$data merge entity $(bone_head) {transformation: [-0.9406f,0.0271f,-0.3385f,0f,-0.019f,0.991f,0.1321f,1.7344f,0.3391f,0.1307f,-0.9316f,0f,0f,0f,0f,1f],start_interpolation: 0,interpolation_duration: 1}
$data merge entity $(bone_body) {transformation: [-0.9013f,0f,-0.6733f,0f,0f,1.125f,0f,1.0625f,0.6733f,0f,-0.9013f,0f,0f,0f,0f,1f],start_interpolation: 0,interpolation_duration: 1}
$data merge entity $(bone_left4) {transformation: [-0.8849f,-0.2354f,-0.4018f,0.3381f,0.0668f,0.7897f,-0.6098f,1.2918f,0.4609f,-0.5665f,-0.6831f,-0.3763f,0f,0f,0f,1f],start_interpolation: 0,interpolation_duration: 1}
$data merge entity $(bone_left3) {transformation: [-0.3649f,-0.2993f,-0.8816f,0.5514f,-0.8564f,0.4795f,0.1916f,0.4997f,0.3653f,0.8249f,-0.4313f,-1.1644f,0f,0f,0f,1f],start_interpolation: 0,interpolation_duration: 1}
$data merge entity $(bone_aura) {transformation: [1.7785f,-0.3381f,-1.5373f,1.0485f,-1.5541f,-0.0093f,-1.7959f,0.1503f,0.2496f,2.3508f,-0.2282f,1.5207f,0f,0f,0f,1f],start_interpolation: 0,interpolation_duration: 1}
$data merge entity $(bone_scythe) {transformation: [1.2793f,-0.2432f,-1.1058f,0.208f,-1.1179f,-0.0067f,-1.2918f,1.013f,0.1796f,1.6909f,-0.1641f,0.3929f,0f,0f,0f,1f],start_interpolation: 0,interpolation_duration: 1}
$data merge entity $(bone_right2) {transformation: [-0.6612f,-0.7279f,0.1815f,-0.0205f,-0.7501f,0.6446f,-0.1475f,1.2363f,-0.0097f,-0.2336f,-0.9723f,0.3164f,0f,0f,0f,1f],start_interpolation: 0,interpolation_duration: 1}
$data merge entity $(bone_right1) {transformation: [0.6357f,-0.727f,-0.2595f,0.5533f,0.7624f,0.6439f,0.0637f,0.3138f,0.1208f,-0.2384f,0.9636f,0.5319f,0f,0f,0f,1f],start_interpolation: 0,interpolation_duration: 1}
data modify entity @s data merge value {"cameras":{},"locators":{"scythe_blade":{"posx":0.5487698000750653,"posy":0.5689163123810267,"posz":1.5925201627444014,"roty":278.44331143981213,"rotx":-49.1275547890932},"scythe_pole":{"posx":0.16740313930474188,"posy":1.022460541689276,"posz":0.5923103836909867,"roty":278.44331143981213,"rotx":-49.1275547890932}}}
execute on vehicle unless entity @s[tag=aj.transforms_only] at @s run function animated_java:lich/animations/swing_flurry/zzz/frames/35_root_commands