# This file was generated by Animated Java via MC-Build. It is not recommended to edit this file directly.
$data merge entity $(bone_hair_side) {transformation: [-0.9465f,-0.0305f,-0.3214f,-0.2049f,-0.0176f,0.9989f,-0.0428f,1.9172f,0.3224f,-0.0348f,-0.946f,0.3292f,0f,0f,0f,1f],start_interpolation: 0,interpolation_duration: 1}
$data merge entity $(bone_hair_side1) {transformation: [-0.9465f,-0.0305f,-0.3214f,0.357f,-0.0176f,0.9989f,-0.0428f,1.9277f,0.3224f,-0.0348f,-0.946f,0.1378f,0f,0f,0f,1f],start_interpolation: 0,interpolation_duration: 1}
$data merge entity $(bone_beard) {transformation: [-0.9465f,-0.0305f,-0.3214f,0.0881f,-0.0176f,0.9989f,-0.0428f,1.6045f,0.3224f,-0.0348f,-0.946f,0.2515f,0f,0f,0f,1f],start_interpolation: 0,interpolation_duration: 1}
$data merge entity $(bone_head) {transformation: [-0.9465f,0.0258f,-0.3218f,0f,-0.0176f,0.9912f,0.1313f,1.7344f,0.3224f,0.13f,-0.9377f,0f,0f,0f,0f,1f],start_interpolation: 0,interpolation_duration: 1}
$data merge entity $(bone_body) {transformation: [-0.9288f,0f,-0.6348f,0f,0f,1.125f,0f,1.0625f,0.6348f,0f,-0.9288f,0f,0f,0f,0f,1f],start_interpolation: 0,interpolation_duration: 1}
$data merge entity $(bone_left4) {transformation: [-0.8904f,-0.1937f,-0.4119f,0.3344f,0.0664f,0.84f,-0.5385f,1.2994f,0.4503f,-0.5069f,-0.7351f,-0.3714f,0f,0f,0f,1f],start_interpolation: 0,interpolation_duration: 1}
$data merge entity $(bone_left3) {transformation: [-0.397f,-0.3044f,-0.8659f,0.5433f,-0.8603f,0.4521f,0.2355f,0.536f,0.3198f,0.8384f,-0.4414f,-1.1885f,0f,0f,0f,1f],start_interpolation: 0,interpolation_duration: 1}
$data merge entity $(bone_aura) {transformation: [1.7215f,-0.5968f,-1.5234f,0.8785f,-1.566f,0.0397f,-1.7852f,0.1633f,0.4741f,2.2984f,-0.3647f,1.67f,0f,0f,0f,1f],start_interpolation: 0,interpolation_duration: 1}
$data merge entity $(bone_scythe) {transformation: [1.2383f,-0.4293f,-1.0958f,0.1784f,-1.1264f,0.0286f,-1.2841f,1.012f,0.341f,1.6533f,-0.2623f,0.4402f,0f,0f,0f,1f],start_interpolation: 0,interpolation_duration: 1}
$data merge entity $(bone_right2) {transformation: [-0.6648f,-0.6899f,0.2865f,-0.0376f,-0.7438f,0.6469f,-0.1681f,1.2359f,-0.0693f,-0.3248f,-0.9432f,0.3347f,0f,0f,0f,1f],start_interpolation: 0,interpolation_duration: 1}
$data merge entity $(bone_right1) {transformation: [0.6477f,-0.6871f,-0.3292f,0.49f,0.7522f,0.6453f,0.1333f,0.3152f,0.1209f,-0.334f,0.9348f,0.6518f,0f,0f,0f,1f],start_interpolation: 0,interpolation_duration: 1}
data modify entity @s data merge value {"cameras":{},"locators":{"scythe_blade":{"posx":0.37876361058304986,"posy":0.5880473242233024,"posz":1.678167728102214,"roty":283.46333327389345,"rotx":-48.73336798506059},"scythe_pole":{"posx":0.11602005302031654,"posy":1.025661701004463,"posz":0.6336477521353983,"roty":283.46333327389345,"rotx":-48.73336798506059}}}
execute on vehicle unless entity @s[tag=aj.transforms_only] at @s run function animated_java:lich/animations/swing_flurry/zzz/frames/36_root_commands