# This file was generated by Animated Java via MC-Build. It is not recommended to edit this file directly.
$data merge entity $(bone_hair_side) {transformation: [-0.9503f,-0.0309f,-0.3098f,-0.2091f,-0.0167f,0.9987f,-0.0482f,1.9188f,0.3109f,-0.0407f,-0.9496f,0.3257f,0f,0f,0f,1f],start_interpolation: 0,interpolation_duration: 1}
$data merge entity $(bone_hair_side1) {transformation: [-0.9503f,-0.0309f,-0.3098f,0.3551f,-0.0167f,0.9987f,-0.0482f,1.9288f,0.3109f,-0.0407f,-0.9496f,0.1411f,0f,0f,0f,1f],start_interpolation: 0,interpolation_duration: 1}
$data merge entity $(bone_beard) {transformation: [-0.9503f,-0.0309f,-0.3098f,0.0851f,-0.0167f,0.9987f,-0.0482f,1.606f,0.3109f,-0.0407f,-0.9496f,0.2533f,0f,0f,0f,1f],start_interpolation: 0,interpolation_duration: 1}
$data merge entity $(bone_head) {transformation: [-0.9503f,0.0234f,-0.3104f,0f,-0.0167f,0.9919f,0.1259f,1.7344f,0.3109f,0.1248f,-0.9422f,0f,0f,0f,0f,1f],start_interpolation: 0,interpolation_duration: 1}
$data merge entity $(bone_body) {transformation: [-0.8511f,0f,-0.7357f,0f,0f,1.125f,0f,1.0625f,0.7357f,0f,-0.8511f,0f,0f,0f,0f,1f],start_interpolation: 0,interpolation_duration: 1}
$data merge entity $(bone_left4) {transformation: [-0.9932f,0.0834f,0.0812f,0.4287f,-0.0571f,0.2587f,-0.9643f,1.2242f,-0.1014f,-0.9623f,-0.2522f,-0.0671f,0f,0f,0f,1f],start_interpolation: 0,interpolation_duration: 1}
$data merge entity $(bone_left3) {transformation: [-0.7088f,-0.6728f,-0.2119f,0.9431f,-0.6011f,0.7333f,-0.3179f,0.2344f,0.3692f,-0.098f,-0.9242f,0.1554f,0f,0f,0f,1f],start_interpolation: 0,interpolation_duration: 1}
$data merge entity $(bone_aura) {transformation: [2.2479f,0.4729f,-0.6032f,1.8468f,-0.6089f,2.237f,-0.5153f,1.9338f,0.4656f,0.6424f,2.2386f,0.9229f,0f,0f,0f,1f],start_interpolation: 0,interpolation_duration: 1}
$data merge entity $(bone_scythe) {transformation: [1.6169f,0.3402f,-0.4339f,0.4054f,-0.438f,1.6091f,-0.3707f,1.3284f,0.3349f,0.4621f,1.6102f,0.3952f,0f,0f,0f,1f],start_interpolation: 0,interpolation_duration: 1}
$data merge entity $(bone_right2) {transformation: [-0.2406f,-0.9659f,-0.0956f,0.0922f,-0.1324f,0.1303f,-0.9826f,1.3732f,0.9616f,-0.2238f,-0.1592f,0.3067f,0f,0f,0f,1f],start_interpolation: 0,interpolation_duration: 1}
$data merge entity $(bone_right1) {transformation: [0.2086f,-0.9559f,-0.2066f,1.0427f,0.978f,0.2058f,0.0354f,0.8489f,0.0087f,-0.2095f,0.9778f,0.5265f,0f,0f,0f,1f],start_interpolation: 0,interpolation_duration: 1}
data modify entity @s data merge value {"cameras":{},"locators":{"scythe_blade":{"posx":1.2684537795709516,"posy":2.2304851338971043,"posz":0.8353722752246664,"roty":195.0810988083531,"rotx":-12.531119207329377},"scythe_pole":{"posx":0.43106062766731323,"posy":1.52371445044344,"posz":0.4470291149201087,"roty":195.0810988083531,"rotx":-12.531119207329377}}}