# This file was generated by Animated Java via MC-Build. It is not recommended to edit this file directly.
$data merge entity $(bone_hair_side) {transformation: [-0.9545f,-0.0284f,-0.2967f,-0.2132f,-0.015f,0.9988f,-0.0475f,1.9192f,0.2977f,-0.0409f,-0.9538f,0.3228f,0f,0f,0f,1f],start_interpolation: 0,interpolation_duration: 1}
$data merge entity $(bone_hair_side1) {transformation: [-0.9545f,-0.0284f,-0.2967f,0.3535f,-0.015f,0.9988f,-0.0475f,1.9281f,0.2977f,-0.0409f,-0.9538f,0.1461f,0f,0f,0f,1f],start_interpolation: 0,interpolation_duration: 1}
$data merge entity $(bone_beard) {transformation: [-0.9545f,-0.0284f,-0.2967f,0.0814f,-0.015f,0.9988f,-0.0475f,1.6058f,0.2977f,-0.0409f,-0.9538f,0.2544f,0f,0f,0f,1f],start_interpolation: 0,interpolation_duration: 1}
$data merge entity $(bone_head) {transformation: [-0.9545f,0.0236f,-0.2971f,0f,-0.015f,0.9918f,0.1267f,1.7344f,0.2977f,0.1254f,-0.9464f,0f,0f,0f,0f,1f],start_interpolation: 0,interpolation_duration: 1}
$data merge entity $(bone_body) {transformation: [-0.8441f,0f,-0.7437f,0f,0f,1.125f,0f,1.0625f,0.7437f,0f,-0.8441f,0f,0f,0f,0f,1f],start_interpolation: 0,interpolation_duration: 1}
$data merge entity $(bone_left4) {transformation: [-0.9819f,0.1374f,0.13f,0.419f,-0.1386f,-0.0549f,-0.9888f,1.2496f,-0.1287f,-0.989f,0.0729f,0.0369f,0f,0f,0f,1f],start_interpolation: 0,interpolation_duration: 1}
$data merge entity $(bone_left3) {transformation: [-0.7659f,-0.641f,-0.0504f,0.8807f,-0.504f,0.6472f,-0.572f,0.3843f,0.3992f,-0.4127f,-0.8187f,0.613f,0f,0f,0f,1f],start_interpolation: 0,interpolation_duration: 1}
$data merge entity $(bone_scythe) {transformation: [1.6632f,0.1805f,-0.3457f,0.4302f,-0.0987f,1.6599f,0.3917f,1.4541f,0.3773f,-0.3614f,1.6265f,0.3831f,0f,0f,0f,1f],start_interpolation: 0,interpolation_duration: 1}
$data merge entity $(bone_right2) {transformation: [-0.1975f,-0.9803f,0.0047f,0.1116f,0.3137f,-0.0678f,-0.9471f,1.427f,0.9287f,-0.1856f,0.3209f,0.3077f,0f,0f,0f,1f],start_interpolation: 0,interpolation_duration: 1}
$data merge entity $(bone_right1) {transformation: [0.0402f,-0.9747f,-0.2197f,1.1347f,0.9989f,0.0336f,0.0339f,1.0792f,-0.0257f,-0.2208f,0.975f,0.5503f,0f,0f,0f,1f],start_interpolation: 0,interpolation_duration: 1}
data modify entity @s data merge value {"cameras":{},"locators":{"hitbox":{"posx":0.5963465547344489,"posy":2.5596989860267847,"posz":0.15218695507979363,"roty":191.99832325404589,"rotx":13.255963008677377},"hitbox2":{"posx":1.3265443509939079,"posy":2.5163499082854504,"posz":0.317813148046986,"roty":191.99832325404589,"rotx":13.255963008677377}}}