# This file was generated by Animated Java via MC-Build. It is not recommended to edit this file directly.
$data merge entity $(bone_hair_side) {transformation: [-0.9657f,-0.0208f,-0.2588f,-0.2248f,-0.01f,0.999f,-0.043f,1.9196f,0.2595f,-0.0389f,-0.965f,0.3147f,0f,0f,0f,1f],start_interpolation: 0,interpolation_duration: 1}
$data merge entity $(bone_hair_side1) {transformation: [-0.9657f,-0.0208f,-0.2588f,0.3486f,-0.01f,0.999f,-0.043f,1.9255f,0.2595f,-0.0389f,-0.965f,0.1606f,0f,0f,0f,1f],start_interpolation: 0,interpolation_duration: 1}
$data merge entity $(bone_beard) {transformation: [-0.9657f,-0.0208f,-0.2588f,0.0704f,-0.01f,0.999f,-0.043f,1.6046f,0.2595f,-0.0389f,-0.965f,0.2571f,0f,0f,0f,1f],start_interpolation: 0,interpolation_duration: 1}
$data merge entity $(bone_head) {transformation: [-0.9657f,0.0245f,-0.2585f,0f,-0.01f,0.9913f,0.1312f,1.7344f,0.2595f,0.1292f,-0.9571f,0f,0f,0f,0f,1f],start_interpolation: 0,interpolation_duration: 1}
$data merge entity $(bone_body) {transformation: [-0.8925f,0f,-0.6849f,0f,0f,1.125f,0f,1.0625f,0.6849f,0f,-0.8925f,0f,0f,0f,0f,1f],start_interpolation: 0,interpolation_duration: 1}
$data merge entity $(bone_left4) {transformation: [-0.9776f,0.1411f,0.1561f,0.4092f,-0.1878f,-0.2508f,-0.9496f,1.283f,-0.0948f,-0.9577f,0.2717f,0.1085f,0f,0f,0f,1f],start_interpolation: 0,interpolation_duration: 1}
$data merge entity $(bone_left3) {transformation: [-0.7937f,-0.6073f,0.0345f,0.8254f,-0.4378f,0.531f,-0.7255f,0.5654f,0.4223f,-0.5909f,-0.6874f,0.8868f,0f,0f,0f,1f],start_interpolation: 0,interpolation_duration: 1}
$data merge entity $(bone_scythe) {transformation: [1.5711f,0.2103f,-0.6371f,0.3988f,0.1836f,1.4257f,0.9232f,1.5511f,0.6453f,-0.9174f,1.2885f,0.4474f,0f,0f,0f,1f],start_interpolation: 0,interpolation_duration: 1}
$data merge entity $(bone_right2) {transformation: [-0.3656f,-0.9301f,-0.0344f,0.0993f,0.6108f,-0.2118f,-0.763f,1.472f,0.7024f,-0.3f,0.6455f,0.338f,0f,0f,0f,1f],start_interpolation: 0,interpolation_duration: 1}
$data merge entity $(bone_right1) {transformation: [-0.0992f,-0.9177f,-0.3848f,1.1053f,0.9939f,-0.1104f,0.0072f,1.2788f,-0.0491f,-0.3817f,0.923f,0.7589f,0f,0f,0f,1f],start_interpolation: 0,interpolation_duration: 1}
data modify entity @s data merge value {"cameras":{},"locators":{"hitbox":{"posx":0.5822665498537456,"posy":2.5079827855669756,"posz":-0.14741587826821168,"roty":206.31054704488668,"rotx":32.70970194447855},"hitbox2":{"posx":1.272005206649046,"posy":2.588566402598449,"posz":0.13589819831172084,"roty":206.31054704488668,"rotx":32.70970194447855}}}