# This file was generated by Animated Java via MC-Build. It is not recommended to edit this file directly.
$data merge entity $(bone_hair_side) {transformation: [-0.9914f,0.0227f,0.1285f,-0.3229f,0.0227f,0.9997f,-0.0015f,1.9189f,-0.1285f,0.0015f,-0.9917f,0.2134f,0f,0f,0f,1f],start_interpolation: 0,interpolation_duration: 1}
$data merge entity $(bone_hair_side1) {transformation: [-0.9914f,0.0227f,0.1285f,0.2658f,0.0227f,0.9997f,-0.0015f,1.9054f,-0.1285f,0.0015f,-0.9917f,0.2897f,0f,0f,0f,1f],start_interpolation: 0,interpolation_duration: 1}
$data merge entity $(bone_beard) {transformation: [-0.9914f,0.0227f,0.1285f,-0.0367f,0.0227f,0.9997f,-0.0015f,1.5936f,-0.1285f,0.0015f,-0.9917f,0.2583f,0f,0f,0f,1f],start_interpolation: 0,interpolation_duration: 1}
$data merge entity $(bone_head) {transformation: [-0.9914f,0f,0.1305f,0f,0.0227f,0.9848f,0.1722f,1.7344f,-0.1285f,0.1736f,-0.9764f,0f,0f,0f,0f,1f],start_interpolation: 0,interpolation_duration: 1}
$data merge entity $(bone_body) {transformation: [-1.0572f,0f,0.3848f,0f,0f,1.125f,0f,1.0625f,-0.3848f,0f,-1.0572f,0f,0f,0f,0f,1f],start_interpolation: 0,interpolation_duration: 1}
$data merge entity $(bone_left4) {transformation: [-0.3492f,0.9172f,0.192f,0.2325f,0.3794f,0.3257f,-0.866f,1.2976f,-0.8568f,-0.2296f,-0.4617f,0.3541f,0f,0f,0f,1f],start_interpolation: 0,interpolation_duration: 1}
$data merge entity $(bone_left3) {transformation: [-0.9516f,0.24f,0.192f,-0.3274f,-0.0492f,0.4976f,-0.866f,0.7379f,-0.3034f,-0.8335f,-0.4617f,1.1709f,0f,0f,0f,1f],start_interpolation: 0,interpolation_duration: 1}
$data merge entity $(bone_aura) {transformation: [-2.1506f,0.9986f,0.1349f,-1.6709f,0.1207f,0.5711f,-2.3022f,1.7554f,-1.0005f,-2.0778f,-0.5679f,-1.7704f,0f,0f,0f,1f],start_interpolation: 0,interpolation_duration: 1}
$data merge entity $(bone_scythe) {transformation: [-1.5469f,0.7183f,0.0971f,-0.9029f,0.0868f,0.4108f,-1.6559f,1.4482f,-0.7196f,-1.4945f,-0.4085f,-0.3426f,0f,0f,0f,1f],start_interpolation: 0,interpolation_duration: 1}
$data merge entity $(bone_right2) {transformation: [0.0568f,0.923f,-0.3806f,-0.6009f,-0.9693f,-0.0403f,-0.2424f,1.4501f,-0.2391f,0.3827f,0.8924f,-0.2133f,0f,0f,0f,1f],start_interpolation: 0,interpolation_duration: 1}
$data merge entity $(bone_right1) {transformation: [0.0436f,0.923f,0.3823f,-1.5953f,0.999f,-0.0403f,-0.0167f,1.1807f,0f,0.3827f,-0.9239f,-0.6199f,0f,0f,0f,1f],start_interpolation: 0,interpolation_duration: 1}
data modify entity @s data merge value {"cameras":{},"locators":{"scythe_blade":{"posx":-1.0316961331574075,"posy":1.756601663117951,"posz":-1.6235509693597394,"roty":13.366561002518893,"rotx":-75.77233569141409},"scythe_pole":{"posx":-0.8033504540829594,"posy":1.4962200757349624,"posz":-0.5137662245556205,"roty":13.366561002518893,"rotx":-75.77233569141409}}}