# This file was generated by Animated Java via MC-Build. It is not recommended to edit this file directly.
$data merge entity $(bone_hair_side) {transformation: [-0.9997f,0.0247f,-0.0007f,-0.2922f,0.0247f,0.9995f,-0.0187f,1.9238f,0.0002f,-0.0187f,-0.9998f,0.2501f,0f,0f,0f,1f],start_interpolation: 0,interpolation_duration: 1}
$data merge entity $(bone_hair_side1) {transformation: [-0.9997f,0.0247f,-0.0007f,0.3013f,0.0247f,0.9995f,-0.0187f,1.9091f,0.0002f,-0.0187f,-0.9998f,0.25f,0f,0f,0f,1f],start_interpolation: 0,interpolation_duration: 1}
$data merge entity $(bone_beard) {transformation: [-0.9997f,0.0247f,-0.0007f,-0.0033f,0.0247f,0.9995f,-0.0187f,1.5982f,0.0002f,-0.0187f,-0.9998f,0.2633f,0f,0f,0f,1f],start_interpolation: 0,interpolation_duration: 1}
$data merge entity $(bone_head) {transformation: [-0.9997f,0.0244f,0.0036f,0f,0.0247f,0.9876f,0.1551f,1.7344f,0.0002f,0.1552f,-0.9879f,0f,0f,0f,0f,1f],start_interpolation: 0,interpolation_duration: 1}
$data merge entity $(bone_body) {transformation: [-1.1246f,0f,-0.0307f,0f,0f,1.125f,0f,1.0625f,0.0307f,0f,-1.1246f,0f,0f,0f,0f,1f],start_interpolation: 0,interpolation_duration: 1}
$data merge entity $(bone_left4) {transformation: [-0.9702f,-0.0164f,0.2417f,0.4142f,-0.2393f,-0.0928f,-0.9665f,1.3045f,0.0383f,-0.9956f,0.0861f,0.219f,0f,0f,0f,1f],start_interpolation: 0,interpolation_duration: 1}
$data merge entity $(bone_left3) {transformation: [-0.778f,-0.6246f,0.0678f,0.8542f,-0.4327f,0.4546f,-0.7785f,0.672f,0.4554f,-0.635f,-0.624f,1.0559f,0f,0f,0f,1f],start_interpolation: 0,interpolation_duration: 1}
$data merge entity $(bone_scythe) {transformation: [-0.5811f,1.1586f,-1.1129f,-0.3315f,-0.1347f,1.1441f,1.2614f,1.481f,1.6008f,0.5168f,-0.2978f,0.6891f,0f,0f,0f,1f],start_interpolation: 0,interpolation_duration: 1}
$data merge entity $(bone_right2) {transformation: [-0.5835f,0.1332f,-0.8011f,-0.2787f,0.7951f,-0.1072f,-0.597f,1.4335f,-0.1654f,-0.9853f,-0.0434f,0.3684f,0f,0f,0f,1f],start_interpolation: 0,interpolation_duration: 1}
$data merge entity $(bone_right1) {transformation: [-0.3465f,0.2043f,-0.9155f,-0.3874f,0.9361f,0.0129f,-0.3514f,1.1272f,-0.0599f,-0.9788f,-0.1957f,1.4271f,0f,0f,0f,1f],start_interpolation: 0,interpolation_duration: 1}
data modify entity @s data merge value {"cameras":{},"locators":{"hitbox":{"posx":0.42608992683305735,"posy":2.241275969078533,"posz":1.0780797957253625,"roty":284.9832265018256,"rotx":47.59495272323878},"hitbox2":{"posx":0.17097830920049562,"posy":2.1821497813900312,"posz":1.7808757522293266,"roty":284.9832265018256,"rotx":47.59495272323878}}}