# This file was generated by Animated Java via MC-Build. It is not recommended to edit this file directly.
$data merge entity $(bone_hair_side) {transformation: [-0.9882f,-0.0007f,-0.1534f,-0.2546f,0.0041f,0.9995f,-0.031f,-0.5167f,0.1534f,-0.0312f,-0.9877f,0.2903f,0f,0f,0f,1f],start_interpolation: 0,interpolation_duration: 1}
$data merge entity $(bone_hair_side1) {transformation: [-0.9882f,-0.0007f,-0.1534f,0.3321f,0.0041f,0.9995f,-0.031f,-0.5191f,0.1534f,-0.0312f,-0.9877f,0.1992f,0f,0f,0f,1f],start_interpolation: 0,interpolation_duration: 1}
$data merge entity $(bone_beard) {transformation: [-0.9882f,-0.0007f,-0.1534f,0.0401f,0.0041f,0.9995f,-0.031f,-0.8361f,0.1534f,-0.0312f,-0.9877f,0.2619f,0f,0f,0f,1f],start_interpolation: 0,interpolation_duration: 1}
$data merge entity $(bone_head) {transformation: [-0.9882f,0.026f,-0.1512f,0f,0.0041f,0.9897f,0.1431f,-0.7031f,0.1534f,0.1407f,-0.9781f,0f,0f,0f,0f,1f],start_interpolation: 0,interpolation_duration: 1}
$data merge entity $(bone_body) {transformation: [-1.0346f,0f,-0.4418f,0f,0f,1.125f,0f,-1.375f,0.4418f,0f,-1.0346f,0f,0f,0f,0f,1f],start_interpolation: 0,interpolation_duration: 1}
$data merge entity $(bone_left4) {transformation: [-0.9758f,0.0856f,0.2014f,0.4077f,-0.2168f,-0.2552f,-0.9423f,-1.1337f,-0.0293f,-0.9631f,0.2676f,0.1689f,0f,0f,0f,1f],start_interpolation: 0,interpolation_duration: 1}
$data merge entity $(bone_left3) {transformation: [-0.7954f,-0.6021f,0.0693f,0.8177f,-0.4151f,0.458f,-0.7861f,-1.7644f,0.4416f,-0.654f,-0.6142f,1.0222f,0f,0f,0f,1f],start_interpolation: 0,interpolation_duration: 1}
$data merge entity $(bone_aura) {transformation: [1.2215f,1.2369f,-1.6182f,1.365f,0.3469f,1.733f,1.5865f,0.0851f,2.0071f,-1.0523f,0.7106f,1.3198f,0f,0f,0f,1f],start_interpolation: 0,interpolation_duration: 1}
$data merge entity $(bone_scythe) {transformation: [0.8786f,0.8897f,-1.164f,0.1691f,0.2495f,1.2466f,1.1412f,-0.8363f,1.4437f,-0.7569f,0.5112f,0.6536f,0f,0f,0f,1f],start_interpolation: 0,interpolation_duration: 1}
$data merge entity $(bone_right2) {transformation: [-0.6394f,-0.6143f,-0.4623f,-0.0224f,0.7275f,-0.2889f,-0.6223f,-0.9424f,0.2487f,-0.7343f,0.6317f,0.4088f,0f,0f,0f,1f],start_interpolation: 0,interpolation_duration: 1}
$data merge entity $(bone_right1) {transformation: [-0.2339f,-0.5548f,-0.7985f,0.6401f,0.9704f,-0.1842f,-0.1562f,-1.05f,-0.0604f,-0.8114f,0.5814f,1.2898f,0f,0f,0f,1f],start_interpolation: 0,interpolation_duration: 1}
execute on vehicle unless entity @s[tag=aj.transforms_only] positioned ^1.1087383321 ^0.09415239 ^0.7160787661 rotated ~246.291432987 ~41.9121479008 run function animated_java:lich/animations/swing_flurry/zzz/frames/43_locator_commands
execute on vehicle unless entity @s[tag=aj.transforms_only] positioned ^0.2669003476 ^-0.6903451322 ^0.550443789 rotated ~246.291432987 ~41.9121479008 run function animated_java:lich/animations/swing_flurry/zzz/frames/43_locator_commands
data modify entity @s data merge value {"cameras":{},"locators":{"scythe_blade":{"posx":1.1087383320647337,"posy":0.09415238998622255,"posz":0.7160787661407326,"roty":246.2914329869531,"rotx":41.91214790082155},"scythe_pole":{"posx":0.2669003476265098,"posy":-0.6903451322001716,"posz":0.5504437890362656,"roty":246.2914329869531,"rotx":41.91214790082155}}}
execute on vehicle unless entity @s[tag=aj.transforms_only] at @s run function animated_java:lich/animations/swing_flurry/zzz/frames/43_root_commands