# This file was generated by Animated Java via MC-Build. It is not recommended to edit this file directly.
$data merge entity $(bone_hair_side) {transformation: [-0.9566f,0.0615f,0.2849f,-0.3453f,0.0606f,0.9981f,-0.0122f,-0.5049f,-0.2851f,0.0056f,-0.9585f,0.1593f,0f,0f,0f,1f],start_interpolation: 0,interpolation_duration: 1}
$data merge entity $(bone_hair_side1) {transformation: [-0.9566f,0.0615f,0.2849f,0.2227f,0.0606f,0.9981f,-0.0122f,-0.5409f,-0.2851f,0.0056f,-0.9585f,0.3285f,0f,0f,0f,1f],start_interpolation: 0,interpolation_duration: 1}
$data merge entity $(bone_beard) {transformation: [-0.9566f,0.0615f,0.2849f,-0.083f,0.0606f,0.9981f,-0.0122f,-0.8408f,-0.2851f,0.0056f,-0.9585f,0.2491f,0f,0f,0f,1f],start_interpolation: 0,interpolation_duration: 1}
$data merge entity $(bone_head) {transformation: [-0.9566f,0.0111f,0.2912f,0f,0.0606f,0.985f,0.1613f,-0.7031f,-0.2851f,0.1719f,-0.943f,0f,0f,0f,0f,1f],start_interpolation: 0,interpolation_duration: 1}
$data merge entity $(bone_body) {transformation: [-0.8677f,0f,0.7161f,0f,0f,1.125f,0f,-1.375f,-0.7161f,0f,-0.8677f,0f,0f,0f,0f,1f],start_interpolation: 0,interpolation_duration: 1}
$data merge entity $(bone_left4) {transformation: [-0.9463f,-0.2333f,0.2236f,0.4298f,-0.2852f,0.2778f,-0.9173f,-1.1431f,0.1519f,-0.9319f,-0.3294f,0.2968f,0f,0f,0f,1f],start_interpolation: 0,interpolation_duration: 1}
$data merge entity $(bone_left3) {transformation: [-0.7341f,-0.6782f,0.0344f,0.9421f,-0.485f,0.4881f,-0.7256f,-1.8286f,0.4753f,-0.5494f,-0.6872f,1.0463f,0f,0f,0f,1f],start_interpolation: 0,interpolation_duration: 1}
$data merge entity $(bone_aura) {transformation: [-1.8525f,-1.0927f,-1.0073f,-2.3012f,-0.8325f,-0.5705f,2.1499f,-1.987f,-1.2311f,2.0301f,0.062f,-0.029f,0f,0f,0f,1f],start_interpolation: 0,interpolation_duration: 1}
$data merge entity $(bone_scythe) {transformation: [-1.3325f,-0.786f,-0.7246f,-0.8173f,-0.5988f,-0.4104f,1.5464f,-1.2867f,-0.8855f,1.4602f,0.0446f,-0.2034f,0f,0f,0f,1f],start_interpolation: 0,interpolation_duration: 1}
$data merge entity $(bone_right2) {transformation: [-0.4357f,0.8987f,0.0497f,-0.5156f,0.8931f,0.4247f,0.1484f,-1.1613f,0.1122f,0.1091f,-0.9877f,-0.1694f,0f,0f,0f,1f],start_interpolation: 0,interpolation_duration: 1}
$data merge entity $(bone_right1) {transformation: [-0.5158f,0.8375f,0.1802f,-1.2443f,0.8551f,0.516f,0.0492f,-1.9768f,-0.0518f,0.1795f,-0.9824f,-0.344f,0f,0f,0f,1f],start_interpolation: 0,interpolation_duration: 1}
data modify entity @s data merge value {"cameras":{},"locators":{"scythe_blade":{"posx":-1.8661987171929544,"posy":-1.7961760318900408,"posz":0.42327046213879027,"roty":266.47959218947784,"rotx":64.8533498047563},"scythe_pole":{"posx":-0.8986045694785096,"posy":-1.3299917844721874,"posz":-0.021697303849046945,"roty":266.47959218947784,"rotx":64.8533498047563}}}
execute on vehicle unless entity @s[tag=aj.transforms_only] at @s run function animated_java:lich/animations/swing_flurry/zzz/frames/49_root_commands