# This file was generated by Animated Java via MC-Build. It is not recommended to edit this file directly.
$data merge entity $(bone_hair_side) {transformation: [-0.9871f,0.0279f,0.1578f,-0.3281f,0.0278f,0.9996f,-0.003f,1.9208f,-0.1578f,0.0014f,-0.9875f,0.2036f,0f,0f,0f,1f],start_interpolation: 0,interpolation_duration: 1}
$data merge entity $(bone_hair_side1) {transformation: [-0.9871f,0.0279f,0.1578f,0.258f,0.0278f,0.9996f,-0.003f,1.9043f,-0.1578f,0.0014f,-0.9875f,0.2973f,0f,0f,0f,1f],start_interpolation: 0,interpolation_duration: 1}
$data merge entity $(bone_beard) {transformation: [-0.9871f,0.0279f,0.1578f,-0.0451f,0.0278f,0.9996f,-0.003f,1.5941f,-0.1578f,0.0014f,-0.9875f,0.2572f,0f,0f,0f,1f],start_interpolation: 0,interpolation_duration: 1}
$data merge entity $(bone_head) {transformation: [-0.9871f,0.0001f,0.1602f,0f,0.0278f,0.985f,0.1706f,1.7344f,-0.1578f,0.1728f,-0.9722f,0f,0f,0f,0f,1f],start_interpolation: 0,interpolation_duration: 1}
$data merge entity $(bone_body) {transformation: [-1.0496f,0f,0.4049f,0f,0f,1.125f,0f,1.0625f,-0.4049f,0f,-1.0496f,0f,0f,0f,0f,1f],start_interpolation: 0,interpolation_duration: 1}
$data merge entity $(bone_left4) {transformation: [-0.1996f,0.9641f,0.1749f,0.205f,0.2898f,0.2286f,-0.9294f,1.3428f,-0.936f,-0.1349f,-0.325f,0.3892f,0f,0f,0f,1f],start_interpolation: 0,interpolation_duration: 1}
$data merge entity $(bone_left3) {transformation: [-0.9332f,0.339f,0.1194f,-0.4573f,0.0026f,0.3385f,-0.941f,0.9734f,-0.3594f,-0.8778f,-0.3168f,1.2369f,0f,0f,0f,1f],start_interpolation: 0,interpolation_duration: 1}
$data merge entity $(bone_scythe) {transformation: [-1.3636f,1.0262f,0.0756f,-0.8383f,0.0635f,0.2092f,-1.6943f,1.4577f,-1.0271f,-1.3496f,-0.2052f,-0.4839f,0f,0f,0f,1f],start_interpolation: 0,interpolation_duration: 1}
$data merge entity $(bone_right2) {transformation: [0.0442f,0.8237f,-0.5653f,-0.5687f,-0.9918f,-0.0318f,-0.124f,1.4627f,-0.1201f,0.5662f,0.8155f,-0.2963f,0f,0f,0f,1f],start_interpolation: 0,interpolation_duration: 1}
$data merge entity $(bone_right1) {transformation: [0.098f,0.8199f,0.5641f,-1.4704f,0.9952f,-0.0807f,-0.0556f,1.2375f,0f,0.5669f,-0.8238f,-0.8986f,0f,0f,0f,1f],start_interpolation: 0,interpolation_duration: 1}
data modify entity @s data merge value {"cameras":{},"locators":{"hitbox":{"posx":-0.1904916742377698,"posy":1.5991250047871062,"posz":-1.4132288913670823,"roty":20.223561239629106,"rotx":-82.64576403644618},"hitbox2":{"posx":-0.7891630822610812,"posy":1.627023071441358,"posz":-1.8641326982841901,"roty":20.223561239629106,"rotx":-82.64576403644618}}}