# This file was generated by Animated Java via MC-Build. It is not recommended to edit this file directly.
$data merge entity $(bone_hair_side) {transformation: [-0.9871f,0.0279f,0.1578f,-0.3281f,0.0278f,0.9996f,-0.003f,1.9208f,-0.1578f,0.0014f,-0.9875f,0.2036f,0f,0f,0f,1f],start_interpolation: 0,interpolation_duration: 1}
$data merge entity $(bone_hair_side1) {transformation: [-0.9871f,0.0279f,0.1578f,0.258f,0.0278f,0.9996f,-0.003f,1.9043f,-0.1578f,0.0014f,-0.9875f,0.2973f,0f,0f,0f,1f],start_interpolation: 0,interpolation_duration: 1}
$data merge entity $(bone_beard) {transformation: [-0.9871f,0.0279f,0.1578f,-0.0451f,0.0278f,0.9996f,-0.003f,1.5941f,-0.1578f,0.0014f,-0.9875f,0.2572f,0f,0f,0f,1f],start_interpolation: 0,interpolation_duration: 1}
$data merge entity $(bone_head) {transformation: [-0.9871f,0.0001f,0.1602f,0f,0.0278f,0.985f,0.1706f,1.7344f,-0.1578f,0.1728f,-0.9722f,0f,0f,0f,0f,1f],start_interpolation: 0,interpolation_duration: 1}
$data merge entity $(bone_body) {transformation: [-1.0496f,0f,0.4049f,0f,0f,1.125f,0f,1.0625f,-0.4049f,0f,-1.0496f,0f,0f,0f,0f,1f],start_interpolation: 0,interpolation_duration: 1}
$data merge entity $(bone_left4) {transformation: [-0.1996f,0.9641f,0.1749f,0.205f,0.2898f,0.2286f,-0.9294f,1.3428f,-0.936f,-0.1349f,-0.325f,0.3892f,0f,0f,0f,1f],start_interpolation: 0,interpolation_duration: 1}
$data merge entity $(bone_left3) {transformation: [-0.9332f,0.339f,0.1194f,-0.4573f,0.0026f,0.3385f,-0.941f,0.9734f,-0.3594f,-0.8778f,-0.3168f,1.2369f,0f,0f,0f,1f],start_interpolation: 0,interpolation_duration: 1}
$data merge entity $(bone_aura) {transformation: [-1.8929f,1.433f,0.0627f,-1.2803f,0.1318f,0.2771f,-2.3551f,1.659f,-1.4283f,-1.8736f,-0.3004f,-2.0623f,0f,0f,0f,1f],start_interpolation: 0,interpolation_duration: 1}
$data merge entity $(bone_scythe) {transformation: [-1.3616f,1.0308f,0.0451f,-0.8376f,0.0948f,0.1993f,-1.694f,1.4695f,-1.0274f,-1.3477f,-0.2161f,-0.4841f,0f,0f,0f,1f],start_interpolation: 0,interpolation_duration: 1}
$data merge entity $(bone_right2) {transformation: [0.0264f,0.8226f,-0.568f,-0.5681f,-0.9916f,-0.0503f,-0.119f,1.4685f,-0.1265f,0.5664f,0.8144f,-0.2963f,0f,0f,0f,1f],start_interpolation: 0,interpolation_duration: 1}
$data merge entity $(bone_right1) {transformation: [0.116f,0.8179f,0.5636f,-1.4733f,0.9932f,-0.0992f,-0.0605f,1.2635f,0.0065f,0.5668f,-0.8238f,-0.9005f,0f,0f,0f,1f],start_interpolation: 0,interpolation_duration: 1}
data modify entity @s data merge value {"cameras":{},"locators":{"scythe_blade":{"posx":-0.6848655575441315,"posy":1.639884914233197,"posz":-1.7879649948918708,"roty":11.790682171891746,"rotx":-82.5768009138449},"scythe_pole":{"posx":-0.7025715718130162,"posy":1.4923556869839507,"posz":-0.6349324176565394,"roty":11.790682171891746,"rotx":-82.5768009138449}}}
execute on vehicle unless entity @s[tag=aj.transforms_only] at @s run function animated_java:lich/animations/swing_flurry/zzz/frames/5_root_commands