# This file was generated by Animated Java via MC-Build. It is not recommended to edit this file directly.
$data merge entity $(bone_hair_side) {transformation: [-0.9895f,0.0251f,0.1422f,-0.3253f,0.025f,0.9997f,-0.0021f,1.9197f,-0.1422f,0.0015f,-0.9898f,0.2089f,0f,0f,0f,1f],start_interpolation: 0,interpolation_duration: 1}
$data merge entity $(bone_hair_side1) {transformation: [-0.9895f,0.0251f,0.1422f,0.2622f,0.025f,0.9997f,-0.0021f,1.9049f,-0.1422f,0.0015f,-0.9898f,0.2933f,0f,0f,0f,1f],start_interpolation: 0,interpolation_duration: 1}
$data merge entity $(bone_beard) {transformation: [-0.9895f,0.0251f,0.1422f,-0.0406f,0.025f,0.9997f,-0.0021f,1.5938f,-0.1422f,0.0015f,-0.9898f,0.2578f,0f,0f,0f,1f],start_interpolation: 0,interpolation_duration: 1}
$data merge entity $(bone_head) {transformation: [-0.9895f,0f,0.1444f,0f,0.025f,0.9849f,0.1716f,1.7344f,-0.1422f,0.1734f,-0.9745f,0f,0f,0f,0f,1f],start_interpolation: 0,interpolation_duration: 1}
$data merge entity $(bone_body) {transformation: [-1.0434f,0f,0.4207f,0f,0f,1.125f,0f,1.0625f,-0.4207f,0f,-1.0434f,0f,0f,0f,0f,1f],start_interpolation: 0,interpolation_duration: 1}
$data merge entity $(bone_left4) {transformation: [-0.2436f,0.954f,0.1746f,0.2181f,0.3359f,0.2519f,-0.9076f,1.3221f,-0.9098f,-0.1625f,-0.3818f,0.3741f,0f,0f,0f,1f],start_interpolation: 0,interpolation_duration: 1}
$data merge entity $(bone_left3) {transformation: [-0.9429f,0.2917f,0.1606f,-0.3956f,-0.028f,0.4111f,-0.9112f,0.8638f,-0.3318f,-0.8637f,-0.3794f,1.2151f,0f,0f,0f,1f],start_interpolation: 0,interpolation_duration: 1}
$data merge entity $(bone_aura) {transformation: [-2.0718f,1.1602f,0.0473f,-1.5393f,0.1194f,0.3091f,-2.3518f,1.6624f,-1.155f,-2.0492f,-0.328f,-1.8953f,0f,0f,0f,1f],start_interpolation: 0,interpolation_duration: 1}
$data merge entity $(bone_scythe) {transformation: [-1.4903f,0.8345f,0.034f,-0.8829f,0.0859f,0.2223f,-1.6916f,1.4662f,-0.8308f,-1.474f,-0.2359f,-0.3942f,0f,0f,0f,1f],start_interpolation: 0,interpolation_duration: 1}
$data merge entity $(bone_right2) {transformation: [0.0199f,0.8928f,-0.45f,-0.5902f,-0.9902f,-0.0446f,-0.1322f,1.4671f,-0.1381f,0.4482f,0.8832f,-0.245f,0f,0f,0f,1f],start_interpolation: 0,interpolation_duration: 1}
$data merge entity $(bone_right1) {transformation: [0.1049f,0.8887f,0.4464f,-1.5672f,0.9945f,-0.0947f,-0.0452f,1.2569f,0.0021f,0.4487f,-0.8937f,-0.7223f,0f,0f,0f,1f],start_interpolation: 0,interpolation_duration: 1}
data modify entity @s data merge value {"cameras":{},"locators":{"scythe_blade":{"posx":-0.9117744936893745,"posy":1.6484597348199999,"posz":-1.7050603993354083,"roty":8.198809657491807,"rotx":-81.97998377697172},"scythe_pole":{"posx":-0.7700002059132663,"posy":1.4918787942411438,"posz":-0.561843464378172,"roty":8.198809657491807,"rotx":-81.97998377697172}}}