# This file was generated by Animated Java via MC-Build. It is not recommended to edit this file directly.
$data merge entity $(bone_hair_side) {transformation: [-0.978f,0.0452f,0.2038f,-0.334f,0.0486f,0.9987f,0.0121f,1.923f,-0.203f,0.0217f,-0.9789f,0.1917f,0f,0f,0f,1f],start_interpolation: -1,interpolation_duration: 0}
$data merge entity $(bone_hair_side1) {transformation: [-0.978f,0.0452f,0.2038f,0.2467f,0.0486f,0.9987f,0.0121f,1.8941f,-0.203f,0.0217f,-0.9789f,0.3122f,0f,0f,0f,1f],start_interpolation: -1,interpolation_duration: 0}
$data merge entity $(bone_beard) {transformation: [-0.978f,0.0505f,0.2025f,-0.0595f,0.0486f,0.9987f,-0.014f,1.5902f,-0.203f,-0.0039f,-0.9792f,0.2521f,0f,0f,0f,1f],start_interpolation: -1,interpolation_duration: 0}
$data merge entity $(bone_head) {transformation: [-0.978f,0.0091f,0.2085f,0f,0.0486f,0.9815f,0.1853f,1.7344f,-0.203f,0.1914f,-0.9603f,0f,0f,0f,0f,1f],start_interpolation: -1,interpolation_duration: 0}
$data merge entity $(bone_body) {transformation: [-0.9918f,0f,0.5309f,0f,0f,1.125f,0f,1.0625f,-0.5309f,0f,-0.9918f,0f,0f,0f,0f,1f],start_interpolation: -1,interpolation_duration: 0}
$data merge entity $(bone_left4) {transformation: [-0.9592f,-0.2562f,0.12f,0.4118f,-0.2256f,0.4368f,-0.8708f,1.2467f,0.1707f,-0.8623f,-0.4767f,0.2226f,0f,0f,0f,1f],start_interpolation: -1,interpolation_duration: 0}
$data merge entity $(bone_left3) {transformation: [-0.7859f,-0.6162f,-0.0518f,0.8402f,-0.4783f,0.6587f,-0.5809f,0.3769f,0.392f,-0.4317f,-0.8124f,0.8173f,0f,0f,0f,1f],start_interpolation: -1,interpolation_duration: 0}
$data merge entity $(bone_scythe) {transformation: [-1.9493f,-0.6323f,-1.2004f,-0.7877f,-1.1742f,-0.2663f,2.0472f,1.1174f,-0.6796f,2.2737f,-0.094f,0.066f,0f,0f,0f,1f],start_interpolation: -1,interpolation_duration: 0}
$data merge entity $(bone_right2) {transformation: [-0.4901f,0.8401f,-0.2327f,-0.5044f,0.8702f,0.4868f,-0.0752f,1.2636f,0.0501f,-0.2393f,-0.9696f,-0.0133f,0f,0f,0f,1f],start_interpolation: -1,interpolation_duration: 0}
$data merge entity $(bone_right1) {transformation: [-0.5672f,0.814f,-0.1252f,-1.192f,0.8233f,0.5566f,-0.1115f,0.4149f,-0.0211f,-0.1663f,-0.9858f,0.17f,0f,0f,0f,1f],start_interpolation: -1,interpolation_duration: 0}
data modify entity @s data merge value {"cameras":{},"locators":{"scythe_blade":{"posx":-1.6428058426803602,"posy":0.6573287438292537,"posz":0.9657567880740517,"roty":274.47928768363136,"rotx":59.53748668428401},"scythe_pole":{"posx":-0.8289282730420963,"posy":1.1023695709469647,"posz":0.2649683293804901,"roty":274.47928768363136,"rotx":59.53748668428401}}}
execute on vehicle unless entity @s[tag=aj.transforms_only] at @s run function animated_java:lich/animations/swing_flurry/zzz/frames/52_root_commands