# This file was generated by Animated Java via MC-Build. It is not recommended to edit this file directly.
$data merge entity $(bone_hair_side) {transformation: [-0.9913f,0.0296f,0.1286f,-0.3216f,0.0358f,0.9983f,0.0457f,1.9106f,-0.127f,0.0499f,-0.9906f,0.2222f,0f,0f,0f,1f],start_interpolation: 0,interpolation_duration: 1}
$data merge entity $(bone_hair_side1) {transformation: [-0.9913f,0.0296f,0.1286f,0.267f,0.0358f,0.9983f,0.0457f,1.8893f,-0.127f,0.0499f,-0.9906f,0.2976f,0f,0f,0f,1f],start_interpolation: 0,interpolation_duration: 1}
$data merge entity $(bone_beard) {transformation: [-0.9913f,0.0363f,0.1269f,-0.0377f,0.0358f,0.9993f,-0.0066f,1.5815f,-0.127f,-0.002f,-0.9919f,0.2512f,0f,0f,0f,1f],start_interpolation: 0,interpolation_duration: 1}
$data merge entity $(bone_head) {transformation: [-0.9913f,0.0069f,0.1318f,0f,0.0358f,0.9752f,0.2184f,1.7344f,-0.127f,0.2212f,-0.9669f,0f,0f,0f,0f,1f],start_interpolation: 0,interpolation_duration: 1}
$data merge entity $(bone_body) {transformation: [-1.0695f,0f,0.3491f,0f,0f,1.125f,0f,1.0625f,-0.3491f,0f,-1.0695f,0f,0f,0f,0f,1f],start_interpolation: 0,interpolation_duration: 1}
$data merge entity $(bone_left4) {transformation: [-0.9555f,-0.2949f,-0.0028f,0.3833f,-0.2085f,0.6819f,-0.7011f,1.1986f,0.2087f,-0.6693f,-0.7131f,0.1147f,0f,0f,0f,1f],start_interpolation: 0,interpolation_duration: 1}
$data merge entity $(bone_left3) {transformation: [-0.8459f,-0.5173f,-0.13f,0.6847f,-0.4609f,0.8316f,-0.3099f,0.145f,0.2684f,-0.2022f,-0.9418f,0.4197f,0f,0f,0f,1f],start_interpolation: 0,interpolation_duration: 1}
$data merge entity $(bone_scythe) {transformation: [-1.2864f,-0.158f,-1.1129f,-0.6864f,-1.102f,-0.1558f,1.296f,1.0676f,-0.2213f,1.6939f,0.0154f,0.264f,0f,0f,0f,1f],start_interpolation: 0,interpolation_duration: 1}
$data merge entity $(bone_right2) {transformation: [-0.6169f,0.661f,-0.4271f,-0.4598f,0.7815f,0.5785f,-0.2335f,1.2452f,0.0927f,-0.4779f,-0.8735f,0.1058f,0f,0f,0f,1f],start_interpolation: 0,interpolation_duration: 1}
$data merge entity $(bone_right1) {transformation: [-0.6674f,0.6714f,-0.3221f,-0.9647f,0.7443f,0.6154f,-0.2595f,0.3588f,0.024f,-0.4129f,-0.9104f,0.5371f,0f,0f,0f,1f],start_interpolation: 0,interpolation_duration: 1}
data modify entity @s data merge value {"cameras":{},"locators":{"hitbox":{"posx":-0.8271586918679735,"posy":0.9333530641428761,"posz":1.3889349810351876,"roty":269.20852944207724,"rotx":49.34512914977696},"hitbox2":{"posx":-1.3919407940686803,"posy":0.4495362358706506,"posz":1.291762692216028,"roty":269.20852944207724,"rotx":49.34512914977696}}}