# This file was generated by Animated Java via MC-Build. It is not recommended to edit this file directly.
$data merge entity $(bone_hair_side) {transformation: [-0.9989f,0.0175f,0.0436f,-0.3045f,0.021f,0.9965f,0.0805f,1.897f,-0.0421f,0.0814f,-0.9958f,0.2543f,0f,0f,0f,1f],start_interpolation: 0,interpolation_duration: 1}
$data merge entity $(bone_hair_side1) {transformation: [-0.9989f,0.0175f,0.0436f,0.2886f,0.021f,0.9965f,0.0805f,1.8846f,-0.0421f,0.0814f,-0.9958f,0.2793f,0f,0f,0f,1f],start_interpolation: 0,interpolation_duration: 1}
$data merge entity $(bone_beard) {transformation: [-0.9989f,0.0209f,0.0421f,-0.0139f,0.021f,0.9998f,0.0021f,1.5727f,-0.0421f,0.003f,-0.9991f,0.2481f,0f,0f,0f,1f],start_interpolation: 0,interpolation_duration: 1}
$data merge entity $(bone_head) {transformation: [-0.9989f,0.0097f,0.046f,0f,0.021f,0.9674f,0.2524f,1.7344f,-0.0421f,0.253f,-0.9665f,0f,0f,0f,0f,1f],start_interpolation: 0,interpolation_duration: 1}
$data merge entity $(bone_body) {transformation: [-1.1168f,0f,0.1355f,0f,0f,1.125f,0f,1.0625f,-0.1355f,0f,-1.1168f,0f,0f,0f,0f,1f],start_interpolation: 0,interpolation_duration: 1}
$data merge entity $(bone_left4) {transformation: [-0.943f,-0.3242f,-0.075f,0.355f,-0.264f,0.8661f,-0.4245f,1.179f,0.2026f,-0.3805f,-0.9023f,-0.0167f,0f,0f,0f,1f],start_interpolation: 0,interpolation_duration: 1}
$data merge entity $(bone_left3) {transformation: [-0.895f,-0.4186f,-0.1544f,0.5331f,-0.4279f,0.9033f,0.0316f,0.0573f,0.1263f,0.0944f,-0.9875f,-0.0805f,0f,0f,0f,1f],start_interpolation: 0,interpolation_duration: 1}
$data merge entity $(bone_aura) {transformation: [-1.476f,0.2475f,-1.8441f,-1.2425f,-1.8564f,-0.0365f,1.481f,0.0195f,0.126f,2.3618f,0.2161f,1.5226f,0f,0f,0f,1f],start_interpolation: 0,interpolation_duration: 1}
$data merge entity $(bone_scythe) {transformation: [-1.0617f,0.178f,-1.3265f,-0.531f,-1.3353f,-0.0263f,1.0653f,1.0608f,0.0906f,1.6988f,0.1555f,0.4585f,0f,0f,0f,1f],start_interpolation: 0,interpolation_duration: 1}
$data merge entity $(bone_right2) {transformation: [-0.729f,0.3932f,-0.5603f,-0.3906f,0.6656f,0.5982f,-0.4462f,1.2467f,0.1598f,-0.6982f,-0.6978f,0.2269f,0f,0f,0f,1f],start_interpolation: 0,interpolation_duration: 1}
$data merge entity $(bone_right1) {transformation: [-0.7637f,0.4498f,-0.463f,-0.6298f,0.6413f,0.6107f,-0.4645f,0.3974f,0.0738f,-0.6517f,-0.7549f,0.8963f,0f,0f,0f,1f],start_interpolation: 0,interpolation_duration: 1}
data modify entity @s data merge value {"cameras":{},"locators":{"scythe_blade":{"posx":-0.829686952392046,"posy":0.5180817961761459,"posz":1.6284304874592763,"roty":263.315517555022,"rotx":38.57677561591492},"scythe_pole":{"posx":-0.5000976846774869,"posy":1.069860187618327,"posz":0.6596817990241076,"roty":263.315517555022,"rotx":38.57677561591492}}}
execute on vehicle unless entity @s[tag=aj.transforms_only] at @s run function animated_java:lich/animations/swing_flurry/zzz/frames/54_root_commands