# This file was generated by Animated Java via MC-Build. It is not recommended to edit this file directly.
$data merge entity $(bone_hair_side) {transformation: [-0.9994f,0.0112f,-0.0339f,-0.2861f,0.0074f,0.9939f,0.1097f,1.8851f,0.0349f,0.1094f,-0.9934f,0.2815f,0f,0f,0f,1f],start_interpolation: 0,interpolation_duration: 1}
$data merge entity $(bone_hair_side1) {transformation: [-0.9994f,0.0112f,-0.0339f,0.3073f,0.0074f,0.9939f,0.1097f,1.8807f,0.0349f,0.1094f,-0.9934f,0.2608f,0f,0f,0f,1f],start_interpolation: 0,interpolation_duration: 1}
$data merge entity $(bone_beard) {transformation: [-0.9994f,0.0076f,-0.0349f,0.0073f,0.0074f,1f,0.0052f,1.5655f,0.0349f,0.005f,-0.9994f,0.2435f,0f,0f,0f,1f],start_interpolation: 0,interpolation_duration: 1}
$data merge entity $(bone_head) {transformation: [-0.9994f,0.0169f,-0.0314f,0f,0.0074f,0.9598f,0.2806f,1.7344f,0.0349f,0.2802f,-0.9593f,0f,0f,0f,0f,1f],start_interpolation: 0,interpolation_duration: 1}
$data merge entity $(bone_body) {transformation: [-1.1233f,0f,-0.062f,0f,0f,1.125f,0f,1.0625f,0.062f,0f,-1.1233f,0f,0f,0f,0f,1f],start_interpolation: 0,interpolation_duration: 1}
$data merge entity $(bone_left4) {transformation: [-0.9267f,-0.3655f,-0.0874f,0.339f,-0.3528f,0.9262f,-0.1328f,1.1922f,0.1295f,-0.0922f,-0.9873f,-0.1358f,0f,0f,0f,1f],start_interpolation: 0,interpolation_duration: 1}
$data merge entity $(bone_left3) {transformation: [-0.9217f,-0.3627f,-0.1372f,0.4477f,-0.3878f,0.858f,0.3369f,0.1326f,-0.0045f,0.3638f,-0.9315f,-0.5351f,0f,0f,0f,1f],start_interpolation: 0,interpolation_duration: 1}
$data merge entity $(bone_scythe) {transformation: [-0.7912f,0.4411f,-1.4484f,-0.3724f,-1.474f,0.1493f,0.8506f,1.1082f,0.3462f,1.6436f,0.3115f,0.6009f,0f,0f,0f,1f],start_interpolation: 0,interpolation_duration: 1}
$data merge entity $(bone_right2) {transformation: [-0.7978f,0.1228f,-0.5902f,-0.3196f,0.5564f,0.5271f,-0.6423f,1.2725f,0.2322f,-0.8409f,-0.4889f,0.3214f,0f,0f,0f,1f],start_interpolation: 0,interpolation_duration: 1}
$data merge entity $(bone_right1) {transformation: [-0.8355f,0.2227f,-0.5023f,-0.2951f,0.5365f,0.528f,-0.6583f,0.5439f,0.1186f,-0.8196f,-0.5606f,1.1551f,0f,0f,0f,1f],start_interpolation: 0,interpolation_duration: 1}
data modify entity @s data merge value {"cameras":{},"locators":{"hitbox":{"posx":-0.09953957868727448,"posy":1.1674766008764281,"posz":1.7078280700297166,"roty":257.86434170237413,"rotx":29.862909614993136},"hitbox2":{"posx":-0.44689257134894256,"posy":0.5203727367252856,"posz":1.8598230945852674,"roty":257.86434170237413,"rotx":29.862909614993136}}}