# This file was generated by Animated Java via MC-Build. It is not recommended to edit this file directly.
$data merge entity $(bone_hair_side) {transformation: [-0.9913f,0.0296f,0.1286f,-0.3216f,0.0358f,0.9983f,0.0457f,-0.5269f,-0.127f,0.0499f,-0.9906f,0.2222f,0f,0f,0f,1f],start_interpolation: 0,interpolation_duration: 1}
$data merge entity $(bone_hair_side1) {transformation: [-0.9913f,0.0296f,0.1286f,0.267f,0.0358f,0.9983f,0.0457f,-0.5482f,-0.127f,0.0499f,-0.9906f,0.2976f,0f,0f,0f,1f],start_interpolation: 0,interpolation_duration: 1}
$data merge entity $(bone_beard) {transformation: [-0.9913f,0.0363f,0.1269f,-0.0377f,0.0358f,0.9993f,-0.0066f,-0.856f,-0.127f,-0.002f,-0.9919f,0.2512f,0f,0f,0f,1f],start_interpolation: 0,interpolation_duration: 1}
$data merge entity $(bone_head) {transformation: [-0.9913f,0.0069f,0.1318f,0f,0.0358f,0.9752f,0.2184f,-0.7031f,-0.127f,0.2212f,-0.9669f,0f,0f,0f,0f,1f],start_interpolation: 0,interpolation_duration: 1}
$data merge entity $(bone_body) {transformation: [-1.0695f,0f,0.3491f,0f,0f,1.125f,0f,-1.375f,-0.3491f,0f,-1.0695f,0f,0f,0f,0f,1f],start_interpolation: 0,interpolation_duration: 1}
$data merge entity $(bone_left4) {transformation: [-0.9555f,-0.2949f,-0.0028f,0.3833f,-0.2085f,0.6819f,-0.7011f,-1.2389f,0.2087f,-0.6693f,-0.7131f,0.1147f,0f,0f,0f,1f],start_interpolation: 0,interpolation_duration: 1}
$data merge entity $(bone_left3) {transformation: [-0.8459f,-0.5173f,-0.13f,0.6847f,-0.4609f,0.8316f,-0.3099f,-2.2925f,0.2684f,-0.2022f,-0.9418f,0.4197f,0f,0f,0f,1f],start_interpolation: 0,interpolation_duration: 1}
$data merge entity $(bone_aura) {transformation: [-1.7885f,-0.2197f,-1.5472f,-1.7672f,-1.5321f,-0.2166f,1.8018f,-2.3078f,-0.3077f,2.3549f,0.0214f,1.0855f,0f,0f,0f,1f],start_interpolation: 0,interpolation_duration: 1}
$data merge entity $(bone_scythe) {transformation: [-1.2864f,-0.158f,-1.1129f,-0.6864f,-1.102f,-0.1558f,1.296f,-1.3699f,-0.2213f,1.6939f,0.0154f,0.264f,0f,0f,0f,1f],start_interpolation: 0,interpolation_duration: 1}
$data merge entity $(bone_right2) {transformation: [-0.6169f,0.661f,-0.4271f,-0.4598f,0.7815f,0.5785f,-0.2335f,-1.1923f,0.0927f,-0.4779f,-0.8735f,0.1058f,0f,0f,0f,1f],start_interpolation: 0,interpolation_duration: 1}
$data merge entity $(bone_right1) {transformation: [-0.6674f,0.6714f,-0.3221f,-0.9647f,0.7443f,0.6154f,-0.2595f,-2.0787f,0.024f,-0.4129f,-0.9104f,0.5371f,0f,0f,0f,1f],start_interpolation: 0,interpolation_duration: 1}
data modify entity @s data merge value {"cameras":{},"locators":{"scythe_blade":{"posx":-1.2978104437018994,"posy":-1.9073276260839775,"posz":1.307958073685885,"roty":269.2085294420773,"rotx":49.34512914977705},"scythe_pole":{"posx":-0.6933866715908767,"posy":-1.378348232652645,"posz":0.4674729726685606,"roty":269.2085294420773,"rotx":49.34512914977705}}}
execute on vehicle unless entity @s[tag=aj.transforms_only] at @s run function animated_java:lich/animations/swing_flurry/zzz/frames/56_root_commands