# This file was generated by Animated Java via MC-Build. It is not recommended to edit this file directly.
$data merge entity $(bone_hair_side) {transformation: [-0.9938f,0.0119f,-0.1107f,-0.2649f,-0.0057f,0.9876f,0.1572f,1.8681f,0.1112f,0.1568f,-0.9813f,0.3095f,0f,0f,0f,1f],start_interpolation: 0,interpolation_duration: 1}
$data merge entity $(bone_hair_side1) {transformation: [-0.9938f,0.0119f,-0.1107f,0.3252f,-0.0057f,0.9876f,0.1572f,1.8715f,0.1112f,0.1568f,-0.9813f,0.2435f,0f,0f,0f,1f],start_interpolation: 0,interpolation_duration: 1}
$data merge entity $(bone_beard) {transformation: [-0.9938f,-0.0026f,-0.1113f,0.0272f,-0.0057f,0.9996f,0.0269f,1.554f,0.1112f,0.0274f,-0.9934f,0.2337f,0f,0f,0f,1f],start_interpolation: 0,interpolation_duration: 1}
$data merge entity $(bone_head) {transformation: [-0.9938f,0.031f,-0.1069f,0f,-0.0057f,0.9453f,0.3263f,1.7344f,0.1112f,0.3249f,-0.9392f,0f,0f,0f,0f,1f],start_interpolation: 0,interpolation_duration: 1}
$data merge entity $(bone_body) {transformation: [-1.0875f,0f,-0.2882f,0f,0f,1.125f,0f,1.0625f,0.2882f,0f,-1.0875f,0f,0f,0f,0f,1f],start_interpolation: 0,interpolation_duration: 1}
$data merge entity $(bone_left4) {transformation: [-0.9021f,-0.4245f,-0.078f,0.331f,-0.4316f,0.8852f,0.1737f,1.2324f,-0.0047f,0.1904f,-0.9817f,-0.2587f,0f,0f,0f,1f],start_interpolation: 0,interpolation_duration: 1}
$data merge entity $(bone_left3) {transformation: [-0.9355f,-0.3349f,-0.1127f,0.4049f,-0.3306f,0.717f,0.6137f,0.3449f,-0.1247f,0.6114f,-0.7815f,-0.9663f,0f,0f,0f,1f],start_interpolation: 0,interpolation_duration: 1}
$data merge entity $(bone_aura) {transformation: [-0.7848f,0.8688f,-2.0664f,-0.3058f,-2.1392f,0.3638f,0.9654f,0.1497f,0.6697f,2.1802f,0.6623f,1.9872f,0f,0f,0f,1f],start_interpolation: 0,interpolation_duration: 1}
$data merge entity $(bone_scythe) {transformation: [-0.5645f,0.6249f,-1.4863f,-0.2379f,-1.5387f,0.2617f,0.6944f,1.1787f,0.4817f,1.5682f,0.4764f,0.6991f,0f,0f,0f,1f],start_interpolation: 0,interpolation_duration: 1}
$data merge entity $(bone_right2) {transformation: [-0.8238f,-0.0942f,-0.5591f,-0.256f,0.4729f,0.4296f,-0.7693f,1.3123f,0.3126f,-0.8981f,-0.3093f,0.3995f,0f,0f,0f,1f],start_interpolation: 0,interpolation_duration: 1}
$data merge entity $(bone_right1) {transformation: [-0.884f,0.0191f,-0.4671f,0f,0.4348f,0.4008f,-0.8064f,0.7506f,0.1718f,-0.916f,-0.3626f,1.3191f,0f,0f,0f,1f],start_interpolation: 0,interpolation_duration: 1}
data modify entity @s data merge value {"cameras":{},"locators":{"scythe_blade":{"posx":-0.04269078121881617,"posy":0.7482420731091153,"posz":1.9356408352991894,"roty":252.2282331893989,"rotx":23.9844746330187},"scythe_pole":{"posx":-0.1584569829128359,"posy":1.2238798596482259,"posz":0.8811602131152094,"roty":252.2282331893989,"rotx":23.9844746330187}}}
execute on vehicle unless entity @s[tag=aj.transforms_only] at @s run function animated_java:lich/animations/swing_flurry/zzz/frames/59_root_commands