# This file was generated by Animated Java via MC-Build. It is not recommended to edit this file directly.
$data merge entity $(bone_hair_side) {transformation: [-0.9947f,0.0122f,-0.1023f,-0.2672f,-0.0041f,0.9874f,0.1582f,1.8683f,0.103f,0.1578f,-0.9821f,0.3074f,0f,0f,0f,1f],start_interpolation: 0,interpolation_duration: 1}
$data merge entity $(bone_hair_side1) {transformation: [-0.9947f,0.0122f,-0.1023f,0.3234f,-0.0041f,0.9874f,0.1582f,1.8707f,0.103f,0.1578f,-0.9821f,0.2463f,0f,0f,0f,1f],start_interpolation: 0,interpolation_duration: 1}
$data merge entity $(bone_beard) {transformation: [-0.9947f,-0.0012f,-0.1031f,0.025f,-0.0041f,0.9996f,0.028f,1.5537f,0.103f,0.0283f,-0.9943f,0.2338f,0f,0f,0f,1f],start_interpolation: 0,interpolation_duration: 1}
$data merge entity $(bone_head) {transformation: [-0.9947f,0.0298f,-0.0987f,0f,-0.0041f,0.9449f,0.3273f,1.7344f,0.103f,0.3259f,-0.9398f,0f,0f,0f,0f,1f],start_interpolation: 0,interpolation_duration: 1}
$data merge entity $(bone_body) {transformation: [-1.0912f,0f,-0.2736f,0f,0f,1.125f,0f,1.0625f,0.2736f,0f,-1.0912f,0f,0f,0f,0f,1f],start_interpolation: 0,interpolation_duration: 1}
$data merge entity $(bone_left4) {transformation: [-0.9072f,-0.4123f,-0.0842f,0.33f,-0.4205f,0.8956f,0.1453f,1.2273f,0.0155f,0.1672f,-0.9858f,-0.2503f,0f,0f,0f,1f],start_interpolation: 0,interpolation_duration: 1}
$data merge entity $(bone_left3) {transformation: [-0.9362f,-0.3312f,-0.1174f,0.3996f,-0.334f,0.7352f,0.5898f,0.3188f,-0.109f,0.5914f,-0.799f,-0.9312f,0f,0f,0f,1f],start_interpolation: 0,interpolation_duration: 1}
$data merge entity $(bone_aura) {transformation: [-0.8604f,0.8215f,-2.0556f,-0.3869f,-2.1351f,0.2743f,1.0033f,0.0971f,0.5844f,2.2115f,0.6392f,1.9422f,0f,0f,0f,1f],start_interpolation: 0,interpolation_duration: 1}
$data merge entity $(bone_scythe) {transformation: [-0.6189f,0.5909f,-1.4786f,-0.2573f,-1.5358f,0.1973f,0.7217f,1.1615f,0.4204f,1.5907f,0.4597f,0.6881f,0f,0f,0f,1f],start_interpolation: 0,interpolation_duration: 1}
$data merge entity $(bone_right2) {transformation: [-0.8183f,-0.059f,-0.5718f,-0.2639f,0.4865f,0.4585f,-0.7437f,1.3044f,0.3061f,-0.8867f,-0.3465f,0.3923f,0f,0f,0f,1f],start_interpolation: 0,interpolation_duration: 1}
$data merge entity $(bone_right1) {transformation: [-0.8773f,0.0444f,-0.4778f,-0.0369f,0.4492f,0.426f,-0.7853f,0.7113f,0.1687f,-0.9036f,-0.3937f,1.2997f,0f,0f,0f,1f],start_interpolation: 0,interpolation_duration: 1}
data modify entity @s data merge value {"cameras":{},"locators":{"scythe_blade":{"posx":-0.10617887134885098,"posy":0.6892242404746806,"posz":1.915486597576778,"roty":252.72775364858677,"rotx":24.989918487792544},"scythe_pole":{"posx":-0.1813765350261256,"posy":1.1990192138679903,"posz":0.873365253164146,"roty":252.72775364858677,"rotx":24.989918487792544}}}
execute on vehicle unless entity @s[tag=aj.transforms_only] at @s run function animated_java:lich/animations/swing_flurry/zzz/frames/60_root_commands