# This file was generated by Animated Java via MC-Build. It is not recommended to edit this file directly.
$data merge entity $(bone_hair_side) {transformation: [-0.9956f,0.0115f,-0.0929f,-0.27f,-0.0026f,0.9887f,0.1496f,-0.5664f,0.0936f,0.1492f,-0.9844f,0.3037f,0f,0f,0f,1f],start_interpolation: 0,interpolation_duration: 1}
$data merge entity $(bone_hair_side1) {transformation: [-0.9956f,0.0115f,-0.0929f,0.3211f,-0.0026f,0.9887f,0.1496f,-0.5648f,0.0936f,0.1492f,-0.9844f,0.2482f,0f,0f,0f,1f],start_interpolation: 0,interpolation_duration: 1}
$data merge entity $(bone_beard) {transformation: [-0.9956f,-0.0008f,-0.0936f,0.0226f,-0.0026f,0.9998f,0.0193f,-0.8817f,0.0936f,0.0195f,-0.9954f,0.2356f,0f,0f,0f,1f],start_interpolation: 0,interpolation_duration: 1}
$data merge entity $(bone_head) {transformation: [-0.9956f,0.0274f,-0.0895f,0f,-0.0026f,0.9477f,0.3191f,-0.7031f,0.0936f,0.3179f,-0.9435f,0f,0f,0f,0f,1f],start_interpolation: 0,interpolation_duration: 1}
$data merge entity $(bone_body) {transformation: [-1.0987f,0f,-0.2416f,0f,0f,1.125f,0f,-1.375f,0.2416f,0f,-1.0987f,0f,0f,0f,0f,1f],start_interpolation: 0,interpolation_duration: 1}
$data merge entity $(bone_left4) {transformation: [-0.9101f,-0.4055f,-0.085f,0.331f,-0.4129f,0.9046f,0.1061f,-1.2164f,0.0338f,0.1317f,-0.9907f,-0.2338f,0f,0f,0f,1f],start_interpolation: 0,interpolation_duration: 1}
$data merge entity $(bone_left3) {transformation: [-0.9346f,-0.3349f,-0.1201f,0.4053f,-0.3427f,0.7569f,0.5564f,-2.1514f,-0.0955f,0.5612f,-0.8222f,-0.8775f,0f,0f,0f,1f],start_interpolation: 0,interpolation_duration: 1}
$data merge entity $(bone_aura) {transformation: [-0.8951f,0.7869f,-2.0543f,-0.4344f,-2.1288f,0.2493f,1.0231f,-2.354f,0.5546f,2.227f,0.6114f,1.9219f,0f,0f,0f,1f],start_interpolation: 0,interpolation_duration: 1}
$data merge entity $(bone_scythe) {transformation: [-0.6439f,0.566f,-1.4777f,-0.2711f,-1.5313f,0.1793f,0.7359f,-1.2825f,0.3989f,1.6018f,0.4398f,0.6778f,0f,0f,0f,1f],start_interpolation: 0,interpolation_duration: 1}
$data merge entity $(bone_right2) {transformation: [-0.8177f,-0.0386f,-0.5744f,-0.271f,0.494f,0.4653f,-0.7345f,-1.1375f,0.2956f,-0.8843f,-0.3614f,0.383f,0f,0f,0f,1f],start_interpolation: 0,interpolation_duration: 1}
$data merge entity $(bone_right1) {transformation: [-0.8729f,0.0671f,-0.4833f,-0.0694f,0.4606f,0.44f,-0.7709f,-1.7489f,0.1609f,-0.8955f,-0.4149f,1.2842f,0f,0f,0f,1f],start_interpolation: 0,interpolation_duration: 1}
data modify entity @s data merge value {"cameras":{},"locators":{"scythe_blade":{"posx":-0.14639267111373633,"posy":-1.7649768657866873,"posz":1.904184222168884,"roty":253.42679484399702,"rotx":25.51566862386527},"scythe_pole":{"posx":-0.19789087291112584,"posy":-1.2471306374224265,"posz":0.8645950153277666,"roty":253.42679484399702,"rotx":25.51566862386527}}}