# This file was generated by Animated Java via MC-Build. It is not recommended to edit this file directly.
$data merge entity $(bone_hair_side) {transformation: [-0.9986f,-0.0081f,-0.0518f,-0.2848f,-0.0003f,0.9888f,-0.1489f,1.9475f,0.0524f,-0.1487f,-0.9875f,0.2394f,0f,0f,0f,1f],start_interpolation: 0,interpolation_duration: 1}
$data merge entity $(bone_hair_side1) {transformation: [-0.9986f,-0.0081f,-0.0518f,0.3081f,-0.0003f,0.9888f,-0.1489f,1.9477f,0.0524f,-0.1487f,-0.9875f,0.2083f,0f,0f,0f,1f],start_interpolation: 0,interpolation_duration: 1}
$data merge entity $(bone_beard) {transformation: [-0.9986f,-0.012f,-0.051f,0.0147f,-0.0003f,0.975f,-0.2224f,1.6336f,0.0524f,-0.2221f,-0.9736f,0.2784f,0f,0f,0f,1f],start_interpolation: 0,interpolation_duration: 1}
$data merge entity $(bone_head) {transformation: [-0.9986f,0.001f,-0.0524f,0f,-0.0003f,0.9997f,0.025f,1.7344f,0.0524f,0.025f,-0.9983f,0f,0f,0f,0f,1f],start_interpolation: 0,interpolation_duration: 1}
$data merge entity $(bone_body) {transformation: [-1.082f,0f,0.3082f,0f,0f,1.125f,0f,1.0625f,-0.3082f,0f,-1.082f,0f,0f,0f,0f,1f],start_interpolation: 0,interpolation_duration: 1}
$data merge entity $(bone_left4) {transformation: [-0.8541f,-0.5014f,0.1384f,0.3846f,-0.5201f,0.8248f,-0.2218f,1.2003f,-0.003f,-0.2614f,-0.9652f,0.023f,0f,0f,0f,1f],start_interpolation: 0,interpolation_duration: 1}
$data merge entity $(bone_left3) {transformation: [-0.8526f,-0.5222f,0.0185f,0.6892f,-0.4986f,0.8237f,0.27f,0.1435f,-0.1562f,0.2209f,-0.9627f,-0.2675f,0f,0f,0f,1f],start_interpolation: 0,interpolation_duration: 1}
$data merge entity $(bone_scythe) {transformation: [0.3551f,0.4295f,-1.6149f,-0.17f,-0.3286f,1.6367f,0.363f,1.5145f,1.6384f,0.2352f,0.4228f,0.6033f,0f,0f,0f,1f],start_interpolation: 0,interpolation_duration: 1}
$data merge entity $(bone_right2) {transformation: [-0.9295f,-0.3095f,-0.2007f,-0.257f,0.2985f,-0.3114f,-0.9022f,1.4077f,0.2167f,-0.8985f,0.3818f,0.3051f,0f,0f,0f,1f],start_interpolation: 0,interpolation_duration: 1}
$data merge entity $(bone_right1) {transformation: [-0.9304f,0.0223f,-0.3659f,0.01f,0.3663f,0.0954f,-0.9256f,1.1918f,0.0143f,-0.9952f,-0.097f,1.3581f,0f,0f,0f,1f],start_interpolation: 0,interpolation_duration: 1}
data modify entity @s data merge value {"cameras":{},"locators":{"hitbox":{"posx":0.12653856977364678,"posy":2.5982730736740196,"posz":0.8053353589045464,"roty":255.32761265355288,"rotx":12.267969485242888},"hitbox2":{"posx":0.2824383344640772,"posy":2.453990099134465,"posz":1.5246250687068532,"roty":255.32761265355288,"rotx":12.267969485242888}}}