# This file was generated by Animated Java via MC-Build. It is not recommended to edit this file directly.
$data merge entity $(bone_hair_side) {transformation: [-0.9979f,-0.0039f,-0.0652f,-0.2804f,-0.0009f,0.9989f,-0.0458f,1.923f,0.0654f,-0.0457f,-0.9968f,0.2639f,0f,0f,0f,1f],start_interpolation: 0,interpolation_duration: 1}
$data merge entity $(bone_hair_side1) {transformation: [-0.9979f,-0.0039f,-0.0652f,0.3121f,-0.0009f,0.9989f,-0.0458f,1.9235f,0.0654f,-0.0457f,-0.9968f,0.2251f,0f,0f,0f,1f],start_interpolation: 0,interpolation_duration: 1}
$data merge entity $(bone_beard) {transformation: [-0.9979f,-0.0099f,-0.0646f,0.0176f,-0.0009f,0.9903f,-0.1389f,1.6053f,0.0654f,-0.1386f,-0.9882f,0.2663f,0f,0f,0f,1f],start_interpolation: 0,interpolation_duration: 1}
$data merge entity $(bone_head) {transformation: [-0.9979f,0.0075f,-0.0649f,0f,-0.0009f,0.9917f,0.1283f,1.7344f,0.0654f,0.1281f,-0.9896f,0f,0f,0f,0f,1f],start_interpolation: 0,interpolation_duration: 1}
$data merge entity $(bone_body) {transformation: [-1.1183f,0f,0.1225f,0f,0f,1.125f,0f,1.0625f,-0.1225f,0f,-1.1183f,0f,0f,0f,0f,1f],start_interpolation: 0,interpolation_duration: 1}
$data merge entity $(bone_left4) {transformation: [-0.8755f,-0.4807f,0.0504f,0.368f,-0.4831f,0.8673f,-0.1199f,1.2027f,0.0139f,-0.1293f,-0.9915f,-0.0657f,0f,0f,0f,1f],start_interpolation: 0,interpolation_duration: 1}
$data merge entity $(bone_left3) {transformation: [-0.8844f,-0.4646f,-0.0436f,0.5998f,-0.4474f,0.8176f,0.3625f,0.1687f,-0.1328f,0.3401f,-0.9309f,-0.4792f,0f,0f,0f,1f],start_interpolation: 0,interpolation_duration: 1}
$data merge entity $(bone_aura) {transformation: [0.1046f,0.8651f,-2.2094f,0.2343f,-1.335f,1.8497f,0.661f,1.4241f,1.9615f,1.2127f,0.5677f,2.2508f,0f,0f,0f,1f],start_interpolation: 0,interpolation_duration: 1}
$data merge entity $(bone_scythe) {transformation: [0.0753f,0.6222f,-1.5892f,-0.1877f,-0.9602f,1.3305f,0.4755f,1.383f,1.4109f,0.8723f,0.4084f,0.6562f,0f,0f,0f,1f],start_interpolation: 0,interpolation_duration: 1}
$data merge entity $(bone_right2) {transformation: [-0.9004f,-0.2601f,-0.3487f,-0.259f,0.3678f,-0.0271f,-0.9295f,1.3683f,0.2323f,-0.9652f,0.1201f,0.3359f,0f,0f,0f,1f],start_interpolation: 0,interpolation_duration: 1}
$data merge entity $(bone_right1) {transformation: [-0.9129f,0.0288f,-0.4071f,-0.0043f,0.403f,0.2214f,-0.888f,1.0071f,0.0646f,-0.9748f,-0.2137f,1.3514f,0f,0f,0f,1f],start_interpolation: 0,interpolation_duration: 1}
data modify entity @s data merge value {"cameras":{},"locators":{"scythe_blade":{"posx":0.2573240631314101,"posy":1.8936747739669928,"posz":1.7935414678085615,"roty":255.58911668345308,"rotx":16.160621633928823},"scythe_pole":{"posx":-0.11443074651509266,"posy":1.549949722729345,"posz":0.7470167664009127,"roty":255.58911668345308,"rotx":16.160621633928823}}}