# This file was generated by Animated Java via MC-Build. It is not recommended to edit this file directly.
$data merge entity $(bone_hair_side) {transformation: [-0.999f,-0.0095f,-0.0425f,-0.2875f,0f,0.9758f,-0.2186f,-0.4746f,0.0436f,-0.2184f,-0.9749f,0.2212f,0f,0f,0f,1f],start_interpolation: 0,interpolation_duration: 1}
$data merge entity $(bone_hair_side1) {transformation: [-0.999f,-0.0095f,-0.0425f,0.3057f,0f,0.9758f,-0.2186f,-0.4746f,0.0436f,-0.2184f,-0.9749f,0.1954f,0f,0f,0f,1f],start_interpolation: 0,interpolation_duration: 1}
$data merge entity $(bone_beard) {transformation: [-0.999f,-0.0119f,-0.0419f,0.0124f,0f,0.962f,-0.273f,-0.7839f,0.0436f,-0.2727f,-0.9611f,0.285f,0f,0f,0f,1f],start_interpolation: 0,interpolation_duration: 1}
$data merge entity $(bone_head) {transformation: [-0.999f,-0.002f,-0.0435f,0f,0f,0.9989f,-0.0458f,-0.7031f,0.0436f,-0.0458f,-0.998f,0f,0f,0f,0f,1f],start_interpolation: 0,interpolation_duration: 1}
$data merge entity $(bone_body) {transformation: [-1.0394f,0f,0.4305f,0f,0f,1.125f,0f,-1.375f,-0.4305f,0f,-1.0394f,0f,0f,0f,0f,1f],start_interpolation: 0,interpolation_duration: 1}
$data merge entity $(bone_left4) {transformation: [-0.8388f,-0.5054f,0.2025f,0.3941f,-0.5443f,0.789f,-0.2851f,-1.2367f,-0.0156f,-0.3493f,-0.9369f,0.0841f,0f,0f,0f,1f],start_interpolation: 0,interpolation_duration: 1}
$data merge entity $(bone_left3) {transformation: [-0.8289f,-0.5553f,0.0679f,0.7424f,-0.5322f,0.8202f,0.2098f,-2.3001f,-0.1722f,0.1377f,-0.9754f,-0.1203f,0f,0f,0f,1f],start_interpolation: 0,interpolation_duration: 1}
$data merge entity $(bone_aura) {transformation: [0.651f,0.3221f,-2.2612f,0.3236f,0.2852f,2.3214f,0.4127f,0.2913f,2.2662f,-0.3847f,0.5976f,1.6432f,0f,0f,0f,1f],start_interpolation: 0,interpolation_duration: 1}
$data merge entity $(bone_scythe) {transformation: [0.4682f,0.2317f,-1.6265f,-0.1718f,0.2052f,1.6698f,0.2969f,-0.8438f,1.6301f,-0.2767f,0.4298f,0.5528f,0f,0f,0f,1f],start_interpolation: 0,interpolation_duration: 1}
$data merge entity $(bone_right2) {transformation: [-0.9448f,-0.311f,-0.1035f,-0.259f,0.251f,-0.4836f,-0.8385f,-1.0064f,0.2107f,-0.8182f,0.535f,0.2811f,0f,0f,0f,1f],start_interpolation: 0,interpolation_duration: 1}
$data merge entity $(bone_right1) {transformation: [-0.9401f,0.0289f,-0.3396f,0.004f,0.3403f,0.0205f,-0.9401f,-1.1345f,-0.0202f,-0.9994f,-0.0291f,1.3492f,0f,0f,0f,1f],start_interpolation: 0,interpolation_duration: 1}
data modify entity @s data merge value {"cameras":{},"locators":{"scythe_blade":{"posx":0.16706138833314832,"posy":0.35177738664283087,"posz":1.0091478913628498,"roty":255.19654450916894,"rotx":10.007830516580285},"scythe_pole":{"posx":-0.14849956504562506,"posy":-0.6471323288232431,"posz":0.5050019154291253,"roty":255.19654450916894,"rotx":10.007830516580285}}}