# This file was generated by Animated Java via MC-Build. It is not recommended to edit this file directly.
$data merge entity $(bone_hair_side) {transformation: [-0.9869f,0.0282f,0.1591f,-0.3283f,0.028f,0.9996f,-0.0032f,1.9209f,-0.1592f,0.0013f,-0.9873f,0.2032f,0f,0f,0f,1f],start_interpolation: 0,interpolation_duration: 1}
$data merge entity $(bone_hair_side1) {transformation: [-0.9869f,0.0282f,0.1591f,0.2576f,0.028f,0.9996f,-0.0032f,1.9042f,-0.1592f,0.0013f,-0.9873f,0.2977f,0f,0f,0f,1f],start_interpolation: 0,interpolation_duration: 1}
$data merge entity $(bone_beard) {transformation: [-0.9869f,0.0282f,0.1591f,-0.0455f,0.028f,0.9996f,-0.0032f,1.5941f,-0.1592f,0.0013f,-0.9873f,0.2572f,0f,0f,0f,1f],start_interpolation: 0,interpolation_duration: 1}
$data merge entity $(bone_head) {transformation: [-0.9869f,0.0001f,0.1616f,0f,0.028f,0.985f,0.1705f,1.7344f,-0.1592f,0.1728f,-0.972f,0f,0f,0f,0f,1f],start_interpolation: 0,interpolation_duration: 1}
$data merge entity $(bone_body) {transformation: [-1.0276f,0f,0.4579f,0f,0f,1.125f,0f,1.0625f,-0.4579f,0f,-1.0276f,0f,0f,0f,0f,1f],start_interpolation: 0,interpolation_duration: 1}
$data merge entity $(bone_left4) {transformation: [-0.2105f,0.9609f,0.1801f,0.2043f,0.2892f,0.2372f,-0.9274f,1.343f,-0.9338f,-0.1432f,-0.3279f,0.3894f,0f,0f,0f,1f],start_interpolation: 0,interpolation_duration: 1}
$data merge entity $(bone_left3) {transformation: [-0.9326f,0.3417f,0.1163f,-0.4609f,0.0066f,0.3383f,-0.941f,0.975f,-0.3609f,-0.8768f,-0.3177f,1.2357f,0f,0f,0f,1f],start_interpolation: 0,interpolation_duration: 1}
$data merge entity $(bone_aura) {transformation: [-1.8592f,1.475f,0.0927f,-1.2356f,0.1449f,0.3302f,-2.3475f,1.6881f,-1.4707f,-1.832f,-0.3485f,-2.082f,0f,0f,0f,1f],start_interpolation: 0,interpolation_duration: 1}
$data merge entity $(bone_scythe) {transformation: [-1.3373f,1.0609f,0.0667f,-0.8292f,0.1042f,0.2375f,-1.6885f,1.469f,-1.0579f,-1.3177f,-0.2507f,-0.4979f,0f,0f,0f,1f],start_interpolation: 0,interpolation_duration: 1}
$data merge entity $(bone_right2) {transformation: [0.039f,0.8092f,-0.5863f,-0.5643f,-0.9884f,-0.0549f,-0.1416f,1.4664f,-0.1467f,0.585f,0.7976f,-0.3036f,0f,0f,0f,1f],start_interpolation: 0,interpolation_duration: 1}
$data merge entity $(bone_right1) {transformation: [0.1081f,0.8057f,0.5824f,-1.454f,0.9941f,-0.0924f,-0.0566f,1.2539f,0.0082f,0.5851f,-0.8109f,-0.9279f,0f,0f,0f,1f],start_interpolation: 0,interpolation_duration: 1}
data modify entity @s data merge value {"cameras":{},"locators":{"scythe_blade":{"posx":-0.64674228287387,"posy":1.6685447534657465,"posz":-1.793747345044891,"roty":14.897009226083497,"rotx":-81.26634027866096},"scythe_pole":{"posx":-0.6907812078113966,"posy":1.4962427670680982,"posz":-0.6448630608048415,"roty":14.897009226083497,"rotx":-81.26634027866096}}}