# This file was generated by Animated Java via MC-Build. It is not recommended to edit this file directly.
$data merge entity $(bone_hair_side) {transformation: [-0.997f,0.0134f,0.0766f,-0.313f,0.0135f,0.9999f,0.0008f,1.9156f,-0.0766f,0.0019f,-0.9971f,0.2303f,0f,0f,0f,1f],start_interpolation: 0,interpolation_duration: 1}
$data merge entity $(bone_hair_side1) {transformation: [-0.997f,0.0134f,0.0766f,0.2789f,0.0135f,0.9999f,0.0008f,1.9076f,-0.0766f,0.0019f,-0.9971f,0.2757f,0f,0f,0f,1f],start_interpolation: 0,interpolation_duration: 1}
$data merge entity $(bone_beard) {transformation: [-0.997f,0.0134f,0.0766f,-0.0219f,0.0135f,0.9999f,0.0008f,1.593f,-0.0766f,0.0019f,-0.9971f,0.2597f,0f,0f,0f,1f],start_interpolation: 0,interpolation_duration: 1}
$data merge entity $(bone_head) {transformation: [-0.997f,-0.0001f,0.0778f,0f,0.0135f,0.9846f,0.1745f,1.7344f,-0.0766f,0.175f,-0.9816f,0f,0f,0f,0f,1f],start_interpolation: 0,interpolation_duration: 1}
$data merge entity $(bone_body) {transformation: [-1.1024f,0f,0.2243f,0f,0f,1.125f,0f,1.0625f,-0.2243f,0f,-1.1024f,0f,0f,0f,0f,1f],start_interpolation: 0,interpolation_duration: 1}
$data merge entity $(bone_left4) {transformation: [-0.5149f,0.8463f,0.1369f,0.286f,0.4754f,0.4148f,-0.7759f,1.2433f,-0.7134f,-0.3344f,-0.6158f,0.2871f,0f,0f,0f,1f],start_interpolation: 0,interpolation_duration: 1}
$data merge entity $(bone_left3) {transformation: [-0.9663f,0.048f,0.2531f,-0.0685f,-0.152f,0.6868f,-0.7108f,0.4446f,-0.208f,-0.7253f,-0.6563f,1.0154f,0f,0f,0f,1f],start_interpolation: 0,interpolation_duration: 1}
$data merge entity $(bone_scythe) {transformation: [-1.6999f,-0.14f,-0.0959f,-0.9523f,0.0622f,0.3842f,-1.6634f,1.4499f,0.1578f,-1.6587f,-0.3772f,-0.0124f,0f,0f,0f,1f],start_interpolation: 0,interpolation_duration: 1}
$data merge entity $(bone_right2) {transformation: [-0.055f,0.9974f,0.0472f,-0.6242f,-0.9737f,-0.0431f,-0.2237f,1.451f,-0.2211f,-0.0583f,0.9735f,-0.028f,0f,0f,0f,1f],start_interpolation: 0,interpolation_duration: 1}
$data merge entity $(bone_right1) {transformation: [0.0432f,0.9974f,-0.0582f,-1.6974f,0.9991f,-0.0431f,0.0031f,1.1846f,0.0006f,-0.0583f,-0.9983f,0.0337f,0f,0f,0f,1f],start_interpolation: 0,interpolation_duration: 1}
data modify entity @s data merge value {"cameras":{},"locators":{"hitbox":{"posx":-1.0923863174690835,"posy":1.7081320843327181,"posz":-1.1155195026207436,"roty":345.7371076086599,"rotx":-76.83187462393059},"hitbox2":{"posx":-1.8386790753607838,"posy":1.7354371805100817,"posz":-1.046226276103682,"roty":345.7371076086599,"rotx":-76.83187462393059}}}