# This file was generated by Animated Java via MC-Build. It is not recommended to edit this file directly.
$data merge entity $(bone_hair_side) {transformation: [-0.9991f,-0.0104f,-0.0407f,-0.2882f,0.0002f,0.9678f,-0.2517f,-0.4676f,0.042f,-0.2515f,-0.967f,0.2129f,0f,0f,0f,1f],start_interpolation: 0,interpolation_duration: 1}
$data merge entity $(bone_hair_side1) {transformation: [-0.9991f,-0.0104f,-0.0407f,0.3051f,0.0002f,0.9678f,-0.2517f,-0.4677f,0.042f,-0.2515f,-0.967f,0.188f,0f,0f,0f,1f],start_interpolation: 0,interpolation_duration: 1}
$data merge entity $(bone_beard) {transformation: [-0.9991f,-0.0119f,-0.0402f,0.0121f,0.0002f,0.9577f,-0.2877f,-0.7741f,0.042f,-0.2874f,-0.9569f,0.2876f,0f,0f,0f,1f],start_interpolation: 0,interpolation_duration: 1}
$data merge entity $(bone_head) {transformation: [-0.9991f,-0.0032f,-0.0419f,0f,0.0002f,0.9968f,-0.0798f,-0.7031f,0.042f,-0.0797f,-0.9959f,0f,0f,0f,0f,1f],start_interpolation: 0,interpolation_duration: 1}
$data merge entity $(bone_body) {transformation: [-1.0134f,0f,0.4886f,0f,0f,1.125f,0f,-1.375f,-0.4886f,0f,-1.0134f,0f,0f,0f,0f,1f],start_interpolation: 0,interpolation_duration: 1}
$data merge entity $(bone_left4) {transformation: [-0.8252f,-0.5149f,0.2323f,0.3983f,-0.5642f,0.7712f,-0.2948f,-1.2337f,-0.0274f,-0.3743f,-0.9269f,0.1097f,0f,0f,0f,1f],start_interpolation: 0,interpolation_duration: 1}
$data merge entity $(bone_left3) {transformation: [-0.8117f,-0.5775f,0.0869f,0.7763f,-0.5542f,0.8086f,0.1975f,-2.2913f,-0.1843f,0.1121f,-0.9765f,-0.0706f,0f,0f,0f,1f],start_interpolation: 0,interpolation_duration: 1}
$data merge entity $(bone_aura) {transformation: [0.79f,0.2947f,-2.2203f,0.4067f,0.4748f,2.2788f,0.4714f,0.4098f,2.1889f,-0.6007f,0.6991f,1.4783f,0f,0f,0f,1f],start_interpolation: 0,interpolation_duration: 1}
$data merge entity $(bone_scythe) {transformation: [0.5682f,0.212f,-1.5971f,-0.1539f,0.3416f,1.6391f,0.3391f,-0.8121f,1.5744f,-0.4321f,0.5028f,0.5216f,0f,0f,0f,1f],start_interpolation: 0,interpolation_duration: 1}
$data merge entity $(bone_right2) {transformation: [-0.9302f,-0.3605f,-0.0691f,-0.2577f,0.2719f,-0.5504f,-0.7894f,-0.9969f,0.2466f,-0.7531f,0.61f,0.2707f,0f,0f,0f,1f],start_interpolation: 0,interpolation_duration: 1}
$data merge entity $(bone_right1) {transformation: [-0.9479f,0.0321f,-0.3169f,0.0044f,0.3168f,-0.0098f,-0.9485f,-1.0856f,-0.0335f,-0.9994f,-0.0009f,1.343f,0f,0f,0f,1f],start_interpolation: 0,interpolation_duration: 1}
data modify entity @s data merge value {"cameras":{},"locators":{"scythe_blade":{"posx":0.21104915793579984,"posy":0.4166466806740844,"posz":0.8523314819026717,"roty":252.52353928364982,"rotx":11.447857895029767},"scythe_pole":{"posx":-0.1339431374755874,"posy":-0.6203357575606743,"posz":0.45583401797701484,"roty":252.52353928364982,"rotx":11.447857895029767}}}