# This file was generated by Animated Java via MC-Build. It is not recommended to edit this file directly.
$data merge entity $(bone_hair_side) {transformation: [-0.9994f,-0.006f,-0.0342f,-0.2891f,0f,0.9846f,-0.1747f,1.9534f,0.0347f,-0.1746f,-0.984f,0.2287f,0f,0f,0f,1f],start_interpolation: 0,interpolation_duration: 1}
$data merge entity $(bone_hair_side1) {transformation: [-0.9994f,-0.006f,-0.0342f,0.3043f,0f,0.9846f,-0.1747f,1.9534f,0.0347f,-0.1746f,-0.984f,0.2081f,0f,0f,0f,1f],start_interpolation: 0,interpolation_duration: 1}
$data merge entity $(bone_beard) {transformation: [-0.9994f,-0.006f,-0.0342f,0.0098f,0f,0.9846f,-0.1747f,1.6409f,0.0347f,-0.1746f,-0.984f,0.2812f,0f,0f,0f,1f],start_interpolation: 0,interpolation_duration: 1}
$data merge entity $(bone_head) {transformation: [-0.9994f,0f,-0.0347f,0f,0f,1f,-0.0011f,1.7344f,0.0347f,-0.0011f,-0.9994f,0f,0f,0f,0f,1f],start_interpolation: 0,interpolation_duration: 1}
$data merge entity $(bone_body) {transformation: [-1.0704f,0f,0.3463f,0f,0f,1.125f,0f,1.0625f,-0.3463f,0f,-1.0704f,0f,0f,0f,0f,1f],start_interpolation: 0,interpolation_duration: 1}
$data merge entity $(bone_left4) {transformation: [-0.8777f,-0.4583f,0.1399f,0.3878f,-0.4788f,0.8513f,-0.2148f,1.189f,-0.0206f,-0.2555f,-0.9666f,0.0668f,0f,0f,0f,1f],start_interpolation: 0,interpolation_duration: 1}
$data merge entity $(bone_left3) {transformation: [-0.8696f,-0.4892f,0.0665f,0.6511f,-0.4742f,0.8652f,0.1633f,0.0946f,-0.1375f,0.1105f,-0.9843f,-0.097f,0f,0f,0f,1f],start_interpolation: 0,interpolation_duration: 1}
$data merge entity $(bone_aura) {transformation: [-0.3797f,-0.0789f,-2.3431f,-0.6408f,-0.5602f,2.3079f,0.0131f,1.9828f,2.2765f,0.5548f,-0.3876f,2.0626f,0f,0f,0f,1f],start_interpolation: 0,interpolation_duration: 1}
$data merge entity $(bone_scythe) {transformation: [-0.2731f,-0.0567f,-1.6854f,-0.3977f,-0.403f,1.6601f,0.0094f,1.3206f,1.6375f,0.3991f,-0.2788f,0.5709f,0f,0f,0f,1f],start_interpolation: 0,interpolation_duration: 1}
$data merge entity $(bone_right2) {transformation: [-0.983f,0.1654f,-0.08f,-0.3281f,0.0735f,-0.0453f,-0.9963f,1.3046f,-0.1684f,-0.9852f,0.0324f,0.2503f,0f,0f,0f,1f],start_interpolation: 0,interpolation_duration: 1}
$data merge entity $(bone_right1) {transformation: [-0.9099f,0.2093f,-0.3581f,-0.2661f,0.4144f,0.4253f,-0.8046f,0.7232f,-0.0161f,-0.8805f,-0.4738f,1.1908f,0f,0f,0f,1f],start_interpolation: 0,interpolation_duration: 1}
data modify entity @s data merge value {"cameras":{},"locators":{"scythe_blade":{"posx":-0.5430395197310829,"posy":2.2705313241783807,"posz":1.481356371990814,"roty":279.39212687281804,"rotx":0.31554889170512757},"scythe_pole":{"posx":-0.40199247664903887,"posy":1.5216715319019314,"posz":0.6033602198640036,"roty":279.39212687281804,"rotx":0.31554889170512757}}}