# This file was generated by Animated Java via MC-Build. It is not recommended to edit this file directly.
$data merge entity $(bone_hair_side) {transformation: [-0.999f,-0.0111f,-0.0438f,-0.2874f,0.0001f,0.969f,-0.2471f,-0.4685f,0.0452f,-0.2468f,-0.968f,0.2149f,0f,0f,0f,1f],start_interpolation: 0,interpolation_duration: 1}
$data merge entity $(bone_hair_side1) {transformation: [-0.999f,-0.0111f,-0.0438f,0.3057f,0.0001f,0.969f,-0.2471f,-0.4686f,0.0452f,-0.2468f,-0.968f,0.1881f,0f,0f,0f,1f],start_interpolation: 0,interpolation_duration: 1}
$data merge entity $(bone_beard) {transformation: [-0.999f,-0.0119f,-0.0436f,0.013f,0.0001f,0.9642f,-0.2651f,-0.7755f,0.0452f,-0.2649f,-0.9632f,0.2872f,0f,0f,0f,1f],start_interpolation: 0,interpolation_duration: 1}
$data merge entity $(bone_head) {transformation: [-0.999f,-0.0033f,-0.0451f,0f,0.0001f,0.9972f,-0.075f,-0.7031f,0.0452f,-0.075f,-0.9962f,0f,0f,0f,0f,1f],start_interpolation: 0,interpolation_duration: 1}
$data merge entity $(bone_body) {transformation: [-1.0165f,0f,0.482f,0f,0f,1.125f,0f,-1.375f,-0.482f,0f,-1.0165f,0f,0f,0f,0f,1f],start_interpolation: 0,interpolation_duration: 1}
$data merge entity $(bone_left4) {transformation: [-0.8201f,-0.5265f,0.2242f,0.3978f,-0.5712f,0.7764f,-0.2662f,-1.2316f,-0.0339f,-0.3464f,-0.9375f,0.1017f,0f,0f,0f,1f],start_interpolation: 0,interpolation_duration: 1}
$data merge entity $(bone_left3) {transformation: [-0.8082f,-0.584f,0.0765f,0.784f,-0.5583f,0.8009f,0.2165f,-2.2821f,-0.1877f,0.1323f,-0.9733f,-0.1017f,0f,0f,0f,1f],start_interpolation: 0,interpolation_duration: 1}
$data merge entity $(bone_aura) {transformation: [0.8812f,0.3849f,-2.1716f,0.5124f,0.3737f,2.2787f,0.5555f,0.3303f,2.1736f,-0.5478f,0.7849f,1.4969f,0f,0f,0f,1f],start_interpolation: 0,interpolation_duration: 1}
$data merge entity $(bone_scythe) {transformation: [0.6338f,0.2768f,-1.562f,-0.1367f,0.2688f,1.6391f,0.3996f,-0.8356f,1.5635f,-0.394f,0.5646f,0.5263f,0f,0f,0f,1f],start_interpolation: 0,interpolation_duration: 1}
$data merge entity $(bone_right2) {transformation: [-0.9077f,-0.4104f,-0.0876f,-0.2572f,0.3084f,-0.5108f,-0.8025f,-1.008f,0.2846f,-0.7554f,0.5902f,0.274f,0f,0f,0f,1f],start_interpolation: 0,interpolation_duration: 1}
$data merge entity $(bone_right1) {transformation: [-0.9511f,0.0377f,-0.3067f,0f,0.3078f,0.0257f,-0.9511f,-1.1314f,-0.028f,-0.999f,-0.036f,1.3441f,0f,0f,0f,1f],start_interpolation: 0,interpolation_duration: 1}
data modify entity @s data merge value {"cameras":{},"locators":{"scythe_blade":{"posx":0.29746748409367796,"posy":0.3644752833392665,"posz":0.8781321292696136,"roty":250.1280264072089,"rotx":13.525997535702489},"scythe_pole":{"posx":-0.10954565972549443,"posy":-0.6431717267423959,"posz":0.46515476447594883,"roty":250.1280264072089,"rotx":13.525997535702489}}}