# This file was generated by Animated Java via MC-Build. It is not recommended to edit this file directly.
$data merge entity $(bone_hair_side) {transformation: [-0.9998f,-0.0024f,-0.0217f,-0.2917f,0f,0.9939f,-0.11f,1.9386f,0.0218f,-0.1099f,-0.9937f,0.2388f,0f,0f,0f,1f],start_interpolation: 0,interpolation_duration: 1}
$data merge entity $(bone_hair_side1) {transformation: [-0.9998f,-0.0024f,-0.0217f,0.3019f,0f,0.9939f,-0.11f,1.9386f,0.0218f,-0.1099f,-0.9937f,0.2258f,0f,0f,0f,1f],start_interpolation: 0,interpolation_duration: 1}
$data merge entity $(bone_beard) {transformation: [-0.9998f,-0.0024f,-0.0217f,0.006f,0f,0.9939f,-0.11f,1.6227f,0.0218f,-0.1099f,-0.9937f,0.2746f,0f,0f,0f,1f],start_interpolation: 0,interpolation_duration: 1}
$data merge entity $(bone_head) {transformation: [-0.9998f,0.0014f,-0.0218f,0f,0f,0.9979f,0.0643f,1.7344f,0.0218f,0.0643f,-0.9977f,0f,0f,0f,0f,1f],start_interpolation: 0,interpolation_duration: 1}
$data merge entity $(bone_body) {transformation: [-1.1034f,0f,0.2195f,0f,0f,1.125f,0f,1.0625f,-0.2195f,0f,-1.1034f,0f,0f,0f,0f,1f],start_interpolation: 0,interpolation_duration: 1}
$data merge entity $(bone_left4) {transformation: [-0.9243f,-0.3746f,0.0735f,0.3776f,-0.3816f,0.913f,-0.1444f,1.1753f,-0.013f,-0.1615f,-0.9868f,0.0418f,0f,0f,0f,1f],start_interpolation: 0,interpolation_duration: 1}
$data merge entity $(bone_left3) {transformation: [-0.9197f,-0.389f,0.0526f,0.5157f,-0.3829f,0.9186f,0.0978f,0.051f,-0.0864f,0.0698f,-0.9938f,-0.0616f,0f,0f,0f,1f],start_interpolation: 0,interpolation_duration: 1}
$data merge entity $(bone_scythe) {transformation: [-1.1161f,-0.428f,-1.2204f,-0.6477f,-0.6433f,1.5822f,0.0335f,1.1616f,1.122f,0.4814f,-1.1949f,0.3949f,0f,0f,0f,1f],start_interpolation: 0,interpolation_duration: 1}
$data merge entity $(bone_right2) {transformation: [-0.7152f,0.6918f,0.1001f,-0.4095f,0.0666f,0.2101f,-0.9754f,1.2294f,-0.6958f,-0.6909f,-0.1963f,0.1791f,0f,0f,0f,1f],start_interpolation: 0,interpolation_duration: 1}
$data merge entity $(bone_right1) {transformation: [-0.8553f,0.4105f,-0.316f,-0.5785f,0.518f,0.6658f,-0.5371f,0.3602f,-0.0101f,-0.623f,-0.7821f,0.8442f,0f,0f,0f,1f],start_interpolation: 0,interpolation_duration: 1}
data modify entity @s data merge value {"cameras":{},"locators":{"hitbox":{"posx":-0.964074761202651,"posy":2.200340177288635,"posz":0.7471352015541282,"roty":314.3942203369663,"rotx":1.122465312057775},"hitbox2":{"posx":-1.4540864156677835,"posy":1.9179246050358414,"posz":1.2397100923448288,"roty":314.3942203369663,"rotx":1.122465312057775}}}