# This file was generated by Animated Java via MC-Build. It is not recommended to edit this file directly.
$data merge entity $(bone_hair_side) {transformation: [-0.9996f,-0.0041f,-0.0282f,-0.2903f,0f,0.9896f,-0.1437f,-0.4911f,0.0285f,-0.1436f,-0.9892f,0.2337f,0f,0f,0f,1f],start_interpolation: 0,interpolation_duration: 1}
$data merge entity $(bone_hair_side1) {transformation: [-0.9996f,-0.0041f,-0.0282f,0.3032f,0f,0.9896f,-0.1437f,-0.4911f,0.0285f,-0.1436f,-0.9892f,0.2167f,0f,0f,0f,1f],start_interpolation: 0,interpolation_duration: 1}
$data merge entity $(bone_beard) {transformation: [-0.9996f,-0.0041f,-0.0282f,0.0079f,0f,0.9896f,-0.1437f,-0.8054f,0.0285f,-0.1436f,-0.9892f,0.2782f,0f,0f,0f,1f],start_interpolation: 0,interpolation_duration: 1}
$data merge entity $(bone_head) {transformation: [-0.9996f,0.0009f,-0.0285f,0f,0f,0.9995f,0.0303f,-0.7031f,0.0285f,0.0303f,-0.9991f,0f,0f,0f,0f,1f],start_interpolation: 0,interpolation_duration: 1}
$data merge entity $(bone_body) {transformation: [-1.0881f,0f,0.2859f,0f,0f,1.125f,0f,-1.375f,-0.2859f,0f,-1.0881f,0f,0f,0f,0f,1f],start_interpolation: 0,interpolation_duration: 1}
$data merge entity $(bone_left4) {transformation: [-0.9016f,-0.4195f,0.106f,0.383f,-0.4323f,0.883f,-0.1827f,-1.2556f,-0.0169f,-0.2106f,-0.9774f,0.0548f,0f,0f,0f,1f],start_interpolation: 0,interpolation_duration: 1}
$data merge entity $(bone_left3) {transformation: [-0.8952f,-0.4415f,0.0616f,0.5861f,-0.4312f,0.8926f,0.1314f,-2.3666f,-0.113f,0.0911f,-0.9894f,-0.0801f,0f,0f,0f,1f],start_interpolation: 0,interpolation_duration: 1}
$data merge entity $(bone_aura) {transformation: [-0.9876f,-0.3671f,-2.1285f,-1.2271f,-0.7995f,2.2363f,-0.0147f,-0.7113f,2.0065f,0.7104f,-1.0535f,1.9133f,0f,0f,0f,1f],start_interpolation: 0,interpolation_duration: 1}
$data merge entity $(bone_scythe) {transformation: [-0.7104f,-0.264f,-1.531f,-0.5268f,-0.5751f,1.6086f,-0.0106f,-1.2111f,1.4433f,0.511f,-0.7578f,0.5053f,0f,0f,0f,1f],start_interpolation: 0,interpolation_duration: 1}
$data merge entity $(bone_right2) {transformation: [-0.8956f,0.4449f,0.0046f,-0.3668f,0.0517f,0.1142f,-0.9921f,-1.1744f,-0.4419f,-0.8883f,-0.1253f,0.2207f,0f,0f,0f,1f],start_interpolation: 0,interpolation_duration: 1}
$data merge entity $(bone_right1) {transformation: [-0.8852f,0.3047f,-0.3515f,-0.4139f,0.465f,0.5581f,-0.6872f,-1.9127f,-0.0132f,-0.7718f,-0.6358f,1.0449f,0f,0f,0f,1f],start_interpolation: 0,interpolation_duration: 1}
data modify entity @s data merge value {"cameras":{},"locators":{"scythe_blade":{"posx":-0.9824706586069183,"posy":-0.36323386629413923,"posz":1.4141039468343142,"roty":296.33349101345004,"rotx":-0.35518257699952055},"scythe_pole":{"posx":-0.5516832532432919,"posy":-1.014567543990391,"posz":0.5528553464414018,"roty":296.33349101345004,"rotx":-0.35518257699952055}}}