# This file was generated by Animated Java via MC-Build. It is not recommended to edit this file directly.
$data merge entity $(bone_hair_side) {transformation: [-1f,-0.0001f,-0.0037f,-0.296f,0f,0.9998f,-0.0185f,1.9165f,0.0037f,-0.0185f,-0.9998f,0.2512f,0f,0f,0f,1f],start_interpolation: 0,interpolation_duration: 1}
$data merge entity $(bone_hair_side1) {transformation: [-1f,-0.0001f,-0.0037f,0.2978f,0f,0.9998f,-0.0185f,1.9165f,0.0037f,-0.0185f,-0.9998f,0.249f,0f,0f,0f,1f],start_interpolation: 0,interpolation_duration: 1}
$data merge entity $(bone_beard) {transformation: [-1f,-0.0001f,-0.0037f,0.001f,0f,0.9998f,-0.0185f,1.5981f,0.0037f,-0.0185f,-0.9998f,0.2633f,0f,0f,0f,1f],start_interpolation: 0,interpolation_duration: 1}
$data merge entity $(bone_head) {transformation: [-1f,0.0006f,-0.0036f,0f,0f,0.9879f,0.1554f,1.7344f,0.0037f,0.1554f,-0.9878f,0f,0f,0f,0f,1f],start_interpolation: 0,interpolation_duration: 1}
$data merge entity $(bone_body) {transformation: [-1.1244f,0f,0.0371f,0f,0f,1.125f,0f,1.0625f,-0.0371f,0f,-1.1244f,0f,0f,0f,0f,1f],start_interpolation: 0,interpolation_duration: 1}
$data merge entity $(bone_left4) {transformation: [-0.9698f,-0.2439f,0.0088f,0.3628f,-0.2441f,0.9694f,-0.0259f,1.163f,-0.0022f,-0.0273f,-0.9996f,0.007f,0f,0f,0f,1f],start_interpolation: 0,interpolation_duration: 1}
$data merge entity $(bone_left3) {transformation: [-0.9694f,-0.2454f,0.0112f,0.3283f,-0.2452f,0.9693f,0.015f,0.0261f,-0.0145f,0.0118f,-0.9998f,-0.0104f,0f,0f,0f,1f],start_interpolation: 0,interpolation_duration: 1}
$data merge entity $(bone_scythe) {transformation: [-1.6895f,-0.1946f,-0.1621f,-0.8358f,-0.1993f,1.6962f,0.0415f,1.1676f,0.1562f,0.0599f,-1.7001f,0.0462f,0f,0f,0f,1f],start_interpolation: 0,interpolation_duration: 1}
$data merge entity $(bone_right2) {transformation: [-0.0925f,0.9905f,0.1022f,-0.5094f,0.0364f,0.1059f,-0.9937f,1.2018f,-0.995f,-0.0882f,-0.0459f,0.0328f,0f,0f,0f,1f],start_interpolation: 0,interpolation_duration: 1}
$data merge entity $(bone_right1) {transformation: [-0.7593f,0.6467f,-0.0725f,-0.9593f,0.6508f,0.7542f,-0.0872f,0.1971f,-0.0017f,-0.1134f,-0.9936f,0.1538f,0f,0f,0f,1f],start_interpolation: 0,interpolation_duration: 1}
data modify entity @s data merge value {"cameras":{},"locators":{"hitbox":{"posx":-1.012075530085685,"posy":2.294653624318408,"posz":0.09048519543917927,"roty":354.5549245285107,"rotx":1.390821427991015},"hitbox2":{"posx":-1.7537899780186337,"posy":2.2071423078436068,"posz":0.15905229554096545,"roty":354.5549245285107,"rotx":1.390821427991015}}}