# This file was generated by Animated Java via MC-Build. It is not recommended to edit this file directly.
$data merge entity $(bone_hair_side) {transformation: [-1f,-0.0004f,-0.0088f,-0.2947f,0f,0.999f,-0.0448f,-0.5145f,0.0089f,-0.0448f,-0.999f,0.2478f,0f,0f,0f,1f],start_interpolation: 0,interpolation_duration: 1}
$data merge entity $(bone_hair_side1) {transformation: [-1f,-0.0004f,-0.0088f,0.299f,0f,0.999f,-0.0448f,-0.5145f,0.0089f,-0.0448f,-0.999f,0.2426f,0f,0f,0f,1f],start_interpolation: 0,interpolation_duration: 1}
$data merge entity $(bone_beard) {transformation: [-1f,-0.0004f,-0.0088f,0.0024f,0f,0.999f,-0.0448f,-0.8325f,0.0089f,-0.0448f,-0.999f,0.2667f,0f,0f,0f,1f],start_interpolation: 0,interpolation_duration: 1}
$data merge entity $(bone_head) {transformation: [-1f,0.0012f,-0.0088f,0f,0f,0.9916f,0.1294f,-0.7031f,0.0089f,0.1294f,-0.9916f,0f,0f,0f,0f,1f],start_interpolation: 0,interpolation_duration: 1}
$data merge entity $(bone_body) {transformation: [-1.1214f,0f,0.0896f,0f,0f,1.125f,0f,-1.375f,-0.0896f,0f,-1.1214f,0f,0f,0f,0f,1f],start_interpolation: 0,interpolation_duration: 1}
$data merge entity $(bone_left4) {transformation: [-0.959f,-0.2824f,0.0238f,0.367f,-0.2834f,0.957f,-0.0617f,-1.2718f,-0.0053f,-0.0659f,-0.9978f,0.017f,0f,0f,0f,1f],start_interpolation: 0,interpolation_duration: 1}
$data merge entity $(bone_left3) {transformation: [-0.9577f,-0.2866f,0.0255f,0.3812f,-0.2856f,0.9576f,0.0373f,-2.4084f,-0.0351f,0.0285f,-0.999f,-0.0252f,0f,0f,0f,1f],start_interpolation: 0,interpolation_duration: 1}
$data merge entity $(bone_aura) {transformation: [-2.2336f,-0.5253f,-0.613f,-2.2576f,-0.5723f,2.3023f,0.1122f,-0.641f,0.5694f,0.2533f,-2.2918f,0.5632f,0f,0f,0f,1f],start_interpolation: 0,interpolation_duration: 1}
$data merge entity $(bone_scythe) {transformation: [-1.6066f,-0.3778f,-0.4409f,-0.8021f,-0.4116f,1.656f,0.0807f,-1.2941f,0.4095f,0.1822f,-1.6485f,0.1419f,0f,0f,0f,1f],start_interpolation: 0,interpolation_duration: 1}
$data merge entity $(bone_right2) {transformation: [-0.2561f,0.9544f,0.1534f,-0.4849f,0.0715f,0.1769f,-0.9816f,-1.2372f,-0.964f,-0.2404f,-0.1136f,0.0781f,0f,0f,0f,1f],start_interpolation: 0,interpolation_duration: 1}
$data merge entity $(bone_right1) {transformation: [-0.789f,0.5924f,-0.1629f,-0.8678f,0.6144f,0.759f,-0.2156f,-2.2356f,-0.0041f,-0.2702f,-0.9628f,0.3665f,0f,0f,0f,1f],start_interpolation: 0,interpolation_duration: 1}
data modify entity @s data merge value {"cameras":{},"locators":{"scythe_blade":{"posx":-1.6862606939299771,"posy":-0.35029936205163303,"posz":0.42461558079089656,"roty":345.02612211711386,"rotx":2.7086959637196757},"scythe_pole":{"posx":-0.8323363862620154,"posy":-1.093444204688129,"posz":0.15982978125366443,"roty":345.02612211711386,"rotx":2.7086959637196757}}}