# This file was generated by Animated Java via MC-Build. It is not recommended to edit this file directly.
$data merge entity $(bone_hair_side) {transformation: [-1f,-0.0002f,-0.0003f,-0.2968f,-0.0002f,1f,0.0025f,1.9111f,0.0003f,0.0025f,-1f,0.2539f,0f,0f,0f,1f],start_interpolation: 0,interpolation_duration: 1}
$data merge entity $(bone_hair_side1) {transformation: [-1f,-0.0002f,-0.0003f,0.2969f,-0.0002f,1f,0.0025f,1.9112f,0.0003f,0.0025f,-1f,0.2538f,0f,0f,0f,1f],start_interpolation: 0,interpolation_duration: 1}
$data merge entity $(bone_beard) {transformation: [-1f,-0.0002f,-0.0003f,0.0001f,-0.0002f,1f,0.0025f,1.5926f,0.0003f,0.0025f,-1f,0.2603f,0f,0f,0f,1f],start_interpolation: 0,interpolation_duration: 1}
$data merge entity $(bone_head) {transformation: [-1f,-0.0001f,-0.0004f,0f,-0.0002f,0.9844f,0.1761f,1.7344f,0.0003f,0.1761f,-0.9844f,0f,0f,0f,0f,1f],start_interpolation: 0,interpolation_duration: 1}
$data merge entity $(bone_body) {transformation: [-1.1238f,0f,0.053f,0f,0f,1.125f,0f,1.0625f,-0.053f,0f,-1.1238f,0f,0f,0f,0f,1f],start_interpolation: 0,interpolation_duration: 1}
$data merge entity $(bone_left4) {transformation: [-0.7408f,0.671f,-0.0311f,0.3664f,0.5204f,0.544f,-0.6582f,1.1963f,-0.4247f,-0.5038f,-0.7522f,0.1628f,0f,0f,0f,1f],start_interpolation: 0,interpolation_duration: 1}
$data merge entity $(bone_left3) {transformation: [-0.9509f,-0.2385f,0.1973f,0.3301f,-0.303f,0.8475f,-0.4358f,0.1746f,-0.0633f,-0.4742f,-0.8782f,0.6616f,0f,0f,0f,1f],start_interpolation: 0,interpolation_duration: 1}
$data merge entity $(bone_scythe) {transformation: [-1.5922f,-1.7009f,-0.461f,-0.7944f,0.0734f,0.5567f,-2.3077f,1.4576f,1.7607f,-1.5613f,-0.3207f,0.4457f,0f,0f,0f,1f],start_interpolation: 0,interpolation_duration: 1}
$data merge entity $(bone_right2) {transformation: [-0.1927f,0.7475f,0.6357f,-0.5461f,-0.9717f,-0.0551f,-0.2298f,1.4547f,-0.1368f,-0.662f,0.737f,0.2306f,0f,0f,0f,1f],start_interpolation: 0,interpolation_duration: 1}
$data merge entity $(bone_right1) {transformation: [0.0992f,0.7475f,-0.6568f,-1.3713f,0.9946f,-0.0551f,0.0875f,1.2024f,0.0292f,-0.662f,-0.749f,0.9248f,0f,0f,0f,1f],start_interpolation: 0,interpolation_duration: 1}
execute on vehicle unless entity @s[tag=aj.transforms_only] positioned ^-2.0616852186 ^1.7457354787 ^0.1939070063 rotated ~304.8235787396 ~-76.3241175099 run function animated_java:lich/animations/swing_flurry/zzz/frames/8_locator_commands
execute on vehicle unless entity @s[tag=aj.transforms_only] positioned ^-0.9293830171 ^1.5047373998 ^0.300556669 rotated ~304.8235787396 ~-76.3241175099 run function animated_java:lich/animations/swing_flurry/zzz/frames/8_locator_commands
data modify entity @s data merge value {"cameras":{},"locators":{"scythe_blade":{"posx":-2.061685218565331,"posy":1.7457354787461008,"posz":0.19390700630649477,"roty":304.82357873957983,"rotx":-76.32411750985447},"scythe_pole":{"posx":-0.929383017131911,"posy":1.5047373997663276,"posz":0.30055666902086,"roty":304.82357873957983,"rotx":-76.32411750985447}}}
execute on vehicle unless entity @s[tag=aj.transforms_only] if entity @s[tag=phase2] run function animated_java:lich/variants/scythe_aura/apply