# This file was generated by Animated Java via MC-Build. It is not recommended to edit this file directly.
$data merge entity $(bone_hair_side) {transformation: [-1f,0f,0f,-0.2969f,0f,0.9993f,0.0386f,1.9019f,0f,0.0386f,-0.9993f,0.2601f,0f,0f,0f,1f],start_interpolation: 0,interpolation_duration: 1}
$data merge entity $(bone_hair_side1) {transformation: [-1f,0f,0f,0.2969f,0f,0.9993f,0.0386f,1.9019f,0f,0.0386f,-0.9993f,0.2601f,0f,0f,0f,1f],start_interpolation: 0,interpolation_duration: 1}
$data merge entity $(bone_beard) {transformation: [-1f,0f,0f,0f,0f,1f,0.0069f,1.5832f,0f,0.0069f,-1f,0.255f,0f,0f,0f,1f],start_interpolation: 0,interpolation_duration: 1}
$data merge entity $(bone_head) {transformation: [-1f,0f,0f,0f,0f,0.9774f,0.2116f,1.7344f,0f,0.2116f,-0.9774f,0f,0f,0f,0f,1f],start_interpolation: 0,interpolation_duration: 1}
$data merge entity $(bone_body) {transformation: [-1.1248f,0f,0.0184f,0f,0f,1.125f,0f,1.0625f,-0.0184f,0f,-1.1248f,0f,0f,0f,0f,1f],start_interpolation: 0,interpolation_duration: 1}
$data merge entity $(bone_scythe) {transformation: [-1.0572f,2.0798f,-0.4444f,-0.5965f,0.9434f,0.9034f,1.9836f,1.6845f,1.906f,0.7065f,-1.2283f,0.5184f,0f,0f,0f,1f],start_interpolation: 0,interpolation_duration: 1}
$data merge entity $(bone_right2) {transformation: [-0.2129f,0.4195f,-0.8824f,-0.4555f,0.8457f,-0.3732f,-0.3815f,1.5488f,-0.4894f,-0.8275f,-0.2753f,0.2546f,0f,0f,0f,1f],start_interpolation: 0,interpolation_duration: 1}
$data merge entity $(bone_right1) {transformation: [0.8633f,0.4576f,-0.2129f,-1.2115f,0.3974f,-0.3562f,0.8457f,1.8031f,0.3111f,-0.8147f,-0.4894f,1.0229f,0f,0f,0f,1f],start_interpolation: 0,interpolation_duration: 1}
data modify entity @s data merge value {"cameras":{},"locators":{"scythe_blade":{"posx":0.10327636884987212,"posy":2.3852521593160745,"posz":1.3969336951320974,"roty":340.11144414962365,"rotx":56.635019288821944},"scythe_pole":{"posx":-0.4116534786241509,"posy":1.755566373519486,"posz":0.5663281549711185,"roty":340.11144414962365,"rotx":56.635019288821944}}}