# This file was generated by Animated Java via MC-Build. It is not recommended to edit this file directly.
$data merge entity $(bone_hair_side) {transformation: [-1f,0f,0f,-0.2969f,0f,0.9983f,0.0579f,1.8968f,0f,0.0579f,-0.9983f,0.2633f,0f,0f,0f,1f],start_interpolation: 0,interpolation_duration: 1}
$data merge entity $(bone_hair_side1) {transformation: [-1f,0f,0f,0.2969f,0f,0.9983f,0.0579f,1.8968f,0f,0.0579f,-0.9983f,0.2633f,0f,0f,0f,1f],start_interpolation: 0,interpolation_duration: 1}
$data merge entity $(bone_beard) {transformation: [-1f,0f,0f,0f,0f,0.9999f,0.0104f,1.5783f,0f,0.0104f,-0.9999f,0.2521f,0f,0f,0f,1f],start_interpolation: 0,interpolation_duration: 1}
$data merge entity $(bone_head) {transformation: [-1f,0f,0f,0f,0f,0.9731f,0.2304f,1.7344f,0f,0.2304f,-0.9731f,0f,0f,0f,0f,1f],start_interpolation: 0,interpolation_duration: 1}
$data merge entity $(bone_body) {transformation: [-1.1236f,0f,0.0552f,0f,0f,1.125f,0f,1.0625f,-0.0552f,0f,-1.1236f,0f,0f,0f,0f,1f],start_interpolation: 0,interpolation_duration: 1}
$data merge entity $(bone_scythe) {transformation: [-1.0142f,1.3587f,0.2092f,-0.6293f,0.0512f,-0.2225f,1.693f,1.3917f,1.3737f,1.0114f,0.0914f,0.555f,0f,0f,0f,1f],start_interpolation: 0,interpolation_duration: 1}
$data merge entity $(bone_right2) {transformation: [0.0418f,0.477f,-0.8779f,-0.4734f,0.9901f,0.0978f,0.1003f,1.4083f,0.1337f,-0.8734f,-0.4682f,0.2663f,0f,0f,0f,1f],start_interpolation: 0,interpolation_duration: 1}
$data merge entity $(bone_right1) {transformation: [0.8562f,0.5149f,0.0418f,-1.288f,-0.1045f,0.0934f,0.9901f,1.3418f,0.5059f,-0.8522f,0.1337f,1.0136f,0f,0f,0f,1f],start_interpolation: 0,interpolation_duration: 1}
data modify entity @s data merge value {"cameras":{},"locators":{"hitbox":{"posx":0.25005653855263577,"posy":1.2445627367030856,"posz":1.2679834607926264,"roty":113.59321266864738,"rotx":82.32059212425793},"hitbox2":{"posx":-0.1952198452163073,"posy":1.2670367720682623,"posz":1.8710786935644146,"roty":113.59321266864738,"rotx":82.32059212425793}}}