# This file was generated by Animated Java via MC-Build. It is not recommended to edit this file directly.
$data merge entity $(bone_hair_side) {transformation: [-1f,0f,0f,-0.2969f,0f,0.9962f,0.0869f,1.8891f,0f,0.0869f,-0.9962f,0.2679f,0f,0f,0f,1f],start_interpolation: 0,interpolation_duration: 1}
$data merge entity $(bone_hair_side1) {transformation: [-1f,0f,0f,0.2969f,0f,0.9962f,0.0869f,1.8891f,0f,0.0869f,-0.9962f,0.2679f,0f,0f,0f,1f],start_interpolation: 0,interpolation_duration: 1}
$data merge entity $(bone_beard) {transformation: [-1f,0f,0f,0f,0f,0.9999f,0.0156f,1.5711f,0f,0.0156f,-0.9999f,0.2475f,0f,0f,0f,1f],start_interpolation: 0,interpolation_duration: 1}
$data merge entity $(bone_head) {transformation: [-1f,0f,0f,0f,0f,0.966f,0.2585f,1.7344f,0f,0.2585f,-0.966f,0f,0f,0f,0f,1f],start_interpolation: 0,interpolation_duration: 1}
$data merge entity $(bone_body) {transformation: [-1.1226f,0f,0.0736f,0f,0f,1.125f,0f,1.0625f,-0.0736f,0f,-1.1226f,0f,0f,0f,0f,1f],start_interpolation: 0,interpolation_duration: 1}
$data merge entity $(bone_scythe) {transformation: [-1.5637f,0.6566f,-0.2049f,-0.9069f,-0.5436f,-0.868f,1.3673f,1.2547f,0.4215f,1.3168f,1.0035f,0.1544f,0f,0f,0f,1f],start_interpolation: 0,interpolation_duration: 1}
$data merge entity $(bone_right2) {transformation: [-0.1199f,0.9313f,-0.3441f,-0.5994f,0.8004f,0.2957f,0.5215f,1.3392f,0.5874f,-0.2129f,-0.7808f,0.0754f,0f,0f,0f,1f],start_interpolation: 0,interpolation_duration: 1}
$data merge entity $(bone_right1) {transformation: [0.3777f,0.9181f,-0.1199f,-1.693f,-0.5104f,0.3145f,0.8004f,1.1645f,0.7726f,-0.2411f,0.5874f,0.0901f,0f,0f,0f,1f],start_interpolation: 0,interpolation_duration: 1}