# This file was generated by Animated Java via MC-Build. It is not recommended to edit this file directly.
$data merge entity $(bone_hair_side) {transformation: [-1f,0f,0f,-0.2969f,0f,0.9953f,0.0965f,-0.551f,0f,0.0965f,-0.9953f,0.2693f,0f,0f,0f,1f],start_interpolation: 0,interpolation_duration: 1}
$data merge entity $(bone_hair_side1) {transformation: [-1f,0f,0f,0.2969f,0f,0.9953f,0.0965f,-0.551f,0f,0.0965f,-0.9953f,0.2693f,0f,0f,0f,1f],start_interpolation: 0,interpolation_duration: 1}
$data merge entity $(bone_beard) {transformation: [-1f,0f,0f,0f,0f,0.9999f,0.0173f,-0.8688f,0f,0.0173f,-0.9999f,0.2459f,0f,0f,0f,1f],start_interpolation: 0,interpolation_duration: 1}
$data merge entity $(bone_head) {transformation: [-1f,0f,0f,0f,0f,0.9635f,0.2678f,-0.7031f,0f,0.2678f,-0.9635f,0f,0f,0f,0f,1f],start_interpolation: 0,interpolation_duration: 1}
$data merge entity $(bone_body) {transformation: [-1.1176f,0f,0.1286f,0f,0f,1.125f,0f,-1.375f,-0.1286f,0f,-1.1176f,0f,0f,0f,0f,1f],start_interpolation: 0,interpolation_duration: 1}
$data merge entity $(bone_aura) {transformation: [-2.3693f,-0.1151f,0.117f,-2.2646f,0.1628f,-1.4361f,1.8846f,-1.7289f,-0.0206f,1.8881f,1.4406f,0.8904f,0f,0f,0f,1f],start_interpolation: 0,interpolation_duration: 1}
$data merge entity $(bone_scythe) {transformation: [-1.7042f,-0.0828f,0.0842f,-0.9068f,0.1171f,-1.033f,1.3556f,-1.2142f,-0.0148f,1.3581f,1.0362f,0.1068f,0f,0f,0f,1f],start_interpolation: 0,interpolation_duration: 1}
$data merge entity $(bone_right2) {transformation: [-0.1944f,0.9158f,-0.3513f,-0.6032f,0.7696f,0.3645f,0.5243f,-1.1066f,0.6082f,-0.1684f,-0.7757f,0.042f,0f,0f,0f,1f],start_interpolation: 0,interpolation_duration: 1}
$data merge entity $(bone_right1) {transformation: [0.311f,0.9303f,-0.1944f,-1.6889f,-0.5397f,0.3413f,0.7696f,-1.3006f,0.7823f,-0.1344f,0.6082f,-0.0596f,0f,0f,0f,1f],start_interpolation: 0,interpolation_duration: 1}
data modify entity @s data merge value {"cameras":{},"locators":{"scythe_blade":{"posx":-1.63233187644859,"posy":-1.8578613920931615,"posz":1.0077438838366155,"roty":175.3568311752752,"rotx":52.515300024164226},"scythe_pole":{"posx":-0.9010277888624079,"posy":-1.3381193994048668,"posz":0.26840289855570937,"roty":175.3568311752752,"rotx":52.515300024164226}}}