# This file was generated by Animated Java via MC-Build. It is not recommended to edit this file directly.
$data merge entity $(bone_hair_side) {transformation: [-1f,0f,0f,-0.2969f,0f,0.9953f,0.0965f,1.8865f,0f,0.0965f,-0.9953f,0.2693f,0f,0f,0f,1f],start_interpolation: 0,interpolation_duration: 1}
$data merge entity $(bone_hair_side1) {transformation: [-1f,0f,0f,0.2969f,0f,0.9953f,0.0965f,1.8865f,0f,0.0965f,-0.9953f,0.2693f,0f,0f,0f,1f],start_interpolation: 0,interpolation_duration: 1}
$data merge entity $(bone_beard) {transformation: [-1f,0f,0f,0f,0f,0.9999f,0.0173f,1.5687f,0f,0.0173f,-0.9999f,0.2459f,0f,0f,0f,1f],start_interpolation: 0,interpolation_duration: 1}
$data merge entity $(bone_head) {transformation: [-1f,0f,0f,0f,0f,0.9635f,0.2678f,1.7344f,0f,0.2678f,-0.9635f,0f,0f,0f,0f,1f],start_interpolation: 0,interpolation_duration: 1}
$data merge entity $(bone_body) {transformation: [-1.1176f,0f,0.1286f,0f,0f,1.125f,0f,1.0625f,-0.1286f,0f,-1.1176f,0f,0f,0f,0f,1f],start_interpolation: 0,interpolation_duration: 1}
$data merge entity $(bone_scythe) {transformation: [-1.7042f,-0.0828f,0.0842f,-0.9068f,0.1171f,-1.033f,1.3556f,1.2233f,-0.0148f,1.3581f,1.0362f,0.1068f,0f,0f,0f,1f],start_interpolation: 0,interpolation_duration: 1}
$data merge entity $(bone_right2) {transformation: [-0.1944f,0.9158f,-0.3513f,-0.6032f,0.7696f,0.3645f,0.5243f,1.3309f,0.6082f,-0.1684f,-0.7757f,0.042f,0f,0f,0f,1f],start_interpolation: 0,interpolation_duration: 1}
$data merge entity $(bone_right1) {transformation: [0.311f,0.9303f,-0.1944f,-1.6889f,-0.5397f,0.3413f,0.7696f,1.1369f,0.7823f,-0.1344f,0.6082f,-0.0596f,0f,0f,0f,1f],start_interpolation: 0,interpolation_duration: 1}
data modify entity @s data merge value {"cameras":{},"locators":{"hitbox":{"posx":-1.0088264327081173,"posy":0.5367838853485996,"posz":1.0131692299502184,"roty":175.3568311752752,"rotx":52.515300024164226},"hitbox2":{"posx":-1.7570329651966845,"posy":0.5882095524184863,"posz":1.006658814613895,"roty":175.3568311752752,"rotx":52.515300024164226}}}