# This file was generated by Animated Java via MC-Build. It is not recommended to edit this file directly.
$data merge entity $(bone_hair_side) {transformation: [-1f,0f,0f,-0.2969f,0f,0.9944f,0.1061f,1.8839f,0f,0.1061f,-0.9944f,0.2708f,0f,0f,0f,1f],start_interpolation: 0,interpolation_duration: 1}
$data merge entity $(bone_hair_side1) {transformation: [-1f,0f,0f,0.2969f,0f,0.9944f,0.1061f,1.8839f,0f,0.1061f,-0.9944f,0.2708f,0f,0f,0f,1f],start_interpolation: 0,interpolation_duration: 1}
$data merge entity $(bone_beard) {transformation: [-1f,0f,0f,0f,0f,0.9998f,0.019f,1.5663f,0f,0.019f,-0.9998f,0.2443f,0f,0f,0f,1f],start_interpolation: 0,interpolation_duration: 1}
$data merge entity $(bone_head) {transformation: [-1f,0f,0f,0f,0f,0.9608f,0.2771f,1.7344f,0f,0.2771f,-0.9608f,0f,0f,0f,0f,1f],start_interpolation: 0,interpolation_duration: 1}
$data merge entity $(bone_body) {transformation: [-1.1154f,0f,0.1468f,0f,0f,1.125f,0f,1.0625f,-0.1468f,0f,-1.1154f,0f,0f,0f,0f,1f],start_interpolation: 0,interpolation_duration: 1}
$data merge entity $(bone_aura) {transformation: [-2.3229f,-0.4946f,0.0136f,-2.4071f,0.3107f,-1.407f,1.888f,0.8024f,-0.3851f,1.8483f,1.4408f,0.6012f,0f,0f,0f,1f],start_interpolation: 0,interpolation_duration: 1}
$data merge entity $(bone_scythe) {transformation: [-1.6709f,-0.3557f,0.0098f,-0.9152f,0.2235f,-1.0121f,1.358f,1.2232f,-0.277f,1.3295f,1.0364f,0.0357f,0f,0f,0f,1f],start_interpolation: 0,interpolation_duration: 1}
$data merge entity $(bone_right2) {transformation: [-0.2657f,0.9293f,-0.2566f,-0.6061f,0.7708f,0.3647f,0.5224f,1.3308f,0.579f,-0.059f,-0.8132f,0.0073f,0f,0f,0f,1f],start_interpolation: 0,interpolation_duration: 1}
$data merge entity $(bone_right1) {transformation: [0.2158f,0.9396f,-0.2657f,-1.6719f,-0.5378f,0.3415f,0.7708f,1.136f,0.815f,-0.0234f,0.579f,-0.2225f,0f,0f,0f,1f],start_interpolation: 0,interpolation_duration: 1}
data modify entity @s data merge value {"cameras":{},"locators":{"scythe_blade":{"posx":-1.8098506115050577,"posy":0.6353183589246777,"posz":0.8144721010393681,"roty":179.45723915227333,"rotx":52.64921374046269},"scythe_pole":{"posx":-0.9422066913088072,"posy":1.100786631921312,"posz":0.19633310810977334,"roty":179.45723915227333,"rotx":52.64921374046269}}}
execute on vehicle unless entity @s[tag=aj.transforms_only] at @s run function animated_java:lich/animations/cast2/zzz/frames/17_root_commands