# This file was generated by Animated Java via MC-Build. It is not recommended to edit this file directly.
$data merge entity $(bone_hair_side) {transformation: [-1f,0f,0f,-0.2969f,0f,0.998f,0.063f,1.8955f,0f,0.063f,-0.998f,0.2641f,0f,0f,0f,1f],start_interpolation: 0,interpolation_duration: 1}
$data merge entity $(bone_hair_side1) {transformation: [-1f,0f,0f,0.2969f,0f,0.998f,0.063f,1.8955f,0f,0.063f,-0.998f,0.2641f,0f,0f,0f,1f],start_interpolation: 0,interpolation_duration: 1}
$data merge entity $(bone_beard) {transformation: [-1f,0f,0f,0f,0f,0.9997f,-0.0242f,1.5771f,0f,-0.0242f,-0.9997f,0.2513f,0f,0f,0f,1f],start_interpolation: 0,interpolation_duration: 1}
$data merge entity $(bone_head) {transformation: [-1f,0f,0f,0f,0f,0.9719f,0.2354f,1.7344f,0f,0.2354f,-0.9719f,0f,0f,0f,0f,1f],start_interpolation: 0,interpolation_duration: 1}
$data merge entity $(bone_body) {transformation: [-1.122f,0f,-0.0817f,0f,0f,1.125f,0f,1.0625f,0.0817f,0f,-1.122f,0f,0f,0f,0f,1f],start_interpolation: 0,interpolation_duration: 1}
$data merge entity $(bone_left4) {transformation: [-0.955f,-0.2092f,-0.2104f,0.3581f,-0.2117f,0.9773f,-0.0109f,1.1612f,0.2079f,0.0341f,-0.9776f,-0.0567f,0f,0f,0f,1f],start_interpolation: 0,interpolation_duration: 1}
$data merge entity $(bone_left3) {transformation: [-0.955f,-0.2092f,-0.2104f,0.2885f,-0.2117f,0.9773f,-0.0109f,0.0262f,0.2079f,0.0341f,-0.9776f,-0.0291f,0f,0f,0f,1f],start_interpolation: 0,interpolation_duration: 1}
$data merge entity $(bone_scythe) {transformation: [-1.5943f,0.4401f,0.4275f,-0.844f,-0.0029f,-1.1957f,1.2201f,1.1787f,0.6136f,1.138f,1.1167f,0.2586f,0f,0f,0f,1f],start_interpolation: 0,interpolation_duration: 1}
$data merge entity $(bone_right2) {transformation: [-0.0867f,0.8515f,-0.5171f,-0.5632f,0.6778f,0.4308f,0.5958f,1.3094f,0.7302f,-0.2988f,-0.6145f,0.1491f,0f,0f,0f,1f],start_interpolation: 0,interpolation_duration: 1}
$data merge entity $(bone_right1) {transformation: [0.4871f,0.869f,-0.0867f,-1.6388f,-0.6105f,0.4098f,0.6778f,1.0648f,0.6245f,-0.2772f,0.7302f,0.2485f,0f,0f,0f,1f],start_interpolation: 0,interpolation_duration: 1}
data modify entity @s data merge value {"cameras":{},"locators":{"hitbox":{"posx":-0.593873508804251,"posy":0.3802259641307313,"posz":1.0352277410260422,"roty":159.05010228497613,"rotx":45.57876639582625},"hitbox2":{"posx":-1.2938253268431967,"posy":0.3789482016312642,"posz":1.304608177856502,"roty":159.05010228497613,"rotx":45.57876639582625}}}