# This file was generated by Animated Java via MC-Build. It is not recommended to edit this file directly.
$data merge entity $(bone_hair_side) {transformation: [-1f,0f,0f,-0.2969f,0f,1f,-0.0017f,1.9123f,0f,-0.0017f,-1f,0.2531f,0f,0f,0f,1f],start_interpolation: 0,interpolation_duration: 1}
$data merge entity $(bone_hair_side1) {transformation: [-1f,0f,0f,0.2969f,0f,1f,-0.0017f,1.9123f,0f,-0.0017f,-1f,0.2531f,0f,0f,0f,1f],start_interpolation: 0,interpolation_duration: 1}
$data merge entity $(bone_beard) {transformation: [-1f,0f,0f,0f,0f,0.996f,-0.0889f,1.5937f,0f,-0.0889f,-0.996f,0.2609f,0f,0f,0f,1f],start_interpolation: 0,interpolation_duration: 1}
$data merge entity $(bone_head) {transformation: [-1f,0f,0f,0f,0f,0.9851f,0.172f,1.7344f,0f,0.172f,-0.9851f,0f,0f,0f,0f,1f],start_interpolation: 0,interpolation_duration: 1}
$data merge entity $(bone_body) {transformation: [-1.0425f,0f,-0.4229f,0f,0f,1.125f,0f,1.0625f,0.4229f,0f,-1.0425f,0f,0f,0f,0f,1f],start_interpolation: 0,interpolation_duration: 1}
$data merge entity $(bone_left4) {transformation: [-0.8455f,-0.1731f,-0.5052f,0.3495f,-0.1874f,0.982f,-0.0227f,1.1602f,0.5f,0.0755f,-0.8627f,-0.1394f,0f,0f,0f,1f],start_interpolation: 0,interpolation_duration: 1}
$data merge entity $(bone_left3) {transformation: [-0.8455f,-0.1731f,-0.5052f,0.2746f,-0.1874f,0.982f,-0.0227f,0.0276f,0.5f,0.0755f,-0.8627f,-0.0657f,0f,0f,0f,1f],start_interpolation: 0,interpolation_duration: 1}
$data merge entity $(bone_scythe) {transformation: [-0.1475f,1.5938f,0.5971f,-0.3966f,-0.1583f,-0.6096f,1.588f,1.1335f,1.6946f,0.0818f,0.2003f,0.7036f,0f,0f,0f,1f],start_interpolation: 0,interpolation_duration: 1}
$data merge entity $(bone_right2) {transformation: [0.1392f,0.2086f,-0.9681f,-0.3304f,0.8376f,0.4968f,0.2274f,1.2834f,0.5283f,-0.8424f,-0.1055f,0.419f,0f,0f,0f,1f],start_interpolation: 0,interpolation_duration: 1}
$data merge entity $(bone_right1) {transformation: [0.9646f,0.2238f,0.1392f,-0.8697f,-0.2352f,0.4931f,0.8376f,0.833f,0.1189f,-0.8407f,0.5283f,1.275f,0f,0f,0f,1f],start_interpolation: 0,interpolation_duration: 1}