# This file was generated by Animated Java via MC-Build. It is not recommended to edit this file directly.
$data merge entity $(bone_hair_side) {transformation: [-1f,0f,0f,-0.2969f,0f,0.9997f,-0.0233f,1.9177f,0f,-0.0233f,-0.9997f,0.2492f,0f,0f,0f,1f],start_interpolation: 0,interpolation_duration: 1}
$data merge entity $(bone_hair_side1) {transformation: [-1f,0f,0f,0.2969f,0f,0.9997f,-0.0233f,1.9177f,0f,-0.0233f,-0.9997f,0.2492f,0f,0f,0f,1f],start_interpolation: 0,interpolation_duration: 1}
$data merge entity $(bone_beard) {transformation: [-1f,0f,0f,0f,0f,0.9939f,-0.1104f,1.5993f,0f,-0.1104f,-0.9939f,0.2639f,0f,0f,0f,1f],start_interpolation: 0,interpolation_duration: 1}
$data merge entity $(bone_head) {transformation: [-1f,0f,0f,0f,0f,0.9886f,0.1506f,1.7344f,0f,0.1506f,-0.9886f,0f,0f,0f,0f,1f],start_interpolation: 0,interpolation_duration: 1}
$data merge entity $(bone_body) {transformation: [-0.9979f,0f,-0.5195f,0f,0f,1.125f,0f,1.0625f,0.5195f,0f,-0.9979f,0f,0f,0f,0f,1f],start_interpolation: 0,interpolation_duration: 1}
$data merge entity $(bone_scythe) {transformation: [0.3393f,2.322f,0.3659f,-0.2502f,0.1529f,-0.3908f,2.3376f,1.1946f,2.3457f,-0.3104f,-0.2053f,0.7805f,0f,0f,0f,1f],start_interpolation: 0,interpolation_duration: 1}
$data merge entity $(bone_right2) {transformation: [0.0051f,0.0036f,-1f,-0.2491f,0.9159f,0.4014f,0.0061f,1.312f,0.4015f,-0.9159f,-0.0013f,0.4737f,0f,0f,0f,1f],start_interpolation: 0,interpolation_duration: 1}
$data merge entity $(bone_right1) {transformation: [1f,-0.0028f,0.0051f,-0.5587f,-0.0036f,0.4015f,0.9159f,0.8866f,-0.0046f,-0.9159f,0.4015f,1.4483f,0f,0f,0f,1f],start_interpolation: 0,interpolation_duration: 1}
data modify entity @s data merge value {"cameras":{},"locators":{"scythe_blade":{"posx":0.9609007608237012,"posy":1.050205880076145,"posz":1.295002932545086,"roty":60.70918439021246,"rotx":79.82410812812968},"scythe_pole":{"posx":-0.05388670803851345,"posy":1.160198133274385,"posz":0.7385223872637676,"roty":60.70918439021246,"rotx":79.82410812812968}}}