# This file was generated by Animated Java via MC-Build. It is not recommended to edit this file directly.
$data merge entity $(bone_hair_side) {transformation: [-1f,0f,0f,-0.2969f,0f,0.999f,-0.0449f,1.923f,0f,-0.0449f,-0.999f,0.2452f,0f,0f,0f,1f],start_interpolation: 0,interpolation_duration: 1}
$data merge entity $(bone_hair_side1) {transformation: [-1f,0f,0f,0.2969f,0f,0.999f,-0.0449f,1.923f,0f,-0.0449f,-0.999f,0.2452f,0f,0f,0f,1f],start_interpolation: 0,interpolation_duration: 1}
$data merge entity $(bone_beard) {transformation: [-1f,0f,0f,0f,0f,0.9913f,-0.1318f,1.6051f,0f,-0.1318f,-0.9913f,0.2668f,0f,0f,0f,1f],start_interpolation: 0,interpolation_duration: 1}
$data merge entity $(bone_head) {transformation: [-1f,0f,0f,0f,0f,0.9916f,0.1292f,1.7344f,0f,0.1292f,-0.9916f,0f,0f,0f,0f,1f],start_interpolation: 0,interpolation_duration: 1}
$data merge entity $(bone_aura) {transformation: [0.4071f,2.3294f,-0.2205f,1.0399f,0.2828f,0.1732f,2.3517f,1.4876f,2.3227f,-0.4293f,-0.2477f,1.8998f,0f,0f,0f,1f],start_interpolation: 0,interpolation_duration: 1}
$data merge entity $(bone_scythe) {transformation: [0.2928f,1.6756f,-0.1586f,-0.1659f,0.2034f,0.1246f,1.6916f,1.2584f,1.6707f,-0.3088f,-0.1781f,0.797f,0f,0f,0f,1f],start_interpolation: 0,interpolation_duration: 1}
$data merge entity $(bone_right2) {transformation: [-0.1816f,-0.1287f,-0.9749f,-0.2053f,0.9286f,0.3037f,-0.213f,1.3436f,0.3235f,-0.944f,0.0644f,0.4822f,0f,0f,0f,1f],start_interpolation: 0,interpolation_duration: 1}
$data merge entity $(bone_right1) {transformation: [0.9729f,-0.1431f,-0.1816f,-0.3573f,0.2175f,0.3005f,0.9286f,0.9563f,-0.0783f,-0.943f,0.3235f,1.5086f,0f,0f,0f,1f],start_interpolation: 0,interpolation_duration: 1}
data modify entity @s data merge value {"cameras":{},"locators":{"scythe_blade":{"posx":1.06801453049087,"posy":1.421598153535069,"posz":1.2478899386546798,"roty":318.32102073896635,"rotx":81.97456274376883},"scythe_pole":{"posx":0.030665000171669676,"posy":1.2713841238879253,"posz":0.7449941271353329,"roty":318.32102073896635,"rotx":81.97456274376883}}}