# This file was generated by Animated Java via MC-Build. It is not recommended to edit this file directly.
$data merge entity $(bone_hair_side) {transformation: [-1f,0f,0f,-0.2969f,0f,0.9978f,-0.0665f,1.9283f,0f,-0.0665f,-0.9978f,0.2411f,0f,0f,0f,1f],start_interpolation: 0,interpolation_duration: 1}
$data merge entity $(bone_hair_side1) {transformation: [-1f,0f,0f,0.2969f,0f,0.9978f,-0.0665f,1.9283f,0f,-0.0665f,-0.9978f,0.2411f,0f,0f,0f,1f],start_interpolation: 0,interpolation_duration: 1}
$data merge entity $(bone_beard) {transformation: [-1f,0f,0f,0f,0f,0.9882f,-0.1532f,1.6109f,0f,-0.1532f,-0.9882f,0.2695f,0f,0f,0f,1f],start_interpolation: 0,interpolation_duration: 1}
$data merge entity $(bone_head) {transformation: [-1f,0f,0f,0f,0f,0.9942f,0.1078f,1.7344f,0f,0.1078f,-0.9942f,0f,0f,0f,0f,1f],start_interpolation: 0,interpolation_duration: 1}
$data merge entity $(bone_scythe) {transformation: [0.4183f,2.1698f,-0.8703f,-0.1065f,0.4009f,0.8045f,2.1983f,1.3348f,2.3033f,-0.5341f,-0.2246f,0.8035f,0f,0f,0f,1f],start_interpolation: 0,interpolation_duration: 1}
$data merge entity $(bone_right2) {transformation: [-0.4102f,-0.2255f,-0.8837f,-0.174f,0.8722f,0.186f,-0.4523f,1.3822f,0.2664f,-0.9563f,0.1204f,0.4855f,0f,0f,0f,1f],start_interpolation: 0,interpolation_duration: 1}
$data merge entity $(bone_right1) {transformation: [0.879f,-0.2431f,-0.4102f,-0.1905f,0.456f,0.177f,0.8722f,1.0517f,-0.1394f,-0.9537f,0.2664f,1.5424f,0f,0f,0f,1f],start_interpolation: 0,interpolation_duration: 1}
data modify entity @s data merge value {"cameras":{},"locators":{"scythe_blade":{"posx":1.0539635254405149,"posy":1.8345564356870316,"posz":1.198581745196624,"roty":284.4694181439292,"rotx":67.76203225485655},"scythe_pole":{"posx":0.07636904209296451,"posy":1.4009531521630167,"posz":0.7426653947049694,"roty":284.4694181439292,"rotx":67.76203225485655}}}