# This file was generated by Animated Java via MC-Build. It is not recommended to edit this file directly.
$data merge entity $(bone_hair_side) {transformation: [-1f,0f,0f,-0.2969f,0f,0.9978f,-0.0665f,-0.5092f,0f,-0.0665f,-0.9978f,0.2411f,0f,0f,0f,1f],start_interpolation: 0,interpolation_duration: 1}
$data merge entity $(bone_hair_side1) {transformation: [-1f,0f,0f,0.2969f,0f,0.9978f,-0.0665f,-0.5092f,0f,-0.0665f,-0.9978f,0.2411f,0f,0f,0f,1f],start_interpolation: 0,interpolation_duration: 1}
$data merge entity $(bone_beard) {transformation: [-1f,0f,0f,0f,0f,0.9882f,-0.1532f,-0.8266f,0f,-0.1532f,-0.9882f,0.2695f,0f,0f,0f,1f],start_interpolation: 0,interpolation_duration: 1}
$data merge entity $(bone_head) {transformation: [-1f,0f,0f,0f,0f,0.9942f,0.1078f,-0.7031f,0f,0.1078f,-0.9942f,0f,0f,0f,0f,1f],start_interpolation: 0,interpolation_duration: 1}
$data merge entity $(bone_aura) {transformation: [0.4183f,2.1698f,-0.8703f,1.0383f,0.4009f,0.8045f,2.1983f,-0.5424f,2.3033f,-0.5341f,-0.2246f,1.8515f,0f,0f,0f,1f],start_interpolation: 0,interpolation_duration: 1}
$data merge entity $(bone_scythe) {transformation: [0.3009f,1.5608f,-0.626f,-0.1065f,0.2884f,0.5787f,1.5813f,-1.1027f,1.6567f,-0.3842f,-0.1615f,0.8035f,0f,0f,0f,1f],start_interpolation: 0,interpolation_duration: 1}
$data merge entity $(bone_right2) {transformation: [-0.4102f,-0.2255f,-0.8837f,-0.174f,0.8722f,0.186f,-0.4523f,-1.0553f,0.2664f,-0.9563f,0.1204f,0.4855f,0f,0f,0f,1f],start_interpolation: 0,interpolation_duration: 1}
$data merge entity $(bone_right1) {transformation: [0.879f,-0.2431f,-0.4102f,-0.1905f,0.456f,0.177f,0.8722f,-1.3858f,-0.1394f,-0.9537f,0.2664f,1.5424f,0f,0f,0f,1f],start_interpolation: 0,interpolation_duration: 1}
data modify entity @s data merge value {"cameras":{},"locators":{"scythe_blade":{"posx":1.0539635254405149,"posy":-0.6029435643129684,"posz":1.198581745196624,"roty":284.4694181439292,"rotx":67.76203225485655},"scythe_pole":{"posx":0.07636904209296451,"posy":-1.0365468478369833,"posz":0.7426653947049694,"roty":284.4694181439292,"rotx":67.76203225485655}}}