# This file was generated by Animated Java via MC-Build. It is not recommended to edit this file directly.
$data merge entity $(bone_hair_side) {transformation: [-1f,0f,0f,-0.2969f,0f,0.9956f,-0.0942f,1.9349f,0f,-0.0942f,-0.9956f,0.2356f,0f,0f,0f,1f],start_interpolation: 0,interpolation_duration: 1}
$data merge entity $(bone_hair_side1) {transformation: [-1f,0f,0f,0.2969f,0f,0.9956f,-0.0942f,1.9349f,0f,-0.0942f,-0.9956f,0.2356f,0f,0f,0f,1f],start_interpolation: 0,interpolation_duration: 1}
$data merge entity $(bone_beard) {transformation: [-1f,0f,0f,0f,0f,0.9836f,-0.1806f,1.6184f,0f,-0.1806f,-0.9836f,0.2728f,0f,0f,0f,1f],start_interpolation: 0,interpolation_duration: 1}
$data merge entity $(bone_head) {transformation: [-1f,0f,0f,0f,0f,0.9968f,0.0801f,1.7344f,0f,0.0801f,-0.9968f,0f,0f,0f,0f,1f],start_interpolation: 0,interpolation_duration: 1}
$data merge entity $(bone_scythe) {transformation: [0.3013f,1.3027f,-1.0633f,-0.0772f,0.3672f,1.0032f,1.3331f,1.4142f,1.641f,-0.4637f,-0.1031f,0.8041f,0f,0f,0f,1f],start_interpolation: 0,interpolation_duration: 1}
$data merge entity $(bone_right2) {transformation: [-0.6318f,-0.2856f,-0.7206f,-0.161f,0.7401f,0.0541f,-0.6703f,1.4204f,0.2304f,-0.9568f,0.1772f,0.4866f,0f,0f,0f,1f],start_interpolation: 0,interpolation_duration: 1}
$data merge entity $(bone_right1) {transformation: [0.721f,-0.2847f,-0.6318f,-0.0838f,0.6702f,0.0549f,0.7401f,1.1526f,-0.1761f,-0.957f,0.2304f,1.5585f,0f,0f,0f,1f],start_interpolation: 0,interpolation_duration: 1}