# This file was generated by Animated Java via MC-Build. It is not recommended to edit this file directly.
$data merge entity $(bone_hair_side) {transformation: [-1f,0f,0f,-0.2969f,0f,0.9935f,-0.1141f,1.9396f,0f,-0.1141f,-0.9935f,0.2315f,0f,0f,0f,1f],start_interpolation: 0,interpolation_duration: 1}
$data merge entity $(bone_hair_side1) {transformation: [-1f,0f,0f,0.2969f,0f,0.9935f,-0.1141f,1.9396f,0f,-0.1141f,-0.9935f,0.2315f,0f,0f,0f,1f],start_interpolation: 0,interpolation_duration: 1}
$data merge entity $(bone_beard) {transformation: [-1f,0f,0f,0f,0f,0.9797f,-0.2003f,1.6239f,0f,-0.2003f,-0.9797f,0.2751f,0f,0f,0f,1f],start_interpolation: 0,interpolation_duration: 1}
$data merge entity $(bone_head) {transformation: [-1f,0f,0f,0f,0f,0.9982f,0.0601f,1.7344f,0f,0.0601f,-0.9982f,0f,0f,0f,0f,1f],start_interpolation: 0,interpolation_duration: 1}
$data merge entity $(bone_scythe) {transformation: [0.2756f,0.9462f,-1.3954f,-0.0796f,0.4203f,1.3308f,0.9853f,1.4842f,1.6327f,-0.5022f,-0.0181f,0.8035f,0f,0f,0f,1f],start_interpolation: 0,interpolation_duration: 1}
$data merge entity $(bone_right2) {transformation: [-0.8089f,-0.2883f,-0.5123f,-0.1616f,0.5501f,-0.0637f,-0.8327f,1.4547f,0.2075f,-0.9554f,0.2101f,0.4867f,0f,0f,0f,1f],start_interpolation: 0,interpolation_duration: 1}
$data merge entity $(bone_right1) {transformation: [0.5153f,-0.2829f,-0.8089f,-0.022f,0.8333f,-0.0549f,0.5501f,1.2526f,-0.2001f,-0.9576f,0.2075f,1.5667f,0f,0f,0f,1f],start_interpolation: 0,interpolation_duration: 1}