# This file was generated by Animated Java via MC-Build. It is not recommended to edit this file directly.
$data merge entity $(bone_hair_side) {transformation: [-1f,0f,0f,-0.2969f,0f,0.994f,-0.1095f,1.9385f,0f,-0.1095f,-0.994f,0.2325f,0f,0f,0f,1f],start_interpolation: 0,interpolation_duration: 1}
$data merge entity $(bone_hair_side1) {transformation: [-1f,0f,0f,0.2969f,0f,0.994f,-0.1095f,1.9385f,0f,-0.1095f,-0.994f,0.2325f,0f,0f,0f,1f],start_interpolation: 0,interpolation_duration: 1}
$data merge entity $(bone_beard) {transformation: [-1f,0f,0f,0f,0f,0.9807f,-0.1957f,1.6226f,0f,-0.1957f,-0.9807f,0.2746f,0f,0f,0f,1f],start_interpolation: 0,interpolation_duration: 1}
$data merge entity $(bone_head) {transformation: [-1f,0f,0f,0f,0f,0.9979f,0.0648f,1.7344f,0f,0.0648f,-0.9979f,0f,0f,0f,0f,1f],start_interpolation: 0,interpolation_duration: 1}
$data merge entity $(bone_aura) {transformation: [0.3584f,1.3237f,-1.9391f,0.6733f,0.5618f,1.8562f,1.3709f,2.577f,2.2796f,-0.6656f,-0.033f,1.7836f,0f,0f,0f,1f],start_interpolation: 0,interpolation_duration: 1}
$data merge entity $(bone_scythe) {transformation: [0.2578f,0.9521f,-1.3948f,-0.0821f,0.4041f,1.3352f,0.9861f,1.485f,1.6397f,-0.4788f,-0.0238f,0.8041f,0f,0f,0f,1f],start_interpolation: 0,interpolation_duration: 1}
$data merge entity $(bone_right2) {transformation: [-0.811f,-0.2779f,-0.5149f,-0.1606f,0.5484f,-0.0542f,-0.8345f,1.4586f,0.204f,-0.9591f,0.1963f,0.4862f,0f,0f,0f,1f],start_interpolation: 0,interpolation_duration: 1}
$data merge entity $(bone_right1) {transformation: [0.5104f,-0.286f,-0.811f,-0.0162f,0.8335f,-0.0675f,0.5484f,1.2699f,-0.2116f,-0.9558f,0.204f,1.5679f,0f,0f,0f,1f],start_interpolation: 0,interpolation_duration: 1}
data modify entity @s data merge value {"cameras":{},"locators":{"scythe_blade":{"posx":0.6549864127377721,"posy":2.5353672087646437,"posz":1.1293170465517106,"roty":270.9761204444204,"rotx":35.256268413615075},"scythe_pole":{"posx":0.0287434943898245,"posy":1.6400170641884135,"posz":0.7321641467431229,"roty":270.9761204444204,"rotx":35.256268413615075}}}