# This file was generated by Animated Java via MC-Build. It is not recommended to edit this file directly.
$data merge entity $(bone_hair_side) {transformation: [-1f,0f,0f,-0.2969f,0f,0.9914f,-0.131f,-0.494f,0f,-0.131f,-0.9914f,0.228f,0f,0f,0f,1f],start_interpolation: 0,interpolation_duration: 1}
$data merge entity $(bone_hair_side1) {transformation: [-1f,0f,0f,0.2969f,0f,0.9914f,-0.131f,-0.494f,0f,-0.131f,-0.9914f,0.228f,0f,0f,0f,1f],start_interpolation: 0,interpolation_duration: 1}
$data merge entity $(bone_beard) {transformation: [-1f,0f,0f,0f,0f,0.9762f,-0.2169f,-0.8089f,0f,-0.2169f,-0.9762f,0.2769f,0f,0f,0f,1f],start_interpolation: 0,interpolation_duration: 1}
$data merge entity $(bone_head) {transformation: [-1f,0f,0f,0f,0f,0.9991f,0.0432f,-0.7031f,0f,0.0432f,-0.9991f,0f,0f,0f,0f,1f],start_interpolation: 0,interpolation_duration: 1}
$data merge entity $(bone_aura) {transformation: [0.3363f,0.7719f,-2.2207f,0.4063f,0.5974f,2.1416f,0.8349f,0.3283f,2.2739f,-0.6769f,0.1091f,1.7757f,0f,0f,0f,1f],start_interpolation: 0,interpolation_duration: 1}
$data merge entity $(bone_scythe) {transformation: [0.2419f,0.5552f,-1.5974f,-0.1046f,0.4297f,1.5405f,0.6005f,-0.9036f,1.6356f,-0.4869f,0.0785f,0.8041f,0f,0f,0f,1f],start_interpolation: 0,interpolation_duration: 1}
$data merge entity $(bone_right2) {transformation: [-0.9228f,-0.2489f,-0.2941f,-0.1718f,0.3348f,-0.1403f,-0.9318f,-0.9549f,0.1906f,-0.9583f,0.2128f,0.4867f,0f,0f,0f,1f],start_interpolation: 0,interpolation_duration: 1}
$data merge entity $(bone_right1) {transformation: [0.293f,-0.2502f,-0.9228f,0.0024f,0.9311f,-0.1444f,0.3348f,-1.0924f,-0.217f,-0.9574f,0.1906f,1.5717f,0f,0f,0f,1f],start_interpolation: 0,interpolation_duration: 1}
data modify entity @s data merge value {"cameras":{},"locators":{"scythe_blade":{"posx":0.36128747094300373,"posy":0.29395632997837884,"posz":1.122309439841406,"roty":267.1883098499309,"rotx":20.581135294210103},"scythe_pole":{"posx":-0.04076160444602846,"posy":-0.7243737355670765,"posz":0.7312558391866987,"roty":267.1883098499309,"rotx":20.581135294210103}}}