# This file was generated by Animated Java via MC-Build. It is not recommended to edit this file directly.
$data merge entity $(bone_hair_side) {transformation: [-1f,0f,0f,-0.2969f,0f,0.9914f,-0.131f,1.9435f,0f,-0.131f,-0.9914f,0.228f,0f,0f,0f,1f],start_interpolation: 0,interpolation_duration: 1}
$data merge entity $(bone_hair_side1) {transformation: [-1f,0f,0f,0.2969f,0f,0.9914f,-0.131f,1.9435f,0f,-0.131f,-0.9914f,0.228f,0f,0f,0f,1f],start_interpolation: 0,interpolation_duration: 1}
$data merge entity $(bone_beard) {transformation: [-1f,0f,0f,0f,0f,0.9762f,-0.2169f,1.6286f,0f,-0.2169f,-0.9762f,0.2769f,0f,0f,0f,1f],start_interpolation: 0,interpolation_duration: 1}
$data merge entity $(bone_head) {transformation: [-1f,0f,0f,0f,0f,0.9991f,0.0432f,1.7344f,0f,0.0432f,-0.9991f,0f,0f,0f,0f,1f],start_interpolation: 0,interpolation_duration: 1}
$data merge entity $(bone_scythe) {transformation: [0.2419f,0.5552f,-1.5974f,-0.1046f,0.4297f,1.5405f,0.6005f,1.5339f,1.6356f,-0.4869f,0.0785f,0.8041f,0f,0f,0f,1f],start_interpolation: 0,interpolation_duration: 1}
$data merge entity $(bone_right2) {transformation: [-0.9228f,-0.2489f,-0.2941f,-0.1718f,0.3348f,-0.1403f,-0.9318f,1.4826f,0.1906f,-0.9583f,0.2128f,0.4867f,0f,0f,0f,1f],start_interpolation: 0,interpolation_duration: 1}
$data merge entity $(bone_right1) {transformation: [0.293f,-0.2502f,-0.9228f,0.0024f,0.9311f,-0.1444f,0.3348f,1.3451f,-0.217f,-0.9574f,0.1906f,1.5717f,0f,0f,0f,1f],start_interpolation: 0,interpolation_duration: 1}
data modify entity @s data merge value {"cameras":{},"locators":{"hitbox":{"posx":0.2727909082957695,"posy":2.5742345755152503,"posz":0.5239160255033473,"roty":267.1883098499309,"rotx":20.581135294210103},"hitbox2":{"posx":0.3789867834724505,"posy":2.762900680871004,"posz":1.2419881227090177,"roty":267.1883098499309,"rotx":20.581135294210103}}}