# This file was generated by Animated Java via MC-Build. It is not recommended to edit this file directly.
$data merge entity $(bone_hair_side) {transformation: [-1f,0f,0f,-0.2969f,0f,0.9883f,-0.1523f,1.9483f,0f,-0.1523f,-0.9883f,0.2234f,0f,0f,0f,1f],start_interpolation: 0,interpolation_duration: 1}
$data merge entity $(bone_hair_side1) {transformation: [-1f,0f,0f,0.2969f,0f,0.9883f,-0.1523f,1.9483f,0f,-0.1523f,-0.9883f,0.2234f,0f,0f,0f,1f],start_interpolation: 0,interpolation_duration: 1}
$data merge entity $(bone_beard) {transformation: [-1f,0f,0f,0f,0f,0.9713f,-0.2379f,1.6346f,0f,-0.2379f,-0.9713f,0.2792f,0f,0f,0f,1f],start_interpolation: 0,interpolation_duration: 1}
$data merge entity $(bone_head) {transformation: [-1f,0f,0f,0f,0f,0.9998f,0.0216f,1.7344f,0f,0.0216f,-0.9998f,0f,0f,0f,0f,1f],start_interpolation: 0,interpolation_duration: 1}
$data merge entity $(bone_scythe) {transformation: [0.2499f,0.1915f,-1.6791f,-0.1326f,0.4334f,1.6333f,0.2507f,1.5559f,1.6335f,-0.4626f,0.1903f,0.8062f,0f,0f,0f,1f],start_interpolation: 0,interpolation_duration: 1}
$data merge entity $(bone_right2) {transformation: [-0.9731f,-0.2078f,-0.0993f,-0.1855f,0.1395f,-0.1886f,-0.9721f,1.4918f,0.1833f,-0.9598f,0.2125f,0.4884f,0f,0f,0f,1f],start_interpolation: 0,interpolation_duration: 1}
$data merge entity $(bone_right1) {transformation: [0.1024f,-0.2063f,-0.9731f,0.0016f,0.9748f,-0.1739f,0.1395f,1.372f,-0.198f,-0.9629f,0.1833f,1.5734f,0f,0f,0f,1f],start_interpolation: 0,interpolation_duration: 1}
data modify entity @s data merge value {"cameras":{},"locators":{"hitbox":{"posx":0.0021261685021745635,"posy":2.6583290382961495,"posz":0.5421623048107672,"roty":263.5323987815258,"rotx":8.439835433930813},"hitbox2":{"posx":0.11183163426429465,"posy":2.848582191211622,"posz":1.2592874323775245,"roty":263.5323987815258,"rotx":8.439835433930813}}}