# This file was generated by Animated Java via MC-Build. It is not recommended to edit this file directly.
$data merge entity $(bone_hair_side) {transformation: [-1f,0f,0f,-0.2969f,0f,0.9848f,-0.1736f,1.9531f,0f,-0.1736f,-0.9848f,0.2187f,0f,0f,0f,1f],start_interpolation: 0,interpolation_duration: 1}
$data merge entity $(bone_hair_side1) {transformation: [-1f,0f,0f,0.2969f,0f,0.9848f,-0.1736f,1.9531f,0f,-0.1736f,-0.9848f,0.2188f,0f,0f,0f,1f],start_interpolation: 0,interpolation_duration: 1}
$data merge entity $(bone_beard) {transformation: [-1f,0f,0f,0f,0f,0.9659f,-0.2588f,1.6406f,0f,-0.2588f,-0.9659f,0.2813f,0f,0f,0f,1f],start_interpolation: 0,interpolation_duration: 1}
$data merge entity $(bone_head) {transformation: [-1f,0f,0f,0f,0f,1f,0f,1.7344f,0f,0f,-1f,0f,0f,0f,0f,1f],start_interpolation: 0,interpolation_duration: 1}
$data merge entity $(bone_aura) {transformation: [0.4058f,-0.1093f,-2.3375f,0.024f,0.5694f,2.3057f,-0.0089f,2.8359f,2.2697f,-0.5589f,0.4202f,1.8298f,0f,0f,0f,1f],start_interpolation: 0,interpolation_duration: 1}
$data merge entity $(bone_scythe) {transformation: [0.2919f,-0.0786f,-1.6814f,-0.1543f,0.4096f,1.6585f,-0.0064f,1.5503f,1.6326f,-0.402f,0.3022f,0.8108f,0f,0f,0f,1f],start_interpolation: 0,interpolation_duration: 1}
$data merge entity $(bone_right2) {transformation: [-0.9842f,-0.1727f,0.0385f,-0.1956f,-0.0038f,-0.1972f,-0.9804f,1.4857f,0.1769f,-0.965f,0.1934f,0.4914f,0f,0f,0f,1f],start_interpolation: 0,interpolation_duration: 1}
$data merge entity $(bone_right1) {transformation: [-0.031f,-0.1742f,-0.9842f,-0.0008f,0.988f,-0.1542f,-0.0038f,1.3408f,-0.1511f,-0.9726f,0.1769f,1.572f,0f,0f,0f,1f],start_interpolation: 0,interpolation_duration: 1}
data modify entity @s data merge value {"cameras":{},"locators":{"scythe_blade":{"posx":-0.091947809407217,"posy":2.818780348344866,"posz":1.1845024844832923,"roty":259.8096261133179,"rotx":-0.21590274487628708},"scythe_pole":{"posx":-0.16627717146652307,"posy":1.7437954111719567,"posz":0.7481024033797118,"roty":259.8096261133179,"rotx":-0.21590274487628708}}}