# This file was generated by Animated Java via MC-Build. It is not recommended to edit this file directly.
$data merge entity $(bone_hair_side) {transformation: [-1f,0f,0f,-0.2969f,0f,0.9948f,-0.1016f,1.9367f,0f,-0.1016f,-0.9948f,0.2341f,0f,0f,0f,1f],start_interpolation: 0,interpolation_duration: 1}
$data merge entity $(bone_hair_side1) {transformation: [-1f,0f,0f,0.2969f,0f,0.9948f,-0.1016f,1.9367f,0f,-0.1016f,-0.9948f,0.2341f,0f,0f,0f,1f],start_interpolation: 0,interpolation_duration: 1}
$data merge entity $(bone_beard) {transformation: [-1f,0f,0f,0f,0f,0.973f,-0.2306f,1.6204f,0f,-0.2306f,-0.973f,0.2737f,0f,0f,0f,1f],start_interpolation: 0,interpolation_duration: 1}
$data merge entity $(bone_head) {transformation: [-1f,0f,0f,0f,0f,0.9974f,0.0727f,1.7344f,0f,0.0727f,-0.9974f,0f,0f,0f,0f,1f],start_interpolation: 0,interpolation_duration: 1}
$data merge entity $(bone_scythe) {transformation: [0.2669f,-0.2021f,-1.6752f,-0.1523f,0.2462f,1.6825f,-0.1638f,1.4434f,1.6693f,-0.2159f,0.292f,0.816f,0f,0f,0f,1f],start_interpolation: 0,interpolation_duration: 1}
$data merge entity $(bone_right2) {transformation: [-0.9779f,-0.1633f,0.1309f,-0.1906f,-0.1102f,-0.1299f,-0.9854f,1.4025f,0.1779f,-0.978f,0.1091f,0.4923f,0f,0f,0f,1f],start_interpolation: 0,interpolation_duration: 1}
$data merge entity $(bone_right1) {transformation: [-0.0875f,-0.1901f,-0.9779f,0.0387f,0.9876f,0.112f,-0.1102f,0.9749f,0.1304f,-0.9754f,0.1779f,1.4879f,0f,0f,0f,1f],start_interpolation: 0,interpolation_duration: 1}