# This file was generated by Animated Java via MC-Build. It is not recommended to edit this file directly.
$data merge entity $(bone_hair_side) {transformation: [-1f,0f,0f,-0.2969f,0f,0.9948f,-0.1016f,-0.5008f,0f,-0.1016f,-0.9948f,0.2341f,0f,0f,0f,1f],start_interpolation: 0,interpolation_duration: 1}
$data merge entity $(bone_hair_side1) {transformation: [-1f,0f,0f,0.2969f,0f,0.9948f,-0.1016f,-0.5008f,0f,-0.1016f,-0.9948f,0.2341f,0f,0f,0f,1f],start_interpolation: 0,interpolation_duration: 1}
$data merge entity $(bone_beard) {transformation: [-1f,0f,0f,0f,0f,0.973f,-0.2306f,-0.8171f,0f,-0.2306f,-0.973f,0.2737f,0f,0f,0f,1f],start_interpolation: 0,interpolation_duration: 1}
$data merge entity $(bone_head) {transformation: [-1f,0f,0f,0f,0f,0.9974f,0.0727f,-0.7031f,0f,0.0727f,-0.9974f,0f,0f,0f,0f,1f],start_interpolation: 0,interpolation_duration: 1}
$data merge entity $(bone_aura) {transformation: [0.3937f,-0.2628f,-2.3273f,-0.0371f,0.3888f,2.3346f,-0.1979f,0.1956f,2.3096f,-0.3482f,0.43f,1.9404f,0f,0f,0f,1f],start_interpolation: 0,interpolation_duration: 1}
$data merge entity $(bone_scythe) {transformation: [0.2832f,-0.189f,-1.6741f,-0.144f,0.2797f,1.6793f,-0.1423f,-1.0022f,1.6613f,-0.2505f,0.3093f,0.8106f,0f,0f,0f,1f],start_interpolation: 0,interpolation_duration: 1}
$data merge entity $(bone_right2) {transformation: [-0.9763f,-0.1732f,0.1296f,-0.1856f,-0.1021f,-0.1591f,-0.982f,-1.0528f,0.1907f,-0.972f,0.1376f,0.4887f,0f,0f,0f,1f],start_interpolation: 0,interpolation_duration: 1}
$data merge entity $(bone_right1) {transformation: [-0.0662f,-0.206f,-0.9763f,0.0539f,0.9803f,0.169f,-0.1021f,-1.5387f,0.186f,-0.9639f,0.1907f,1.4547f,0f,0f,0f,1f],start_interpolation: 0,interpolation_duration: 1}
data modify entity @s data merge value {"cameras":{},"locators":{"scythe_blade":{"posx":-0.1588911048807885,"posy":0.22899578523437114,"posz":1.2967662252282375,"roty":259.53144764051984,"rotx":-4.778812614661357},"scythe_pole":{"posx":-0.16911581040255622,"posy":-0.8051000951045308,"posz":0.7656319054341729,"roty":259.53144764051984,"rotx":-4.778812614661357}}}