# This file was generated by Animated Java via MC-Build. It is not recommended to edit this file directly.
$data merge entity $(bone_hair_side) {transformation: [-1f,0f,0f,-0.2969f,0f,0.999f,0.0436f,1.9006f,0f,0.0436f,-0.999f,0.2609f,0f,0f,0f,1f],start_interpolation: 0,interpolation_duration: 1}
$data merge entity $(bone_hair_side1) {transformation: [-1f,0f,0f,0.2969f,0f,0.999f,0.0436f,1.9006f,0f,0.0436f,-0.999f,0.2609f,0f,0f,0f,1f],start_interpolation: 0,interpolation_duration: 1}
$data merge entity $(bone_beard) {transformation: [-1f,0f,0f,0f,0f,0.9848f,-0.1736f,1.582f,0f,-0.1736f,-0.9848f,0.2543f,0f,0f,0f,1f],start_interpolation: 0,interpolation_duration: 1}
$data merge entity $(bone_head) {transformation: [-1f,0f,0f,0f,0f,0.9763f,0.2164f,1.7344f,0f,0.2164f,-0.9763f,0f,0f,0f,0f,1f],start_interpolation: 0,interpolation_duration: 1}
$data merge entity $(bone_scythe) {transformation: [0.2674f,0.108f,-1.6838f,-0.1718f,-0.0803f,1.7037f,0.0965f,1.202f,1.6854f,0.0641f,0.2717f,0.706f,0f,0f,0f,1f],start_interpolation: 0,interpolation_duration: 1}
$data merge entity $(bone_right2) {transformation: [-0.9842f,-0.1768f,0.0079f,-0.2144f,-0.0038f,-0.024f,-0.9997f,1.1942f,0.1769f,-0.984f,0.0229f,0.3804f,0f,0f,0f,1f],start_interpolation: 0,interpolation_duration: 1}
$data merge entity $(bone_right1) {transformation: [0.1354f,-0.1139f,-0.9842f,-0.1357f,0.6276f,0.7785f,-0.0038f,0.1709f,0.7667f,-0.6172f,0.1769f,0.7965f,0f,0f,0f,1f],start_interpolation: 0,interpolation_duration: 1}
data modify entity @s data merge value {"cameras":{},"locators":{"hitbox":{"posx":-0.09231928915851388,"posy":2.337343852937433,"posz":0.7950091156507584,"roty":260.83324238452184,"rotx":3.239347771214282},"hitbox2":{"posx":0.02505918569445917,"posy":2.3020812015309824,"posz":1.5349272456198633,"roty":260.83324238452184,"rotx":3.239347771214282}}}