# This file was generated by Animated Java via MC-Build. It is not recommended to edit this file directly.
$data merge entity $(bone_hair_side) {transformation: [-1f,0f,0f,-0.2969f,0f,0.9992f,0.0388f,-0.5356f,0f,0.0388f,-0.9992f,0.2601f,0f,0f,0f,1f],start_interpolation: 0,interpolation_duration: 1}
$data merge entity $(bone_hair_side1) {transformation: [-1f,0f,0f,0.2969f,0f,0.9992f,0.0388f,-0.5356f,0f,0.0388f,-0.9992f,0.2601f,0f,0f,0f,1f],start_interpolation: 0,interpolation_duration: 1}
$data merge entity $(bone_beard) {transformation: [-1f,0f,0f,0f,0f,0.988f,-0.1545f,-0.8543f,0f,-0.1545f,-0.988f,0.255f,0f,0f,0f,1f],start_interpolation: 0,interpolation_duration: 1}
$data merge entity $(bone_head) {transformation: [-1f,0f,0f,0f,0f,0.9773f,0.2117f,-0.7031f,0f,0.2117f,-0.9773f,0f,0f,0f,0f,1f],start_interpolation: 0,interpolation_duration: 1}
$data merge entity $(bone_body) {transformation: [-1.0242f,0f,-0.4655f,0f,0f,1.125f,0f,-1.375f,0.4655f,0f,-1.0242f,0f,0f,0f,0f,1f],start_interpolation: 0,interpolation_duration: 1}
$data merge entity $(bone_left4) {transformation: [-0.8724f,-0.1818f,-0.4536f,0.3516f,-0.1934f,0.9809f,-0.0212f,-1.277f,0.4488f,0.0692f,-0.8909f,-0.1244f,0f,0f,0f,1f],start_interpolation: 0,interpolation_duration: 1}
$data merge entity $(bone_left3) {transformation: [-0.8724f,-0.1818f,-0.4536f,0.2778f,-0.1934f,0.9809f,-0.0212f,-2.4103f,0.4488f,0.0692f,-0.8909f,-0.0599f,0f,0f,0f,1f],start_interpolation: 0,interpolation_duration: 1}
$data merge entity $(bone_aura) {transformation: [-0.0791f,0.0471f,-2.3732f,-0.2995f,0.6424f,2.2863f,0.024f,0.6059f,2.2851f,-0.6411f,-0.0889f,1.7297f,0f,0f,0f,1f],start_interpolation: 0,interpolation_duration: 1}
$data merge entity $(bone_scythe) {transformation: [-0.0569f,0.0339f,-1.7071f,-0.2757f,0.4621f,1.6446f,0.0173f,-0.7118f,1.6437f,-0.4612f,-0.0639f,0.7368f,0f,0f,0f,1f],start_interpolation: 0,interpolation_duration: 1}
$data merge entity $(bone_right2) {transformation: [-0.9916f,0.0141f,0.1285f,-0.2555f,-0.1173f,-0.5149f,-0.8492f,-0.8789f,0.0542f,-0.8572f,0.5122f,0.4547f,0f,0f,0f,1f],start_interpolation: 0,interpolation_duration: 1}
$data merge entity $(bone_right1) {transformation: [-0.1291f,-0.0045f,-0.9916f,-0.2104f,0.9143f,-0.3877f,-0.1173f,-0.7527f,-0.3839f,-0.9218f,0.0542f,1.5541f,0f,0f,0f,1f],start_interpolation: 0,interpolation_duration: 1}
data modify entity @s data merge value {"cameras":{},"locators":{"scythe_blade":{"posx":-0.27539792970301197,"posy":0.5680239897108186,"posz":1.075369144540961,"roty":272.14417877093183,"rotx":0.5789913303149504},"scythe_pole":{"posx":-0.27111435988363153,"posy":-0.5204378120513051,"posz":0.6669636387818539,"roty":272.14417877093183,"rotx":0.5789913303149504}}}