# This file was generated by Animated Java via MC-Build. It is not recommended to edit this file directly.
$data merge entity $(bone_hair_side) {transformation: [-1f,0f,0f,-0.2969f,0f,0.9994f,0.0339f,1.9031f,0f,0.0339f,-0.9994f,0.2593f,0f,0f,0f,1f],start_interpolation: 0,interpolation_duration: 1}
$data merge entity $(bone_hair_side1) {transformation: [-1f,0f,0f,0.2969f,0f,0.9994f,0.0339f,1.9031f,0f,0.0339f,-0.9994f,0.2593f,0f,0f,0f,1f],start_interpolation: 0,interpolation_duration: 1}
$data merge entity $(bone_beard) {transformation: [-1f,0f,0f,0f,0f,0.9908f,-0.1353f,1.5844f,0f,-0.1353f,-0.9908f,0.2558f,0f,0f,0f,1f],start_interpolation: 0,interpolation_duration: 1}
$data merge entity $(bone_head) {transformation: [-1f,0f,0f,0f,0f,0.9783f,0.207f,1.7344f,0f,0.207f,-0.9783f,0f,0f,0f,0f,1f],start_interpolation: 0,interpolation_duration: 1}
$data merge entity $(bone_body) {transformation: [-1.0475f,0f,-0.4103f,0f,0f,1.125f,0f,1.0625f,0.4103f,0f,-1.0475f,0f,0f,0f,0f,1f],start_interpolation: 0,interpolation_duration: 1}
$data merge entity $(bone_left4) {transformation: [-0.8965f,-0.1897f,-0.4005f,0.3534f,-0.1987f,0.9799f,-0.0193f,1.1607f,0.3961f,0.0623f,-0.9161f,-0.1093f,0f,0f,0f,1f],start_interpolation: 0,interpolation_duration: 1}
$data merge entity $(bone_left3) {transformation: [-0.8965f,-0.1897f,-0.4005f,0.2808f,-0.1987f,0.9799f,-0.0193f,0.0268f,0.3961f,0.0623f,-0.9161f,-0.0536f,0f,0f,0f,1f],start_interpolation: 0,interpolation_duration: 1}
$data merge entity $(bone_aura) {transformation: [-0.57f,-0.2043f,-2.2965f,-0.8208f,0.7016f,2.2381f,-0.3733f,3.0339f,2.1962f,-0.768f,-0.4768f,1.5944f,0f,0f,0f,1f],start_interpolation: 0,interpolation_duration: 1}
$data merge entity $(bone_scythe) {transformation: [-0.41f,-0.147f,-1.6519f,-0.4197f,0.5046f,1.6099f,-0.2685f,1.7039f,1.5798f,-0.5524f,-0.343f,0.7041f,0f,0f,0f,1f],start_interpolation: 0,interpolation_duration: 1}
$data merge entity $(bone_right2) {transformation: [-0.9576f,0.2372f,0.1633f,-0.3269f,-0.2649f,-0.5034f,-0.8224f,1.5428f,-0.1129f,-0.8309f,0.5449f,0.4332f,0f,0f,0f,1f],start_interpolation: 0,interpolation_duration: 1}
$data merge entity $(bone_right1) {transformation: [-0.2056f,0.2017f,-0.9576f,-0.477f,0.9034f,-0.3371f,-0.2649f,1.6187f,-0.3762f,-0.9196f,-0.1129f,1.5279f,0f,0f,0f,1f],start_interpolation: 0,interpolation_duration: 1}
data modify entity @s data merge value {"cameras":{},"locators":{"scythe_blade":{"posx":-0.6791037630085386,"posy":2.97722418311926,"posz":0.9565557136990079,"roty":281.7293994709473,"rotx":-9.042048129240783},"scythe_pole":{"posx":-0.4334476027648993,"posy":1.8906775011358001,"posz":0.623942035680373,"roty":281.7293994709473,"rotx":-9.042048129240783}}}