# This file was generated by Animated Java via MC-Build. It is not recommended to edit this file directly.
$data merge entity $(bone_hair_side) {transformation: [-1f,0f,0f,-0.2969f,0f,0.9996f,0.0291f,-0.5331f,0f,0.0291f,-0.9996f,0.2585f,0f,0f,0f,1f],start_interpolation: 0,interpolation_duration: 1}
$data merge entity $(bone_hair_side1) {transformation: [-1f,0f,0f,0.2969f,0f,0.9996f,0.0291f,-0.5331f,0f,0.0291f,-0.9996f,0.2585f,0f,0f,0f,1f],start_interpolation: 0,interpolation_duration: 1}
$data merge entity $(bone_beard) {transformation: [-1f,0f,0f,0f,0f,0.9932f,-0.1161f,-0.8518f,0f,-0.1161f,-0.9932f,0.2565f,0f,0f,0f,1f],start_interpolation: 0,interpolation_duration: 1}
$data merge entity $(bone_head) {transformation: [-1f,0f,0f,0f,0f,0.9793f,0.2022f,-0.7031f,0f,0.2022f,-0.9793f,0f,0f,0f,0f,1f],start_interpolation: 0,interpolation_duration: 1}
$data merge entity $(bone_body) {transformation: [-1.0679f,0f,-0.3539f,0f,0f,1.125f,0f,-1.375f,0.3539f,0f,-1.0679f,0f,0f,0f,0f,1f],start_interpolation: 0,interpolation_duration: 1}
$data merge entity $(bone_left4) {transformation: [-0.9174f,-0.1967f,-0.3459f,0.3551f,-0.2034f,0.9789f,-0.0171f,-1.2766f,0.342f,0.0546f,-0.9381f,-0.094f,0f,0f,0f,1f],start_interpolation: 0,interpolation_duration: 1}
$data merge entity $(bone_left3) {transformation: [-0.9174f,-0.1967f,-0.3459f,0.2835f,-0.2034f,0.9789f,-0.0171f,-2.4109f,0.342f,0.0546f,-0.9381f,-0.0469f,0f,0f,0f,1f],start_interpolation: 0,interpolation_duration: 1}
$data merge entity $(bone_aura) {transformation: [-1.1233f,-0.3838f,-2.0571f,-1.3536f,0.6132f,2.1718f,-0.7401f,0.4521f,2.0007f,-0.8812f,-0.9281f,1.3827f,0f,0f,0f,1f],start_interpolation: 0,interpolation_duration: 1}
$data merge entity $(bone_scythe) {transformation: [-0.808f,-0.2761f,-1.4796f,-0.5713f,0.4411f,1.5622f,-0.5323f,-0.8013f,1.4391f,-0.6338f,-0.6676f,0.6481f,0f,0f,0f,1f],start_interpolation: 0,interpolation_duration: 1}
$data merge entity $(bone_right2) {transformation: [-0.8607f,0.4786f,0.1738f,-0.4008f,-0.4028f,-0.4312f,-0.8073f,-0.9365f,-0.3114f,-0.7649f,0.5639f,0.402f,0f,0f,0f,1f],start_interpolation: 0,interpolation_duration: 1}
$data merge entity $(bone_right1) {transformation: [-0.2938f,0.4158f,-0.8607f,-0.7508f,0.8924f,-0.2033f,-0.4028f,-0.9994f,-0.3425f,-0.8864f,-0.3114f,1.4509f,0f,0f,0f,1f],start_interpolation: 0,interpolation_duration: 1}
data modify entity @s data merge value {"cameras":{},"locators":{"scythe_blade":{"posx":-1.07336553024726,"posy":0.41525381725634536,"posz":0.7909080695878163,"roty":294.2844582255767,"rotx":-18.15634406970167},"scythe_pole":{"posx":-0.5966971522509185,"posy":-0.6195606858871641,"posz":0.5595885902909179,"roty":294.2844582255767,"rotx":-18.15634406970167}}}