# This file was generated by Animated Java via MC-Build. It is not recommended to edit this file directly.
$data merge entity $(bone_hair_side) {transformation: [-1f,0f,0f,-0.2969f,0f,0.9997f,0.0242f,1.9056f,0f,0.0242f,-0.9997f,0.2576f,0f,0f,0f,1f],start_interpolation: 0,interpolation_duration: 1}
$data merge entity $(bone_hair_side1) {transformation: [-1f,0f,0f,0.2969f,0f,0.9997f,0.0242f,1.9056f,0f,0.0242f,-0.9997f,0.2576f,0f,0f,0f,1f],start_interpolation: 0,interpolation_duration: 1}
$data merge entity $(bone_beard) {transformation: [-1f,0f,0f,0f,0f,0.9953f,-0.0968f,1.5869f,0f,-0.0968f,-0.9953f,0.2572f,0f,0f,0f,1f],start_interpolation: 0,interpolation_duration: 1}
$data merge entity $(bone_head) {transformation: [-1f,0f,0f,0f,0f,0.9803f,0.1975f,1.7344f,0f,0.1975f,-0.9803f,0f,0f,0f,0f,1f],start_interpolation: 0,interpolation_duration: 1}
$data merge entity $(bone_body) {transformation: [-1.0852f,0f,-0.2964f,0f,0f,1.125f,0f,1.0625f,0.2964f,0f,-1.0852f,0f,0f,0f,0f,1f],start_interpolation: 0,interpolation_duration: 1}
$data merge entity $(bone_left4) {transformation: [-0.9353f,-0.2026f,-0.2902f,0.3565f,-0.2073f,0.9782f,-0.0147f,1.161f,0.2868f,0.0464f,-0.9569f,-0.0786f,0f,0f,0f,1f],start_interpolation: 0,interpolation_duration: 1}
$data merge entity $(bone_left3) {transformation: [-0.9353f,-0.2026f,-0.2902f,0.2859f,-0.2073f,0.9782f,-0.0147f,0.0264f,0.2868f,0.0464f,-0.9569f,-0.0397f,0f,0f,0f,1f],start_interpolation: 0,interpolation_duration: 1}
$data merge entity $(bone_scythe) {transformation: [-1.6316f,-0.4474f,-1.6669f,-0.7023f,0.4001f,2.1332f,-0.9643f,1.5317f,1.6788f,-0.9433f,-1.3901f,0.5608f,0f,0f,0f,1f],start_interpolation: 0,interpolation_duration: 1}
$data merge entity $(bone_right2) {transformation: [-0.7035f,0.6936f,0.1549f,-0.4637f,-0.4845f,-0.3087f,-0.8185f,1.438f,-0.5199f,-0.6509f,0.5532f,0.3553f,0f,0f,0f,1f],start_interpolation: 0,interpolation_duration: 1}
$data merge entity $(bone_right1) {transformation: [-0.3887f,0.595f,-0.7035f,-0.9744f,0.8748f,-0.0015f,-0.4845f,1.1662f,-0.2893f,-0.8038f,-0.5199f,1.2997f,0f,0f,0f,1f],start_interpolation: 0,interpolation_duration: 1}
data modify entity @s data merge value {"cameras":{},"locators":{"scythe_blade":{"posx":-1.378720615498791,"posy":2.6693824696337325,"posz":0.5827071515062802,"roty":309.82631429367603,"rotx":-23.955019868086247},"scythe_pole":{"posx":-0.729807104687925,"posy":1.711488237440894,"posz":0.46907442990370607,"roty":309.82631429367603,"rotx":-23.955019868086247}}}