# This file was generated by Animated Java via MC-Build. It is not recommended to edit this file directly.
$data merge entity $(bone_hair_side) {transformation: [-1f,0f,0f,-0.2969f,0f,0.9994f,0.0349f,1.9029f,0f,0.0349f,-0.9994f,0.2595f,0f,0f,0f,1f],start_interpolation: 0,interpolation_duration: 1}
$data merge entity $(bone_hair_side1) {transformation: [-1f,0f,0f,0.2969f,0f,0.9994f,0.0349f,1.9029f,0f,0.0349f,-0.9994f,0.2595f,0f,0f,0f,1f],start_interpolation: 0,interpolation_duration: 1}
$data merge entity $(bone_beard) {transformation: [-1f,0f,0f,0f,0f,0.9903f,-0.1392f,1.5842f,0f,-0.1392f,-0.9903f,0.2556f,0f,0f,0f,1f],start_interpolation: 0,interpolation_duration: 1}
$data merge entity $(bone_head) {transformation: [-1f,0f,0f,0f,0f,0.9781f,0.2079f,1.7344f,0f,0.2079f,-0.9781f,0f,0f,0f,0f,1f],start_interpolation: 0,interpolation_duration: 1}
$data merge entity $(bone_body) {transformation: [-1.0431f,0f,-0.4214f,0f,0f,1.125f,0f,1.0625f,0.4214f,0f,-1.0431f,0f,0f,0f,0f,1f],start_interpolation: 0,interpolation_duration: 1}
$data merge entity $(bone_left4) {transformation: [-0.9115f,-0.1947f,-0.3624f,0.3546f,-0.2021f,0.9792f,-0.0178f,1.1608f,0.3584f,0.057f,-0.9318f,-0.0986f,0f,0f,0f,1f],start_interpolation: 0,interpolation_duration: 1}
$data merge entity $(bone_left3) {transformation: [-0.9115f,-0.1947f,-0.3624f,0.2827f,-0.2021f,0.9792f,-0.0178f,0.0267f,0.3584f,0.057f,-0.9318f,-0.0489f,0f,0f,0f,1f],start_interpolation: 0,interpolation_duration: 1}
$data merge entity $(bone_scythe) {transformation: [-0.3288f,-0.1035f,-1.6732f,-0.3862f,0.5162f,1.616f,-0.2014f,1.7114f,1.5949f,-0.5443f,-0.2798f,0.7125f,0f,0f,0f,1f],start_interpolation: 0,interpolation_duration: 1}
$data merge entity $(bone_right2) {transformation: [-0.9706f,0.1857f,0.153f,-0.3101f,-0.2289f,-0.5167f,-0.825f,1.5454f,-0.0742f,-0.8358f,0.544f,0.4394f,0f,0f,0f,1f],start_interpolation: 0,interpolation_duration: 1}
$data merge entity $(bone_right1) {transformation: [-0.1864f,0.1522f,-0.9706f,-0.4135f,0.9101f,-0.3454f,-0.2289f,1.628f,-0.3701f,-0.926f,-0.0742f,1.539f,0f,0f,0f,1f],start_interpolation: 0,interpolation_duration: 1}