# This file was generated by Animated Java via MC-Build. It is not recommended to edit this file directly.
$data merge entity $(bone_hair_side) {transformation: [-1f,0f,0f,-0.2969f,0f,0.9998f,0.0194f,1.9069f,0f,0.0194f,-0.9998f,0.2568f,0f,0f,0f,1f],start_interpolation: 0,interpolation_duration: 1}
$data merge entity $(bone_hair_side1) {transformation: [-1f,0f,0f,0.2969f,0f,0.9998f,0.0194f,1.9069f,0f,0.0194f,-0.9998f,0.2568f,0f,0f,0f,1f],start_interpolation: 0,interpolation_duration: 1}
$data merge entity $(bone_beard) {transformation: [-1f,0f,0f,0f,0f,0.997f,-0.0775f,1.5882f,0f,-0.0775f,-0.997f,0.2579f,0f,0f,0f,1f],start_interpolation: 0,interpolation_duration: 1}
$data merge entity $(bone_head) {transformation: [-1f,0f,0f,0f,0f,0.9813f,0.1927f,1.7344f,0f,0.1927f,-0.9813f,0f,0f,0f,0f,1f],start_interpolation: 0,interpolation_duration: 1}
$data merge entity $(bone_body) {transformation: [-1.0995f,0f,-0.2382f,0f,0f,1.125f,0f,1.0625f,0.2382f,0f,-1.0995f,0f,0f,0f,0f,1f],start_interpolation: 0,interpolation_duration: 1}
$data merge entity $(bone_left4) {transformation: [-0.95f,-0.2075f,-0.2334f,0.3577f,-0.2106f,0.9775f,-0.012f,1.1612f,0.2306f,0.0377f,-0.9723f,-0.063f,0f,0f,0f,1f],start_interpolation: 0,interpolation_duration: 1}
$data merge entity $(bone_left3) {transformation: [-0.95f,-0.2075f,-0.2334f,0.2878f,-0.2106f,0.9775f,-0.012f,0.0262f,0.2306f,0.0377f,-0.9723f,-0.0322f,0f,0f,0f,1f],start_interpolation: 0,interpolation_duration: 1}
$data merge entity $(bone_scythe) {transformation: [-2.009f,-0.4061f,-1.1999f,-0.7932f,0.1504f,2.1573f,-0.982f,1.4147f,1.2578f,-0.9066f,-1.7991f,0.4442f,0f,0f,0f,1f],start_interpolation: 0,interpolation_duration: 1}
$data merge entity $(bone_right2) {transformation: [-0.5134f,0.85f,0.118f,-0.5063f,-0.4812f,-0.1712f,-0.8597f,1.3661f,-0.7106f,-0.4982f,0.4969f,0.2918f,0f,0f,0f,1f],start_interpolation: 0,interpolation_duration: 1}
$data merge entity $(bone_right1) {transformation: [-0.4834f,0.7091f,-0.5134f,-1.1086f,0.8463f,0.2286f,-0.4812f,0.8588f,-0.2238f,-0.6671f,-0.7106f,1.0705f,0f,0f,0f,1f],start_interpolation: 0,interpolation_duration: 1}
data modify entity @s data merge value {"cameras":{},"locators":{"scythe_blade":{"posx":-1.556594500140832,"posy":2.4933471507718314,"posz":0.3645497709552267,"roty":326.2992089107165,"rotx":-24.422107360626605},"scythe_pole":{"posx":-0.8147484577202067,"posy":1.5982559068950555,"posz":0.3583357159199663,"roty":326.2992089107165,"rotx":-24.422107360626605}}}