# This file was generated by Animated Java via MC-Build. It is not recommended to edit this file directly.
$data merge entity $(bone_hair_side) {transformation: [-1f,0f,0f,-0.2969f,0f,0.9995f,0.0305f,1.904f,0f,0.0305f,-0.9995f,0.2587f,0f,0f,0f,1f],start_interpolation: 0,interpolation_duration: 1}
$data merge entity $(bone_hair_side1) {transformation: [-1f,0f,0f,0.2969f,0f,0.9995f,0.0305f,1.904f,0f,0.0305f,-0.9995f,0.2587f,0f,0f,0f,1f],start_interpolation: 0,interpolation_duration: 1}
$data merge entity $(bone_beard) {transformation: [-1f,0f,0f,0f,0f,0.9925f,-0.1219f,1.5853f,0f,-0.1219f,-0.9925f,0.2563f,0f,0f,0f,1f],start_interpolation: 0,interpolation_duration: 1}
$data merge entity $(bone_head) {transformation: [-1f,0f,0f,0f,0f,0.979f,0.2036f,1.7344f,0f,0.2036f,-0.979f,0f,0f,0f,0f,1f],start_interpolation: 0,interpolation_duration: 1}
$data merge entity $(bone_body) {transformation: [-1.0621f,0f,-0.3709f,0f,0f,1.125f,0f,1.0625f,0.3709f,0f,-1.0621f,0f,0f,0f,0f,1f],start_interpolation: 0,interpolation_duration: 1}
$data merge entity $(bone_left4) {transformation: [-0.9285f,-0.2004f,-0.3126f,0.356f,-0.2058f,0.9785f,-0.0157f,1.161f,0.309f,0.0498f,-0.9498f,-0.0847f,0f,0f,0f,1f],start_interpolation: 0,interpolation_duration: 1}
$data merge entity $(bone_left3) {transformation: [-0.9285f,-0.2004f,-0.3126f,0.285f,-0.2058f,0.9785f,-0.0157f,0.0265f,0.309f,0.0498f,-0.9498f,-0.0426f,0f,0f,0f,1f],start_interpolation: 0,interpolation_duration: 1}
$data merge entity $(bone_scythe) {transformation: [-0.6841f,-0.2285f,-1.5486f,-0.523f,0.488f,1.5747f,-0.4478f,1.6618f,1.4874f,-0.6217f,-0.5653f,0.6686f,0f,0f,0f,1f],start_interpolation: 0,interpolation_duration: 1}
$data merge entity $(bone_right2) {transformation: [-0.9004f,0.4024f,0.1651f,-0.3769f,-0.3575f,-0.4684f,-0.8079f,1.5137f,-0.2478f,-0.7865f,0.5657f,0.4144f,0f,0f,0f,1f],start_interpolation: 0,interpolation_duration: 1}
$data merge entity $(bone_right1) {transformation: [-0.2634f,0.3461f,-0.9004f,-0.6624f,0.9015f,-0.2438f,-0.3575f,1.4911f,-0.3433f,-0.9059f,-0.2478f,1.4842f,0f,0f,0f,1f],start_interpolation: 0,interpolation_duration: 1}