# This file was generated by Animated Java via MC-Build. It is not recommended to edit this file directly.
$data merge entity $(bone_hair_side) {transformation: [-1f,0f,0f,-0.2969f,0f,0.9998f,0.0218f,1.9062f,0f,0.0218f,-0.9998f,0.2572f,0f,0f,0f,1f],start_interpolation: 0,interpolation_duration: 1}
$data merge entity $(bone_hair_side1) {transformation: [-1f,0f,0f,0.2969f,0f,0.9998f,0.0218f,1.9062f,0f,0.0218f,-0.9998f,0.2572f,0f,0f,0f,1f],start_interpolation: 0,interpolation_duration: 1}
$data merge entity $(bone_beard) {transformation: [-1f,0f,0f,0f,0f,0.9962f,-0.0872f,1.5876f,0f,-0.0872f,-0.9962f,0.2576f,0f,0f,0f,1f],start_interpolation: 0,interpolation_duration: 1}
$data merge entity $(bone_head) {transformation: [-1f,0f,0f,0f,0f,0.9808f,0.1951f,1.7344f,0f,0.1951f,-0.9808f,0f,0f,0f,0f,1f],start_interpolation: 0,interpolation_duration: 1}
$data merge entity $(bone_body) {transformation: [-1.0928f,0f,-0.2674f,0f,0f,1.125f,0f,1.0625f,0.2674f,0f,-1.0928f,0f,0f,0f,0f,1f],start_interpolation: 0,interpolation_duration: 1}
$data merge entity $(bone_left4) {transformation: [-0.943f,-0.2052f,-0.2619f,0.3572f,-0.2091f,0.9778f,-0.0134f,1.1611f,0.2588f,0.0421f,-0.965f,-0.0708f,0f,0f,0f,1f],start_interpolation: 0,interpolation_duration: 1}
$data merge entity $(bone_left3) {transformation: [-0.943f,-0.2052f,-0.2619f,0.2869f,-0.2091f,0.9778f,-0.0134f,0.0263f,0.2588f,0.0421f,-0.965f,-0.036f,0f,0f,0f,1f],start_interpolation: 0,interpolation_duration: 1}
$data merge entity $(bone_scythe) {transformation: [-1.3212f,-0.2913f,-1.0431f,-0.7509f,0.2178f,1.5403f,-0.7061f,1.4762f,1.0609f,-0.6791f,-1.1541f,0.5064f,0f,0f,0f,1f],start_interpolation: 0,interpolation_duration: 1}
$data merge entity $(bone_right2) {transformation: [-0.617f,0.777f,0.1248f,-0.4863f,-0.4862f,-0.2517f,-0.8368f,1.4012f,-0.6188f,-0.577f,0.5331f,0.3267f,0f,0f,0f,1f],start_interpolation: 0,interpolation_duration: 1}
$data merge entity $(bone_right1) {transformation: [-0.4343f,0.6563f,-0.617f,-1.0479f,0.8661f,0.1161f,-0.4862f,1.0072f,-0.2474f,-0.7455f,-0.6188f,1.1962f,0f,0f,0f,1f],start_interpolation: 0,interpolation_duration: 1}