# This file was generated by Animated Java via MC-Build. It is not recommended to edit this file directly.
$data merge entity $(bone_hair_side) {transformation: [-1f,0f,0f,-0.2969f,0f,0.9999f,0.0131f,1.9085f,0f,0.0131f,-0.9999f,0.2557f,0f,0f,0f,1f],start_interpolation: 0,interpolation_duration: 1}
$data merge entity $(bone_hair_side1) {transformation: [-1f,0f,0f,0.2969f,0f,0.9999f,0.0131f,1.9085f,0f,0.0131f,-0.9999f,0.2557f,0f,0f,0f,1f],start_interpolation: 0,interpolation_duration: 1}
$data merge entity $(bone_beard) {transformation: [-1f,0f,0f,0f,0f,0.9986f,-0.0523f,1.5898f,0f,-0.0523f,-0.9986f,0.2588f,0f,0f,0f,1f],start_interpolation: 0,interpolation_duration: 1}
$data merge entity $(bone_head) {transformation: [-1f,0f,0f,0f,0f,0.9825f,0.1865f,1.7344f,0f,0.1865f,-0.9825f,0f,0f,0f,0f,1f],start_interpolation: 0,interpolation_duration: 1}
$data merge entity $(bone_body) {transformation: [-1.1134f,0f,-0.1614f,0f,0f,1.125f,0f,1.0625f,0.1614f,0f,-1.1134f,0f,0f,0f,0f,1f],start_interpolation: 0,interpolation_duration: 1}
$data merge entity $(bone_left4) {transformation: [-0.9643f,-0.2124f,-0.1583f,0.3589f,-0.2138f,0.9768f,-0.0083f,1.1613f,0.1564f,0.0259f,-0.9873f,-0.0426f,0f,0f,0f,1f],start_interpolation: 0,interpolation_duration: 1}
$data merge entity $(bone_left3) {transformation: [-0.9643f,-0.2124f,-0.1583f,0.2898f,-0.2138f,0.9768f,-0.0083f,0.0261f,0.1564f,0.0259f,-0.9873f,-0.022f,0f,0f,0f,1f],start_interpolation: 0,interpolation_duration: 1}
$data merge entity $(bone_scythe) {transformation: [-1.6347f,-0.1811f,-0.462f,-0.8479f,-0.0341f,1.6277f,-0.5174f,1.2918f,0.495f,-0.4859f,-1.5612f,0.2719f,0f,0f,0f,1f],start_interpolation: 0,interpolation_duration: 1}
$data merge entity $(bone_right2) {transformation: [-0.2821f,0.9573f,0.0636f,-0.5294f,-0.3539f,-0.0422f,-0.9343f,1.2835f,-0.8917f,-0.2861f,0.3507f,0.1919f,0f,0f,0f,1f],start_interpolation: 0,interpolation_duration: 1}
$data merge entity $(bone_right1) {transformation: [-0.593f,0.7541f,-0.2821f,-1.1454f,0.795f,0.4928f,-0.3539f,0.5115f,-0.1279f,-0.4341f,-0.8917f,0.6931f,0f,0f,0f,1f],start_interpolation: 0,interpolation_duration: 1}