# This file was generated by Animated Java via MC-Build. It is not recommended to edit this file directly.
$data merge entity $(bone_hair_side) {transformation: [-1f,0f,0f,-0.2969f,0f,0.9998f,0.0175f,1.9074f,0f,0.0175f,-0.9998f,0.2565f,0f,0f,0f,1f],start_interpolation: 0,interpolation_duration: 1}
$data merge entity $(bone_hair_side1) {transformation: [-1f,0f,0f,0.2969f,0f,0.9998f,0.0175f,1.9074f,0f,0.0175f,-0.9998f,0.2565f,0f,0f,0f,1f],start_interpolation: 0,interpolation_duration: 1}
$data merge entity $(bone_beard) {transformation: [-1f,0f,0f,0f,0f,0.9976f,-0.0698f,1.5887f,0f,-0.0698f,-0.9976f,0.2582f,0f,0f,0f,1f],start_interpolation: 0,interpolation_duration: 1}
$data merge entity $(bone_head) {transformation: [-1f,0f,0f,0f,0f,0.9816f,0.1908f,1.7344f,0f,0.1908f,-0.9816f,0f,0f,0f,0f,1f],start_interpolation: 0,interpolation_duration: 1}
$data merge entity $(bone_body) {transformation: [-1.1043f,0f,-0.2147f,0f,0f,1.125f,0f,1.0625f,0.2147f,0f,-1.1043f,0f,0f,0f,0f,1f],start_interpolation: 0,interpolation_duration: 1}
$data merge entity $(bone_left4) {transformation: [-0.9643f,-0.2124f,-0.1583f,0.3589f,-0.2138f,0.9768f,-0.0083f,1.1613f,0.1564f,0.0259f,-0.9873f,-0.0426f,0f,0f,0f,1f],start_interpolation: 0,interpolation_duration: 1}
$data merge entity $(bone_left3) {transformation: [-0.9643f,-0.2124f,-0.1583f,0.2898f,-0.2138f,0.9768f,-0.0083f,0.0261f,0.1564f,0.0259f,-0.9873f,-0.022f,0f,0f,0f,1f],start_interpolation: 0,interpolation_duration: 1}
$data merge entity $(bone_scythe) {transformation: [-1.5208f,-0.2459f,-0.7382f,-0.8158f,0.066f,1.5742f,-0.6602f,1.3746f,0.7753f,-0.6163f,-1.3919f,0.3929f,0f,0f,0f,1f],start_interpolation: 0,interpolation_duration: 1}
$data merge entity $(bone_right2) {transformation: [-0.4428f,0.892f,0.0909f,-0.5162f,-0.4495f,-0.1331f,-0.8833f,1.338f,-0.7758f,-0.432f,0.4599f,0.2632f,0f,0f,0f,1f],start_interpolation: 0,interpolation_duration: 1}
$data merge entity $(bone_right1) {transformation: [-0.5179f,0.7319f,-0.4428f,-1.1321f,0.8346f,0.3185f,-0.4495f,0.7387f,-0.188f,-0.6023f,-0.7758f,0.962f,0f,0f,0f,1f],start_interpolation: 0,interpolation_duration: 1}