# This file was generated by Animated Java via MC-Build. It is not recommended to edit this file directly.
$data merge entity $(bone_hair_side) {transformation: [-1f,0f,0f,-0.2969f,0f,1f,0.0048f,1.9106f,0f,0.0048f,-1f,0.2543f,0f,0f,0f,1f],start_interpolation: 0,interpolation_duration: 1}
$data merge entity $(bone_hair_side1) {transformation: [-1f,0f,0f,0.2969f,0f,1f,0.0048f,1.9106f,0f,0.0048f,-1f,0.2543f,0f,0f,0f,1f],start_interpolation: 0,interpolation_duration: 1}
$data merge entity $(bone_beard) {transformation: [-1f,0f,0f,0f,0f,0.9998f,-0.0194f,1.5919f,0f,-0.0194f,-0.9998f,0.26f,0f,0f,0f,1f],start_interpolation: 0,interpolation_duration: 1}
$data merge entity $(bone_head) {transformation: [-1f,0f,0f,0f,0f,0.984f,0.1784f,1.7344f,0f,0.1784f,-0.984f,0f,0f,0f,0f,1f],start_interpolation: 0,interpolation_duration: 1}
$data merge entity $(bone_body) {transformation: [-1.1234f,0f,-0.06f,0f,0f,1.125f,0f,1.0625f,0.06f,0f,-1.1234f,0f,0f,0f,0f,1f],start_interpolation: 0,interpolation_duration: 1}
$data merge entity $(bone_left4) {transformation: [-0.9746f,-0.2159f,-0.0589f,0.3597f,-0.2161f,0.9764f,-0.0031f,1.1614f,0.0581f,0.0097f,-0.9983f,-0.0158f,0f,0f,0f,1f],start_interpolation: 0,interpolation_duration: 1}
$data merge entity $(bone_left3) {transformation: [-0.9746f,-0.2159f,-0.0589f,0.2913f,-0.2161f,0.9764f,-0.0031f,0.026f,0.0581f,0.0097f,-0.9983f,-0.0082f,0f,0f,0f,1f],start_interpolation: 0,interpolation_duration: 1}
$data merge entity $(bone_scythe) {transformation: [-1.7039f,-0.0632f,-0.1051f,-0.8559f,-0.0534f,1.7002f,-0.1577f,1.2079f,0.1104f,-0.154f,-1.6978f,0.0687f,0f,0f,0f,1f],start_interpolation: 0,interpolation_duration: 1}
$data merge entity $(bone_right2) {transformation: [-0.0676f,0.9968f,0.0437f,-0.5278f,-0.1127f,0.0359f,-0.993f,1.2214f,-0.9913f,-0.0721f,0.11f,0.0606f,0f,0f,0f,1f],start_interpolation: 0,interpolation_duration: 1}
$data merge entity $(bone_right1) {transformation: [-0.6998f,0.7112f,-0.0676f,-1.0647f,0.7136f,0.6914f,-0.1127f,0.2638f,-0.0334f,-0.1272f,-0.9913f,0.2061f,0f,0f,0f,1f],start_interpolation: 0,interpolation_duration: 1}