# This file was generated by Animated Java via MC-Build. It is not recommended to edit this file directly.
$data merge entity $(bone_hair_side) {transformation: [-1f,0f,0f,-0.2969f,0f,0.9998f,0.0193f,1.9069f,0f,0.0193f,-0.9998f,0.2568f,0f,0f,0f,1f],start_interpolation: 0,interpolation_duration: 1}
$data merge entity $(bone_hair_side1) {transformation: [-1f,0f,0f,0.2969f,0f,0.9998f,0.0193f,1.9069f,0f,0.0193f,-0.9998f,0.2568f,0f,0f,0f,1f],start_interpolation: 0,interpolation_duration: 1}
$data merge entity $(bone_beard) {transformation: [-1f,0f,0f,0f,0f,1f,0.0035f,1.5882f,0f,0.0035f,-1f,0.2579f,0f,0f,0f,1f],start_interpolation: 0,interpolation_duration: 1}
$data merge entity $(bone_head) {transformation: [-1f,0f,0f,0f,0f,0.9813f,0.1926f,1.7344f,0f,0.1926f,-0.9813f,0f,0f,0f,0f,1f],start_interpolation: 0,interpolation_duration: 1}
$data merge entity $(bone_scythe) {transformation: [-1.2282f,1.1008f,-0.4451f,-0.8028f,0.9572f,1.2968f,0.5662f,1.7692f,0.7027f,0.1576f,-1.5491f,0.2449f,0f,0f,0f,1f],start_interpolation: 0,interpolation_duration: 1}
$data merge entity $(bone_right2) {transformation: [-0.2606f,0.7464f,-0.6124f,-0.5539f,0.3314f,-0.5266f,-0.7828f,1.5912f,-0.9068f,-0.4069f,-0.1101f,0.1255f,0f,0f,0f,1f],start_interpolation: 0,interpolation_duration: 1}
$data merge entity $(bone_right1) {transformation: [0.5793f,0.7724f,-0.2606f,-1.5555f,0.8051f,-0.492f,0.3314f,1.8624f,0.1278f,-0.4018f,-0.9068f,0.5125f,0f,0f,0f,1f],start_interpolation: 0,interpolation_duration: 1}