# This file was generated by Animated Java via MC-Build. It is not recommended to edit this file directly.
$data merge entity $(bone_hair_side) {transformation: [-1f,0f,0f,-0.2969f,0f,0.9996f,0.029f,1.9044f,0f,0.029f,-0.9996f,0.2584f,0f,0f,0f,1f],start_interpolation: 0,interpolation_duration: 1}
$data merge entity $(bone_hair_side1) {transformation: [-1f,0f,0f,0.2969f,0f,0.9996f,0.029f,1.9044f,0f,0.029f,-0.9996f,0.2584f,0f,0f,0f,1f],start_interpolation: 0,interpolation_duration: 1}
$data merge entity $(bone_beard) {transformation: [-1f,0f,0f,0f,0f,1f,0.0052f,1.5857f,0f,0.0052f,-1f,0.2565f,0f,0f,0f,1f],start_interpolation: 0,interpolation_duration: 1}
$data merge entity $(bone_head) {transformation: [-1f,0f,0f,0f,0f,0.9794f,0.2021f,1.7344f,0f,0.2021f,-0.9794f,0f,0f,0f,0f,1f],start_interpolation: 0,interpolation_duration: 1}
$data merge entity $(bone_scythe) {transformation: [-0.9034f,1.3616f,-0.4985f,-0.6881f,0.9325f,0.9953f,1.0287f,1.7716f,1.1103f,0.2719f,-1.2696f,0.3972f,0f,0f,0f,1f],start_interpolation: 0,interpolation_duration: 1}
$data merge entity $(bone_right2) {transformation: [-0.2918f,0.5631f,-0.7732f,-0.4988f,0.6022f,-0.5199f,-0.6059f,1.5916f,-0.7432f,-0.6424f,-0.1873f,0.198f,0f,0f,0f,1f],start_interpolation: 0,interpolation_duration: 1}
$data merge entity $(bone_right1) {transformation: [0.7479f,0.5963f,-0.2918f,-1.3661f,0.628f,-0.493f,0.6022f,1.9192f,0.2152f,-0.6336f,-0.7432f,0.8039f,0f,0f,0f,1f],start_interpolation: 0,interpolation_duration: 1}
data modify entity @s data merge value {"cameras":{},"locators":{"hitbox":{"posx":0.1961590241866601,"posy":2.4617126771080264,"posz":0.6091478168968203,"roty":338.5641301016536,"rotx":37.02414462129101},"hitbox2":{"posx":-0.20044579713652416,"posy":2.8711142009930954,"posz":1.0965850004843962,"roty":338.5641301016536,"rotx":37.02414462129101}}}