# This file was generated by Animated Java via MC-Build. It is not recommended to edit this file directly.
$data merge entity $(bone_hair_side) {transformation: [-1f,0f,0f,-0.2969f,0f,0.9996f,0.029f,1.9044f,0f,0.029f,-0.9996f,0.2584f,0f,0f,0f,1f],start_interpolation: 0,interpolation_duration: 1}
$data merge entity $(bone_hair_side1) {transformation: [-1f,0f,0f,0.2969f,0f,0.9996f,0.029f,1.9044f,0f,0.029f,-0.9996f,0.2584f,0f,0f,0f,1f],start_interpolation: 0,interpolation_duration: 1}
$data merge entity $(bone_beard) {transformation: [-1f,0f,0f,0f,0f,1f,0.0052f,1.5857f,0f,0.0052f,-1f,0.2565f,0f,0f,0f,1f],start_interpolation: 0,interpolation_duration: 1}
$data merge entity $(bone_head) {transformation: [-1f,0f,0f,0f,0f,0.9794f,0.2021f,1.7344f,0f,0.2021f,-0.9794f,0f,0f,0f,0f,1f],start_interpolation: 0,interpolation_duration: 1}
$data merge entity $(bone_scythe) {transformation: [-1.2559f,1.8929f,-0.693f,-0.6881f,1.2964f,1.3837f,1.4301f,1.7716f,1.5436f,0.378f,-1.765f,0.3972f,0f,0f,0f,1f],start_interpolation: 0,interpolation_duration: 1}
$data merge entity $(bone_right2) {transformation: [-0.2918f,0.5631f,-0.7732f,-0.4988f,0.6022f,-0.5199f,-0.6059f,1.5916f,-0.7432f,-0.6424f,-0.1873f,0.198f,0f,0f,0f,1f],start_interpolation: 0,interpolation_duration: 1}
$data merge entity $(bone_right1) {transformation: [0.7479f,0.5963f,-0.2918f,-1.3661f,0.628f,-0.493f,0.6022f,1.9192f,0.2152f,-0.6336f,-0.7432f,0.8039f,0f,0f,0f,1f],start_interpolation: 0,interpolation_duration: 1}
data modify entity @s data merge value {"cameras":{},"locators":{"scythe_blade":{"posx":-0.13434499358266017,"posy":2.802880613678917,"posz":1.015345469886467,"roty":338.5641301016536,"rotx":37.02414462129101},"scythe_pole":{"posx":-0.5179906306843356,"posy":1.881393777009567,"posz":0.4193248872066715,"roty":338.5641301016536,"rotx":37.02414462129101}}}
execute on vehicle unless entity @s[tag=aj.transforms_only] at @s run function animated_java:lich/animations/cast2/zzz/frames/9_root_commands