# This file was generated by Animated Java via MC-Build. It is not recommended to edit this file directly.
$data merge entity $(bone_hair_side) {transformation: [-1f,0f,0f,-0.2969f,0f,0.999f,-0.0436f,1.9227f,0f,-0.0436f,-0.999f,0.2365f,0f,0f,0f,1f],start_interpolation: 0,interpolation_duration: 1}
$data merge entity $(bone_hair_side1) {transformation: [-1f,0f,0f,0.2969f,0f,0.999f,-0.0436f,1.9227f,0f,-0.0436f,-0.999f,0.2365f,0f,0f,0f,1f],start_interpolation: 0,interpolation_duration: 1}
$data merge entity $(bone_beard) {transformation: [-1f,0f,0f,0f,0f,0.999f,-0.0436f,1.6047f,0f,-0.0436f,-0.999f,0.2577f,0f,0f,0f,1f],start_interpolation: 0,interpolation_duration: 1}
$data merge entity $(bone_head) {transformation: [-1f,0f,0f,0f,0f,0.9914f,0.1305f,1.7344f,0f,0.1305f,-0.9914f,-0.0089f,0f,0f,0f,1f],start_interpolation: 0,interpolation_duration: 1}
$data merge entity $(bone_body) {transformation: [-1.1248f,0.0004f,0.021f,0f,0f,1.1248f,-0.021f,1.0625f,-0.021f,-0.021f,-1.1246f,0f,0f,0f,0f,1f],start_interpolation: 0,interpolation_duration: 1}
$data merge entity $(bone_left4) {transformation: [-0.9957f,-0.0605f,0.0697f,0.3489f,-0.0738f,0.9751f,-0.2092f,1.1665f,-0.0553f,-0.2134f,-0.9754f,0.0607f,0f,0f,0f,1f],start_interpolation: 0,interpolation_duration: 1}
$data merge entity $(bone_left3) {transformation: [-0.9816f,-0.1777f,0.0697f,0.2365f,-0.1885f,0.9595f,-0.2092f,0.0581f,-0.0297f,-0.2185f,-0.9754f,0.2904f,0f,0f,0f,1f],start_interpolation: 0,interpolation_duration: 1}
$data merge entity $(bone_scythe) {transformation: [-1.5185f,-0.528f,-0.5776f,-0.7525f,-0.4684f,1.6233f,-0.2527f,1.0966f,0.627f,-0.0662f,-1.5877f,0.2298f,0f,0f,0f,1f],start_interpolation: 0,interpolation_duration: 1}
$data merge entity $(bone_right2) {transformation: [-0.3297f,0.8725f,0.3606f,-0.4611f,-0.15f,0.3287f,-0.9325f,1.2068f,-0.9321f,-0.3615f,0.0225f,0.1258f,0f,0f,0f,1f],start_interpolation: 0,interpolation_duration: 1}
$data merge entity $(bone_right1) {transformation: [-0.8468f,0.4754f,-0.2386f,-0.7016f,0.5318f,0.7669f,-0.3591f,0.2257f,0.0122f,-0.431f,-0.9023f,0.5799f,0f,0f,0f,1f],start_interpolation: 0,interpolation_duration: 1}
$data merge entity $(bone_left_leg) {transformation: [-1f,0f,0f,0.125f,0f,0.9993f,0.0374f,0.75f,0f,0.0374f,-0.9993f,-0.0062f,0f,0f,0f,1f],start_interpolation: 0,interpolation_duration: 1}
$data merge entity $(bone_right_leg) {transformation: [-1f,0f,0f,-0.125f,0f,0.9993f,0.0374f,0.75f,0f,0.0374f,-0.9993f,-0.0063f,0f,0f,0f,1f],start_interpolation: 0,interpolation_duration: 1}