# This file was generated by Animated Java via MC-Build. It is not recommended to edit this file directly.
$data merge entity $(bone_hair_side) {transformation: [-1f,0f,0f,-0.2969f,0f,0.9487f,-0.3163f,-0.4546f,0f,-0.3163f,-0.9487f,0.1218f,0f,0f,0f,1f],start_interpolation: 0,interpolation_duration: 1}
$data merge entity $(bone_hair_side1) {transformation: [-1f,0f,0f,0.2969f,0f,0.9487f,-0.3163f,-0.4546f,0f,-0.3163f,-0.9487f,0.1218f,0f,0f,0f,1f],start_interpolation: 0,interpolation_duration: 1}
$data merge entity $(bone_beard) {transformation: [-1f,0f,0f,0f,0f,0.9487f,-0.3163f,-0.7546f,0f,-0.3163f,-0.9487f,0.2295f,0f,0f,0f,1f],start_interpolation: 0,interpolation_duration: 1}
$data merge entity $(bone_head) {transformation: [-1f,0f,0f,0f,0f,0.9892f,-0.1467f,-0.7031f,0f,-0.1467f,-0.9892f,-0.0625f,0f,0f,0f,1f],start_interpolation: 0,interpolation_duration: 1}
$data merge entity $(bone_left4) {transformation: [-0.4603f,0.8877f,0.0003f,0.2417f,0.0131f,0.0071f,-0.9999f,-1.0093f,-0.8876f,-0.4603f,-0.0149f,0.2709f,0f,0f,0f,1f],start_interpolation: 0,interpolation_duration: 1}
$data merge entity $(bone_aura) {transformation: [0.0055f,-0.0118f,-2.375f,-0.5018f,2.3167f,-0.5229f,0.008f,0.7191f,-0.5229f,-2.3167f,0.0103f,-1.3474f,0f,0f,0f,1f],start_interpolation: 0,interpolation_duration: 1}
$data merge entity $(bone_scythe) {transformation: [0.004f,-0.0085f,-1.7083f,-0.4998f,1.6664f,-0.3761f,0.0057f,-0.341f,-0.3762f,-1.6664f,0.0074f,-0.0829f,0f,0f,0f,1f],start_interpolation: 0,interpolation_duration: 1}
$data merge entity $(bone_right2) {transformation: [-0.9981f,0.0477f,0.0385f,-0.4686f,-0.0442f,-0.9952f,0.0871f,-0.6669f,0.0425f,0.0852f,0.9955f,-0.0556f,0f,0f,0f,1f],start_interpolation: 0,interpolation_duration: 1}
data modify entity @s data merge value {"cameras":{},"locators":{"scythe_blade":{"posx":-0.5039607059976947,"posy":0.0632423118543679,"posz":-1.3434679334823958,"roty":269.7508693560368,"rotx":0.1927272597176384},"scythe_pole":{"posx":-0.5008876549545457,"posy":-0.4009698093414136,"posz":-0.27760670288424694,"roty":269.7508693560368,"rotx":0.1927272597176384}}}