# This file was generated by Animated Java via MC-Build. It is not recommended to edit this file directly.
$data merge entity $(bone_hair_side) {transformation: [-1f,0f,0f,-0.2969f,0f,0.9469f,-0.3214f,-0.4536f,0f,-0.3214f,-0.9469f,0.1204f,0f,0f,0f,1f],start_interpolation: 0,interpolation_duration: 1}
$data merge entity $(bone_hair_side1) {transformation: [-1f,0f,0f,0.2969f,0f,0.9469f,-0.3214f,-0.4536f,0f,-0.3214f,-0.9469f,0.1204f,0f,0f,0f,1f],start_interpolation: 0,interpolation_duration: 1}
$data merge entity $(bone_beard) {transformation: [-1f,0f,0f,0f,0f,0.9469f,-0.3214f,-0.753f,0f,-0.3214f,-0.9469f,0.2297f,0f,0f,0f,1f],start_interpolation: 0,interpolation_duration: 1}
$data merge entity $(bone_head) {transformation: [-1f,0f,0f,0f,0f,0.9884f,-0.1521f,-0.7031f,0f,-0.1521f,-0.9884f,-0.0625f,0f,0f,0f,1f],start_interpolation: 0,interpolation_duration: 1}
$data merge entity $(bone_left4) {transformation: [-0.4437f,0.8962f,-0.0083f,0.2417f,0.0138f,-0.0025f,-0.9999f,-1.0093f,-0.8961f,-0.4437f,-0.0112f,0.2709f,0f,0f,0f,1f],start_interpolation: 0,interpolation_duration: 1}
$data merge entity $(bone_aura) {transformation: [0.0039f,-0.0091f,-2.375f,-0.5018f,2.3048f,-0.5732f,0.006f,0.6906f,-0.5733f,-2.3048f,0.0079f,-1.3773f,0f,0f,0f,1f],start_interpolation: 0,interpolation_duration: 1}
$data merge entity $(bone_scythe) {transformation: [0.0028f,-0.0065f,-1.7083f,-0.5001f,1.6578f,-0.4123f,0.0043f,-0.3417f,-0.4123f,-1.6578f,0.0057f,-0.09f,0f,0f,0f,1f],start_interpolation: 0,interpolation_duration: 1}
$data merge entity $(bone_right2) {transformation: [-0.9981f,0.0485f,0.0375f,-0.4686f,-0.0442f,-0.9931f,0.1088f,-0.6669f,0.0425f,0.1069f,0.9934f,-0.0556f,0f,0f,0f,1f],start_interpolation: 0,interpolation_duration: 1}
data modify entity @s data merge value {"cameras":{},"locators":{"scythe_blade":{"posx":-0.5033765045784777,"posy":0.03499468095914643,"posz":-1.3590934752090158,"roty":269.8097314182201,"rotx":0.1443871134942017},"scythe_pole":{"posx":-0.500915298547761,"posy":-0.4058968408499541,"posz":-0.28337459536087867,"roty":269.8097314182201,"rotx":0.1443871134942017}}}