# This file was generated by Animated Java via MC-Build. It is not recommended to edit this file directly.
$data merge entity $(bone_hair_side) {transformation: [-1f,0f,0f,-0.2969f,0f,0.9434f,-0.3317f,1.9858f,0f,-0.3317f,-0.9434f,0.1177f,0f,0f,0f,1f],start_interpolation: 0,interpolation_duration: 1}
$data merge entity $(bone_hair_side1) {transformation: [-1f,0f,0f,0.2969f,0f,0.9434f,-0.3317f,1.9858f,0f,-0.3317f,-0.9434f,0.1177f,0f,0f,0f,1f],start_interpolation: 0,interpolation_duration: 1}
$data merge entity $(bone_beard) {transformation: [-1f,0f,0f,0f,0f,0.9434f,-0.3317f,1.6877f,0f,-0.3317f,-0.9434f,0.2303f,0f,0f,0f,1f],start_interpolation: 0,interpolation_duration: 1}
$data merge entity $(bone_head) {transformation: [-1f,0f,0f,0f,0f,0.9866f,-0.1629f,1.7344f,0f,-0.1629f,-0.9866f,-0.0625f,0f,0f,0f,1f],start_interpolation: 0,interpolation_duration: 1}
$data merge entity $(bone_left4) {transformation: [-0.4099f,0.9118f,-0.026f,0.2417f,0.0151f,-0.0217f,-0.9997f,1.4282f,-0.912f,-0.4101f,-0.0048f,0.2709f,0f,0f,0f,1f],start_interpolation: 0,interpolation_duration: 1}
$data merge entity $(bone_scythe) {transformation: [0.0009f,-0.0035f,-2.375f,-0.5006f,2.2776f,-0.6731f,0.0018f,2.0939f,-0.6731f,-2.2776f,0.0031f,-0.1042f,0f,0f,0f,1f],start_interpolation: 0,interpolation_duration: 1}
$data merge entity $(bone_right2) {transformation: [-0.9981f,0.0501f,0.0353f,-0.4686f,-0.0442f,-0.9874f,0.152f,1.7706f,0.0425f,0.1501f,0.9878f,-0.0556f,0f,0f,0f,1f],start_interpolation: 0,interpolation_duration: 1}
data modify entity @s data merge value {"cameras":{},"locators":{"scythe_blade":{"posx":-0.5020851027648814,"posy":2.4150141270942407,"posz":-1.3884793911667261,"roty":269.9242278605183,"rotx":0.04391930691732002},"scythe_pole":{"posx":-0.5009401882108945,"posy":2.021378172700043,"posz":-0.29458180703060854,"roty":269.9242278605183,"rotx":0.04391930691732002}}}