# This file was generated by Animated Java via MC-Build. It is not recommended to edit this file directly.
$data merge entity $(bone_hair_side) {transformation: [-1f,0f,0f,-0.2969f,0f,0.9415f,-0.3369f,1.9868f,0f,-0.3369f,-0.9415f,0.1163f,0f,0f,0f,1f],start_interpolation: 0,interpolation_duration: 1}
$data merge entity $(bone_hair_side1) {transformation: [-1f,0f,0f,0.2969f,0f,0.9415f,-0.3369f,1.9868f,0f,-0.3369f,-0.9415f,0.1163f,0f,0f,0f,1f],start_interpolation: 0,interpolation_duration: 1}
$data merge entity $(bone_beard) {transformation: [-1f,0f,0f,0f,0f,0.9415f,-0.3369f,1.6893f,0f,-0.3369f,-0.9415f,0.2305f,0f,0f,0f,1f],start_interpolation: 0,interpolation_duration: 1}
$data merge entity $(bone_head) {transformation: [-1f,0f,0f,0f,0f,0.9857f,-0.1683f,1.7344f,0f,-0.1683f,-0.9857f,-0.0625f,0f,0f,0f,1f],start_interpolation: 0,interpolation_duration: 1}
$data merge entity $(bone_left4) {transformation: [-0.3927f,0.919f,-0.035f,0.2417f,0.0157f,-0.0313f,-0.9994f,1.4282f,-0.9195f,-0.393f,-0.0021f,0.2709f,0f,0f,0f,1f],start_interpolation: 0,interpolation_duration: 1}
$data merge entity $(bone_aura) {transformation: [-0.0006f,-0.0007f,-2.375f,-0.5015f,2.2624f,-0.7225f,-0.0003f,3.0389f,-0.7225f,-2.2624f,0.0008f,-1.4631f,0f,0f,0f,1f],start_interpolation: 0,interpolation_duration: 1}
$data merge entity $(bone_scythe) {transformation: [-0.0004f,-0.0005f,-1.7083f,-0.5009f,1.6274f,-0.5197f,-0.0002f,2.0928f,-0.5197f,-1.6274f,0.0006f,-0.1113f,0f,0f,0f,1f],start_interpolation: 0,interpolation_duration: 1}
$data merge entity $(bone_right2) {transformation: [-0.9981f,0.0508f,0.0342f,-0.4686f,-0.0442f,-0.9838f,0.1735f,1.7706f,0.0425f,0.1717f,0.9842f,-0.0556f,0f,0f,0f,1f],start_interpolation: 0,interpolation_duration: 1}
data modify entity @s data merge value {"cameras":{},"locators":{"scythe_blade":{"posx":-0.5013785170078231,"posy":2.3858085617550593,"posz":-1.4022257792933561,"roty":269.9798081217447,"rotx":-0.008160602695845322},"scythe_pole":{"posx":-0.5009374224346811,"posy":2.016085084298347,"posz":-0.3000157921979324,"roty":269.9798081217447,"rotx":-0.008160602695845322}}}