# This file was generated by Animated Java via MC-Build. It is not recommended to edit this file directly.
$data merge entity $(bone_hair_side) {transformation: [-1f,0f,0f,-0.2969f,0f,0.9378f,-0.3471f,1.9888f,0f,-0.3471f,-0.9378f,0.1136f,0f,0f,0f,1f],start_interpolation: 0,interpolation_duration: 1}
$data merge entity $(bone_hair_side1) {transformation: [-1f,0f,0f,0.2969f,0f,0.9378f,-0.3471f,1.9888f,0f,-0.3471f,-0.9378f,0.1136f,0f,0f,0f,1f],start_interpolation: 0,interpolation_duration: 1}
$data merge entity $(bone_beard) {transformation: [-1f,0f,0f,0f,0f,0.9378f,-0.3471f,1.6925f,0f,-0.3471f,-0.9378f,0.231f,0f,0f,0f,1f],start_interpolation: 0,interpolation_duration: 1}
$data merge entity $(bone_head) {transformation: [-1f,0f,0f,0f,0f,0.9838f,-0.179f,1.7344f,0f,-0.179f,-0.9838f,-0.0625f,0f,0f,0f,1f],start_interpolation: 0,interpolation_duration: 1}
$data merge entity $(bone_left4) {transformation: [-0.3581f,0.9322f,-0.0533f,0.2417f,0.017f,-0.0506f,-0.9986f,1.4282f,-0.9335f,-0.3585f,0.0023f,0.2709f,0f,0f,0f,1f],start_interpolation: 0,interpolation_duration: 1}
$data merge entity $(bone_scythe) {transformation: [-0.0023f,0.0036f,-1.7083f,-0.5014f,1.6032f,-0.59f,-0.0035f,2.09f,-0.59f,-1.6032f,-0.0026f,-0.1253f,0f,0f,0f,1f],start_interpolation: 0,interpolation_duration: 1}
$data merge entity $(bone_right2) {transformation: [-0.9981f,0.0523f,0.032f,-0.4686f,-0.0442f,-0.9753f,0.2162f,1.7706f,0.0425f,0.2144f,0.9758f,-0.0556f,0f,0f,0f,1f],start_interpolation: 0,interpolation_duration: 1}
data modify entity @s data merge value {"cameras":{},"locators":{"hitbox":{"posx":-0.49898857930347706,"posy":1.7400006985119227,"posz":-1.2119219189314105,"roty":270.087501419313,"rotx":-0.11588872049575104},"hitbox2":{"posx":-0.5000165926783687,"posy":2.4438434790785752,"posz":-1.470966863743512,"roty":270.087501419313,"rotx":-0.11588872049575104}}}
execute on vehicle unless entity @s[tag=aj.transforms_only] at @s run function animated_java:lich/animations/slam/zzz/frames/16_root_commands