# This file was generated by Animated Java via MC-Build. It is not recommended to edit this file directly.
$data merge entity $(bone_hair_side) {transformation: [-1f,0f,0f,-0.2969f,0f,0.9359f,-0.3523f,1.9897f,0f,-0.3523f,-0.9359f,0.1122f,0f,0f,0f,1f],start_interpolation: 0,interpolation_duration: 1}
$data merge entity $(bone_hair_side1) {transformation: [-1f,0f,0f,0.2969f,0f,0.9359f,-0.3523f,1.9897f,0f,-0.3523f,-0.9359f,0.1122f,0f,0f,0f,1f],start_interpolation: 0,interpolation_duration: 1}
$data merge entity $(bone_beard) {transformation: [-1f,0f,0f,0f,0f,0.9359f,-0.3523f,1.6941f,0f,-0.3523f,-0.9359f,0.2312f,0f,0f,0f,1f],start_interpolation: 0,interpolation_duration: 1}
$data merge entity $(bone_head) {transformation: [-1f,0f,0f,0f,0f,0.9829f,-0.1844f,1.7344f,0f,-0.1844f,-0.9829f,-0.0625f,0f,0f,0f,1f],start_interpolation: 0,interpolation_duration: 1}
$data merge entity $(bone_left4) {transformation: [-0.3406f,0.9381f,-0.0627f,0.2417f,0.0176f,-0.0603f,-0.998f,1.4282f,-0.9401f,-0.341f,0.004f,0.2709f,0f,0f,0f,1f],start_interpolation: 0,interpolation_duration: 1}
$data merge entity $(bone_scythe) {transformation: [-0.0032f,0.0057f,-1.7083f,-0.5016f,1.59f,-0.6248f,-0.0051f,2.0883f,-0.6248f,-1.59f,-0.0042f,-0.1323f,0f,0f,0f,1f],start_interpolation: 0,interpolation_duration: 1}
$data merge entity $(bone_right2) {transformation: [-0.9981f,0.053f,0.0308f,-0.4686f,-0.0442f,-0.9704f,0.2375f,1.7706f,0.0425f,0.2357f,0.9709f,-0.0556f,0f,0f,0f,1f],start_interpolation: 0,interpolation_duration: 1}
execute on vehicle unless entity @s[tag=aj.transforms_only] at @s run function animated_java:lich/animations/slam/zzz/frames/17_root_commands