# This file was generated by Animated Java via MC-Build. It is not recommended to edit this file directly.
$data merge entity $(bone_hair_side) {transformation: [-1f,0f,0f,-0.2969f,0f,0.9286f,-0.3711f,1.9932f,0f,-0.3711f,-0.9286f,0.107f,0f,0f,0f,1f],start_interpolation: 0,interpolation_duration: 1}
$data merge entity $(bone_hair_side1) {transformation: [-1f,0f,0f,0.2969f,0f,0.9286f,-0.3711f,1.9932f,0f,-0.3711f,-0.9286f,0.107f,0f,0f,0f,1f],start_interpolation: 0,interpolation_duration: 1}
$data merge entity $(bone_beard) {transformation: [-1f,0f,0f,0f,0f,0.9286f,-0.3711f,1.7f,0f,-0.3711f,-0.9286f,0.232f,0f,0f,0f,1f],start_interpolation: 0,interpolation_duration: 1}
$data merge entity $(bone_head) {transformation: [-1f,0f,0f,0f,0f,0.9789f,-0.2043f,1.7344f,0f,-0.2043f,-0.9789f,-0.0625f,0f,0f,0f,1f],start_interpolation: 0,interpolation_duration: 1}
$data merge entity $(bone_left4) {transformation: [-0.3052f,0.9488f,-0.0816f,0.2417f,0.0188f,-0.0796f,-0.9966f,1.4282f,-0.9521f,-0.3057f,0.0064f,0.2709f,0f,0f,0f,1f],start_interpolation: 0,interpolation_duration: 1}
$data merge entity $(bone_scythe) {transformation: [-0.0049f,0.01f,-1.7083f,-0.502f,1.5612f,-0.6934f,-0.0085f,2.0846f,-0.6935f,-1.5612f,-0.0072f,-0.1461f,0f,0f,0f,1f],start_interpolation: 0,interpolation_duration: 1}
$data merge entity $(bone_right2) {transformation: [-0.9981f,0.0543f,0.0285f,-0.4686f,-0.0442f,-0.9591f,0.2796f,1.7706f,0.0425f,0.2778f,0.9597f,-0.0556f,0f,0f,0f,1f],start_interpolation: 0,interpolation_duration: 1}