# This file was generated by Animated Java via MC-Build. It is not recommended to edit this file directly.
$data merge entity $(bone_hair_side) {transformation: [-1f,0f,0f,-0.2969f,0f,0.93f,-0.3675f,1.9925f,0f,-0.3675f,-0.93f,0.108f,0f,0f,0f,1f],start_interpolation: 0,interpolation_duration: 1}
$data merge entity $(bone_hair_side1) {transformation: [-1f,0f,0f,0.2969f,0f,0.93f,-0.3675f,1.9925f,0f,-0.3675f,-0.93f,0.108f,0f,0f,0f,1f],start_interpolation: 0,interpolation_duration: 1}
$data merge entity $(bone_beard) {transformation: [-1f,0f,0f,0f,0f,0.93f,-0.3675f,1.6989f,0f,-0.3675f,-0.93f,0.2318f,0f,0f,0f,1f],start_interpolation: 0,interpolation_duration: 1}
$data merge entity $(bone_head) {transformation: [-1f,0f,0f,0f,0f,0.9797f,-0.2004f,1.7344f,0f,-0.2004f,-0.9797f,-0.0625f,0f,0f,0f,1f],start_interpolation: 0,interpolation_duration: 1}
$data merge entity $(bone_left4) {transformation: [-0.2873f,0.9535f,-0.0911f,0.2417f,0.0194f,-0.0893f,-0.9958f,1.4282f,-0.9576f,-0.2879f,0.0071f,0.2709f,0f,0f,0f,1f],start_interpolation: 0,interpolation_duration: 1}
$data merge entity $(bone_scythe) {transformation: [-0.0056f,0.0122f,-1.7083f,-0.5022f,1.5458f,-0.7272f,-0.0103f,2.0826f,-0.7273f,-1.5458f,-0.0086f,-0.1529f,0f,0f,0f,1f],start_interpolation: 0,interpolation_duration: 1}
$data merge entity $(bone_right2) {transformation: [-0.9981f,0.0549f,0.0273f,-0.4686f,-0.0442f,-0.9528f,0.3004f,1.7706f,0.0425f,0.2987f,0.9534f,-0.0556f,0f,0f,0f,1f],start_interpolation: 0,interpolation_duration: 1}
data modify entity @s data merge value {"cameras":{},"locators":{"hitbox":{"posx":-0.4942436995141872,"posy":1.6394179105945754,"posz":-1.2049772850062292,"roty":270.28831880114444,"rotx":-0.3448904386941697},"hitbox2":{"posx":-0.49672205315989937,"posy":2.3180506259062272,"posz":-1.5242757276456222,"roty":270.28831880114444,"rotx":-0.3448904386941697}}}
execute on vehicle unless entity @s[tag=aj.transforms_only] at @s run function animated_java:lich/animations/slam/zzz/frames/20_root_commands