# This file was generated by Animated Java via MC-Build. It is not recommended to edit this file directly.
$data merge entity $(bone_hair_side) {transformation: [-1f,0f,0f,-0.2969f,0f,0.928f,-0.3726f,-0.444f,0f,-0.3726f,-0.928f,0.1066f,0f,0f,0f,1f],start_interpolation: 0,interpolation_duration: 1}
$data merge entity $(bone_hair_side1) {transformation: [-1f,0f,0f,0.2969f,0f,0.928f,-0.3726f,-0.444f,0f,-0.3726f,-0.928f,0.1066f,0f,0f,0f,1f],start_interpolation: 0,interpolation_duration: 1}
$data merge entity $(bone_beard) {transformation: [-1f,0f,0f,0f,0f,0.928f,-0.3726f,-0.737f,0f,-0.3726f,-0.928f,0.232f,0f,0f,0f,1f],start_interpolation: 0,interpolation_duration: 1}
$data merge entity $(bone_head) {transformation: [-1f,0f,0f,0f,0f,0.9786f,-0.2058f,-0.7031f,0f,-0.2058f,-0.9786f,-0.0625f,0f,0f,0f,1f],start_interpolation: 0,interpolation_duration: 1}
$data merge entity $(bone_left4) {transformation: [-0.2694f,0.9578f,-0.1007f,0.2417f,0.02f,-0.099f,-0.9949f,-1.0093f,-0.9628f,-0.27f,0.0075f,0.2709f,0f,0f,0f,1f],start_interpolation: 0,interpolation_duration: 1}
$data merge entity $(bone_aura) {transformation: [-0.0088f,0.0199f,-2.3749f,-0.4989f,2.1265f,-1.0576f,-0.0168f,0.3727f,-1.0577f,-2.1264f,-0.0139f,-1.6396f,0f,0f,0f,1f],start_interpolation: 0,interpolation_duration: 1}
$data merge entity $(bone_scythe) {transformation: [-0.0064f,0.0143f,-1.7083f,-0.5024f,1.5296f,-0.7607f,-0.0121f,-0.3572f,-0.7608f,-1.5295f,-0.01f,-0.1597f,0f,0f,0f,1f],start_interpolation: 0,interpolation_duration: 1}
$data merge entity $(bone_right2) {transformation: [-0.9981f,0.0554f,0.0261f,-0.4686f,-0.0442f,-0.946f,0.3211f,-0.6669f,0.0425f,0.3194f,0.9467f,-0.0556f,0f,0f,0f,1f],start_interpolation: 0,interpolation_duration: 1}
execute on vehicle unless entity @s[tag=aj.transforms_only] positioned ^-0.4953294929 ^-0.2635031321 ^-1.4802064765 rotated ~270.3353487334 ~-0.4048050634 run function animated_java:lich/animations/slam/zzz/frames/21_locator_commands
execute on vehicle unless entity @s[tag=aj.transforms_only] positioned ^-0.500634816 ^-0.4615961849 ^-0.334652682 rotated ~270.3353487334 ~-0.4048050634 run function animated_java:lich/animations/slam/zzz/frames/21_locator_commands
data modify entity @s data merge value {"cameras":{},"locators":{"scythe_blade":{"posx":-0.4953294929149934,"posy":-0.2635031321329012,"posz":-1.4802064764581684,"roty":270.3353487334042,"rotx":-0.40480506338529104},"scythe_pole":{"posx":-0.500634816007561,"posy":-0.46159618491082544,"posz":-0.334652682004147,"roty":270.3353487334042,"rotx":-0.40480506338529104}}}
execute on vehicle unless entity @s[tag=aj.transforms_only] at @s run function animated_java:lich/animations/slam/zzz/frames/21_root_commands