# This file was generated by Animated Java via MC-Build. It is not recommended to edit this file directly.
$data merge entity $(bone_hair_side) {transformation: [-1f,0f,0f,-0.2969f,0f,0.9675f,-0.2528f,1.9612f,0f,-0.2528f,-0.9675f,0.1914f,0f,0f,0f,1f],start_interpolation: 0,interpolation_duration: 1}
$data merge entity $(bone_hair_side1) {transformation: [-1f,0f,0f,0.2969f,0f,0.9675f,-0.2528f,1.9612f,0f,-0.2528f,-0.9675f,0.1914f,0f,0f,0f,1f],start_interpolation: 0,interpolation_duration: 1}
$data merge entity $(bone_beard) {transformation: [-1f,0f,0f,0f,0f,0.9675f,-0.2528f,1.6548f,0f,-0.2528f,-0.9675f,0.279f,0f,0f,0f,1f],start_interpolation: 0,interpolation_duration: 1}
$data merge entity $(bone_head) {transformation: [-1f,0f,0f,0f,0f,0.9967f,-0.0809f,1.7254f,0f,-0.0809f,-0.9967f,-0.0089f,0f,0f,0f,1f],start_interpolation: 0,interpolation_duration: 1}
$data merge entity $(bone_body) {transformation: [-1.1179f,0.0063f,0.1258f,0f,0f,1.1236f,-0.0561f,1.0625f,-0.126f,-0.0557f,-1.1165f,0.0089f,0f,0f,0f,1f],start_interpolation: 0,interpolation_duration: 1}
$data merge entity $(bone_left4) {transformation: [-0.4773f,0.8782f,0.0312f,0.2675f,0.1181f,0.0992f,-0.988f,1.368f,-0.8708f,-0.4679f,-0.1511f,0.3127f,0f,0f,0f,1f],start_interpolation: 0,interpolation_duration: 1}
$data merge entity $(bone_left3) {transformation: [-0.9789f,0.1453f,0.1438f,-0.1973f,-0.1112f,0.2113f,-0.9711f,1.1021f,-0.1715f,-0.9666f,-0.1907f,1.3163f,0f,0f,0f,1f],start_interpolation: 0,interpolation_duration: 1}
$data merge entity $(bone_scythe) {transformation: [0.015f,-0.251f,-1.6897f,-0.4535f,1.7081f,0.0288f,0.0109f,2.0749f,0.0269f,-1.6895f,0.2512f,0.1234f,0f,0f,0f,1f],start_interpolation: 0,interpolation_duration: 1}
$data merge entity $(bone_right2) {transformation: [-0.9846f,0.0143f,0.1744f,-0.4334f,-0.0235f,-0.9984f,-0.051f,1.7477f,0.1734f,-0.0543f,0.9834f,0.1029f,0f,0f,0f,1f],start_interpolation: 0,interpolation_duration: 1}
$data merge entity $(bone_right1) {transformation: [-0.8939f,0.387f,0.2264f,-0.5653f,-0.441f,-0.8498f,-0.2887f,2.7884f,0.0806f,-0.3579f,0.9303f,0.458f,0f,0f,0f,1f],start_interpolation: 0,interpolation_duration: 1}
$data merge entity $(bone_left_leg) {transformation: [-1f,0f,0f,0.125f,0f,0.9749f,0.2225f,0.75f,0f,0.2225f,-0.9749f,-0.0062f,0f,0f,0f,1f],start_interpolation: 0,interpolation_duration: 1}
$data merge entity $(bone_right_leg) {transformation: [-1f,0f,0f,-0.125f,0f,0.9749f,0.2225f,0.75f,0f,0.2225f,-0.9749f,-0.0063f,0f,0f,0f,1f],start_interpolation: 0,interpolation_duration: 1}