# This file was generated by Animated Java via MC-Build. It is not recommended to edit this file directly.
$data merge entity $(bone_hair_side) {transformation: [-1f,0f,0f,-0.2969f,0f,0.9239f,-0.3827f,1.9953f,0f,-0.3827f,-0.9239f,0.1037f,0f,0f,0f,1f],start_interpolation: 0,interpolation_duration: 1}
$data merge entity $(bone_hair_side1) {transformation: [-1f,0f,0f,0.2969f,0f,0.9239f,-0.3827f,1.9953f,0f,-0.3827f,-0.9239f,0.1037f,0f,0f,0f,1f],start_interpolation: 0,interpolation_duration: 1}
$data merge entity $(bone_beard) {transformation: [-1f,0f,0f,0f,0f,0.9239f,-0.3827f,1.7037f,0f,-0.3827f,-0.9239f,0.2324f,0f,0f,0f,1f],start_interpolation: 0,interpolation_duration: 1}
$data merge entity $(bone_head) {transformation: [-1f,0f,0f,0f,0f,0.9763f,-0.2164f,1.7344f,0f,-0.2164f,-0.9763f,-0.0625f,0f,0f,0f,1f],start_interpolation: 0,interpolation_duration: 1}
$data merge entity $(bone_body) {transformation: [-1.1207f,-0.0057f,0.0979f,0f,0f,1.1231f,0.0654f,1.0625f,-0.0981f,0.0652f,-1.1188f,0.0208f,0f,0f,0f,1f],start_interpolation: 0,interpolation_duration: 1}
$data merge entity $(bone_left4) {transformation: [-0.7381f,0.6533f,0.1684f,0.316f,0.1264f,0.3791f,-0.9167f,1.296f,-0.6627f,-0.6554f,-0.3624f,0.3563f,0f,0f,0f,1f],start_interpolation: 0,interpolation_duration: 1}
$data merge entity $(bone_left3) {transformation: [-0.9642f,0.0154f,0.2649f,-0.0021f,-0.2342f,0.4201f,-0.8767f,0.7633f,-0.1248f,-0.9073f,-0.4014f,1.3097f,0f,0f,0f,1f],start_interpolation: 0,interpolation_duration: 1}
$data merge entity $(bone_scythe) {transformation: [0.2497f,-0.4056f,-1.6406f,-0.347f,1.3285f,1.0721f,-0.0629f,1.9355f,1.0446f,-1.2666f,0.4721f,0.4715f,0f,0f,0f,1f],start_interpolation: 0,interpolation_duration: 1}
$data merge entity $(bone_right2) {transformation: [-0.9547f,-0.1246f,0.2702f,-0.3729f,-0.0453f,-0.8367f,-0.5458f,1.6617f,0.2941f,-0.5333f,0.7931f,0.2919f,0f,0f,0f,1f],start_interpolation: 0,interpolation_duration: 1}
$data merge entity $(bone_right1) {transformation: [-0.93f,0.1934f,0.3125f,-0.2877f,-0.36f,-0.6508f,-0.6685f,2.4657f,0.0742f,-0.7342f,0.6749f,1.0489f,0f,0f,0f,1f],start_interpolation: 0,interpolation_duration: 1}
$data merge entity $(bone_left_leg) {transformation: [-1f,0f,0f,0.125f,0f,0.9848f,0.1736f,0.75f,0f,0.1736f,-0.9848f,-0.0062f,0f,0f,0f,1f],start_interpolation: 0,interpolation_duration: 1}
$data merge entity $(bone_right_leg) {transformation: [-1f,0f,0f,-0.125f,0f,0.9848f,0.1736f,0.75f,0f,0.1736f,-0.9848f,-0.0063f,0f,0f,0f,1f],start_interpolation: 0,interpolation_duration: 1}
execute on vehicle unless entity @s[tag=aj.transforms_only] at @s run function animated_java:lich/animations/slam/zzz/frames/23_root_commands