# This file was generated by Animated Java via MC-Build. It is not recommended to edit this file directly.
$data merge entity $(bone_hair_side) {transformation: [-1f,0f,0f,-0.2969f,0f,0.9239f,-0.3827f,-0.4422f,0f,-0.3827f,-0.9239f,0.1037f,0f,0f,0f,1f],start_interpolation: 0,interpolation_duration: 1}
$data merge entity $(bone_hair_side1) {transformation: [-1f,0f,0f,0.2969f,0f,0.9239f,-0.3827f,-0.4422f,0f,-0.3827f,-0.9239f,0.1037f,0f,0f,0f,1f],start_interpolation: 0,interpolation_duration: 1}
$data merge entity $(bone_beard) {transformation: [-1f,0f,0f,0f,0f,0.9239f,-0.3827f,-0.7338f,0f,-0.3827f,-0.9239f,0.2324f,0f,0f,0f,1f],start_interpolation: 0,interpolation_duration: 1}
$data merge entity $(bone_head) {transformation: [-1f,0f,0f,0f,0f,0.9763f,-0.2164f,-0.7031f,0f,-0.2164f,-0.9763f,-0.0625f,0f,0f,0f,1f],start_interpolation: 0,interpolation_duration: 1}
$data merge entity $(bone_body) {transformation: [-1.1207f,-0.0057f,0.0979f,0f,0f,1.1231f,0.0654f,-1.375f,-0.0981f,0.0652f,-1.1188f,0.0208f,0f,0f,0f,1f],start_interpolation: 0,interpolation_duration: 1}
$data merge entity $(bone_left4) {transformation: [-0.7381f,0.6533f,0.1684f,0.316f,0.1264f,0.3791f,-0.9167f,-1.1415f,-0.6627f,-0.6554f,-0.3624f,0.3563f,0f,0f,0f,1f],start_interpolation: 0,interpolation_duration: 1}
$data merge entity $(bone_left3) {transformation: [-0.9642f,0.0154f,0.2649f,-0.0021f,-0.2342f,0.4201f,-0.8767f,-1.6742f,-0.1248f,-0.9073f,-0.4014f,1.3097f,0f,0f,0f,1f],start_interpolation: 0,interpolation_duration: 1}
$data merge entity $(bone_aura) {transformation: [0.3471f,-0.5639f,-2.2808f,-0.3926f,1.847f,1.4905f,-0.0874f,1.1463f,1.4522f,-1.7609f,0.6564f,0.5326f,0f,0f,0f,1f],start_interpolation: 0,interpolation_duration: 1}
$data merge entity $(bone_scythe) {transformation: [0.2497f,-0.4056f,-1.6406f,-0.347f,1.3285f,1.0721f,-0.0629f,-0.502f,1.0446f,-1.2666f,0.4721f,0.4715f,0f,0f,0f,1f],start_interpolation: 0,interpolation_duration: 1}
$data merge entity $(bone_right2) {transformation: [-0.9547f,-0.1246f,0.2702f,-0.3729f,-0.0453f,-0.8367f,-0.5458f,-0.7758f,0.2941f,-0.5333f,0.7931f,0.2919f,0f,0f,0f,1f],start_interpolation: 0,interpolation_duration: 1}
$data merge entity $(bone_right1) {transformation: [-0.93f,0.1934f,0.3125f,-0.2877f,-0.36f,-0.6508f,-0.6685f,0.0282f,0.0742f,-0.7342f,0.6749f,1.0489f,0f,0f,0f,1f],start_interpolation: 0,interpolation_duration: 1}
$data merge entity $(bone_left_leg) {transformation: [-1f,0f,0f,0.125f,0f,0.9848f,0.1736f,-1.6875f,0f,0.1736f,-0.9848f,-0.0062f,0f,0f,0f,1f],start_interpolation: 0,interpolation_duration: 1}
$data merge entity $(bone_right_leg) {transformation: [-1f,0f,0f,-0.125f,0f,0.9848f,0.1736f,-1.6875f,0f,0.1736f,-0.9848f,-0.0063f,0f,0f,0f,1f],start_interpolation: 0,interpolation_duration: 1}
execute on vehicle unless entity @s[tag=aj.transforms_only] positioned ^-0.5195934379 ^0.7363870029 ^0.0366367264 rotated ~253.9457231523 ~-2.1097326057 run function animated_java:lich/animations/slam/zzz/frames/23_locator_commands
execute on vehicle unless entity @s[tag=aj.transforms_only] positioned ^-0.3974825649 ^-0.3866313424 ^0.3113752036 rotated ~253.9457231523 ~-2.1097326057 run function animated_java:lich/animations/slam/zzz/frames/23_locator_commands
data modify entity @s data merge value {"cameras":{},"locators":{"scythe_blade":{"posx":-0.519593437933771,"posy":0.7363870029008158,"posz":0.036636726365498085,"roty":253.94572315229908,"rotx":-2.1097326056908674},"scythe_pole":{"posx":-0.3974825649372015,"posy":-0.38663134237531815,"posz":0.3113752035929684,"roty":253.94572315229908,"rotx":-2.1097326056908674}}}
execute on vehicle unless entity @s[tag=aj.transforms_only] at @s run function animated_java:lich/animations/slam/zzz/frames/23_root_commands