# This file was generated by Animated Java via MC-Build. It is not recommended to edit this file directly.
$data merge entity $(bone_hair_side) {transformation: [-1f,0.0077f,0.0041f,-0.2969f,0.0072f,0.9946f,-0.1032f,1.8803f,-0.0049f,-0.1032f,-0.9946f,0.3549f,0f,0f,0f,1f],start_interpolation: 0,interpolation_duration: 1}
$data merge entity $(bone_hair_side1) {transformation: [-1f,-0.0078f,-0.0038f,0.2969f,-0.0074f,0.9955f,-0.0945f,1.8803f,0.0045f,-0.0945f,-0.9955f,0.3549f,0f,0f,0f,1f],start_interpolation: 0,interpolation_duration: 1}
$data merge entity $(bone_beard) {transformation: [-1f,0f,0f,0f,0f,0.9963f,-0.0859f,1.5616f,0f,-0.0859f,-0.9963f,0.3562f,0f,0f,0f,1f],start_interpolation: 0,interpolation_duration: 1}
$data merge entity $(bone_head) {transformation: [-1f,0f,0f,0f,0f,0.9814f,0.192f,1.7076f,0f,0.192f,-0.9814f,0.0982f,0f,0f,0f,1f],start_interpolation: 0,interpolation_duration: 1}
$data merge entity $(bone_body) {transformation: [-1.1219f,-0.0094f,0.0835f,0f,0f,1.1179f,0.126f,1.0625f,-0.0841f,0.1256f,-1.1148f,0.0268f,0f,0f,0f,1f],start_interpolation: 0,interpolation_duration: 1}
$data merge entity $(bone_left4) {transformation: [-0.842f,0.4949f,0.2148f,0.3448f,0.0773f,0.5047f,-0.8598f,1.265f,-0.534f,-0.7074f,-0.4632f,0.3731f,0f,0f,0f,1f],start_interpolation: 0,interpolation_duration: 1}
$data merge entity $(bone_left3) {transformation: [-0.9502f,-0.0655f,0.3047f,0.1195f,-0.2947f,0.5066f,-0.8102f,0.6187f,-0.1013f,-0.8597f,-0.5007f,1.2817f,0f,0f,0f,1f],start_interpolation: 0,interpolation_duration: 1}
$data merge entity $(bone_scythe) {transformation: [0.3839f,-0.3687f,-1.6233f,-0.2909f,0.8958f,1.4499f,-0.1175f,1.8134f,1.403f,-0.8248f,0.5192f,0.6122f,0f,0f,0f,1f],start_interpolation: 0,interpolation_duration: 1}
$data merge entity $(bone_right2) {transformation: [-0.9422f,-0.2042f,0.2655f,-0.3432f,-0.0679f,-0.6598f,-0.7484f,1.598f,0.328f,-0.7232f,0.6078f,0.3698f,0f,0f,0f,1f],start_interpolation: 0,interpolation_duration: 1}
$data merge entity $(bone_right1) {transformation: [-0.9453f,0.0981f,0.311f,-0.152f,-0.3183f,-0.485f,-0.8145f,2.2128f,0.0709f,-0.869f,0.4897f,1.2709f,0f,0f,0f,1f],start_interpolation: 0,interpolation_duration: 1}
$data merge entity $(bone_left_leg) {transformation: [-1f,0f,0f,0.125f,0f,0.9888f,0.149f,0.75f,0f,0.149f,-0.9888f,-0.0062f,0f,0f,0f,1f],start_interpolation: 0,interpolation_duration: 1}
$data merge entity $(bone_right_leg) {transformation: [-1f,0f,0f,-0.125f,0f,0.9888f,0.149f,0.75f,0f,0.149f,-0.9888f,-0.0063f,0f,0f,0f,1f],start_interpolation: 0,interpolation_duration: 1}