# This file was generated by Animated Java via MC-Build. It is not recommended to edit this file directly.
$data merge entity $(bone_hair_side) {transformation: [-0.9998f,0.0163f,0.0063f,-0.2969f,0.0157f,0.996f,-0.0883f,1.8346f,-0.0077f,-0.0882f,-0.9961f,0.4297f,0f,0f,0f,1f],start_interpolation: 0,interpolation_duration: 1}
$data merge entity $(bone_hair_side1) {transformation: [-0.9998f,-0.0165f,-0.0058f,0.2969f,-0.016f,0.9974f,-0.0709f,1.8346f,0.007f,-0.0708f,-0.9975f,0.4297f,0f,0f,0f,1f],start_interpolation: 0,interpolation_duration: 1}
$data merge entity $(bone_beard) {transformation: [-1f,0f,0f,0f,0f,0.9986f,-0.0536f,1.5187f,0f,-0.0536f,-0.9986f,0.3874f,0f,0f,0f,1f],start_interpolation: 0,interpolation_duration: 1}
$data merge entity $(bone_head) {transformation: [-1f,0f,0f,0f,0f,0.9459f,0.3244f,1.6987f,0f,0.3244f,-0.9459f,0.1518f,0f,0f,0f,1f],start_interpolation: 0,interpolation_duration: 1}
$data merge entity $(bone_body) {transformation: [-1.1232f,-0.0121f,0.0619f,0f,0f,1.1041f,0.216f,1.0625f,-0.0631f,0.2157f,-1.1023f,0.0357f,0f,0f,0f,1f],start_interpolation: 0,interpolation_duration: 1}
$data merge entity $(bone_left4) {transformation: [-0.9432f,0.2155f,0.2527f,0.3914f,-0.0539f,0.6513f,-0.7569f,1.226f,-0.3277f,-0.7275f,-0.6027f,0.3923f,0f,0f,0f,1f],start_interpolation: 0,interpolation_duration: 1}
$data merge entity $(bone_left3) {transformation: [-0.9211f,-0.199f,0.3345f,0.3212f,-0.3836f,0.6098f,-0.6935f,0.4392f,-0.066f,-0.7672f,-0.638f,1.2108f,0f,0f,0f,1f],start_interpolation: 0,interpolation_duration: 1}
$data merge entity $(bone_scythe) {transformation: [0.5144f,-0.1944f,-1.6174f,-0.2214f,0.0634f,1.6972f,-0.1838f,1.5823f,1.6278f,-0.0047f,0.5182f,0.761f,0f,0f,0f,1f],start_interpolation: 0,interpolation_duration: 1}
$data merge entity $(bone_right2) {transformation: [-0.9321f,-0.3029f,0.1989f,-0.3062f,-0.1034f,-0.3037f,-0.9471f,1.4843f,0.3473f,-0.9033f,0.2518f,0.4592f,0f,0f,0f,1f],start_interpolation: 0,interpolation_duration: 1}
$data merge entity $(bone_right1) {transformation: [-0.9648f,-0.0203f,0.2622f,0.0169f,-0.2546f,-0.1784f,-0.9505f,1.7534f,0.066f,-0.9838f,0.1669f,1.4838f,0f,0f,0f,1f],start_interpolation: 0,interpolation_duration: 1}
$data merge entity $(bone_left_leg) {transformation: [-1f,0f,0f,0.125f,0f,0.9937f,0.112f,0.75f,0f,0.112f,-0.9937f,-0.0062f,0f,0f,0f,1f],start_interpolation: 0,interpolation_duration: 1}
$data merge entity $(bone_right_leg) {transformation: [-1f,0f,0f,-0.125f,0f,0.9937f,0.112f,0.75f,0f,0.112f,-0.9937f,-0.0063f,0f,0f,0f,1f],start_interpolation: 0,interpolation_duration: 1}