# This file was generated by Animated Java via MC-Build. It is not recommended to edit this file directly.
$data merge entity $(bone_hair_side) {transformation: [-0.9995f,0.0323f,0.005f,-0.2969f,0.0314f,0.9909f,-0.1305f,1.7741f,-0.0092f,-0.1303f,-0.9914f,0.5158f,0f,0f,0f,1f],start_interpolation: 0,interpolation_duration: 1}
$data merge entity $(bone_hair_side1) {transformation: [-0.9995f,-0.0324f,-0.0046f,0.2969f,-0.0318f,0.9947f,-0.098f,1.7741f,0.0078f,-0.0978f,-0.9952f,0.5158f,0f,0f,0f,1f],start_interpolation: 0,interpolation_duration: 1}
$data merge entity $(bone_beard) {transformation: [-1f,0f,0f,0f,0f,0.9979f,-0.0654f,1.47f,0f,-0.0654f,-0.9979f,0.4202f,0f,0f,0f,1f],start_interpolation: 0,interpolation_duration: 1}
$data merge entity $(bone_head) {transformation: [-1f,0f,0f,0f,0f,0.8767f,0.481f,1.6875f,0f,0.481f,-0.8767f,0.2188f,0f,0f,0f,1f],start_interpolation: 0,interpolation_duration: 1}
$data merge entity $(bone_body) {transformation: [-1.1247f,-0.0082f,0.0231f,0f,0f,1.0599f,0.3771f,1.0625f,-0.0245f,0.377f,-1.0597f,0.0521f,0f,0f,0f,1f],start_interpolation: 0,interpolation_duration: 1}
$data merge entity $(bone_left4) {transformation: [-0.9135f,-0.3405f,0.2227f,0.4793f,-0.4062f,0.7317f,-0.5474f,1.1796f,0.0235f,-0.5905f,-0.8067f,0.4119f,0f,0f,0f,1f],start_interpolation: 0,interpolation_duration: 1}
$data merge entity $(bone_left3) {transformation: [-0.8437f,-0.4508f,0.2914f,0.7087f,-0.5368f,0.7097f,-0.4563f,0.2356f,-0.0011f,-0.5414f,-0.8408f,1.0037f,0f,0f,0f,1f],start_interpolation: 0,interpolation_duration: 1}
$data merge entity $(bone_scythe) {transformation: [0.4954f,0.3055f,-2.3026f,-0.1824f,-1.8894f,1.4225f,-0.2177f,1.1118f,1.3511f,1.8772f,0.5398f,0.8065f,0f,0f,0f,1f],start_interpolation: 0,interpolation_duration: 1}
$data merge entity $(bone_right2) {transformation: [-0.9417f,-0.3354f,-0.0251f,-0.2778f,-0.1342f,0.443f,-0.8864f,1.2592f,0.3084f,-0.8314f,-0.4623f,0.5289f,0f,0f,0f,1f],start_interpolation: 0,interpolation_duration: 1}
$data merge entity $(bone_right1) {transformation: [-0.9892f,-0.1112f,0.0955f,0.1495f,-0.135f,0.4371f,-0.8892f,0.8369f,0.0571f,-0.8925f,-0.4474f,1.4593f,0f,0f,0f,1f],start_interpolation: 0,interpolation_duration: 1}
$data merge entity $(bone_left_leg) {transformation: [-1f,0f,0f,0.125f,0f,0.999f,0.0436f,0.75f,0f,0.0436f,-0.999f,-0.0062f,0f,0f,0f,1f],start_interpolation: 0,interpolation_duration: 1}
$data merge entity $(bone_right_leg) {transformation: [-1f,0f,0f,-0.125f,0f,0.999f,0.0436f,0.75f,0f,0.0436f,-0.999f,-0.0063f,0f,0f,0f,1f],start_interpolation: 0,interpolation_duration: 1}
execute on vehicle unless entity @s[tag=aj.transforms_only] positioned ^0.1044627613 ^1.2604098992 ^2.0902821827 rotated ~256.8072488517 ~-5.2595037319 run function animated_java:lich/animations/slam/zzz/frames/26_locator_commands
execute on vehicle unless entity @s[tag=aj.transforms_only] positioned ^-0.1595405779 ^1.2458415785 ^0.9581812592 rotated ~256.8072488517 ~-5.2595037319 run function animated_java:lich/animations/slam/zzz/frames/26_locator_commands
data modify entity @s data merge value {"cameras":{},"locators":{"scythe_blade":{"posx":0.10446276129328541,"posy":1.2604098991589896,"posz":2.0902821826866917,"roty":256.8072488517175,"rotx":-5.259503731852667},"scythe_pole":{"posx":-0.1595405778986607,"posy":1.2458415784829322,"posz":0.9581812592137966,"roty":256.8072488517175,"rotx":-5.259503731852667}}}