# This file was generated by Animated Java via MC-Build. It is not recommended to edit this file directly.
$data merge entity $(bone_hair_side) {transformation: [-0.9997f,0.0254f,0.0063f,-0.2969f,0.0249f,0.997f,-0.0735f,1.7864f,-0.0082f,-0.0733f,-0.9973f,0.4992f,0f,0f,0f,1f],start_interpolation: 0,interpolation_duration: 1}
$data merge entity $(bone_hair_side1) {transformation: [-0.9997f,-0.0255f,-0.0059f,0.2969f,-0.0252f,0.9986f,-0.0473f,1.7864f,0.0071f,-0.0472f,-0.9989f,0.4992f,0f,0f,0f,1f],start_interpolation: 0,interpolation_duration: 1}
$data merge entity $(bone_beard) {transformation: [-1f,0f,0f,0f,0f,0.9998f,-0.0212f,1.4793f,0f,-0.0212f,-0.9998f,0.4142f,0f,0f,0f,1f],start_interpolation: 0,interpolation_duration: 1}
$data merge entity $(bone_head) {transformation: [-1f,0f,0f,0f,0f,0.8927f,0.4507f,1.6897f,0f,0.4507f,-0.8927f,0.2054f,0f,0f,0f,1f],start_interpolation: 0,interpolation_duration: 1}
$data merge entity $(bone_body) {transformation: [-1.1242f,-0.0114f,0.0405f,0f,0f,1.083f,0.3047f,1.0625f,-0.0421f,0.3045f,-1.0822f,0.0446f,0f,0f,0f,1f],start_interpolation: 0,interpolation_duration: 1}
$data merge entity $(bone_left4) {transformation: [-0.9637f,-0.0895f,0.2516f,0.4398f,-0.2356f,0.7289f,-0.6429f,1.1966f,-0.1259f,-0.6788f,-0.7235f,0.4052f,0f,0f,0f,1f],start_interpolation: 0,interpolation_duration: 1}
$data merge entity $(bone_left3) {transformation: [-0.8827f,-0.338f,0.3266f,0.5336f,-0.469f,0.6787f,-0.5652f,0.3078f,-0.0306f,-0.6521f,-0.7575f,1.1089f,0f,0f,0f,1f],start_interpolation: 0,interpolation_duration: 1}
$data merge entity $(bone_scythe) {transformation: [0.496f,0.0463f,-1.6341f,-0.1836f,-0.7939f,1.4996f,-0.1985f,1.3227f,1.429f,0.817f,0.4569f,0.8231f,0f,0f,0f,1f],start_interpolation: 0,interpolation_duration: 1}
$data merge entity $(bone_right2) {transformation: [-0.9334f,-0.3491f,0.0832f,-0.2836f,-0.1284f,0.1084f,-0.9858f,1.3602f,0.3351f,-0.9308f,-0.146f,0.5124f,0f,0f,0f,1f],start_interpolation: 0,interpolation_duration: 1}
$data merge entity $(bone_right1) {transformation: [-0.9799f,-0.0926f,0.1765f,0.121f,-0.1897f,0.1615f,-0.9685f,1.2479f,0.0612f,-0.9825f,-0.1758f,1.5372f,0f,0f,0f,1f],start_interpolation: 0,interpolation_duration: 1}
$data merge entity $(bone_left_leg) {transformation: [-1f,0f,0f,0.125f,0f,0.9972f,0.0747f,0.75f,0f,0.0747f,-0.9972f,-0.0062f,0f,0f,0f,1f],start_interpolation: 0,interpolation_duration: 1}
$data merge entity $(bone_right_leg) {transformation: [-1f,0f,0f,-0.125f,0f,0.9972f,0.0747f,0.75f,0f,0.0747f,-0.9972f,-0.0063f,0f,0f,0f,1f],start_interpolation: 0,interpolation_duration: 1}