# This file was generated by Animated Java via MC-Build. It is not recommended to edit this file directly.
$data merge entity $(bone_hair_side) {transformation: [-0.9994f,0.0346f,0.0043f,-0.2969f,0.0343f,0.9977f,-0.0586f,1.7364f,-0.0063f,-0.0584f,-0.9983f,0.5632f,0f,0f,0f,1f],start_interpolation: 0,interpolation_duration: 1}
$data merge entity $(bone_hair_side1) {transformation: [-0.9994f,-0.0347f,-0.004f,0.2969f,-0.0346f,0.9991f,-0.0237f,1.7364f,0.0048f,-0.0235f,-0.9997f,0.5632f,0f,0f,0f,1f],start_interpolation: 0,interpolation_duration: 1}
$data merge entity $(bone_beard) {transformation: [-1f,0f,0f,0f,0f,0.9999f,0.0112f,1.4438f,0f,0.0112f,-0.9999f,0.437f,0f,0f,0f,1f],start_interpolation: 0,interpolation_duration: 1}
$data merge entity $(bone_head) {transformation: [-1f,0f,0f,0f,0f,0.8227f,0.5685f,1.6808f,0f,0.5685f,-0.8227f,0.2589f,0f,0f,0f,1f],start_interpolation: 0,interpolation_duration: 1}
$data merge entity $(bone_body) {transformation: [-1.1248f,-0.0073f,0.0197f,0f,0f,1.0547f,0.3914f,1.0625f,-0.021f,0.3913f,-1.0546f,0.0536f,0f,0f,0f,1f],start_interpolation: 0,interpolation_duration: 1}
$data merge entity $(bone_left4) {transformation: [-0.8962f,-0.3886f,0.2141f,0.487f,-0.4408f,0.7253f,-0.5288f,1.177f,0.0502f,-0.5683f,-0.8213f,0.4128f,0f,0f,0f,1f],start_interpolation: 0,interpolation_duration: 1}
$data merge entity $(bone_left3) {transformation: [-0.8352f,-0.4725f,0.2814f,0.7427f,-0.5499f,0.7131f,-0.4348f,0.2252f,0.0048f,-0.5179f,-0.8554f,0.9807f,0f,0f,0f,1f],start_interpolation: 0,interpolation_duration: 1}
$data merge entity $(bone_scythe) {transformation: [0.3169f,0.2458f,-1.6606f,-0.1855f,-1.4443f,0.9012f,-0.1422f,1.0723f,0.8555f,1.4303f,0.375f,0.7962f,0f,0f,0f,1f],start_interpolation: 0,interpolation_duration: 1}
$data merge entity $(bone_right2) {transformation: [-0.9439f,-0.3269f,-0.0459f,-0.278f,-0.1334f,0.5049f,-0.8528f,1.2401f,0.302f,-0.7989f,-0.5202f,0.5293f,0f,0f,0f,1f],start_interpolation: 0,interpolation_duration: 1}
$data merge entity $(bone_right1) {transformation: [-0.9907f,-0.1103f,0.0797f,0.1488f,-0.1239f,0.4889f,-0.8635f,0.7594f,0.0563f,-0.8653f,-0.498f,1.4312f,0f,0f,0f,1f],start_interpolation: 0,interpolation_duration: 1}
$data merge entity $(bone_left_leg) {transformation: [-1f,0f,0f,0.125f,0f,0.9993f,0.0374f,0.75f,0f,0.0374f,-0.9993f,-0.0062f,0f,0f,0f,1f],start_interpolation: 0,interpolation_duration: 1}
$data merge entity $(bone_right_leg) {transformation: [-1f,0f,0f,-0.125f,0f,0.9993f,0.0374f,0.75f,0f,0.0374f,-0.9993f,-0.0063f,0f,0f,0f,1f],start_interpolation: 0,interpolation_duration: 1}