# This file was generated by Animated Java via MC-Build. It is not recommended to edit this file directly.
$data merge entity $(bone_hair_side) {transformation: [-1f,0f,0f,-0.2969f,0f,0.9914f,-0.1305f,1.9434f,0f,-0.1305f,-0.9914f,0.2013f,0f,0f,0f,1f],start_interpolation: 0,interpolation_duration: 1}
$data merge entity $(bone_hair_side1) {transformation: [-1f,0f,0f,0.2969f,0f,0.9914f,-0.1305f,1.9434f,0f,-0.1305f,-0.9914f,0.2013f,0f,0f,0f,1f],start_interpolation: 0,interpolation_duration: 1}
$data merge entity $(bone_beard) {transformation: [-1f,0f,0f,0f,0f,0.9914f,-0.1305f,1.6284f,0f,-0.1305f,-0.9914f,0.2501f,0f,0f,0f,1f],start_interpolation: 0,interpolation_duration: 1}
$data merge entity $(bone_head) {transformation: [-1f,0f,0f,0f,0f,0.999f,0.0436f,1.7344f,0f,0.0436f,-0.999f,-0.0268f,0f,0f,0f,1f],start_interpolation: 0,interpolation_duration: 1}
$data merge entity $(bone_body) {transformation: [-1.1232f,0.0035f,0.063f,0f,0f,1.1232f,-0.0631f,1.0625f,-0.0631f,-0.063f,-1.1215f,0f,0f,0f,0f,1f],start_interpolation: 0,interpolation_duration: 1}
$data merge entity $(bone_left4) {transformation: [-0.9432f,0.2961f,0.151f,0.3133f,0.1509f,0.7863f,-0.5992f,1.2148f,-0.2961f,-0.5424f,-0.7862f,0.1699f,0f,0f,0f,1f],start_interpolation: 0,interpolation_duration: 1}
$data merge entity $(bone_left3) {transformation: [-0.9872f,-0.0505f,0.151f,0.06f,-0.132f,0.7896f,-0.5992f,0.3099f,-0.0889f,-0.6115f,-0.7862f,0.8109f,0f,0f,0f,1f],start_interpolation: 0,interpolation_duration: 1}
$data merge entity $(bone_scythe) {transformation: [-0.6582f,-1.354f,-1.8369f,-0.4085f,-0.2369f,1.942f,-1.3466f,1.3231f,2.2696f,-0.19f,-0.6733f,0.5847f,0f,0f,0f,1f],start_interpolation: 0,interpolation_duration: 1}
$data merge entity $(bone_right2) {transformation: [-0.7593f,0.2463f,0.6023f,-0.3159f,-0.5748f,0.1798f,-0.7983f,1.3911f,-0.3049f,-0.9524f,0.005f,0.277f,0f,0f,0f,1f],start_interpolation: 0,interpolation_duration: 1}
$data merge entity $(bone_right1) {transformation: [-0.9796f,0.0108f,-0.2005f,-0.0212f,0.1974f,0.2342f,-0.9519f,1.0805f,0.0367f,-0.9721f,-0.2316f,1.2984f,0f,0f,0f,1f],start_interpolation: 0,interpolation_duration: 1}
$data merge entity $(bone_left_leg) {transformation: [-1f,0f,0f,0.125f,0f,0.9937f,0.112f,0.75f,0f,0.112f,-0.9937f,-0.0062f,0f,0f,0f,1f],start_interpolation: 0,interpolation_duration: 1}
$data merge entity $(bone_right_leg) {transformation: [-1f,0f,0f,-0.125f,0f,0.9937f,0.112f,0.75f,0f,0.112f,-0.9937f,-0.0063f,0f,0f,0f,1f],start_interpolation: 0,interpolation_duration: 1}
data modify entity @s data merge value {"cameras":{},"locators":{"scythe_blade":{"posx":-1.2450397922839622,"posy":2.18872552980378,"posz":1.1355575528739403,"roty":290.1293708454755,"rotx":-34.5405216964466},"scythe_pole":{"posx":-0.5200233584947941,"posy":1.4907407416865561,"posz":0.5535516196631265,"roty":290.1293708454755,"rotx":-34.5405216964466}}}