# This file was generated by Animated Java via MC-Build. It is not recommended to edit this file directly.
$data merge entity $(bone_hair_side) {transformation: [-0.9992f,0.0392f,0.0024f,-0.2969f,0.0391f,0.9985f,-0.0393f,1.7091f,-0.0039f,-0.0391f,-0.9992f,0.5891f,0f,0f,0f,1f],start_interpolation: -1,interpolation_duration: 0}
$data merge entity $(bone_hair_side1) {transformation: [-0.9992f,-0.0392f,-0.0022f,0.2969f,-0.0392f,0.9992f,0f,1.7091f,0.0022f,0.0001f,-1f,0.5891f,0f,0f,0f,1f],start_interpolation: -1,interpolation_duration: 0}
$data merge entity $(bone_beard) {transformation: [-1f,0f,0f,0f,0f,0.9992f,0.0393f,1.4276f,0f,0.0393f,-0.9992f,0.4397f,0f,0f,0f,1f],start_interpolation: -1,interpolation_duration: 0}
$data merge entity $(bone_head) {transformation: [-1f,0f,0f,0f,0f,0.7744f,0.6327f,1.6781f,0f,0.6327f,-0.7744f,0.2813f,0f,0f,0f,1f],start_interpolation: -1,interpolation_duration: 0}
$data merge entity $(bone_body) {transformation: [-1.125f,0f,0f,0f,0f,1.0394f,0.4305f,1.0625f,0f,0.4305f,-1.0394f,0.0563f,0f,0f,0f,1f],start_interpolation: -1,interpolation_duration: 0}
$data merge entity $(bone_left4) {transformation: [-0.7761f,-0.6203f,0.1136f,0.516f,-0.6091f,0.6907f,-0.3897f,1.1622f,0.1633f,-0.3716f,-0.9139f,0.375f,0f,0f,0f,1f],start_interpolation: -1,interpolation_duration: 0}
$data merge entity $(bone_left3) {transformation: [-0.8073f,-0.5653f,0.1691f,0.882f,-0.589f,0.7544f,-0.2897f,0.153f,0.0362f,-0.3335f,-0.9421f,0.7511f,0f,0f,0f,1f],start_interpolation: -1,interpolation_duration: 0}
$data merge entity $(bone_aura) {transformation: [-0.0545f,-0.0081f,-2.3744f,-0.3276f,-2.3743f,0.0168f,0.0544f,-0.4615f,0.0166f,2.3749f,-0.0085f,1.6365f,0f,0f,0f,1f],start_interpolation: -1,interpolation_duration: 0}
$data merge entity $(bone_scythe) {transformation: [-0.0392f,-0.0058f,-1.7079f,-0.2941f,-1.7078f,0.0121f,0.0391f,0.8435f,0.012f,1.7083f,-0.0061f,0.6274f,0f,0f,0f,1f],start_interpolation: -1,interpolation_duration: 0}
$data merge entity $(bone_right2) {transformation: [-0.9954f,-0.0946f,-0.0141f,-0.3096f,-0.0754f,0.867f,-0.4926f,1.1292f,0.0588f,-0.4892f,-0.8702f,0.4659f,0f,0f,0f,1f],start_interpolation: -1,interpolation_duration: 0}
$data merge entity $(bone_right1) {transformation: [-0.9987f,-0.0094f,-0.0505f,0.0125f,0.0222f,0.8066f,-0.5906f,0.2652f,0.0463f,-0.591f,-0.8053f,1.0794f,0f,0f,0f,1f],start_interpolation: -1,interpolation_duration: 0}
data modify entity @s data merge value {"cameras":{},"locators":{"scythe_blade":{"posx":-0.31336052200748266,"posy":0.17990750449428994,"posz":1.7726780492034706,"roty":270.2045848953534,"rotx":1.312293296169189},"scythe_pole":{"posx":-0.29440319242128316,"posy":0.8605752001750737,"posz":0.8303964523803282,"roty":270.2045848953534,"rotx":1.312293296169189}}}
execute on vehicle unless entity @s[tag=aj.transforms_only] at @s run function animated_java:lich/animations/slam/zzz/frames/35_root_commands