# This file was generated by Animated Java via MC-Build. It is not recommended to edit this file directly.
$data merge entity $(bone_hair_side) {transformation: [-0.9994f,0.0346f,0.0043f,-0.2969f,0.0345f,0.9988f,-0.0349f,-0.7047f,-0.0055f,-0.0347f,-0.9994f,0.5556f,0f,0f,0f,1f],start_interpolation: 0,interpolation_duration: 1}
$data merge entity $(bone_hair_side1) {transformation: [-0.9994f,-0.0347f,-0.004f,0.2969f,-0.0347f,0.9994f,0f,-0.7047f,0.0039f,0.0001f,-1f,0.5556f,0f,0f,0f,1f],start_interpolation: 0,interpolation_duration: 1}
$data merge entity $(bone_beard) {transformation: [-1f,0f,0f,0f,0f,0.9994f,0.0349f,-0.9943f,0f,0.0349f,-0.9994f,0.4224f,0f,0f,0f,1f],start_interpolation: 0,interpolation_duration: 1}
$data merge entity $(bone_head) {transformation: [-1f,0f,0f,0f,0f,0.809f,0.5878f,-0.7531f,0f,0.5878f,-0.809f,0.25f,0f,0f,0f,1f],start_interpolation: 0,interpolation_duration: 1}
$data merge entity $(bone_body) {transformation: [-1.125f,0f,0f,0f,0f,1.0572f,0.3848f,-1.375f,0f,0.3848f,-1.0572f,0.05f,0f,0f,0f,1f],start_interpolation: 0,interpolation_duration: 1}
$data merge entity $(bone_left4) {transformation: [-0.8054f,-0.5867f,0.0849f,0.5008f,-0.575f,0.7383f,-0.3524f,-1.2787f,0.144f,-0.3326f,-0.932f,0.3337f,0f,0f,0f,1f],start_interpolation: 0,interpolation_duration: 1}
$data merge entity $(bone_left3) {transformation: [-0.8336f,-0.5347f,0.1387f,0.8252f,-0.5515f,0.7909f,-0.2654f,-2.3161f,0.0322f,-0.2977f,-0.9541f,0.6694f,0f,0f,0f,1f],start_interpolation: 0,interpolation_duration: 1}
$data merge entity $(bone_aura) {transformation: [-0.2071f,-0.4648f,-2.3198f,-0.6785f,-2.3659f,0.0548f,0.2003f,-2.891f,0.0144f,2.3284f,-0.4678f,1.5492f,0f,0f,0f,1f],start_interpolation: 0,interpolation_duration: 1}
$data merge entity $(bone_scythe) {transformation: [-0.149f,-0.3343f,-1.6687f,-0.3683f,-1.7018f,0.0394f,0.1441f,-1.6066f,0.0103f,1.6748f,-0.3365f,0.5609f,0f,0f,0f,1f],start_interpolation: 0,interpolation_duration: 1}
$data merge entity $(bone_right2) {transformation: [-0.9891f,0.0617f,0.1335f,-0.3326f,-0.0052f,0.8926f,-0.4509f,-1.3136f,-0.147f,-0.4467f,-0.8825f,0.4166f,0f,0f,0f,1f],start_interpolation: 0,interpolation_duration: 1}
$data merge entity $(bone_right1) {transformation: [-0.9939f,0.0645f,-0.089f,-0.0905f,0.1019f,0.8436f,-0.5272f,-2.2418f,0.0411f,-0.533f,-0.8451f,0.9701f,0f,0f,0f,1f],start_interpolation: 0,interpolation_duration: 1}
data modify entity @s data merge value {"cameras":{},"locators":{"scythe_blade":{"posx":-0.6501798953997238,"posy":-2.249554298685662,"posz":1.6831729045128774,"roty":281.401425419065,"rotx":4.837146591902052},"scythe_pole":{"posx":-0.4067363464666091,"posy":-1.5863289383397337,"posz":0.7599016226694186,"roty":281.401425419065,"rotx":4.837146591902052}}}
execute on vehicle unless entity @s[tag=aj.transforms_only] at @s run function animated_java:lich/animations/slam/zzz/frames/36_root_commands