# This file was generated by Animated Java via MC-Build. It is not recommended to edit this file directly.
$data merge entity $(bone_hair_side) {transformation: [-0.9997f,0.0254f,0.0063f,-0.2969f,0.0252f,0.9993f,-0.0261f,1.7795f,-0.007f,-0.026f,-0.9996f,0.4856f,0f,0f,0f,1f],start_interpolation: 0,interpolation_duration: 1}
$data merge entity $(bone_hair_side1) {transformation: [-0.9997f,-0.0255f,-0.0059f,0.2969f,-0.0255f,0.9997f,0f,1.7795f,0.0059f,0.0002f,-1f,0.4856f,0f,0f,0f,1f],start_interpolation: 0,interpolation_duration: 1}
$data merge entity $(bone_beard) {transformation: [-1f,0f,0f,0f,0f,0.9997f,0.0262f,1.4768f,0f,0.0262f,-0.9997f,0.3861f,0f,0f,0f,1f],start_interpolation: 0,interpolation_duration: 1}
$data merge entity $(bone_head) {transformation: [-1f,0f,0f,0f,0f,0.8704f,0.4924f,1.6969f,0f,0.4924f,-0.8704f,0.1875f,0f,0f,0f,1f],start_interpolation: 0,interpolation_duration: 1}
$data merge entity $(bone_body) {transformation: [-1.125f,0f,0f,0f,0f,1.0867f,0.2912f,1.0625f,0f,0.2912f,-1.0867f,0.0375f,0f,0f,0f,1f],start_interpolation: 0,interpolation_duration: 1}
$data merge entity $(bone_left4) {transformation: [-0.86f,-0.5088f,0.0388f,0.4684f,-0.4992f,0.823f,-0.271f,1.1542f,0.106f,-0.2525f,-0.9618f,0.2507f,0f,0f,0f,1f],start_interpolation: 0,interpolation_duration: 1}
$data merge entity $(bone_left3) {transformation: [-0.8807f,-0.4658f,0.0857f,0.7027f,-0.473f,0.8558f,-0.2093f,0.0703f,0.0241f,-0.2248f,-0.9741f,0.5042f,0f,0f,0f,1f],start_interpolation: 0,interpolation_duration: 1}
$data merge entity $(bone_scythe) {transformation: [-0.7135f,-1.2293f,-1.9027f,-0.5225f,-2.2627f,0.4821f,0.537f,0.8462f,0.1083f,1.9741f,-1.316f,0.4219f,0f,0f,0f,1f],start_interpolation: 0,interpolation_duration: 1}
$data merge entity $(bone_right2) {transformation: [-0.835f,0.3867f,0.3915f,-0.3826f,0.1632f,0.8534f,-0.495f,1.1236f,-0.5255f,-0.3495f,-0.7757f,0.3154f,0f,0f,0f,1f],start_interpolation: 0,interpolation_duration: 1}
$data merge entity $(bone_right1) {transformation: [-0.9654f,0.2242f,-0.1333f,-0.319f,0.259f,0.8844f,-0.3883f,0.1031f,0.0309f,-0.4094f,-0.9118f,0.7408f,0f,0f,0f,1f],start_interpolation: 0,interpolation_duration: 1}
data modify entity @s data merge value {"cameras":{},"locators":{"scythe_blade":{"posx":-1.3147437243968372,"posy":0.4376055347464576,"posz":1.4006096713929683,"roty":304.67033014658654,"rotx":13.068674833101388},"scythe_pole":{"posx":-0.622937257935779,"posy":0.9022777066797003,"posz":0.5900258783194154,"roty":304.67033014658654,"rotx":13.068674833101388}}}