# This file was generated by Animated Java via MC-Build. It is not recommended to edit this file directly.
$data merge entity $(bone_hair_side) {transformation: [-0.9998f,0.0208f,0.0066f,-0.2969f,0.0207f,0.9995f,-0.0218f,1.8026f,-0.007f,-0.0216f,-0.9997f,0.4492f,0f,0f,0f,1f],start_interpolation: 0,interpolation_duration: 1}
$data merge entity $(bone_hair_side1) {transformation: [-0.9998f,-0.0209f,-0.0061f,0.2969f,-0.0209f,0.9998f,0.0001f,1.8026f,0.0061f,0.0002f,-1f,0.4492f,0f,0f,0f,1f],start_interpolation: 0,interpolation_duration: 1}
$data merge entity $(bone_beard) {transformation: [-1f,0f,0f,0f,0f,0.9998f,0.0218f,1.4946f,0f,0.0218f,-0.9998f,0.367f,0f,0f,0f,1f],start_interpolation: 0,interpolation_duration: 1}
$data merge entity $(bone_head) {transformation: [-1f,0f,0f,0f,0f,0.8969f,0.4423f,1.7031f,0f,0.4423f,-0.8969f,0.1563f,0f,0f,0f,1f],start_interpolation: 0,interpolation_duration: 1}
$data merge entity $(bone_body) {transformation: [-1.125f,0f,0f,0f,0f,1.0983f,0.2435f,1.0625f,0f,0.2435f,-1.0983f,0.0313f,0f,0f,0f,1f],start_interpolation: 0,interpolation_duration: 1}
$data merge entity $(bone_left4) {transformation: [-0.8849f,-0.4652f,0.0217f,0.4513f,-0.4575f,0.8596f,-0.2277f,1.1531f,0.0873f,-0.2114f,-0.9735f,0.2091f,0f,0f,0f,1f],start_interpolation: 0,interpolation_duration: 1}
$data merge entity $(bone_left3) {transformation: [-0.9015f,-0.4281f,0.0634f,0.6378f,-0.4323f,0.884f,-0.178f,0.0511f,0.0201f,-0.1879f,-0.982f,0.4208f,0f,0f,0f,1f],start_interpolation: 0,interpolation_duration: 1}
$data merge entity $(bone_aura) {transformation: [-1.0559f,-1.4401f,-1.5658f,-1.7874f,-2.1212f,0.846f,0.6524f,0.0586f,0.1622f,1.6885f,-1.6623f,1.1505f,0f,0f,0f,1f],start_interpolation: 0,interpolation_duration: 1}
$data merge entity $(bone_scythe) {transformation: [-0.7595f,-1.0358f,-1.1263f,-0.5975f,-1.5257f,0.6085f,0.4693f,0.8746f,0.1167f,1.2146f,-1.1957f,0.35f,0f,0f,0f,1f],start_interpolation: 0,interpolation_duration: 1}
$data merge entity $(bone_right2) {transformation: [-0.6971f,0.5436f,0.4675f,-0.4083f,0.2271f,0.7859f,-0.5751f,1.1289f,-0.6801f,-0.2947f,-0.6713f,0.2639f,0f,0f,0f,1f],start_interpolation: 0,interpolation_duration: 1}
$data merge entity $(bone_right1) {transformation: [-0.9418f,0.3065f,-0.1383f,-0.4397f,0.3353f,0.8874f,-0.3164f,0.0813f,0.0257f,-0.3444f,-0.9385f,0.6217f,0f,0f,0f,1f],start_interpolation: 0,interpolation_duration: 1}
data modify entity @s data merge value {"cameras":{},"locators":{"scythe_blade":{"posx":-1.5878764200209998,"posy":0.6808547782690832,"posz":1.2067793890300131,"roty":316.71136019613976,"rotx":15.943785329576453},"scythe_pole":{"posx":-0.7137626656249108,"posy":0.9609286582737756,"posz":0.4933046059334474,"roty":316.71136019613976,"rotx":15.943785329576453}}}
execute on vehicle unless entity @s[tag=aj.transforms_only] at @s run function animated_java:lich/animations/slam/zzz/frames/39_root_commands