# This file was generated by Animated Java via MC-Build. It is not recommended to edit this file directly.
$data merge entity $(bone_hair_side) {transformation: [-0.9998f,0.0163f,0.0063f,-0.2969f,0.0162f,0.9997f,-0.0174f,1.8253f,-0.0065f,-0.0173f,-0.9998f,0.4118f,0f,0f,0f,1f],start_interpolation: 0,interpolation_duration: 1}
$data merge entity $(bone_hair_side1) {transformation: [-0.9998f,-0.0165f,-0.0058f,0.2969f,-0.0165f,0.9999f,0.0001f,1.8253f,0.0058f,0.0002f,-1f,0.4118f,0f,0f,0f,1f],start_interpolation: 0,interpolation_duration: 1}
$data merge entity $(bone_beard) {transformation: [-1f,0f,0f,0f,0f,0.9998f,0.0175f,1.5132f,0f,0.0175f,-0.9998f,0.3473f,0f,0f,0f,1f],start_interpolation: 0,interpolation_duration: 1}
$data merge entity $(bone_head) {transformation: [-1f,0f,0f,0f,0f,0.9205f,0.3907f,1.7094f,0f,0.3907f,-0.9205f,0.125f,0f,0f,0f,1f],start_interpolation: 0,interpolation_duration: 1}
$data merge entity $(bone_body) {transformation: [-1.125f,0f,0f,0f,0f,1.1079f,0.1954f,1.0625f,0f,0.1954f,-1.1079f,0.025f,0f,0f,0f,1f],start_interpolation: 0,interpolation_duration: 1}
$data merge entity $(bone_left4) {transformation: [-0.9079f,-0.4191f,0.0088f,0.4337f,-0.4135f,0.8919f,-0.1831f,1.1529f,0.0689f,-0.1698f,-0.9831f,0.1674f,0f,0f,0f,1f],start_interpolation: 0,interpolation_duration: 1}
$data merge entity $(bone_left3) {transformation: [-0.9204f,-0.3884f,0.0442f,0.5709f,-0.3906f,0.9091f,-0.1449f,0.0365f,0.0161f,-0.1506f,-0.9885f,0.3371f,0f,0f,0f,1f],start_interpolation: 0,interpolation_duration: 1}
$data merge entity $(bone_scythe) {transformation: [-1.0262f,-1.0683f,-0.8509f,-0.6678f,-1.3584f,0.9085f,0.4976f,0.9166f,0.1414f,0.9756f,-1.3953f,0.2768f,0f,0f,0f,1f],start_interpolation: 0,interpolation_duration: 1}
$data merge entity $(bone_right2) {transformation: [-0.5352f,0.6874f,0.4909f,-0.4338f,0.2587f,0.6866f,-0.6795f,1.1379f,-0.8041f,-0.2367f,-0.5453f,0.2118f,0f,0f,0f,1f],start_interpolation: 0,interpolation_duration: 1}
$data merge entity $(bone_right1) {transformation: [-0.9121f,0.3883f,-0.1318f,-0.5613f,0.4095f,0.8787f,-0.2452f,0.0763f,0.0206f,-0.2776f,-0.9605f,0.5003f,0f,0f,0f,1f],start_interpolation: 0,interpolation_duration: 1}