# This file was generated by Animated Java via MC-Build. It is not recommended to edit this file directly.
$data merge entity $(bone_hair_side) {transformation: [-1f,0.0077f,0.0041f,-0.2969f,0.0077f,0.9999f,-0.0087f,1.8695f,-0.0042f,-0.0086f,-1f,0.3344f,0f,0f,0f,1f],start_interpolation: 0,interpolation_duration: 1}
$data merge entity $(bone_hair_side1) {transformation: [-1f,-0.0078f,-0.0038f,0.2969f,-0.0078f,1f,0.0001f,1.8695f,0.0038f,0.0001f,-1f,0.3344f,0f,0f,0f,1f],start_interpolation: 0,interpolation_duration: 1}
$data merge entity $(bone_beard) {transformation: [-1f,0f,0f,0f,0f,1f,0.0087f,1.5521f,0f,0.0087f,-1f,0.3055f,0f,0f,0f,1f],start_interpolation: 0,interpolation_duration: 1}
$data merge entity $(bone_head) {transformation: [-1f,0f,0f,0f,0f,0.9588f,0.284f,1.7219f,0f,0.284f,-0.9588f,0.0625f,0f,0f,0f,1f],start_interpolation: 0,interpolation_duration: 1}
$data merge entity $(bone_body) {transformation: [-1.125f,0f,0f,0f,0f,1.1207f,0.0981f,1.0625f,0f,0.0981f,-1.1207f,0.0125f,0f,0f,0f,1f],start_interpolation: 0,interpolation_duration: 1}
$data merge entity $(bone_left4) {transformation: [-0.9472f,-0.3206f,-0.0043f,0.3973f,-0.3189f,0.9434f,-0.0916f,1.1552f,0.0334f,-0.0854f,-0.9958f,0.0837f,0f,0f,0f,1f],start_interpolation: 0,interpolation_duration: 1}
$data merge entity $(bone_left3) {transformation: [-0.9524f,-0.3045f,0.0154f,0.4328f,-0.3048f,0.9495f,-0.0744f,0.0215f,0.008f,-0.0755f,-0.9971f,0.1689f,0f,0f,0f,1f],start_interpolation: 0,interpolation_duration: 1}
$data merge entity $(bone_scythe) {transformation: [-1.5054f,-0.7418f,-0.3192f,-0.7833f,-0.7986f,1.4676f,0.356f,1.037f,0.1197f,0.463f,-1.64f,0.1292f,0f,0f,0f,1f],start_interpolation: 0,interpolation_duration: 1}
$data merge entity $(bone_right2) {transformation: [-0.2104f,0.9077f,0.363f,-0.4822f,0.1996f,0.4034f,-0.893f,1.1663f,-0.957f,-0.1154f,-0.2661f,0.1063f,0f,0f,0f,1f],start_interpolation: 0,interpolation_duration: 1}
$data merge entity $(bone_right1) {transformation: [-0.8354f,0.543f,-0.0856f,-0.798f,0.5496f,0.828f,-0.1115f,0.1148f,0.0103f,-0.1402f,-0.9901f,0.2521f,0f,0f,0f,1f],start_interpolation: 0,interpolation_duration: 1}