# This file was generated by Animated Java via MC-Build. It is not recommended to edit this file directly.
$data merge entity $(bone_hair_side) {transformation: [-1f,0f,0f,-0.2969f,0f,0.9537f,-0.3007f,1.9798f,0f,-0.3007f,-0.9537f,0.1258f,0f,0f,0f,1f],start_interpolation: 0,interpolation_duration: 1}
$data merge entity $(bone_hair_side1) {transformation: [-1f,0f,0f,0.2969f,0f,0.9537f,-0.3007f,1.9798f,0f,-0.3007f,-0.9537f,0.1258f,0f,0f,0f,1f],start_interpolation: 0,interpolation_duration: 1}
$data merge entity $(bone_beard) {transformation: [-1f,0f,0f,0f,0f,0.9537f,-0.3007f,1.6781f,0f,-0.3007f,-0.9537f,0.2286f,0f,0f,0f,1f],start_interpolation: 0,interpolation_duration: 1}
$data merge entity $(bone_head) {transformation: [-1f,0f,0f,0f,0f,0.9914f,-0.1305f,1.7344f,0f,-0.1305f,-0.9914f,-0.0625f,0f,0f,0f,1f],start_interpolation: 0,interpolation_duration: 1}
$data merge entity $(bone_body) {transformation: [-1.1154f,0.0192f,0.1456f,0f,0f,1.1154f,-0.1468f,1.0625f,-0.1468f,-0.1456f,-1.1058f,0f,0f,0f,0f,1f],start_interpolation: 0,interpolation_duration: 1}
$data merge entity $(bone_left4) {transformation: [-0.5094f,0.8602f,0.0252f,0.2417f,0.0111f,0.0359f,-0.9993f,1.4282f,-0.8605f,-0.5087f,-0.0278f,0.2709f,0f,0f,0f,1f],start_interpolation: 0,interpolation_duration: 1}
$data merge entity $(bone_left3) {transformation: [-0.9783f,0.2056f,0.0252f,-0.2888f,-0.0189f,0.0324f,-0.9993f,1.3868f,-0.2063f,-0.9781f,-0.0278f,1.2762f,0f,0f,0f,1f],start_interpolation: 0,interpolation_duration: 1}
$data merge entity $(bone_scythe) {transformation: [0.0077f,-0.0143f,-1.7083f,-0.499f,1.6874f,-0.2665f,0.0098f,2.0977f,-0.2666f,-1.6874f,0.0129f,-0.0615f,0f,0f,0f,1f],start_interpolation: 0,interpolation_duration: 1}
$data merge entity $(bone_right2) {transformation: [-0.9981f,0.045f,0.0416f,-0.4686f,-0.0442f,-0.9988f,0.0218f,1.7706f,0.0425f,0.0199f,0.9989f,-0.0556f,0f,0f,0f,1f],start_interpolation: 0,interpolation_duration: 1}
$data merge entity $(bone_right1) {transformation: [-0.8621f,0.4995f,0.0851f,-0.73f,-0.4995f,-0.866f,0.0237f,2.8468f,0.0855f,-0.022f,0.9961f,-0.0589f,0f,0f,0f,1f],start_interpolation: 0,interpolation_duration: 1}
$data merge entity $(bone_left_leg) {transformation: [-1f,0f,0f,0.125f,0f,0.9659f,0.2588f,0.75f,0f,0.2588f,-0.9659f,-0.0062f,0f,0f,0f,1f],start_interpolation: 0,interpolation_duration: 1}
$data merge entity $(bone_right_leg) {transformation: [-1f,0f,0f,-0.125f,0f,0.9659f,0.2588f,0.75f,0f,0.2588f,-0.9659f,-0.0063f,0f,0f,0f,1f],start_interpolation: 0,interpolation_duration: 1}
data modify entity @s data merge value {"cameras":{},"locators":{"hitbox":{"posx":-0.5082835861287301,"posy":1.9660169915596017,"posz":-1.1954199939550705,"roty":269.5681632350345,"rotx":0.3298987453691667},"hitbox2":{"posx":-0.5049001250062575,"posy":2.7068211641074496,"posz":-1.312457296241699,"roty":269.5681632350345,"rotx":0.3298987453691667}}}
execute on vehicle unless entity @s[tag=aj.transforms_only] at @s run function animated_java:lich/animations/slam/zzz/frames/7_root_commands