# This file was generated by Animated Java via MC-Build. It is not recommended to edit this file directly.
$data merge entity $(bone_hair_side) {transformation: [-1f,0f,0f,-0.2969f,0f,0.9521f,-0.3059f,1.9808f,0f,-0.3059f,-0.9521f,0.1245f,0f,0f,0f,1f],start_interpolation: 0,interpolation_duration: 1}
$data merge entity $(bone_hair_side1) {transformation: [-1f,0f,0f,0.2969f,0f,0.9521f,-0.3059f,1.9808f,0f,-0.3059f,-0.9521f,0.1245f,0f,0f,0f,1f],start_interpolation: 0,interpolation_duration: 1}
$data merge entity $(bone_beard) {transformation: [-1f,0f,0f,0f,0f,0.9521f,-0.3059f,1.6797f,0f,-0.3059f,-0.9521f,0.2289f,0f,0f,0f,1f],start_interpolation: 0,interpolation_duration: 1}
$data merge entity $(bone_head) {transformation: [-1f,0f,0f,0f,0f,0.9907f,-0.1359f,1.7344f,0f,-0.1359f,-0.9907f,-0.0625f,0f,0f,0f,1f],start_interpolation: 0,interpolation_duration: 1}
$data merge entity $(bone_left4) {transformation: [-0.4932f,0.8698f,0.0171f,0.2417f,0.0118f,0.0263f,-0.9996f,1.4282f,-0.8698f,-0.4928f,-0.0232f,0.2709f,0f,0f,0f,1f],start_interpolation: 0,interpolation_duration: 1}
$data merge entity $(bone_scythe) {transformation: [0.0089f,-0.0172f,-2.3749f,-0.4993f,2.3373f,-0.4215f,0.0118f,2.0974f,-0.4216f,-2.3372f,0.0153f,-0.0686f,0f,0f,0f,1f],start_interpolation: 0,interpolation_duration: 1}
$data merge entity $(bone_right2) {transformation: [-0.9981f,0.0459f,0.0406f,-0.4686f,-0.0442f,-0.9981f,0.0436f,1.7706f,0.0425f,0.0417f,0.9982f,-0.0556f,0f,0f,0f,1f],start_interpolation: 0,interpolation_duration: 1}
data modify entity @s data merge value {"cameras":{},"locators":{"scythe_blade":{"posx":-0.5050047197521258,"posy":2.5561850662570285,"posz":-1.3103888635519862,"roty":269.63005669298474,"rotx":0.2855051371722616},"scythe_pole":{"posx":-0.5008020360228226,"posy":2.0460016063580837,"posz":-0.2657560693630359,"roty":269.63005669298474,"rotx":0.2855051371722616}}}
execute on vehicle unless entity @s[tag=aj.transforms_only] at @s run function animated_java:lich/animations/slam/zzz/frames/8_root_commands