# This file was generated by Animated Java via MC-Build. It is not recommended to edit this file directly.
$data merge entity $(bone_saber) {transformation: [-0.025f,-1.2208f,0.6322f,-0.6424f,-1.3529f,-0.0904f,-0.228f,-1.9759f,0.244f,-0.6262f,-1.1995f,-0.9488f,0f,0f,0f,1f],start_interpolation: 0,interpolation_duration: 1}
$data merge entity $(bone_right_forearm) {transformation: [-0.0181f,0.4598f,0.8878f,-0.4907f,-0.984f,-0.1658f,0.0658f,-2.0424f,0.1774f,-0.8724f,0.4554f,-1.214f,0f,0f,0f,1f],start_interpolation: 0,interpolation_duration: 1}
$data merge entity $(bone_right_arm) {transformation: [-0.887f,0.4614f,-0.0175f,-0.25f,-0.0201f,-0.0765f,-0.9969f,-2.0613f,-0.4613f,-0.8839f,0.0771f,-1.4049f,0f,0f,0f,1f],start_interpolation: 0,interpolation_duration: 1}
$data merge entity $(bone_short_sword) {transformation: [-0.0673f,1.0079f,-0.5838f,0.6377f,1.1571f,-0.009f,-0.1489f,-2.0142f,-0.1332f,-0.5876f,-0.9991f,-1.0073f,0f,0f,0f,1f],start_interpolation: 0,interpolation_duration: 1}
$data merge entity $(bone_left_forearm) {transformation: [-0.0577f,-0.5004f,-0.8639f,0.4988f,0.9918f,-0.1277f,0.0077f,-2.0473f,-0.1141f,-0.8563f,0.5036f,-1.2243f,0f,0f,0f,1f],start_interpolation: 0,interpolation_duration: 1}
$data merge entity $(bone_left_arm) {transformation: [-0.866f,-0.4999f,0.011f,0.25f,0.0218f,-0.0597f,-0.998f,-2.0613f,0.4995f,-0.864f,0.0626f,-1.4049f,0f,0f,0f,1f],start_interpolation: 0,interpolation_duration: 1}
$data merge entity $(bone_pony_tail) {transformation: [-1f,0f,0f,0f,0f,-0.0116f,-0.9999f,-2.3002f,0f,-0.9999f,0.0116f,-1.5271f,0f,0f,0f,1f],start_interpolation: 0,interpolation_duration: 1}
$data merge entity $(bone_head) {transformation: [-1f,0f,0f,0f,0f,-0.0116f,-0.9999f,-2.0654f,0f,-0.9999f,0.0116f,-1.4986f,0f,0f,0f,1f],start_interpolation: 0,interpolation_duration: 1}
data modify entity @s data merge value {"cameras":{},"locators":{"locator":{"posx":-2.9685002369673743,"posy":-2.1654097198509503,"posz":-2.14974200132772,"roty":27.79216899435417,"rotx":-9.54432233312805},"locator2":{"posx":-2.6543668190899856,"posy":-2.2545680667433823,"posz":-2.6120011115160198,"roty":27.79216899435417,"rotx":-9.54432233312805},"locator3":{"posx":-2.3134821781247386,"posy":-2.3292531867841393,"posz":-2.99126987426678,"roty":27.79216899435417,"rotx":-9.54432233312805},"locator4":{"posx":-1.8616186520258682,"posy":-2.395718167870367,"posz":-3.313607833667628,"roty":27.79216899435417,"rotx":-9.54432233312805},"locator5":{"posx":-3.1716547697111395,"posy":-2.0680312340039895,"posz":-1.6305520877895088,"roty":27.79216899435417,"rotx":-9.54432233312805},"saber_hitbox":{"posx":-1.2480439569083959,"posy":-2.022623150826779,"posz":-1.2700871970226881,"roty":27.79216899435417,"rotx":-9.54432233312805},"locator6":{"posx":2.638470369656475,"posy":-2.0334912199031985,"posz":-2.1857337629591282,"roty":329.7006361515167,"rotx":-7.33414830115642},"locator7":{"posx":2.303008501052104,"posy":-2.1048145197220167,"posz":-2.635945737050687,"roty":329.7006361515167,"rotx":-7.33414830115642},"locator8":{"posx":1.9448287271779332,"posy":-2.16767627225139,"posz":-3.001158893517405,"roty":329.7006361515167,"rotx":-7.33414830115642},"locator9":{"posx":1.478664350097249,"posy":-2.229571899623525,"posz":-3.3034165730777225,"roty":329.7006361515167,"rotx":-7.33414830115642},"locator10":{"posx":2.865947635054333,"posy":-1.9612017949271427,"posz":-1.6725663119611682,"roty":329.7006361515167,"rotx":-7.33414830115642},"short_sword_hitbox":{"posx":1.0726936231620305,"posy":-2.019482405123252,"posz":-1.2728793478163116,"roty":329.7006361515167,"rotx":-7.33414830115642}}}