# This file was generated by Animated Java via MC-Build. It is not recommended to edit this file directly.
$data merge entity $(bone_saber) {transformation: [0.0532f,-1.2185f,0.6349f,-0.6439f,-1.3712f,-0.0876f,-0.0532f,-2.0259f,0.0876f,-0.6311f,-1.2185f,-0.9421f,0f,0f,0f,1f],start_interpolation: 0,interpolation_duration: 1}
$data merge entity $(bone_right_forearm) {transformation: [0.0387f,0.4617f,0.8862f,-0.4907f,-0.9972f,-0.0387f,0.0637f,-2.053f,0.0637f,-0.8862f,0.459f,-1.2133f,0f,0f,0f,1f],start_interpolation: 0,interpolation_duration: 1}
$data merge entity $(bone_right_arm) {transformation: [-0.887f,0.4617f,0f,-0.25f,-0.0201f,-0.0387f,-0.999f,-2.0613f,-0.4613f,-0.8862f,0.0436f,-1.4049f,0f,0f,0f,1f],start_interpolation: 0,interpolation_duration: 1}
$data merge entity $(bone_short_sword) {transformation: [0.0441f,1.0094f,-0.5833f,0.6377f,1.1633f,-0.0763f,-0.0441f,-2.0443f,-0.0763f,-0.58f,-1.0094f,-1.0046f,0f,0f,0f,1f],start_interpolation: 0,interpolation_duration: 1}
$data merge entity $(bone_left_forearm) {transformation: [0.0378f,-0.5f,-0.8652f,0.4989f,0.9971f,-0.0378f,0.0654f,-2.0534f,-0.0654f,-0.8652f,0.4971f,-1.224f,0f,0f,0f,1f],start_interpolation: 0,interpolation_duration: 1}
$data merge entity $(bone_left_arm) {transformation: [-0.866f,-0.5f,0f,0.25f,0.0218f,-0.0378f,-0.999f,-2.0613f,0.4995f,-0.8652f,0.0436f,-1.4049f,0f,0f,0f,1f],start_interpolation: 0,interpolation_duration: 1}
$data merge entity $(bone_pony_tail) {transformation: [-1f,0f,0f,0f,0f,-0.0872f,-0.9962f,-2.3016f,0f,-0.9962f,0.0872f,-1.5093f,0f,0f,0f,1f],start_interpolation: 0,interpolation_duration: 1}
$data merge entity $(bone_head) {transformation: [-1f,0f,0f,0f,0f,-0.0872f,-0.9962f,-2.0654f,0f,-0.9962f,0.0872f,-1.4986f,0f,0f,0f,1f],start_interpolation: 0,interpolation_duration: 1}
data modify entity @s data merge value {"cameras":{},"locators":{"locator":{"posx":-2.9647947551363427,"posy":-2.2090661093764314,"posz":-2.15420865328048,"roty":27.522352099877367,"rotx":-2.217376971054865},"locator2":{"posx":-2.649675747978477,"posy":-2.226848479946333,"posz":-2.6239918997088254,"roty":27.522352099877367,"rotx":-2.217376971054865},"locator3":{"posx":-2.308030616934642,"posy":-2.2382314278801045,"posz":-3.009704270433926,"roty":27.522352099877367,"rotx":-2.217376971054865},"locator4":{"posx":-1.855614661464489,"posy":-2.241651889182822,"posz":-3.338045714178856,"roty":27.522352099877367,"rotx":-2.217376971054865},"locator5":{"posx":-3.1691429378678904,"posy":-2.1833212521754763,"posz":-1.6270544798719633,"roty":27.522352099877367,"rotx":-2.217376971054865},"saber_hitbox":{"posx":-1.2484515213585645,"posy":-2.070066022804376,"posz":-1.2659545959167102,"roty":27.522352099877367,"rotx":-2.217376971054865},"locator6":{"posx":2.6414960295572634,"posy":-2.1964963664552752,"posz":-2.1680410834102517,"roty":329.976369700754,"rotx":-2.1648916664342055},"locator7":{"posx":2.3061709583387913,"posy":-2.2136596583891697,"posz":-2.6236450979034505,"roty":329.976369700754,"rotx":-2.1648916664342055},"locator8":{"posx":1.9480208159018473,"posy":-2.224376556284524,"posz":-2.994102414705126,"roty":329.976369700754,"rotx":-2.1648916664342055},"locator9":{"posx":1.481720531027959,"posy":-2.2269226032972855,"posz":-3.3024164785607004,"roty":329.976369700754,"rotx":-2.1648916664342055},"locator10":{"posx":2.8686709583387913,"posy":-2.171162223638788,"posz":-1.6502938159709524,"roty":329.976369700754,"rotx":-2.1648916664342055},"short_sword_hitbox":{"posx":1.0733189642215726,"posy":-2.078019028657678,"posz":-1.2669639156917856,"roty":329.976369700754,"rotx":-2.1648916664342055}}}