# This file was generated by Animated Java via MC-Build. It is not recommended to edit this file directly.
$data merge entity $(bone_saber) {transformation: [0.0532f,-1.2185f,0.6349f,-0.6439f,-1.3712f,-0.0876f,-0.0532f,-2.0259f,0.0876f,-0.6311f,-1.2185f,-0.9421f,0f,0f,0f,1f],start_interpolation: 0,interpolation_duration: 1}
$data merge entity $(bone_right_forearm) {transformation: [0.0387f,0.4617f,0.8862f,-0.4907f,-0.9972f,-0.0387f,0.0637f,-2.053f,0.0637f,-0.8862f,0.459f,-1.2133f,0f,0f,0f,1f],start_interpolation: 0,interpolation_duration: 1}
$data merge entity $(bone_right_arm) {transformation: [-0.887f,0.4617f,0f,-0.25f,-0.0201f,-0.0387f,-0.999f,-2.0613f,-0.4613f,-0.8862f,0.0436f,-1.4049f,0f,0f,0f,1f],start_interpolation: 0,interpolation_duration: 1}
$data merge entity $(bone_short_sword) {transformation: [0.0441f,1.0094f,-0.5833f,0.6377f,1.1633f,-0.0763f,-0.0441f,-2.0443f,-0.0763f,-0.58f,-1.0094f,-1.0046f,0f,0f,0f,1f],start_interpolation: 0,interpolation_duration: 1}
$data merge entity $(bone_left_forearm) {transformation: [0.0378f,-0.5f,-0.8652f,0.4989f,0.9971f,-0.0378f,0.0654f,-2.0534f,-0.0654f,-0.8652f,0.4971f,-1.224f,0f,0f,0f,1f],start_interpolation: 0,interpolation_duration: 1}
$data merge entity $(bone_left_arm) {transformation: [-0.866f,-0.5f,0f,0.25f,0.0218f,-0.0378f,-0.999f,-2.0613f,0.4995f,-0.8652f,0.0436f,-1.4049f,0f,0f,0f,1f],start_interpolation: 0,interpolation_duration: 1}
$data merge entity $(bone_pony_tail) {transformation: [-1f,0f,0f,0f,0f,-0.0872f,-0.9962f,-2.3016f,0f,-0.9962f,0.0872f,-1.5093f,0f,0f,0f,1f],start_interpolation: 0,interpolation_duration: 1}
$data merge entity $(bone_head) {transformation: [-1f,0f,0f,0f,0f,-0.0872f,-0.9962f,-2.0654f,0f,-0.9962f,0.0872f,-1.4986f,0f,0f,0f,1f],start_interpolation: 0,interpolation_duration: 1}
data modify entity @s data merge value {"cameras":{},"locators":{"saber_hitbox":{"posx":-1.1930661091454056,"posy":-2.066084779488849,"posz":-1.2372691324266247,"roty":27.522352099877367,"rotx":-2.217376971054865},"short_sword_hitbox":{"posx":1.0192438930031005,"posy":-2.073933603216381,"posz":-1.235892289218735,"roty":329.976369700754,"rotx":-2.1648916664342055}}}