# This file was generated by Animated Java via MC-Build. It is not recommended to edit this file directly.
$data merge entity $(bone_chest) {transformation: [-1f,0f,0f,0f,0f,0.2334f,-0.9724f,-1.6468f,0f,-0.9724f,-0.2334f,-1.2316f,0f,0f,0f,1f],start_interpolation: 0,interpolation_duration: 1}
$data merge entity $(bone_cape) {transformation: [-1f,0f,0f,0.2188f,0f,0.3584f,-0.9336f,-1.6935f,0f,-0.9336f,-0.3584f,-1.375f,0f,0f,0f,1f],start_interpolation: 0,interpolation_duration: 1}
$data merge entity $(bone_saber) {transformation: [-0.1879f,-1.2401f,0.5633f,-0.6132f,-1.2693f,0.3658f,0.3818f,-1.7396f,-0.4942f,-0.4678f,-1.1948f,-0.8806f,0f,0f,0f,1f],start_interpolation: 0,interpolation_duration: 1}
$data merge entity $(bone_right_forearm) {transformation: [-0.1367f,0.4097f,0.9019f,-0.4789f,-0.9231f,0.2777f,-0.266f,-1.6699f,-0.3594f,-0.8689f,0.3402f,-1.1542f,0f,0f,0f,1f],start_interpolation: 0,interpolation_duration: 1}
$data merge entity $(bone_right_arm) {transformation: [-0.913f,0.408f,0.0011f,-0.25f,0.1125f,0.2543f,-0.9606f,-1.6124f,-0.3922f,-0.8768f,-0.2781f,-1.3518f,0f,0f,0f,1f],start_interpolation: 0,interpolation_duration: 1}
$data merge entity $(bone_short_sword) {transformation: [-0.15f,1.0358f,-0.5155f,0.6102f,1.0618f,0.3297f,0.3535f,-1.7535f,0.4595f,-0.4238f,-0.9851f,-0.9503f,0f,0f,0f,1f],start_interpolation: 0,interpolation_duration: 1}
$data merge entity $(bone_left_forearm) {transformation: [-0.1286f,-0.4419f,-0.8878f,0.4862f,0.9101f,0.303f,-0.2826f,-1.6778f,0.3939f,-0.8444f,0.3632f,-1.1656f,0f,0f,0f,1f],start_interpolation: 0,interpolation_duration: 1}
$data merge entity $(bone_left_arm) {transformation: [-0.8973f,-0.4411f,-0.0182f,0.25f,-0.1217f,0.2867f,-0.9503f,-1.6124f,0.4244f,-0.8504f,-0.3109f,-1.3518f,0f,0f,0f,1f],start_interpolation: 0,interpolation_duration: 1}
$data merge entity $(bone_torso) {transformation: [-1f,0f,0f,0f,0f,0.2756f,-0.9613f,-1.7144f,0f,-0.9613f,-0.2756f,-1.0072f,0f,0f,0f,1f],start_interpolation: 0,interpolation_duration: 1}
$data merge entity $(bone_right_dress) {transformation: [-0.9763f,-0.2164f,0f,-0.1936f,-0.0597f,0.2691f,-0.9613f,-1.7622f,0.2081f,-0.9385f,-0.2756f,-0.8578f,0f,0f,0f,1f],start_interpolation: 0,interpolation_duration: 1}
$data merge entity $(bone_left_dress) {transformation: [-0.9763f,0.2164f,0f,0.1311f,0.0597f,0.2691f,-0.9613f,-1.7622f,-0.2081f,-0.9385f,-0.2756f,-0.8578f,0f,0f,0f,1f],start_interpolation: 0,interpolation_duration: 1}
$data merge entity $(bone_lower_right_leg) {transformation: [-0.999f,0.0436f,0f,-0.1414f,0.012f,0.2754f,-0.9613f,-1.8879f,-0.0419f,-0.9603f,-0.2756f,-0.3909f,0f,0f,0f,1f],start_interpolation: 0,interpolation_duration: 1}
$data merge entity $(bone_right_leg) {transformation: [-0.999f,0.0436f,0f,-0.125f,0.012f,0.2754f,-0.9613f,-1.7847f,-0.0419f,-0.9603f,-0.2756f,-0.751f,0f,0f,0f,1f],start_interpolation: 0,interpolation_duration: 1}
$data merge entity $(bone_lower_left_leg) {transformation: [-0.999f,-0.0436f,0f,0.1414f,-0.012f,0.2754f,-0.9613f,-1.8879f,0.0419f,-0.9603f,-0.2756f,-0.3909f,0f,0f,0f,1f],start_interpolation: 0,interpolation_duration: 1}
$data merge entity $(bone_left_leg) {transformation: [-0.999f,-0.0436f,0f,0.125f,-0.012f,0.2754f,-0.9613f,-1.7847f,0.0419f,-0.9603f,-0.2756f,-0.751f,0f,0f,0f,1f],start_interpolation: 0,interpolation_duration: 1}
$data merge entity $(bone_waist) {transformation: [-1f,0f,0f,0f,0f,0.2756f,-0.9613f,-1.6899f,0f,-0.9613f,-0.2756f,-1.0814f,0f,0f,0f,1f],start_interpolation: 0,interpolation_duration: 1}
$data merge entity $(bone_pony_tail) {transformation: [-1f,0f,0f,0f,0f,0.2473f,-0.9689f,-1.8059f,0f,-0.9689f,-0.2473f,-1.5301f,0f,0f,0f,1f],start_interpolation: 0,interpolation_duration: 1}
$data merge entity $(bone_head) {transformation: [-1f,0f,0f,0f,0f,0.2473f,-0.9689f,-1.5865f,0f,-0.9689f,-0.2473f,-1.4419f,0f,0f,0f,1f],start_interpolation: 0,interpolation_duration: 1}
data modify entity @s data merge value {"cameras":{},"locators":{"locator":{"posx":-2.9786889721794005,"posy":-1.0531204144907267,"posz":-1.7875079474895454,"roty":25.24297104348031,"rotx":16.120736755665767},"locator2":{"posx":-2.691868544322838,"posy":-0.9135617411538303,"posz":-2.2550225663632486,"roty":25.24297104348031,"rotx":16.120736755665767},"locator3":{"posx":-2.3742832608554094,"posy":-0.8079833724820937,"posz":-2.6469636279956426,"roty":25.24297104348031,"rotx":16.120736755665767},"locator4":{"posx":-1.9439571517171088,"posy":-0.7356578175402662,"posz":-2.99637521036842,"roty":25.24297104348031,"rotx":16.120736755665767},"locator5":{"posx":-3.152768574365091,"posy":-1.2259319015575323,"posz":-1.2774638493562263,"roty":25.24297104348031,"rotx":16.120736755665767},"saber_hitbox":{"posx":-1.2290704367621714,"posy":-1.5541154033970288,"posz":-1.1226851197826109,"roty":25.24297104348031,"rotx":16.120736755665767},"locator6":{"posx":2.6671090159344786,"posy":-1.0941457364436935,"posz":-1.8024737987548916,"roty":332.37576527823694,"rotx":17.636533883448326},"locator7":{"posx":2.3630646420284442,"posy":-0.9413829446123223,"posz":-2.2547270996029587,"roty":332.37576527823694,"rotx":17.636533883448326},"locator8":{"posx":2.031149161388491,"posy":-0.8252183724832205,"posz":-2.631506751247805,"roty":332.37576527823694,"rotx":17.636533883448326},"locator9":{"posx":1.5882568138462778,"posy":-0.7443780374519293,"posz":-2.962884494496466,"roty":332.37576527823694,"rotx":17.636533883448326},"locator10":{"posx":2.8601765229382528,"posy":-1.2822327653728753,"posz":-1.304818589510639,"roty":332.37576527823694,"rotx":17.636533883448326},"short_sword_hitbox":{"posx":1.0579444458516993,"posy":-1.6063471743619477,"posz":-1.144146127010208,"roty":332.37576527823694,"rotx":17.636533883448326}}}