# This file was generated by Animated Java via MC-Build. It is not recommended to edit this file directly.
$data merge entity $(bone_saber) {transformation: [0.0209f,-1.2037f,0.6644f,-0.6548f,-1.3739f,-0.0422f,-0.0334f,-2.0235f,0.0496f,-0.6633f,-1.2034f,-0.9517f,0f,0f,0f,1f],start_interpolation: 0,interpolation_duration: 1}
$data merge entity $(bone_right_forearm) {transformation: [0.0152f,0.4832f,0.8754f,-0.4953f,-0.9992f,-0.0243f,0.0307f,-2.0463f,0.0361f,-0.8752f,0.4824f,-1.2197f,0f,0f,0f,1f],start_interpolation: 0,interpolation_duration: 1}
$data merge entity $(bone_right_arm) {transformation: [-0.8754f,0.4832f,-0.0119f,-0.25f,-0.0211f,-0.0627f,-0.9978f,-2.0613f,-0.4829f,-0.8732f,0.0651f,-1.4049f,0f,0f,0f,1f],start_interpolation: 0,interpolation_duration: 1}
$data merge entity $(bone_short_sword) {transformation: [0.0767f,0.9911f,-0.6107f,0.6484f,1.1641f,-0.073f,0.0276f,-2.064f,-0.0148f,-0.6111f,-0.9937f,-1.0151f,0f,0f,0f,1f],start_interpolation: 0,interpolation_duration: 1}
$data merge entity $(bone_left_forearm) {transformation: [0.0657f,-0.5235f,-0.8495f,0.5037f,0.9978f,0.0237f,0.0626f,-2.0572f,-0.0127f,-0.8517f,0.5238f,-1.2307f,0f,0f,0f,1f],start_interpolation: 0,interpolation_duration: 1}
$data merge entity $(bone_left_arm) {transformation: [-0.8521f,-0.5234f,-0.0064f,0.25f,0.0228f,-0.0249f,-0.9994f,-2.0613f,0.5229f,-0.8517f,0.0332f,-1.4049f,0f,0f,0f,1f],start_interpolation: 0,interpolation_duration: 1}
$data merge entity $(bone_pony_tail) {transformation: [-1f,0f,0f,0f,0f,-0.0463f,-0.9989f,-2.301f,0f,-0.9989f,0.0463f,-1.5189f,0f,0f,0f,1f],start_interpolation: 0,interpolation_duration: 1}
$data merge entity $(bone_head) {transformation: [-1f,0f,0f,0f,0f,-0.0463f,-0.9989f,-2.0654f,0f,-0.9989f,0.0463f,-1.4986f,0f,0f,0f,1f],start_interpolation: 0,interpolation_duration: 1}
data modify entity @s data merge value {"cameras":{},"locators":{"saber_hitbox":{"posx":-1.1969417449287647,"posy":-2.0428731212412776,"posz":-1.2613735204035674,"roty":28.901849510552182,"rotx":-1.3901694189328182},"short_sword_hitbox":{"posx":1.0227449235557693,"posy":-2.09172524868865,"posz":-1.2581775406995355,"roty":328.4254523607315,"rotx":1.3555506637659203}}}