# This file was generated by Animated Java via MC-Build. It is not recommended to edit this file directly.
$data merge entity $(bone_saber) {transformation: [-0.0259f,-1.2145f,0.6441f,-0.6468f,-1.3604f,-0.0701f,-0.187f,-1.985f,0.198f,-0.6408f,-1.2003f,-0.9504f,0f,0f,0f,1f],start_interpolation: 0,interpolation_duration: 1}
$data merge entity $(bone_right_forearm) {transformation: [-0.0189f,0.4685f,0.8833f,-0.4924f,-0.9894f,-0.136f,0.051f,-2.0425f,0.144f,-0.873f,0.4661f,-1.2162f,0f,0f,0f,1f],start_interpolation: 0,interpolation_duration: 1}
$data merge entity $(bone_right_arm) {transformation: [-0.8827f,0.4696f,-0.0178f,-0.25f,-0.0205f,-0.0763f,-0.9969f,-2.0613f,-0.4694f,-0.8796f,0.0769f,-1.4049f,0f,0f,0f,1f],start_interpolation: 0,interpolation_duration: 1}
$data merge entity $(bone_short_sword) {transformation: [-0.033f,1.0022f,-0.5963f,0.6423f,1.1627f,-0.0177f,-0.0942f,-2.0302f,-0.0899f,-0.5969f,-0.9984f,-1.0099f,0f,0f,0f,1f],start_interpolation: 0,interpolation_duration: 1}
$data merge entity $(bone_left_forearm) {transformation: [-0.0283f,-0.5111f,-0.8591f,0.5007f,0.9966f,-0.0807f,0.0152f,-2.051f,-0.0771f,-0.8557f,0.5116f,-1.2267f,0f,0f,0f,1f],start_interpolation: 0,interpolation_duration: 1}
$data merge entity $(bone_left_arm) {transformation: [-0.8609f,-0.5088f,0.0046f,0.25f,0.0222f,-0.0466f,-0.9987f,-2.0613f,0.5083f,-0.8596f,0.0514f,-1.4049f,0f,0f,0f,1f],start_interpolation: 0,interpolation_duration: 1}
$data merge entity $(bone_pony_tail) {transformation: [-1f,0f,0f,0f,0f,-0.0147f,-0.9999f,-2.3002f,0f,-0.9999f,0.0147f,-1.5264f,0f,0f,0f,1f],start_interpolation: 0,interpolation_duration: 1}
$data merge entity $(bone_head) {transformation: [-1f,0f,0f,0f,0f,-0.0147f,-0.9999f,-2.0654f,0f,-0.9999f,0.0147f,-1.4986f,0f,0f,0f,1f],start_interpolation: 0,interpolation_duration: 1}
data modify entity @s data merge value {"cameras":{},"locators":{"flame":{"posx":-2.9608953490182577,"posy":-2.135585476765904,"posz":-2.179739548724399,"roty":28.219211790101696,"rotx":-7.8144156139982766},"flame1":{"posx":-2.642183920473469,"posy":-2.2088798235554026,"posz":-2.6416523803751772,"roty":28.219211790101696,"rotx":-7.8144156139982766},"flame2":{"posx":-2.297545586952681,"posy":-2.270490491996024,"posz":-3.0198765792338884,"roty":28.219211790101696,"rotx":-7.8144156139982766},"flame3":{"posx":-1.8424965387661372,"posy":-2.325729408766567,"posz":-3.3398438053970336,"roty":28.219211790101696,"rotx":-7.8144156139982766},"flame4":{"posx":-3.169196062897291,"posy":-2.0559193783063265,"posz":-1.6595697443780544,"roty":28.219211790101696,"rotx":-7.8144156139982766},"saber_hitbox":{"posx":-1.1940290892765735,"posy":-2.0181780525232345,"posz":-1.2498775925480354,"roty":28.219211790101696,"rotx":-7.8144156139982766},"flame5":{"posx":2.6317738937884188,"posy":-2.0662773356962827,"posz":-2.206891476214743,"roty":329.15224377481536,"rotx":-4.629613631540032},"flame6":{"posx":2.29059677035906,"posy":-2.110731242218536,"posz":-2.6562627265672534,"roty":329.15224377481536,"rotx":-4.629613631540032},"flame7":{"posx":1.9276710561622208,"posy":-2.1491927401920177,"posz":-3.0201729341025056,"roty":329.15224377481536,"rotx":-4.629613631540032},"flame8":{"posx":1.457362453898046,"posy":-2.1857586840821623,"posz":-3.320127514637194,"roty":329.15224377481536,"rotx":-4.629613631540032},"flame9":{"posx":2.865568129150442,"posy":-2.019927875090693,"posz":-1.693564598861669,"roty":329.15224377481536,"rotx":-4.629613631540032},"short_sword_hitbox":{"posx":1.021030572778382,"posy":-2.037844024446224,"posz":-1.2475570712062936,"roty":329.15224377481536,"rotx":-4.629613631540032}}}