# This file was generated by Animated Java via MC-Build. It is not recommended to edit this file directly.
$data merge entity $(bone_saber) {transformation: [0.0234f,-1.2198f,0.6341f,-0.6433f,-1.3474f,-0.1463f,-0.2318f,-1.9738f,0.2732f,-0.6174f,-1.1978f,-0.9496f,0f,0f,0f,1f],start_interpolation: 0,interpolation_duration: 1}
$data merge entity $(bone_right_forearm) {transformation: [0.017f,0.4612f,0.8871f,-0.4906f,-0.9799f,-0.1686f,0.1064f,-2.0407f,0.1987f,-0.8711f,0.449f,-1.2141f,0f,0f,0f,1f],start_interpolation: 0,interpolation_duration: 1}
$data merge entity $(bone_right_arm) {transformation: [-0.887f,0.4613f,-0.0201f,-0.25f,-0.0201f,-0.0822f,-0.9964f,-2.0613f,-0.4613f,-0.8834f,0.0822f,-1.4049f,0f,0f,0f,1f],start_interpolation: 0,interpolation_duration: 1}
$data merge entity $(bone_short_sword) {transformation: [-0.0636f,1.0081f,-0.5837f,0.6377f,1.1538f,-0.0259f,-0.1705f,-2.0096f,-0.1603f,-0.5866f,-0.9957f,-1.0081f,0f,0f,0f,1f],start_interpolation: 0,interpolation_duration: 1}
$data merge entity $(bone_left_forearm) {transformation: [-0.0545f,-0.5003f,-0.8641f,0.4988f,0.989f,-0.1461f,0.0222f,-2.0473f,-0.1374f,-0.8534f,0.5028f,-1.2243f,0f,0f,0f,1f],start_interpolation: 0,interpolation_duration: 1}
$data merge entity $(bone_left_arm) {transformation: [-0.866f,-0.4999f,0.0109f,0.25f,0.0218f,-0.0596f,-0.998f,-2.0613f,0.4995f,-0.864f,0.0625f,-1.4049f,0f,0f,0f,1f],start_interpolation: 0,interpolation_duration: 1}
$data merge entity $(bone_pony_tail) {transformation: [-1f,0f,0f,0f,0f,0f,-1f,-2.2998f,0f,-1f,0f,-1.5298f,0f,0f,0f,1f],start_interpolation: 0,interpolation_duration: 1}
$data merge entity $(bone_head) {transformation: [-1f,0f,0f,0f,0f,0f,-1f,-2.0654f,0f,-1f,0f,-1.4986f,0f,0f,0f,1f],start_interpolation: 0,interpolation_duration: 1}
data modify entity @s data merge value {"cameras":{},"locators":{"locator":{"posx":-2.9670812319165503,"posy":-2.2700693038924915,"posz":-2.133389352544939,"roty":27.89612667800236,"rotx":-9.70658109434253},"locator2":{"posx":-2.6522251962923002,"posy":-2.3582564110325333,"posz":-2.5953430417446803,"roty":27.89612667800236,"rotx":-9.70658109434253},"locator3":{"posx":-2.3107456825727084,"posy":-2.429254001504376,"posz":-2.9747848473710823,"roty":27.89612667800236,"rotx":-9.70658109434253},"locator4":{"posx":-1.8583727011566509,"posy":-2.4869478834014673,"posz":-3.298096000405418,"roty":27.89612667800236,"rotx":-9.70658109434253},"locator5":{"posx":-3.171043799844335,"posy":-2.1685784881776984,"posz":-1.615305010753132,"roty":27.89612667800236,"rotx":-9.70658109434253},"saber_hitbox":{"posx":-1.248498193150707,"posy":-2.0485505495921466,"posz":-1.2664682656030046,"roty":27.89612667800236,"rotx":-9.70658109434253},"locator6":{"posx":2.639022214973152,"posy":-2.062688431012449,"posz":-2.1844785663841533,"roty":329.6187250324523,"rotx":-8.403793734319622},"locator7":{"posx":2.3035838784841767,"posy":-2.1435093885418315,"posz":-2.633100450867671,"roty":329.6187250324523,"rotx":-8.403793734319622},"locator8":{"posx":1.945408096419961,"posy":-2.2138084716729196,"posz":-2.9969591432932003,"roty":329.6187250324523,"rotx":-8.403793734319622},"locator9":{"posx":1.4792172450225172,"posy":-2.2813323723929555,"posz":-3.297968466911053,"roty":329.6187250324523,"rotx":-8.403793734319622},"locator10":{"posx":2.866445482128899,"posy":-1.9790922910720146,"posz":-1.6730073130929588,"roty":329.6187250324523,"rotx":-8.403793734319622},"short_sword_hitbox":{"posx":1.072803709641344,"posy":-2.0224482860521906,"posz":-1.273162718672846,"roty":329.6187250324523,"rotx":-8.403793734319622}}}