# This file was generated by Animated Java via MC-Build. It is not recommended to edit this file directly.
$data merge entity $(bone_hat) {transformation: [-1f,0f,0f,0f,0f,0.9974f,-0.0727f,2.1233f,0f,-0.0727f,-0.9974f,-0.0454f,0f,0f,0f,1f],start_interpolation: 0,interpolation_duration: 1}
$data merge entity $(bone_nose) {transformation: [-1f,0f,0f,0f,0f,0.9974f,-0.0727f,1.6247f,0f,-0.0727f,-0.9974f,-0.0091f,0f,0f,0f,1f],start_interpolation: 0,interpolation_duration: 1}
$data merge entity $(bone_head) {transformation: [-1f,0f,0f,0f,0f,0.9974f,-0.0727f,1.5f,0f,-0.0727f,-0.9974f,0f,0f,0f,0f,1f],start_interpolation: 0,interpolation_duration: 1}
$data merge entity $(bone_left_arm) {transformation: [-0.7071f,0.0046f,0.7071f,0.3125f,-0.7064f,-0.0482f,-0.7061f,1.375f,0.0308f,-0.9988f,0.0373f,0f,0f,0f,0f,1f],start_interpolation: 0,interpolation_duration: 1}
$data merge entity $(bone_wand) {transformation: [-0.6577f,0.5979f,-0.4583f,-0.3814f,0.7506f,0.5718f,-0.3312f,1.3514f,0.064f,-0.5618f,-0.8248f,0.5458f,0f,0f,0f,1f],start_interpolation: 0,interpolation_duration: 1}
$data merge entity $(bone_right_arm) {transformation: [-0.6577f,0.0722f,-0.7498f,-0.3125f,0.7506f,0.1474f,-0.6441f,1.375f,0.064f,-0.9864f,-0.1511f,0f,0f,0f,0f,1f],start_interpolation: 0,interpolation_duration: 1}
data modify entity @s data merge value {"cameras":{},"locators":{"cast_point":{"posx":-0.21354371464344807,"posy":1.4534943208962239,"posz":0.8283462805235224,"roty":330.9420348103728,"rotx":-19.34143153225698}}}