# This file was generated by Animated Java via MC-Build. It is not recommended to edit this file directly.
$data merge entity $(bone_left_arm) {transformation: [-0.6648f,-0.7105f,0.2307f,0.3125f,-0.7463f,0.618f,-0.2473f,1.375f,0.0331f,-0.3365f,-0.9411f,0f,0f,0f,0f,1f],start_interpolation: 0,interpolation_duration: 1}
$data merge entity $(bone_wand) {transformation: [-0.6089f,0.6937f,0.3847f,-0.7618f,0.7903f,0.4884f,0.37f,1.0948f,0.0688f,0.5293f,-0.8456f,0.1512f,0f,0f,0f,1f],start_interpolation: 0,interpolation_duration: 1}
$data merge entity $(bone_right_arm) {transformation: [-0.6089f,0.7586f,-0.232f,-0.3125f,0.7903f,0.6054f,-0.0945f,1.375f,0.0688f,-0.2409f,-0.9681f,0f,0f,0f,0f,1f],start_interpolation: 0,interpolation_duration: 1}
data modify entity @s data merge value {"cameras":{},"locators":{"cast_point":{"posx":-0.8845182810374266,"posy":0.9552430461212996,"posz":0.4407673743045676,"roty":24.464558760981333,"rotx":21.716156649904182}}}