# This file was generated by Animated Java via MC-Build. It is not recommended to edit this file directly.
$data merge entity $(bone_hat) {transformation: [-1f,0f,0f,0f,0f,0.9995f,-0.0327f,2.1247f,0f,-0.0327f,-0.9995f,-0.0204f,0f,0f,0f,1f],start_interpolation: 0,interpolation_duration: 1}
$data merge entity $(bone_nose) {transformation: [-1f,0f,0f,0f,0f,0.9995f,-0.0327f,1.6249f,0f,-0.0327f,-0.9995f,-0.0041f,0f,0f,0f,1f],start_interpolation: 0,interpolation_duration: 1}
$data merge entity $(bone_head) {transformation: [-1f,0f,0f,0f,0f,0.9995f,-0.0327f,1.5f,0f,-0.0327f,-0.9995f,0f,0f,0f,0f,1f],start_interpolation: 0,interpolation_duration: 1}
$data merge entity $(bone_left_arm) {transformation: [-0.9873f,-0.1468f,0.0608f,0.3125f,-0.1588f,0.8963f,-0.414f,1.375f,0.0063f,-0.4184f,-0.9082f,0f,0f,0f,0f,1f],start_interpolation: 0,interpolation_duration: 1}
$data merge entity $(bone_wand) {transformation: [-0.985f,0.1376f,0.1041f,-0.4574f,0.172f,0.7379f,0.6526f,0.8918f,0.013f,0.6607f,-0.7505f,0.2208f,0f,0f,0f,1f],start_interpolation: 0,interpolation_duration: 1}
$data merge entity $(bone_right_arm) {transformation: [-0.985f,0.1546f,-0.0766f,-0.3125f,0.172f,0.9137f,-0.3682f,1.375f,0.013f,-0.3759f,-0.9266f,0f,0f,0f,0f,1f],start_interpolation: 0,interpolation_duration: 1}
data modify entity @s data merge value {"cameras":{},"locators":{"cast_point":{"posx":-0.47780399809368296,"posy":0.6648176192910074,"posz":0.4786314660551628,"roty":7.893923155878156,"rotx":40.737149792763915}}}