# This file was generated by Animated Java via MC-Build. It is not recommended to edit this file directly.
$data merge entity $(bone_hat) {transformation: [-1f,0f,0f,0f,0f,0.9998f,0.0218f,2.1249f,0f,0.0218f,-0.9998f,0.0136f,0f,0f,0f,1f],start_interpolation: 0,interpolation_duration: 1}
$data merge entity $(bone_nose) {transformation: [-1f,0f,0f,0f,0f,0.9998f,0.0218f,1.625f,0f,0.0218f,-0.9998f,0.0027f,0f,0f,0f,1f],start_interpolation: 0,interpolation_duration: 1}
$data merge entity $(bone_head) {transformation: [-1f,0f,0f,0f,0f,0.9998f,0.0218f,1.5f,0f,0.0218f,-0.9998f,0f,0f,0f,0f,1f],start_interpolation: 0,interpolation_duration: 1}
$data merge entity $(bone_left_arm) {transformation: [-0.9239f,-0.3783f,0.0582f,0.3125f,-0.3824f,0.9062f,-0.1803f,1.375f,0.0154f,-0.1888f,-0.9819f,0f,0f,0f,0f,1f],start_interpolation: 0,interpolation_duration: 1}
$data merge entity $(bone_wand) {transformation: [-0.9103f,0.2909f,0.2945f,-0.5893f,0.4127f,0.5827f,0.7001f,0.9085f,0.032f,0.7589f,-0.6504f,0.0945f,0f,0f,0f,1f],start_interpolation: 0,interpolation_duration: 1}
$data merge entity $(bone_right_arm) {transformation: [-0.9103f,0.4047f,-0.0871f,-0.3125f,0.4127f,0.9036f,-0.1152f,1.375f,0.032f,-0.1408f,-0.9895f,0f,0f,0f,0f,1f],start_interpolation: 0,interpolation_duration: 1}
data modify entity @s data merge value {"cameras":{},"locators":{"cast_point":{"posx":-0.6763562626923622,"posy":0.6613404030821127,"posz":0.31755869375080464,"roty":24.361366261915123,"rotx":44.438229051612595}}}