# This file was generated by Animated Java via MC-Build. It is not recommended to edit this file directly.
$data merge entity $(bone_hat) {transformation: [-1f,0f,0f,0f,0f,0.9979f,-0.0654f,2.1237f,0f,-0.0654f,-0.9979f,-0.0409f,0f,0f,0f,1f],start_interpolation: 0,interpolation_duration: 1}
$data merge entity $(bone_nose) {transformation: [-1f,0f,0f,0f,0f,0.9979f,-0.0654f,1.6247f,0f,-0.0654f,-0.9979f,-0.0082f,0f,0f,0f,1f],start_interpolation: 0,interpolation_duration: 1}
$data merge entity $(bone_head) {transformation: [-1f,0f,0f,0f,0f,0.9979f,-0.0654f,1.5f,0f,-0.0654f,-0.9979f,0f,0f,0f,0f,1f],start_interpolation: 0,interpolation_duration: 1}
$data merge entity $(bone_left_arm) {transformation: [-0.9239f,-0.1985f,0.3272f,0.3125f,-0.3824f,0.4444f,-0.8101f,1.375f,0.0154f,-0.8735f,-0.4865f,0f,0f,0f,0f,1f],start_interpolation: 0,interpolation_duration: 1}
$data merge entity $(bone_wand) {transformation: [-0.9103f,0.4139f,-0.0064f,-0.4825f,0.4127f,0.9087f,0.0633f,1.1161f,0.032f,0.0549f,-0.998f,0.4553f,0f,0f,0f,1f],start_interpolation: 0,interpolation_duration: 1}
$data merge entity $(bone_right_arm) {transformation: [-0.9103f,0.2169f,-0.3525f,-0.3125f,0.4127f,0.5416f,-0.7324f,1.375f,0.032f,-0.8122f,-0.5825f,0f,0f,0f,0f,1f],start_interpolation: 0,interpolation_duration: 1}
data modify entity @s data merge value {"cameras":{},"locators":{"cast_point":{"posx":-0.4660937387810995,"posy":1.0878619408823271,"posz":0.7978130248144304,"roty":359.6304653731381,"rotx":3.6271389134290843}}}
execute on vehicle unless entity @s[tag=aj.transforms_only] at @s run function animated_java:wizard/animations/blast/zzz/frames/4_root_commands