# This file was generated by Animated Java via MC-Build. It is not recommended to edit this file directly.
$data merge entity $(bone_hat) {transformation: [-1f,0f,0f,0f,0f,0.9967f,-0.0817f,2.1229f,0f,-0.0817f,-0.9967f,-0.0511f,0f,0f,0f,1f],start_interpolation: 0,interpolation_duration: 1}
$data merge entity $(bone_nose) {transformation: [-1f,0f,0f,0f,0f,0.9967f,-0.0817f,1.6246f,0f,-0.0817f,-0.9967f,-0.0102f,0f,0f,0f,1f],start_interpolation: 0,interpolation_duration: 1}
$data merge entity $(bone_head) {transformation: [-1f,0f,0f,0f,0f,0.9967f,-0.0817f,1.5f,0f,-0.0817f,-0.9967f,0f,0f,0f,0f,1f],start_interpolation: 0,interpolation_duration: 1}
$data merge entity $(bone_left_arm) {transformation: [-0.8708f,-0.1054f,0.4802f,0.3125f,-0.4912f,0.1464f,-0.8587f,1.375f,0.0202f,-0.9836f,-0.1792f,0f,0f,0f,0f,1f],start_interpolation: 0,interpolation_duration: 1}
$data merge entity $(bone_wand) {transformation: [-0.8481f,0.4961f,-0.186f,-0.4326f,0.5282f,0.8194f,-0.2228f,1.2588f,0.0419f,-0.2872f,-0.9569f,0.5247f,0f,0f,0f,1f],start_interpolation: 0,interpolation_duration: 1}
$data merge entity $(bone_right_arm) {transformation: [-0.8481f,0.1374f,-0.5117f,-0.3125f,0.5282f,0.2956f,-0.796f,1.375f,0.0419f,-0.9454f,-0.3233f,0f,0f,0f,0f,1f],start_interpolation: 0,interpolation_duration: 1}
data modify entity @s data merge value {"cameras":{},"locators":{"cast_point":{"posx":-0.3554378609917813,"posy":1.327116364897568,"posz":0.8529671151035867,"roty":348.9980024000692,"rotx":-12.874039851495166}}}