# This file was generated by Animated Java via MC-Build. It is not recommended to edit this file directly.
$data merge entity $(bone_hat) {transformation: [-1f,0f,0f,0f,0f,0.9934f,-0.1143f,2.1209f,0f,-0.1143f,-0.9934f,-0.0714f,0f,0f,0f,1f],start_interpolation: 0,interpolation_duration: 1}
$data merge entity $(bone_nose) {transformation: [-1f,0f,0f,0f,0f,0.9934f,-0.1143f,1.6242f,0f,-0.1143f,-0.9934f,-0.0143f,0f,0f,0f,1f],start_interpolation: 0,interpolation_duration: 1}
$data merge entity $(bone_head) {transformation: [-1f,0f,0f,0f,0f,0.9934f,-0.1143f,1.5f,0f,-0.1143f,-0.9934f,0f,0f,0f,0f,1f],start_interpolation: 0,interpolation_duration: 1}
$data merge entity $(bone_left_arm) {transformation: [-0.7522f,0.2221f,0.6204f,0.3125f,-0.6584f,-0.2936f,-0.6931f,1.375f,0.0283f,-0.9298f,0.367f,0f,0f,0f,0f,1f],start_interpolation: 0,interpolation_duration: 1}
$data merge entity $(bone_wand) {transformation: [-0.7098f,0.4161f,-0.5683f,-0.2597f,0.7019f,0.4851f,-0.5215f,1.4723f,0.0587f,-0.7691f,-0.6365f,0.5394f,0f,0f,0f,1f],start_interpolation: 0,interpolation_duration: 1}
$data merge entity $(bone_right_arm) {transformation: [-0.7098f,-0.158f,-0.6864f,-0.3125f,0.7019f,-0.0775f,-0.708f,1.375f,0.0587f,-0.9844f,0.166f,0f,0f,0f,0f,1f],start_interpolation: 0,interpolation_duration: 1}
data modify entity @s data merge value {"cameras":{},"locators":{"cast_point":{"posx":-0.05328331954906923,"posy":1.640641720788719,"posz":0.7572755495559935,"roty":318.2390591661716,"rotx":-31.43385415093663}}}