# This file was generated by Animated Java via MC-Build. It is not recommended to edit this file directly.
$data merge entity $(bone_hat) {transformation: [-1f,0f,0f,0f,0f,0.9914f,-0.1305f,2.1197f,0f,-0.1305f,-0.9914f,-0.0816f,0f,0f,0f,1f],start_interpolation: 0,interpolation_duration: 1}
$data merge entity $(bone_nose) {transformation: [-1f,0f,0f,0f,0f,0.9914f,-0.1305f,1.6239f,0f,-0.1305f,-0.9914f,-0.0163f,0f,0f,0f,1f],start_interpolation: 0,interpolation_duration: 1}
$data merge entity $(bone_head) {transformation: [-1f,0f,0f,0f,0f,0.9914f,-0.1305f,1.5f,0f,-0.1305f,-0.9914f,0f,0f,0f,0f,1f],start_interpolation: 0,interpolation_duration: 1}
$data merge entity $(bone_left_arm) {transformation: [-0.7071f,0.3536f,0.6124f,0.3125f,-0.7064f,-0.391f,-0.59f,1.375f,0.0308f,-0.8498f,0.5262f,0f,0f,0f,0f,1f],start_interpolation: 0,interpolation_duration: 1}
$data merge entity $(bone_wand) {transformation: [-0.6577f,0.3254f,-0.6794f,-0.189f,0.7506f,0.3597f,-0.5543f,1.5225f,0.064f,-0.8745f,-0.4808f,0.5159f,0f,0f,0f,1f],start_interpolation: 0,interpolation_duration: 1}
$data merge entity $(bone_right_arm) {transformation: [-0.6577f,-0.2811f,-0.6989f,-0.3125f,0.7506f,-0.1657f,-0.6397f,1.375f,0.064f,-0.9453f,0.3199f,0f,0f,0f,0f,1f],start_interpolation: 0,interpolation_duration: 1}
data modify entity @s data merge value {"cameras":{},"locators":{"cast_point":{"posx":0.05486222323881618,"posy":1.7013157830097543,"posz":0.6802183887966877,"roty":305.285143673295,"rotx":-33.66261454851158}}}