# This file was generated by Animated Java via MC-Build. It is not recommended to edit this file directly.
$data merge entity $(bone_chest) {transformation: [-1f,0f,0f,0f,0f,0.9998f,0.021f,-0.7194f,0f,0.021f,-0.9998f,0.0151f,0f,0f,0f,1f],start_interpolation: 0,interpolation_duration: 1}
$data merge entity $(bone_cape) {transformation: [-0.9634f,0.2672f,0.0234f,0.2188f,0.2676f,0.9521f,0.1481f,-0.5893f,0.0173f,0.149f,-0.9887f,-0.061f,0f,0f,0f,1f],start_interpolation: 0,interpolation_duration: 1}
$data merge entity $(bone_saber) {transformation: [-1.3724f,0.0827f,0.0178f,-0.4096f,0.0254f,0.1271f,1.3689f,-1.1569f,0.0807f,1.3666f,-0.1284f,0.1025f,0f,0f,0f,1f],start_interpolation: 0,interpolation_duration: 1}
$data merge entity $(bone_right_forearm) {transformation: [-0.9981f,0.013f,-0.0601f,-0.4217f,0.0185f,0.9955f,-0.0924f,-0.8467f,0.0587f,-0.0934f,-0.9939f,0.0648f,0f,0f,0f,1f],start_interpolation: 0,interpolation_duration: 1}
$data merge entity $(bone_right_arm) {transformation: [-0.9842f,0.1731f,-0.0363f,-0.25f,0.1765f,0.9745f,-0.1385f,-0.5947f,0.0114f,-0.1427f,-0.9897f,0.0232f,0f,0f,0f,1f],start_interpolation: 0,interpolation_duration: 1}
$data merge entity $(bone_short_sword) {transformation: [-1.1425f,-0.2332f,0.0378f,0.3789f,-0.0035f,0.2034f,1.1488f,-1.1174f,-0.2362f,1.1249f,-0.1999f,0.132f,0f,0f,0f,1f],start_interpolation: 0,interpolation_duration: 1}
$data merge entity $(bone_left_forearm) {transformation: [-0.9793f,0.0324f,0.1999f,0.3894f,-0.003f,0.9847f,-0.1743f,-0.8637f,-0.2025f,-0.1713f,-0.9642f,0.0775f,0f,0f,0f,1f],start_interpolation: 0,interpolation_duration: 1}
$data merge entity $(bone_left_arm) {transformation: [-0.9977f,-0.0522f,0.0424f,0.25f,-0.0589f,0.9825f,-0.1767f,-0.5947f,-0.0324f,-0.1788f,-0.9834f,0.0232f,0f,0f,0f,1f],start_interpolation: 0,interpolation_duration: 1}
$data merge entity $(bone_torso) {transformation: [-1f,0f,0f,0f,0f,0.9979f,0.0646f,-0.9531f,0f,0.0646f,-0.9979f,-0.0031f,0f,0f,0f,1f],start_interpolation: 0,interpolation_duration: 1}
$data merge entity $(bone_right_dress) {transformation: [-0.998f,-0.063f,-0.0016f,-0.2112f,-0.063f,0.9979f,-0.0128f,-1.0943f,0.0024f,-0.0127f,-0.9999f,-0.0047f,0f,0f,0f,1f],start_interpolation: 0,interpolation_duration: 1}
$data merge entity $(bone_left_dress) {transformation: [-0.9704f,0.2416f,-0.0016f,0.1125f,0.2416f,0.9703f,-0.0128f,-1.1194f,-0.0016f,-0.0128f,-0.9999f,-0.0049f,0f,0f,0f,1f],start_interpolation: 0,interpolation_duration: 1}
$data merge entity $(bone_lower_right_leg) {transformation: [-0.9892f,0.1463f,0.0079f,-0.2062f,0.1465f,0.9879f,0.0511f,-1.5789f,-0.0003f,0.0517f,-0.9987f,0.0094f,0f,0f,0f,1f],start_interpolation: 0,interpolation_duration: 1}
$data merge entity $(bone_right_leg) {transformation: [-0.9892f,0.1465f,-0.0016f,-0.1513f,0.1465f,0.9891f,-0.0128f,-1.208f,-0.0003f,-0.0129f,-0.9999f,0.0045f,0f,0f,0f,1f],start_interpolation: 0,interpolation_duration: 1}
$data merge entity $(bone_lower_left_leg) {transformation: [-0.9994f,0.0336f,0.005f,0.0855f,0.0339f,0.9831f,0.18f,-1.5969f,0.0011f,0.1801f,-0.9837f,0.0671f,0f,0f,0f,1f],start_interpolation: 0,interpolation_duration: 1}
$data merge entity $(bone_left_leg) {transformation: [-0.9994f,0.0333f,-0.0068f,0.098f,0.0339f,0.9854f,-0.1671f,-1.2274f,0.0011f,-0.1672f,-0.9859f,0.0044f,0f,0f,0f,1f],start_interpolation: 0,interpolation_duration: 1}
$data merge entity $(bone_waist) {transformation: [-0.997f,0.0775f,-0.0016f,0f,0.0775f,0.9969f,-0.0128f,-0.875f,0.0006f,-0.0129f,-0.9999f,0f,0f,0f,0f,1f],start_interpolation: 0,interpolation_duration: 1}
$data merge entity $(bone_pony_tail) {transformation: [-0.8692f,0.4944f,0f,0f,0.4842f,0.8513f,0.2022f,-0.422f,0.1f,0.1758f,-0.9793f,-0.2001f,0f,0f,0f,1f],start_interpolation: 0,interpolation_duration: 1}
$data merge entity $(bone_head) {transformation: [-1f,0f,0f,0f,0f,0.9793f,0.2022f,-0.5f,0f,0.2022f,-0.9793f,0.0231f,0f,0f,0f,1f],start_interpolation: 0,interpolation_duration: 1}
data modify entity @s data merge value {"cameras":{},"locators":{"locator":{"posx":-0.26724355483795825,"posy":-0.904492171980059,"posz":2.7111595702301843,"roty":7.91066582984746,"rotx":84.59112128183666},"locator2":{"posx":-0.2637040180210243,"posy":-0.35027351220143865,"posz":2.5965225394228946,"roty":7.91066582984746,"rotx":84.59112128183666},"locator3":{"posx":-0.264733231329613,"posy":0.1359467015084277,"posz":2.425601959913295,"roty":7.91066582984746,"rotx":84.59112128183666},"locator4":{"posx":-0.2732782875007561,"posy":0.6106134442502604,"posz":2.130443586578079,"roty":7.91066582984746,"rotx":84.59112128183666},"locator5":{"posx":-0.2782989345174466,"posy":-1.4702643027267124,"posz":2.701558807211859,"roty":7.91066582984746,"rotx":84.59112128183666},"saber_hitbox":{"posx":-0.36814370605306523,"posy":-1.0838601582412575,"posz":0.7845572045059099,"roty":7.91066582984746,"rotx":84.59112128183666},"locator6":{"posx":-0.08494672341807435,"posy":-0.7023161508570126,"posz":2.3691329813661217,"roty":10.711308459188274,"rotx":79.95772737826023},"locator7":{"posx":-0.054222125003990596,"posy":-0.1593308096493935,"posz":2.212495124237205,"roty":10.711308459188274,"rotx":79.95772737826023},"locator8":{"posx":-0.013028791284779684,"posy":0.311215267777776,"posz":2.0063046824727966,"roty":10.711308459188274,"rotx":79.95772737826023},"locator9":{"posx":0.053153185666476976,"posy":0.7599677386416597,"posz":1.6795920169387184,"roty":10.711308459188274,"rotx":79.95772737826023},"locator10":{"posx":-0.09068267860011242,"posy":-1.267095098627917,"posz":2.4052486147253687,"roty":10.711308459188274,"rotx":79.95772737826023},"short_sword_hitbox":{"posx":0.27738860344658833,"posy":-1.0183234460246522,"posz":0.621560736705916,"roty":10.711308459188274,"rotx":79.95772737826023}}}