# This file was generated by Animated Java via MC-Build. It is not recommended to edit this file directly.
$data merge entity $(bone_chest) {transformation: [-1f,0f,0f,0f,0f,0.9998f,-0.0174f,1.2498f,0f,-0.0174f,-0.9998f,0.0062f,0f,0f,0f,1f],start_interpolation: 0,interpolation_duration: 1}
$data merge entity $(bone_cape) {transformation: [-0.9939f,0.1097f,0.0096f,0.2188f,0.11f,0.9875f,0.1128f,1.377f,0.0029f,0.1131f,-0.9936f,-0.0749f,0f,0f,0f,1f],start_interpolation: 0,interpolation_duration: 1}
$data merge entity $(bone_saber) {transformation: [-1.368f,-0.1157f,0.0762f,-0.4113f,0.0714f,0.0599f,1.3718f,0.7998f,-0.1188f,1.3688f,-0.0536f,0.0492f,0f,0f,0f,1f],start_interpolation: 0,interpolation_duration: 1}
$data merge entity $(bone_right_forearm) {transformation: [-0.9949f,0.0554f,0.0841f,-0.4087f,0.0519f,0.9977f,-0.0436f,1.1116f,-0.0864f,-0.039f,-0.9955f,0.0261f,0f,0f,0f,1f],start_interpolation: 0,interpolation_duration: 1}
$data merge entity $(bone_right_arm) {transformation: [-0.9923f,0.1233f,-0.0104f,-0.25f,0.1237f,0.9907f,-0.0571f,1.3748f,0.0032f,-0.0579f,-0.9983f,0.0094f,0f,0f,0f,1f],start_interpolation: 0,interpolation_duration: 1}
$data merge entity $(bone_short_sword) {transformation: [-1.1657f,-0.0068f,-0.047f,0.4061f,-0.0474f,0.0824f,1.1628f,0.8467f,-0.0035f,1.1637f,-0.0826f,0.0604f,0f,0f,0f,1f],start_interpolation: 0,interpolation_duration: 1}
$data merge entity $(bone_left_forearm) {transformation: [-0.9992f,-0.0403f,0.0058f,0.3957f,-0.0406f,0.9967f,-0.0706f,1.1046f,-0.003f,-0.0708f,-0.9975f,0.0317f,0f,0f,0f,1f],start_interpolation: 0,interpolation_duration: 1}
$data merge entity $(bone_left_arm) {transformation: [-0.997f,-0.075f,0.0191f,0.25f,-0.0762f,0.9945f,-0.0718f,1.3748f,-0.0136f,-0.073f,-0.9972f,0.0094f,0f,0f,0f,1f],start_interpolation: 0,interpolation_duration: 1}
$data merge entity $(bone_torso) {transformation: [-1f,0f,0f,0f,0f,0.9997f,0.0263f,1.0156f,0f,0.0263f,-0.9997f,-0.0031f,0f,0f,0f,1f],start_interpolation: 0,interpolation_duration: 1}
$data merge entity $(bone_right_dress) {transformation: [-0.988f,-0.1545f,-0.0004f,-0.2009f,-0.1545f,0.988f,-0.0052f,0.865f,0.0012f,-0.0051f,-1f,-0.0065f,0f,0f,0f,1f],start_interpolation: 0,interpolation_duration: 1}
$data merge entity $(bone_left_dress) {transformation: [-0.974f,0.2267f,-0.0004f,0.1236f,0.2267f,0.974f,-0.0052f,0.8548f,-0.0008f,-0.0052f,-1f,-0.0066f,0f,0f,0f,1f],start_interpolation: 0,interpolation_duration: 1}
$data merge entity $(bone_lower_right_leg) {transformation: [-0.9963f,0.0855f,0.0019f,-0.1679f,0.0855f,0.9961f,0.0209f,0.3805f,-0.0001f,0.021f,-0.9998f,0.0038f,0f,0f,0f,1f],start_interpolation: 0,interpolation_duration: 1}
$data merge entity $(bone_right_leg) {transformation: [-0.9963f,0.0855f,-0.0004f,-0.1358f,0.0855f,0.9963f,-0.0052f,0.7541f,-0.0001f,-0.0053f,-1f,0.0018f,0f,0f,0f,1f],start_interpolation: 0,interpolation_duration: 1}
$data merge entity $(bone_lower_left_leg) {transformation: [-0.9999f,-0.012f,-0.0013f,0.1187f,-0.0121f,0.9972f,0.0735f,0.3721f,0.0005f,0.0735f,-0.9973f,0.0274f,0f,0f,0f,1f],start_interpolation: 0,interpolation_duration: 1}
$data merge entity $(bone_left_leg) {transformation: [-0.9999f,-0.0121f,0.0004f,0.1141f,-0.0121f,0.9976f,-0.0682f,0.7462f,0.0005f,-0.0682f,-0.9977f,0.0018f,0f,0f,0f,1f],start_interpolation: 0,interpolation_duration: 1}
$data merge entity $(bone_waist) {transformation: [-0.9995f,0.0315f,-0.0004f,0f,0.0315f,0.9995f,-0.0052f,1.0938f,0.0002f,-0.0052f,-1f,0f,0f,0f,0f,1f],start_interpolation: 0,interpolation_duration: 1}
$data merge entity $(bone_pony_tail) {transformation: [-0.978f,0.2085f,0f,0f,0.2067f,0.9692f,0.1341f,1.5312f,0.028f,0.1312f,-0.991f,-0.2187f,0f,0f,0f,1f],start_interpolation: 0,interpolation_duration: 1}
$data merge entity $(bone_head) {transformation: [-1f,0f,0f,0f,0f,0.991f,0.1341f,1.4688f,0f,0.1341f,-0.991f,0.0094f,0f,0f,0f,1f],start_interpolation: 0,interpolation_duration: 1}