# This file was generated by Animated Java via MC-Build. It is not recommended to edit this file directly.
$data merge entity $(bone_chest) {transformation: [-1f,0f,0f,0f,0f,0.9998f,-0.0174f,-0.7189f,0f,-0.0174f,-0.9998f,0.0062f,0f,0f,0f,1f],start_interpolation: 0,interpolation_duration: 1}
$data merge entity $(bone_cape) {transformation: [-0.9939f,0.1097f,0.0096f,0.2188f,0.11f,0.9875f,0.1128f,-0.5917f,0.0029f,0.1131f,-0.9936f,-0.0749f,0f,0f,0f,1f],start_interpolation: 0,interpolation_duration: 1}
$data merge entity $(bone_saber) {transformation: [-1.368f,-0.1157f,0.0762f,-0.4113f,0.0714f,0.0599f,1.3718f,-1.1689f,-0.1188f,1.3688f,-0.0536f,0.0492f,0f,0f,0f,1f],start_interpolation: 0,interpolation_duration: 1}
$data merge entity $(bone_right_forearm) {transformation: [-0.9949f,0.0554f,0.0841f,-0.4087f,0.0519f,0.9977f,-0.0436f,-0.8571f,-0.0864f,-0.039f,-0.9955f,0.0261f,0f,0f,0f,1f],start_interpolation: 0,interpolation_duration: 1}
$data merge entity $(bone_right_arm) {transformation: [-0.9923f,0.1233f,-0.0104f,-0.25f,0.1237f,0.9907f,-0.0571f,-0.594f,0.0032f,-0.0579f,-0.9983f,0.0094f,0f,0f,0f,1f],start_interpolation: 0,interpolation_duration: 1}
$data merge entity $(bone_short_sword) {transformation: [-1.1657f,-0.0068f,-0.047f,0.4061f,-0.0474f,0.0824f,1.1628f,-1.1221f,-0.0035f,1.1637f,-0.0826f,0.0604f,0f,0f,0f,1f],start_interpolation: 0,interpolation_duration: 1}
$data merge entity $(bone_left_forearm) {transformation: [-0.9992f,-0.0403f,0.0058f,0.3957f,-0.0406f,0.9967f,-0.0706f,-0.8641f,-0.003f,-0.0708f,-0.9975f,0.0317f,0f,0f,0f,1f],start_interpolation: 0,interpolation_duration: 1}
$data merge entity $(bone_left_arm) {transformation: [-0.997f,-0.075f,0.0191f,0.25f,-0.0762f,0.9945f,-0.0718f,-0.594f,-0.0136f,-0.073f,-0.9972f,0.0094f,0f,0f,0f,1f],start_interpolation: 0,interpolation_duration: 1}
$data merge entity $(bone_torso) {transformation: [-1f,0f,0f,0f,0f,0.9997f,0.0263f,-0.9531f,0f,0.0263f,-0.9997f,-0.0031f,0f,0f,0f,1f],start_interpolation: 0,interpolation_duration: 1}
$data merge entity $(bone_right_dress) {transformation: [-0.988f,-0.1545f,-0.0004f,-0.2009f,-0.1545f,0.988f,-0.0052f,-1.1037f,0.0012f,-0.0051f,-1f,-0.0065f,0f,0f,0f,1f],start_interpolation: 0,interpolation_duration: 1}
$data merge entity $(bone_left_dress) {transformation: [-0.974f,0.2267f,-0.0004f,0.1236f,0.2267f,0.974f,-0.0052f,-1.114f,-0.0008f,-0.0052f,-1f,-0.0066f,0f,0f,0f,1f],start_interpolation: 0,interpolation_duration: 1}
$data merge entity $(bone_lower_right_leg) {transformation: [-0.9963f,0.0855f,0.0019f,-0.1679f,0.0855f,0.9961f,0.0209f,-1.5883f,-0.0001f,0.021f,-0.9998f,0.0038f,0f,0f,0f,1f],start_interpolation: 0,interpolation_duration: 1}
$data merge entity $(bone_right_leg) {transformation: [-0.9963f,0.0855f,-0.0004f,-0.1358f,0.0855f,0.9963f,-0.0052f,-1.2146f,-0.0001f,-0.0053f,-1f,0.0018f,0f,0f,0f,1f],start_interpolation: 0,interpolation_duration: 1}
$data merge entity $(bone_lower_left_leg) {transformation: [-0.9999f,-0.012f,-0.0013f,0.1187f,-0.0121f,0.9972f,0.0735f,-1.5966f,0.0005f,0.0735f,-0.9973f,0.0274f,0f,0f,0f,1f],start_interpolation: 0,interpolation_duration: 1}
$data merge entity $(bone_left_leg) {transformation: [-0.9999f,-0.0121f,0.0004f,0.1141f,-0.0121f,0.9976f,-0.0682f,-1.2225f,0.0005f,-0.0682f,-0.9977f,0.0018f,0f,0f,0f,1f],start_interpolation: 0,interpolation_duration: 1}
$data merge entity $(bone_waist) {transformation: [-0.9995f,0.0315f,-0.0004f,0f,0.0315f,0.9995f,-0.0052f,-0.875f,0.0002f,-0.0052f,-1f,0f,0f,0f,0f,1f],start_interpolation: 0,interpolation_duration: 1}
$data merge entity $(bone_pony_tail) {transformation: [-0.978f,0.2085f,0f,0f,0.2067f,0.9692f,0.1341f,-0.4376f,0.028f,0.1312f,-0.991f,-0.2187f,0f,0f,0f,1f],start_interpolation: 0,interpolation_duration: 1}
$data merge entity $(bone_head) {transformation: [-1f,0f,0f,0f,0f,0.991f,0.1341f,-0.5f,0f,0.1341f,-0.991f,0.0094f,0f,0f,0f,1f],start_interpolation: 0,interpolation_duration: 1}
data modify entity @s data merge value {"cameras":{},"locators":{"body_hitbox":{"posx":-1.6391717276878904e-17,"posy":-0.8729678364976348,"posz":0.1338485291293086,"roty":0,"rotx":-0.9953703703703702},"flame":{"posx":-0.6471406875382657,"posy":-1.044167565663745,"posz":2.660277879115803,"roty":54.86790205510546,"rotx":86.1131034527648},"flame1":{"posx":-0.6106976469032748,"posy":-0.485686335125333,"posz":2.5761166058033256,"roty":54.86790205510546,"rotx":86.1131034527648},"flame2":{"posx":-0.5724604208987265,"posy":0.007713746118801934,"posz":2.432174692603041,"roty":54.86790205510546,"rotx":86.1131034527648},"flame3":{"posx":-0.5237050531019772,"posy":0.4956640047409202,"posz":2.163795372942208,"roty":54.86790205510546,"rotx":86.1131034527648},"flame4":{"posx":-0.6730655863810557,"posy":-1.6080986188241735,"posz":2.6200017459677327,"roty":54.86790205510546,"rotx":86.1131034527648},"saber_hitbox":{"posx":-0.4633049477749836,"posy":-1.132175762561352,"posz":0.6706288852755534,"roty":54.86790205510546,"rotx":86.1131034527648},"flame5":{"posx":0.39215705692996844,"posy":-0.9476666118466771,"posz":2.3759147919582015,"roty":330.35981504532526,"rotx":85.32606537448811},"flame6":{"posx":0.3698534921222645,"posy":-0.39145245067358303,"posz":2.2737342756775525,"roty":330.35981504532526,"rotx":85.32606537448811},"flame7":{"posx":0.35043297880736124,"posy":0.09805427186435378,"posz":2.1136373917205153,"roty":330.35981504532526,"rotx":85.32606537448811},"flame8":{"posx":0.33174124521795856,"posy":0.5787304370936264,"posz":1.8288549426898495,"roty":330.35981504532526,"rotx":85.32606537448811},"flame9":{"posx":0.41518940146317296,"posy":-1.5127113303284354,"posz":2.3534097431652214,"roty":330.35981504532526,"rotx":85.32606537448811},"short_sword_hitbox":{"posx":0.4030887528124762,"posy":-1.0801249714766399,"posz":0.5056313158537711,"roty":330.35981504532526,"rotx":85.32606537448811}}}