# This file was generated by Animated Java via MC-Build. It is not recommended to edit this file directly.
$data merge entity $(bone_chest) {transformation: [-1f,0f,0f,0f,0f,0.9811f,0.1938f,-0.7261f,0f,0.1938f,-0.9811f,0.0553f,0f,0f,0f,1f],start_interpolation: 0,interpolation_duration: 1}
$data merge entity $(bone_cape) {transformation: [-0.5384f,0.8395f,0.0734f,0.2188f,0.8188f,0.5006f,0.2811f,-0.5847f,0.1992f,0.2115f,-0.9569f,0.0029f,0f,0f,0f,1f],start_interpolation: 0,interpolation_duration: 1}
$data merge entity $(bone_saber) {transformation: [-0.8639f,1.0499f,-0.2049f,-0.3835f,0.1712f,0.3957f,1.3057f,-1.0767f,1.0559f,0.7948f,-0.3794f,0.3217f,0f,0f,0f,1f],start_interpolation: 0,interpolation_duration: 1}
$data merge entity $(bone_right_forearm) {transformation: [-0.6283f,-0.149f,-0.7636f,-0.4472f,0.1245f,0.9496f,-0.2878f,-0.7811f,0.7679f,-0.2759f,-0.5781f,0.2421f,0f,0f,0f,1f],start_interpolation: 0,interpolation_duration: 1}
$data merge entity $(bone_right_arm) {transformation: [-0.9125f,0.2954f,-0.2828f,-0.25f,0.3974f,0.804f,-0.4424f,-0.6047f,0.0967f,-0.5161f,-0.851f,0.0849f,0f,0f,0f,1f],start_interpolation: 0,interpolation_duration: 1}
$data merge entity $(bone_short_sword) {transformation: [-0.5785f,-0.9102f,0.4448f,0.2423f,-0.39f,0.6729f,0.8696f,-1.0175f,-0.935f,0.2825f,-0.638f,0.4139f,0f,0f,0f,1f],start_interpolation: 0,interpolation_duration: 1}
$data merge entity $(bone_left_forearm) {transformation: [-0.4959f,0.3813f,0.7802f,0.3494f,-0.3343f,0.7454f,-0.5768f,-0.83f,-0.8015f,-0.5468f,-0.2421f,0.2694f,0f,0f,0f,1f],start_interpolation: 0,interpolation_duration: 1}
$data merge entity $(bone_left_arm) {transformation: [-0.9944f,0.0886f,0.0576f,0.25f,0.0343f,0.786f,-0.6172f,-0.6047f,-0.0999f,-0.6118f,-0.7847f,0.0849f,0f,0f,0f,1f],start_interpolation: 0,interpolation_duration: 1}
$data merge entity $(bone_torso) {transformation: [-1f,0f,0f,0f,0f,0.9717f,0.2364f,-0.9531f,0f,0.2364f,-0.9717f,-0.0031f,0f,0f,0f,1f],start_interpolation: 0,interpolation_duration: 1}
$data merge entity $(bone_right_dress) {transformation: [-0.9378f,0.3468f,-0.0155f,-0.2521f,0.3471f,0.9367f,-0.0451f,-1.0458f,-0.0012f,-0.0477f,-0.9989f,0.0038f,0f,0f,0f,1f],start_interpolation: 0,interpolation_duration: 1}
$data merge entity $(bone_left_dress) {transformation: [-0.9512f,0.3081f,-0.0155f,0.0594f,0.3085f,0.9501f,-0.0451f,-1.1375f,0.0008f,-0.0477f,-0.9989f,0.0031f,0f,0f,0f,1f],start_interpolation: 0,interpolation_duration: 1}
$data merge entity $(bone_lower_right_leg) {transformation: [-0.9109f,0.4043f,0.0824f,-0.3715f,0.4126f,0.8947f,0.1712f,-1.5102f,-0.0045f,0.1899f,-0.9818f,0.0345f,0f,0f,0f,1f],start_interpolation: 0,interpolation_duration: 1}
$data merge entity $(bone_right_leg) {transformation: [-0.9109f,0.4123f,-0.0155f,-0.2169f,0.4126f,0.9098f,-0.0451f,-1.1691f,-0.0045f,-0.0475f,-0.9989f,0.0166f,0f,0f,0f,1f],start_interpolation: 0,interpolation_duration: 1}
$data merge entity $(bone_lower_left_leg) {transformation: [-0.9707f,0.1912f,0.1458f,-0.0495f,0.2404f,0.7612f,0.6023f,-1.5361f,0.0042f,0.6197f,-0.7849f,0.2341f,0f,0f,0f,1f],start_interpolation: 0,interpolation_duration: 1}
$data merge entity $(bone_left_leg) {transformation: [-0.9707f,0.1933f,-0.143f,0.0229f,0.2404f,0.7905f,-0.5634f,-1.2397f,0.0042f,-0.5812f,-0.8137f,0.0161f,0f,0f,0f,1f],start_interpolation: 0,interpolation_duration: 1}
$data merge entity $(bone_waist) {transformation: [-0.9593f,0.2821f,-0.0155f,0f,0.2825f,0.9582f,-0.0451f,-0.875f,0.0021f,-0.0477f,-0.9989f,0f,0f,0f,0f,1f],start_interpolation: 0,interpolation_duration: 1}
$data merge entity $(bone_pony_tail) {transformation: [0.3317f,0.9434f,0f,0f,0.8202f,-0.2884f,0.4941f,-0.357f,0.4661f,-0.1639f,-0.8694f,-0.1029f,0f,0f,0f,1f],start_interpolation: 0,interpolation_duration: 1}
$data merge entity $(bone_head) {transformation: [-1f,0f,0f,0f,0f,0.8694f,0.4941f,-0.5f,0f,0.4941f,-0.8694f,0.0854f,0f,0f,0f,1f],start_interpolation: 0,interpolation_duration: 1}
execute on vehicle unless entity @s[tag=aj.transforms_only] at @s run function animated_java:mage_hunter/animations/dodge_left/zzz/frames/4_root_commands