# This file was generated by Animated Java via MC-Build. It is not recommended to edit this file directly.
$data merge entity $(bone_chest) {transformation: [-1f,0f,0f,0f,0f,0.9797f,0.2004f,-0.7265f,0f,0.2004f,-0.9797f,0.0569f,0f,0f,0f,1f],start_interpolation: 0,interpolation_duration: 1}
$data merge entity $(bone_cape) {transformation: [-0.5141f,0.8545f,0.0748f,0.2188f,0.832f,0.4756f,0.2855f,-0.5848f,0.2084f,0.209f,-0.9555f,0.0054f,0f,0f,0f,1f],start_interpolation: 0,interpolation_duration: 1}
$data merge entity $(bone_saber) {transformation: [-0.8239f,1.0799f,-0.2137f,-0.3813f,0.1864f,0.3999f,1.3023f,-1.0732f,1.0849f,0.7514f,-0.386f,0.3294f,0f,0f,0f,1f],start_interpolation: 0,interpolation_duration: 1}
$data merge entity $(bone_right_forearm) {transformation: [-0.5992f,-0.1554f,-0.7854f,-0.4466f,0.1356f,0.9471f,-0.2909f,-0.7782f,0.789f,-0.2807f,-0.5465f,0.2489f,0f,0f,0f,1f],start_interpolation: 0,interpolation_duration: 1}
$data merge entity $(bone_right_arm) {transformation: [-0.9086f,0.2953f,-0.2953f,-0.25f,0.4052f,0.795f,-0.4514f,-0.6053f,0.1015f,-0.5298f,-0.842f,0.0872f,0f,0f,0f,1f],start_interpolation: 0,interpolation_duration: 1}
$data merge entity $(bone_short_sword) {transformation: [-0.5495f,-0.9207f,0.4599f,0.2373f,-0.4209f,0.6768f,0.852f,-1.0112f,-0.9391f,0.2354f,-0.6509f,0.4231f,0f,0f,0f,1f],start_interpolation: 0,interpolation_duration: 1}
$data merge entity $(bone_left_forearm) {transformation: [-0.471f,0.3942f,0.7891f,0.3478f,-0.3608f,0.7303f,-0.5801f,-0.8277f,-0.805f,-0.5579f,-0.2018f,0.2761f,0f,0f,0f,1f],start_interpolation: 0,interpolation_duration: 1}
$data merge entity $(bone_left_arm) {transformation: [-0.994f,0.0941f,0.0548f,0.25f,0.0384f,0.7738f,-0.6322f,-0.6053f,-0.1019f,-0.6264f,-0.7728f,0.0872f,0f,0f,0f,1f],start_interpolation: 0,interpolation_duration: 1}
$data merge entity $(bone_torso) {transformation: [-1f,0f,0f,0f,0f,0.97f,0.243f,-0.9531f,0f,0.243f,-0.97f,-0.0031f,0f,0f,0f,1f],start_interpolation: 0,interpolation_duration: 1}
$data merge entity $(bone_right_dress) {transformation: [-0.932f,0.362f,-0.0163f,-0.2535f,0.3624f,0.9309f,-0.0463f,-1.0437f,-0.0016f,-0.049f,-0.9988f,0.0041f,0f,0f,0f,1f],start_interpolation: 0,interpolation_duration: 1}
$data merge entity $(bone_left_dress) {transformation: [-0.9504f,0.3107f,-0.0163f,0.0572f,0.3111f,0.9492f,-0.0463f,-1.1379f,0.0011f,-0.0491f,-0.9988f,0.0034f,0f,0f,0f,1f],start_interpolation: 0,interpolation_duration: 1}
$data merge entity $(bone_lower_right_leg) {transformation: [-0.9063f,0.4135f,0.0868f,-0.3776f,0.4225f,0.8893f,0.175f,-1.5067f,-0.0048f,0.1953f,-0.9807f,0.0354f,0f,0f,0f,1f],start_interpolation: 0,interpolation_duration: 1}
$data merge entity $(bone_right_leg) {transformation: [-0.9063f,0.4222f,-0.0163f,-0.2193f,0.4225f,0.9052f,-0.0463f,-1.1673f,-0.0048f,-0.0488f,-0.9988f,0.0171f,0f,0f,0f,1f],start_interpolation: 0,interpolation_duration: 1}
$data merge entity $(bone_lower_left_leg) {transformation: [-0.9687f,0.1946f,0.1544f,-0.0539f,0.2484f,0.748f,0.6155f,-1.5319f,0.0043f,0.6345f,-0.7729f,0.2399f,0f,0f,0f,1f],start_interpolation: 0,interpolation_duration: 1}
$data merge entity $(bone_left_leg) {transformation: [-0.9687f,0.197f,-0.1512f,0.02f,0.2484f,0.7788f,-0.576f,-1.2398f,0.0043f,-0.5955f,-0.8033f,0.0166f,0f,0f,0f,1f],start_interpolation: 0,interpolation_duration: 1}
$data merge entity $(bone_waist) {transformation: [-0.9569f,0.2899f,-0.0163f,0f,0.2903f,0.9558f,-0.0463f,-0.875f,0.0021f,-0.049f,-0.9988f,0f,0f,0f,0f,1f],start_interpolation: 0,interpolation_duration: 1}
$data merge entity $(bone_pony_tail) {transformation: [0.3827f,0.9239f,0f,0f,0.7976f,-0.3304f,0.5047f,-0.3547f,0.4663f,-0.1931f,-0.8633f,-0.0987f,0f,0f,0f,1f],start_interpolation: 0,interpolation_duration: 1}
$data merge entity $(bone_head) {transformation: [-1f,0f,0f,0f,0f,0.8633f,0.5047f,-0.5f,0f,0.5047f,-0.8633f,0.0879f,0f,0f,0f,1f],start_interpolation: 0,interpolation_duration: 1}
execute on vehicle unless entity @s[tag=aj.transforms_only] at @s run function animated_java:mage_hunter/animations/dodge_left/zzz/frames/5_root_commands