# This file was generated by Animated Java via MC-Build. It is not recommended to edit this file directly.
$data merge entity $(bone_chest) {transformation: [-1f,0f,0f,0f,0f,0.994f,0.1097f,1.2468f,0f,0.1097f,-0.994f,0.0358f,0f,0f,0f,1f],start_interpolation: 0,interpolation_duration: 1}
$data merge entity $(bone_cape) {transformation: [-0.7992f,0.5988f,0.0524f,0.2188f,0.594f,0.7735f,0.2212f,1.3832f,0.0919f,0.2079f,-0.9738f,-0.0285f,0f,0f,0f,1f],start_interpolation: 0,interpolation_duration: 1}
$data merge entity $(bone_saber) {transformation: [-1.2353f,0.5956f,-0.0999f,-0.4023f,0.0321f,0.2917f,1.3433f,0.8495f,0.6031f,1.2045f,-0.276f,0.2197f,0f,0f,0f,1f],start_interpolation: 0,interpolation_duration: 1}
$data merge entity $(bone_right_forearm) {transformation: [-0.8984f,-0.0726f,-0.4332f,-0.4431f,0.0233f,0.977f,-0.2122f,1.1528f,0.4386f,-0.2007f,-0.876f,0.1555f,0f,0f,0f,1f],start_interpolation: 0,interpolation_duration: 1}
$data merge entity $(bone_right_arm) {transformation: [-0.9547f,0.2624f,-0.1404f,-0.25f,0.2941f,0.904f,-0.3102f,1.3703f,0.0455f,-0.3375f,-0.9402f,0.0549f,0f,0f,0f,1f],start_interpolation: 0,interpolation_duration: 1}
$data merge entity $(bone_short_sword) {transformation: [-0.9207f,-0.6726f,0.247f,0.3091f,-0.0863f,0.5033f,1.049f,0.887f,-0.7113f,0.8095f,-0.4469f,0.2865f,0f,0f,0f,1f],start_interpolation: 0,interpolation_duration: 1}
$data merge entity $(bone_left_forearm) {transformation: [-0.7892f,0.2117f,0.5765f,0.3701f,-0.074f,0.8991f,-0.4314f,1.1159f,-0.6097f,-0.3831f,-0.6939f,0.1798f,0f,0f,0f,1f],start_interpolation: 0,interpolation_duration: 1}
$data merge entity $(bone_left_arm) {transformation: [-0.9974f,0.0164f,0.0703f,0.25f,-0.0141f,0.9107f,-0.4127f,1.3703f,-0.0708f,-0.4127f,-0.9081f,0.0549f,0f,0f,0f,1f],start_interpolation: 0,interpolation_duration: 1}
$data merge entity $(bone_torso) {transformation: [-1f,0f,0f,0f,0f,0.9882f,0.1529f,1.0156f,0f,0.1529f,-0.9882f,-0.0031f,0f,0f,0f,1f],start_interpolation: 0,interpolation_duration: 1}
$data merge entity $(bone_right_dress) {transformation: [-0.9887f,0.1496f,-0.0069f,-0.2334f,0.1498f,0.9883f,-0.0299f,0.8982f,0.0024f,-0.0306f,-0.9995f,-0.0003f,0f,0f,0f,1f],start_interpolation: 0,interpolation_duration: 1}
$data merge entity $(bone_left_dress) {transformation: [-0.9612f,0.2759f,-0.0069f,0.0858f,0.2759f,0.9607f,-0.0299f,0.8387f,-0.0016f,-0.0307f,-0.9995f,-0.0008f,0f,0f,0f,1f],start_interpolation: 0,interpolation_duration: 1}
$data merge entity $(bone_lower_right_leg) {transformation: [-0.9585f,0.2829f,0.0368f,-0.2928f,0.2852f,0.9513f,0.1169f,0.4196f,-0.0019f,0.1226f,-0.9925f,0.0222f,0f,0f,0f,1f],start_interpolation: 0,interpolation_duration: 1}
$data merge entity $(bone_right_leg) {transformation: [-0.9585f,0.2852f,-0.0069f,-0.1858f,0.2852f,0.958f,-0.0299f,0.7789f,-0.0019f,-0.0306f,-0.9995f,0.0107f,0f,0f,0f,1f],start_interpolation: 0,interpolation_duration: 1}
$data merge entity $(bone_lower_left_leg) {transformation: [-0.9901f,0.1285f,0.056f,0.0119f,0.1402f,0.8998f,0.4131f,0.3909f,0.0027f,0.4169f,-0.909f,0.1561f,0f,0f,0f,1f],start_interpolation: 0,interpolation_duration: 1}
$data merge entity $(bone_left_leg) {transformation: [-0.9901f,0.1281f,-0.0569f,0.0599f,0.1402f,0.9125f,-0.3844f,0.7331f,0.0027f,-0.3885f,-0.9214f,0.0104f,0f,0f,0f,1f],start_interpolation: 0,interpolation_duration: 1}
$data merge entity $(bone_waist) {transformation: [-0.9831f,0.1831f,-0.0069f,0f,0.1832f,0.9826f,-0.0299f,1.0938f,0.0013f,-0.0307f,-0.9995f,0f,0f,0f,0f,1f],start_interpolation: 0,interpolation_duration: 1}
$data merge entity $(bone_pony_tail) {transformation: [-0.3359f,0.9419f,0f,0f,0.8803f,0.314f,0.3557f,1.5813f,0.335f,0.1195f,-0.9346f,-0.153f,0f,0f,0f,1f],start_interpolation: 0,interpolation_duration: 1}
$data merge entity $(bone_head) {transformation: [-1f,0f,0f,0f,0f,0.9346f,0.3557f,1.4688f,0f,0.3557f,-0.9346f,0.055f,0f,0f,0f,1f],start_interpolation: 0,interpolation_duration: 1}
execute on vehicle unless entity @s[tag=aj.transforms_only] at @s run function animated_java:mage_hunter/animations/dodge_left/zzz/frames/9_root_commands