# This file was generated by Animated Java via MC-Build. It is not recommended to edit this file directly.
$data merge entity $(bone_hair_side) {transformation: [-0.9999f,0.0023f,0.0107f,-0.2991f,0.0024f,1f,0.0055f,1.9111f,-0.0106f,0.0056f,-0.9999f,0.2512f,0f,0f,0f,1f],start_interpolation: 0,interpolation_duration: 1}
$data merge entity $(bone_hair_side1) {transformation: [-0.9999f,0.0023f,0.0107f,0.2946f,0.0024f,1f,0.0055f,1.9097f,-0.0106f,0.0056f,-0.9999f,0.2575f,0f,0f,0f,1f],start_interpolation: 0,interpolation_duration: 1}
$data merge entity $(bone_beard) {transformation: [-0.9999f,0.0023f,0.0107f,-0.0031f,0.0024f,1f,0.0055f,1.5918f,-0.0106f,0.0056f,-0.9999f,0.2599f,0f,0f,0f,1f],start_interpolation: 0,interpolation_duration: 1}
$data merge entity $(bone_head) {transformation: [-0.9999f,0.0004f,0.0109f,0f,0.0024f,0.9838f,0.1791f,1.7344f,-0.0106f,0.1791f,-0.9838f,0f,0f,0f,0f,1f],start_interpolation: 0,interpolation_duration: 1}
$data merge entity $(bone_body) {transformation: [-1.1242f,0f,0.0429f,0f,0f,1.125f,0f,1.0625f,-0.0429f,0f,-1.1242f,0f,0f,0f,0f,1f],start_interpolation: 0,interpolation_duration: 1}
$data merge entity $(bone_left4) {transformation: [-0.9752f,-0.1396f,0.1715f,0.3335f,-0.1616f,0.9793f,-0.1218f,1.1617f,-0.1509f,-0.1465f,-0.9776f,0.0551f,0f,0f,0f,1f],start_interpolation: 0,interpolation_duration: 1}
$data merge entity $(bone_left3) {transformation: [-0.9737f,-0.1502f,0.1715f,0.1936f,-0.1723f,0.9775f,-0.1218f,0.0387f,-0.1493f,-0.1482f,-0.9776f,0.1705f,0f,0f,0f,1f],start_interpolation: 0,interpolation_duration: 1}
$data merge entity $(bone_scythe) {transformation: [-2.3596f,-0.2692f,0.0185f,-0.8472f,-0.2677f,2.3152f,-0.4568f,1.1947f,0.0337f,-0.4559f,-2.3306f,-0.0281f,0f,0f,0f,1f],start_interpolation: 0,interpolation_duration: 1}
$data merge entity $(bone_right2) {transformation: [0.0614f,0.9973f,0.041f,-0.5209f,-0.119f,0.0481f,-0.9917f,1.2123f,-0.991f,0.056f,0.1216f,0.0058f,0f,0f,0f,1f],start_interpolation: 0,interpolation_duration: 1}
$data merge entity $(bone_right1) {transformation: [-0.7193f,0.692f,0.0614f,-1.0314f,0.6831f,0.7206f,-0.119f,0.2333f,-0.1266f,-0.0436f,-0.991f,0.0917f,0f,0f,0f,1f],start_interpolation: 0,interpolation_duration: 1}
data modify entity @s data merge value {"cameras":{},"locators":{"scythe_blade":{"posx":-1.6440248455665216,"posy":2.2308581671011027,"posz":-0.2374618835001225,"roty":0.4546169258254906,"rotx":-11.08876589558978},"scythe_pole":{"posx":-0.8547123024545473,"posy":1.3944480533127181,"posz":-0.06726690461235094,"roty":0.4546169258254906,"rotx":-11.08876589558978}}}