# This file was generated by Animated Java via MC-Build. It is not recommended to edit this file directly.
$data merge entity $(bone_body) {transformation: [-1.0729f,0f,0.3383f,0f,0f,1.125f,0f,1.0625f,-0.3383f,0f,-1.0729f,0f,0f,0f,0f,1f],start_interpolation: 0,interpolation_duration: 1}
$data merge entity $(bone_left4) {transformation: [-0.28f,0.9357f,0.2146f,-0.0088f,0.0671f,0.242f,-0.9679f,1.369f,-0.9577f,-0.2566f,-0.1305f,0.2073f,0f,0f,0f,1f],start_interpolation: 0,interpolation_duration: 1}
$data merge entity $(bone_left3) {transformation: [-0.3605f,0.9078f,0.2146f,-1.1143f,0.0457f,0.247f,-0.9679f,1.1132f,-0.9317f,-0.3391f,-0.1305f,0.287f,0f,0f,0f,1f],start_interpolation: 0,interpolation_duration: 1}
$data merge entity $(bone_aura) {transformation: [-1.867f,-1.4432f,0.2688f,-2.4786f,-0.4989f,0.2148f,-2.3121f,1.102f,1.3806f,-1.874f,-0.472f,-0.1506f,0f,0f,0f,1f],start_interpolation: 0,interpolation_duration: 1}
$data merge entity $(bone_scythe) {transformation: [-1.3429f,-1.0381f,0.1933f,-0.8392f,-0.3588f,0.1545f,-1.6631f,1.2872f,0.9931f,-1.3479f,-0.3395f,-0.1245f,0f,0f,0f,1f],start_interpolation: 0,interpolation_duration: 1}
$data merge entity $(bone_right2) {transformation: [0.2387f,0.9385f,-0.2494f,-0.5349f,-0.8355f,0.0676f,-0.5453f,1.3225f,-0.4949f,0.3385f,0.8003f,-0.0057f,0f,0f,0f,1f],start_interpolation: 0,interpolation_duration: 1}
$data merge entity $(bone_right1) {transformation: [-0.334f,0.9118f,0.2387f,-1.3994f,0.4079f,0.3682f,-0.8355f,0.8038f,-0.8497f,-0.1817f,-0.4949f,0.4529f,0f,0f,0f,1f],start_interpolation: 0,interpolation_duration: 1}
execute on vehicle unless entity @s[tag=aj.transforms_only] positioned ^-2.060435774 ^1.2492394213 ^-0.6339534443 rotated ~29.6579740081 ~-76.7795356732 run function animated_java:lich/animations/swing2/zzz/frames/10_locator_commands
execute on vehicle unless entity @s[tag=aj.transforms_only] positioned ^-0.9503170998 ^1.3088623516 ^-0.2938885455 rotated ~29.6579740081 ~-76.7795356732 run function animated_java:lich/animations/swing2/zzz/frames/10_locator_commands
data modify entity @s data merge value {"cameras":{},"locators":{"scythe_blade":{"posx":-2.0604357739793238,"posy":1.2492394212894042,"posz":-0.6339534442785524,"roty":29.65797400809032,"rotx":-76.7795356732261},"scythe_pole":{"posx":-0.9503170997757425,"posy":1.3088623516412765,"posz":-0.29388854553018473,"roty":29.65797400809032,"rotx":-76.7795356732261}}}
execute on vehicle unless entity @s[tag=aj.transforms_only] at @s run function animated_java:lich/animations/swing2/zzz/frames/10_root_commands