# This file was generated by Animated Java via MC-Build. It is not recommended to edit this file directly.
$data merge entity $(bone_hair_side) {transformation: [-0.5401f,-0.7451f,-0.3913f,-0.0998f,-0.801f,0.5978f,-0.0327f,1.8763f,0.2583f,0.2957f,-0.9197f,0.3706f,0f,0f,0f,1f],start_interpolation: 0,interpolation_duration: 1}
$data merge entity $(bone_hair_side1) {transformation: [-0.6049f,-0.7182f,-0.344f,0.4268f,-0.6703f,0.6924f,-0.267f,1.9356f,0.4299f,0.069f,-0.9002f,0.1029f,0f,0f,0f,1f],start_interpolation: 0,interpolation_duration: 1}
$data merge entity $(bone_beard) {transformation: [-0.887f,-0.0802f,-0.4547f,0.1924f,-0.0999f,0.9948f,0.0195f,1.5889f,0.4508f,0.0628f,-0.8904f,0.2233f,0f,0f,0f,1f],start_interpolation: 0,interpolation_duration: 1}
$data merge entity $(bone_head) {transformation: [-0.887f,0f,-0.4617f,0.0625f,-0.0999f,0.9763f,0.192f,1.7344f,0.4508f,0.2164f,-0.866f,0f,0f,0f,0f,1f],start_interpolation: 0,interpolation_duration: 1}
$data merge entity $(bone_body) {transformation: [-0.76f,0f,-0.8294f,0f,0f,1.125f,0f,1.0625f,0.8294f,0f,-0.76f,0f,0f,0f,0f,1f],start_interpolation: 0,interpolation_duration: 1}
$data merge entity $(bone_left4) {transformation: [-0.8947f,-0.3668f,0.255f,0.5207f,-0.3428f,0.1977f,-0.9184f,1.5709f,0.2865f,-0.909f,-0.3026f,-0.2996f,0f,0f,0f,1f],start_interpolation: 0,interpolation_duration: 1}
$data merge entity $(bone_left3) {transformation: [0.0808f,-0.9636f,0.255f,1.5998f,-0.2917f,-0.2675f,-0.9184f,1.7723f,0.9531f,-0.0001f,-0.3026f,-0.0016f,0f,0f,0f,1f],start_interpolation: 0,interpolation_duration: 1}
$data merge entity $(bone_scythe) {transformation: [1.4929f,-0.8207f,-0.1261f,0.2994f,-0.403f,-0.4893f,-1.5864f,1.2296f,0.726f,1.4161f,-0.6212f,0.6167f,0f,0f,0f,1f],start_interpolation: 0,interpolation_duration: 1}
$data merge entity $(bone_right2) {transformation: [-0.0578f,-0.7273f,0.6839f,0.0617f,-0.932f,0.2848f,0.2241f,1.3377f,-0.3578f,-0.6244f,-0.6943f,0.4174f,0f,0f,0f,1f],start_interpolation: 0,interpolation_duration: 1}
$data merge entity $(bone_right1) {transformation: [-0.7998f,-0.5975f,-0.0578f,0.9465f,-0.1712f,0.3194f,-0.932f,1.0518f,0.5753f,-0.7355f,-0.3578f,1.0191f,0f,0f,0f,1f],start_interpolation: 0,interpolation_duration: 1}
execute on vehicle unless entity @s[tag=aj.transforms_only] at @s run function animated_java:lich/animations/swing2/zzz/frames/15_root_commands