# This file was generated by Animated Java via MC-Build. It is not recommended to edit this file directly.
$data merge entity $(bone_hair_side) {transformation: [-0.5491f,-0.7183f,-0.4272f,-0.0915f,-0.7859f,0.6177f,-0.0286f,1.8761f,0.2844f,0.3201f,-0.9037f,0.3742f,0f,0f,0f,1f],start_interpolation: 0,interpolation_duration: 1}
$data merge entity $(bone_hair_side1) {transformation: [-0.7044f,-0.5986f,-0.3814f,0.4282f,-0.5595f,0.7989f,-0.2206f,1.9377f,0.4368f,0.0581f,-0.8977f,0.0937f,0f,0f,0f,1f],start_interpolation: 0,interpolation_duration: 1}
$data merge entity $(bone_beard) {transformation: [-0.8753f,-0.0839f,-0.4763f,0.1985f,-0.1037f,0.9945f,0.0155f,1.5899f,0.4723f,0.063f,-0.8792f,0.2203f,0f,0f,0f,1f],start_interpolation: 0,interpolation_duration: 1}
$data merge entity $(bone_head) {transformation: [-0.8753f,0.0001f,-0.4836f,0.0625f,-0.1037f,0.9767f,0.188f,1.7344f,0.4723f,0.2147f,-0.8549f,0f,0f,0f,0f,1f],start_interpolation: 0,interpolation_duration: 1}
$data merge entity $(bone_body) {transformation: [-0.7178f,0f,-0.8662f,0f,0f,1.125f,0f,1.0625f,0.8662f,0f,-0.7178f,0f,0f,0f,0f,1f],start_interpolation: 0,interpolation_duration: 1}
$data merge entity $(bone_left4) {transformation: [-0.9051f,-0.3062f,0.295f,0.5171f,-0.3392f,0.1019f,-0.9352f,1.5855f,0.2563f,-0.9465f,-0.1961f,-0.3224f,0f,0f,0f,1f],start_interpolation: 0,interpolation_duration: 1}
$data merge entity $(bone_left3) {transformation: [0.0705f,-0.9524f,0.2965f,1.5808f,-0.183f,-0.3045f,-0.9348f,1.8614f,0.9806f,0.0117f,-0.1958f,-0.0287f,0f,0f,0f,1f],start_interpolation: 0,interpolation_duration: 1}
$data merge entity $(bone_scythe) {transformation: [2.1758f,-0.9443f,-0.1217f,0.3516f,-0.4096f,-0.6544f,-2.246f,1.281f,0.8596f,2.0786f,-0.7623f,0.5979f,0f,0f,0f,1f],start_interpolation: 0,interpolation_duration: 1}
$data merge entity $(bone_right2) {transformation: [-0.0061f,-0.8052f,0.593f,0.0875f,-0.9452f,0.1982f,0.2594f,1.3608f,-0.3264f,-0.5589f,-0.7623f,0.4196f,0f,0f,0f,1f],start_interpolation: 0,interpolation_duration: 1}
$data merge entity $(bone_right1) {transformation: [-0.7489f,-0.6625f,-0.0148f,1.0255f,-0.1984f,0.2455f,-0.9489f,1.162f,0.6323f,-0.7077f,-0.3153f,0.974f,0f,0f,0f,1f],start_interpolation: 0,interpolation_duration: 1}
execute on vehicle unless entity @s[tag=aj.transforms_only] positioned ^0.5136071204 ^0.8508550601 ^1.8393712282 rotated ~350.9330258813 ~-71.0318831754 run function animated_java:lich/animations/swing2/zzz/frames/16_locator_commands
execute on vehicle unless entity @s[tag=aj.transforms_only] positioned ^0.2565447048 ^1.2277187654 ^0.7700465993 rotated ~350.9330258813 ~-71.0318831754 run function animated_java:lich/animations/swing2/zzz/frames/16_locator_commands
data modify entity @s data merge value {"cameras":{},"locators":{"scythe_blade":{"posx":0.5136071204116092,"posy":0.8508550601186723,"posz":1.8393712282103218,"roty":350.93302588125243,"rotx":-71.03188317537712},"scythe_pole":{"posx":0.256544704784507,"posy":1.227718765437738,"posz":0.7700465992574757,"roty":350.93302588125243,"rotx":-71.03188317537712}}}