# This file was generated by Animated Java via MC-Build. It is not recommended to edit this file directly.
$data merge entity $(bone_hair_side) {transformation: [-0.6454f,-0.6024f,-0.4695f,-0.0871f,-0.6793f,0.7338f,-0.0077f,-0.5614f,0.3492f,0.314f,-0.8829f,0.376f,0f,0f,0f,1f],start_interpolation: 0,interpolation_duration: 1}
$data merge entity $(bone_hair_side1) {transformation: [-0.8531f,-0.3424f,-0.3936f,0.4288f,-0.3079f,0.9395f,-0.1499f,-0.4987f,0.4212f,-0.0067f,-0.907f,0.0888f,0f,0f,0f,1f],start_interpolation: 0,interpolation_duration: 1}
$data merge entity $(bone_beard) {transformation: [-0.8689f,-0.0858f,-0.4876f,0.2017f,-0.1057f,0.9943f,0.0133f,-0.847f,0.4837f,0.0631f,-0.873f,0.2187f,0f,0f,0f,1f],start_interpolation: 0,interpolation_duration: 1}
$data merge entity $(bone_head) {transformation: [-0.8689f,0.0002f,-0.4951f,0.0625f,-0.1057f,0.9769f,0.1858f,-0.7031f,0.4837f,0.2137f,-0.8488f,0f,0f,0f,0f,1f],start_interpolation: 0,interpolation_duration: 1}
$data merge entity $(bone_body) {transformation: [-0.6946f,0f,-0.8849f,0f,0f,1.125f,0f,-1.375f,0.8849f,0f,-0.6946f,0f,0f,0f,0f,1f],start_interpolation: 0,interpolation_duration: 1}
$data merge entity $(bone_left4) {transformation: [-0.9097f,-0.2639f,0.3207f,0.5136f,-0.3446f,0.0485f,-0.9375f,-0.8424f,0.2319f,-0.9633f,-0.1351f,-0.3349f,0f,0f,0f,1f],start_interpolation: 0,interpolation_duration: 1}
$data merge entity $(bone_left3) {transformation: [0.0575f,-0.9436f,0.3259f,1.5636f,-0.1217f,-0.3307f,-0.9359f,-0.5188f,0.9909f,0.0141f,-0.1339f,-0.0407f,0f,0f,0f,1f],start_interpolation: 0,interpolation_duration: 1}
$data merge entity $(bone_aura) {transformation: [2.2266f,-0.8247f,-0.0512f,1.2609f,-0.3094f,-0.6957f,-2.2496f,-1.591f,0.7662f,2.1158f,-0.7597f,1.8985f,0f,0f,0f,1f],start_interpolation: 0,interpolation_duration: 1}
$data merge entity $(bone_scythe) {transformation: [1.6016f,-0.5932f,-0.0368f,0.3777f,-0.2225f,-0.5004f,-1.6182f,-1.1271f,0.5511f,1.5219f,-0.5464f,0.5842f,0f,0f,0f,1f],start_interpolation: 0,interpolation_duration: 1}
$data merge entity $(bone_right2) {transformation: [0.0384f,-0.8437f,0.5354f,0.1002f,-0.942f,0.1483f,0.3012f,-1.0637f,-0.3335f,-0.5159f,-0.7891f,0.4201f,0f,0f,0f,1f],start_interpolation: 0,interpolation_duration: 1}
$data merge entity $(bone_right1) {transformation: [-0.72f,-0.6939f,0.0106f,1.0625f,-0.2106f,0.204f,-0.9561f,-1.2147f,0.6612f,-0.6906f,-0.293f,0.9473f,0f,0f,0f,1f],start_interpolation: 0,interpolation_duration: 1}
execute on vehicle unless entity @s[tag=aj.transforms_only] positioned ^0.6114825525 ^-1.5487509106 ^1.8170716309 rotated ~356.1469159817 ~-71.30166705 run function animated_java:lich/animations/swing2/zzz/frames/17_locator_commands
execute on vehicle unless entity @s[tag=aj.transforms_only] positioned ^0.2924942932 ^-1.1845745304 ^0.7601021164 rotated ~356.1469159817 ~-71.30166705 run function animated_java:lich/animations/swing2/zzz/frames/17_locator_commands
data modify entity @s data merge value {"cameras":{},"locators":{"scythe_blade":{"posx":0.611482552520932,"posy":-1.548750910631375,"posz":1.8170716308936359,"roty":356.146915981729,"rotx":-71.30166705004326},"scythe_pole":{"posx":0.29249429322117304,"posy":-1.184574530363119,"posz":0.7601021164403474,"roty":356.146915981729,"rotx":-71.30166705004326}}}
execute on vehicle unless entity @s[tag=aj.transforms_only] at @s run function animated_java:lich/animations/swing2/zzz/frames/17_root_commands