# This file was generated by Animated Java via MC-Build. It is not recommended to edit this file directly.
$data merge entity $(bone_hair_side) {transformation: [-0.7076f,-0.5058f,-0.4934f,-0.0868f,-0.5902f,0.807f,0.0192f,1.8761f,0.3885f,0.3048f,-0.8696f,0.3761f,0f,0f,0f,1f],start_interpolation: 0,interpolation_duration: 1}
$data merge entity $(bone_hair_side1) {transformation: [-0.9482f,0.1222f,-0.2932f,0.4288f,0.1615f,0.9803f,-0.1137f,1.9389f,0.2736f,-0.1552f,-0.9493f,0.0885f,0f,0f,0f,1f],start_interpolation: 0,interpolation_duration: 1}
$data merge entity $(bone_beard) {transformation: [-0.8685f,-0.0859f,-0.4882f,0.2019f,-0.1058f,0.9943f,0.0132f,1.5906f,0.4843f,0.0631f,-0.8726f,0.2186f,0f,0f,0f,1f],start_interpolation: 0,interpolation_duration: 1}
$data merge entity $(bone_head) {transformation: [-0.8685f,0.0002f,-0.4957f,0.0625f,-0.1058f,0.9769f,0.1856f,1.7344f,0.4843f,0.2137f,-0.8484f,0f,0f,0f,0f,1f],start_interpolation: 0,interpolation_duration: 1}
$data merge entity $(bone_body) {transformation: [-0.6933f,0f,-0.886f,0f,0f,1.125f,0f,1.0625f,0.886f,0f,-0.6933f,0f,0f,0f,0f,1f],start_interpolation: 0,interpolation_duration: 1}
$data merge entity $(bone_left4) {transformation: [-0.9065f,-0.2546f,0.3369f,0.5087f,-0.3563f,0.0332f,-0.9338f,1.6025f,0.2265f,-0.9665f,-0.1208f,-0.341f,0f,0f,0f,1f],start_interpolation: 0,interpolation_duration: 1}
$data merge entity $(bone_left3) {transformation: [0.0584f,-0.9343f,0.3517f,1.5489f,-0.103f,-0.356f,-0.9288f,1.9597f,0.993f,0.018f,-0.1171f,-0.0504f,0f,0f,0f,1f],start_interpolation: 0,interpolation_duration: 1}
$data merge entity $(bone_scythe) {transformation: [1.616f,-0.5516f,0.0522f,0.383f,-0.1707f,-0.6488f,-1.5711f,1.3153f,0.5271f,1.4809f,-0.6689f,0.5778f,0f,0f,0f,1f],start_interpolation: 0,interpolation_duration: 1}
$data merge entity $(bone_right2) {transformation: [0.0909f,-0.8552f,0.5102f,0.101f,-0.9097f,0.1372f,0.392f,1.3745f,-0.4053f,-0.4998f,-0.7655f,0.4201f,0f,0f,0f,1f],start_interpolation: 0,interpolation_duration: 1}
$data merge entity $(bone_right1) {transformation: [-0.7183f,-0.6956f,0.0121f,1.0645f,-0.2113f,0.2015f,-0.9564f,1.2265f,0.6629f,-0.6896f,-0.2917f,0.9456f,0f,0f,0f,1f],start_interpolation: 0,interpolation_duration: 1}
execute on vehicle unless entity @s[tag=aj.transforms_only] at @s run function animated_java:lich/animations/swing2/zzz/frames/19_root_commands