# This file was generated by Animated Java via MC-Build. It is not recommended to edit this file directly.
$data merge entity $(bone_hair_side) {transformation: [-0.6773f,-0.5587f,-0.4787f,-0.0928f,-0.6444f,0.7644f,0.0194f,1.8761f,0.3551f,0.3216f,-0.8778f,0.3736f,0f,0f,0f,1f],start_interpolation: 0,interpolation_duration: 1}
$data merge entity $(bone_hair_side1) {transformation: [-0.9813f,0.0544f,-0.1847f,0.428f,0.0645f,0.9967f,-0.0493f,1.9374f,0.1814f,-0.0602f,-0.9816f,0.0952f,0f,0f,0f,1f],start_interpolation: 0,interpolation_duration: 1}
$data merge entity $(bone_beard) {transformation: [-0.8772f,-0.0833f,-0.4729f,0.1975f,-0.1031f,0.9945f,0.0162f,1.5898f,0.469f,0.063f,-0.881f,0.2208f,0f,0f,0f,1f],start_interpolation: 0,interpolation_duration: 1}
$data merge entity $(bone_head) {transformation: [-0.8772f,0.0001f,-0.4802f,0.0625f,-0.1031f,0.9766f,0.1886f,1.7344f,0.469f,0.215f,-0.8566f,0f,0f,0f,0f,1f],start_interpolation: 0,interpolation_duration: 1}
$data merge entity $(bone_body) {transformation: [-0.7245f,0f,-0.8606f,0f,0f,1.125f,0f,1.0625f,0.8606f,0f,-0.7245f,0f,0f,0f,0f,1f],start_interpolation: 0,interpolation_duration: 1}
$data merge entity $(bone_left4) {transformation: [-0.8948f,-0.3145f,0.3168f,0.5088f,-0.3594f,0.0866f,-0.9291f,1.5974f,0.2647f,-0.9453f,-0.1906f,-0.332f,0f,0f,0f,1f],start_interpolation: 0,interpolation_duration: 1}
$data merge entity $(bone_left3) {transformation: [0.089f,-0.9372f,0.3372f,1.5617f,-0.1659f,-0.3477f,-0.9228f,1.9258f,0.9821f,0.0262f,-0.1865f,-0.0537f,0f,0f,0f,1f],start_interpolation: 0,interpolation_duration: 1}
$data merge entity $(bone_scythe) {transformation: [1.5827f,-0.6356f,0.0982f,0.3527f,-0.2129f,-0.7641f,-1.513f,1.2789f,0.6068f,1.3895f,-0.7871f,0.591f,0f,0f,0f,1f],start_interpolation: 0,interpolation_duration: 1}
$data merge entity $(bone_right2) {transformation: [0.0979f,-0.8152f,0.5708f,0.0836f,-0.8807f,0.1962f,0.4312f,1.3571f,-0.4635f,-0.5449f,-0.6987f,0.4194f,0f,0f,0f,1f],start_interpolation: 0,interpolation_duration: 1}
$data merge entity $(bone_right1) {transformation: [-0.7572f,-0.6528f,-0.0219f,1.0139f,-0.1945f,0.2574f,-0.9465f,1.1444f,0.6236f,-0.7124f,-0.3219f,0.9815f,0f,0f,0f,1f],start_interpolation: 0,interpolation_duration: 1}
data modify entity @s data merge value {"cameras":{},"locators":{"hitbox":{"posx":-0.028254617324235676,"posy":0.762916781833089,"posz":1.5353251871657365,"roty":7.11430849391337,"rotx":-62.333439561022836},"hitbox2":{"posx":0.6665732808249946,"posy":0.6694360545948388,"posz":1.801737547217838,"roty":7.11430849391337,"rotx":-62.333439561022836}}}
execute on vehicle unless entity @s[tag=aj.transforms_only] at @s run function animated_java:lich/animations/swing2/zzz/frames/21_root_commands