# This file was generated by Animated Java via MC-Build. It is not recommended to edit this file directly.
$data merge entity $(bone_hair_side) {transformation: [-0.7084f,-0.5328f,-0.4629f,-0.0988f,-0.609f,0.7929f,0.0193f,1.8762f,0.3568f,0.2956f,-0.8862f,0.3711f,0f,0f,0f,1f],start_interpolation: 0,interpolation_duration: 1}
$data merge entity $(bone_hair_side1) {transformation: [-0.9879f,-0.075f,-0.1359f,0.427f,-0.0766f,0.997f,0.0064f,1.9359f,0.135f,0.0167f,-0.9907f,0.1018f,0f,0f,0f,1f],start_interpolation: 0,interpolation_duration: 1}
$data merge entity $(bone_beard) {transformation: [-0.8856f,-0.0806f,-0.4574f,0.1931f,-0.1004f,0.9948f,0.019f,1.589f,0.4535f,0.0628f,-0.889f,0.2229f,0f,0f,0f,1f],start_interpolation: 0,interpolation_duration: 1}
$data merge entity $(bone_head) {transformation: [-0.8856f,0f,-0.4645f,0.0625f,-0.1004f,0.9763f,0.1915f,1.7344f,0.4535f,0.2162f,-0.8646f,0f,0f,0f,0f,1f],start_interpolation: 0,interpolation_duration: 1}
$data merge entity $(bone_body) {transformation: [-0.7549f,0f,-0.8342f,0f,0f,1.125f,0f,1.0625f,0.8342f,0f,-0.7549f,0f,0f,0f,0f,1f],start_interpolation: 0,interpolation_duration: 1}
$data merge entity $(bone_left4) {transformation: [-0.8885f,-0.3667f,0.2759f,0.5151f,-0.3538f,0.1645f,-0.9207f,1.582f,0.2923f,-0.9157f,-0.2759f,-0.3122f,0f,0f,0f,1f],start_interpolation: 0,interpolation_duration: 1}
$data merge entity $(bone_left3) {transformation: [0.0991f,-0.9524f,0.2882f,1.5878f,-0.256f,-0.3043f,-0.9176f,1.8348f,0.9616f,0.0172f,-0.2739f,-0.0305f,0f,0f,0f,1f],start_interpolation: 0,interpolation_duration: 1}
$data merge entity $(bone_scythe) {transformation: [1.5239f,-0.772f,0.0106f,0.3125f,-0.3287f,-0.67f,-1.5367f,1.2389f,0.6987f,1.3688f,-0.7462f,0.6084f,0f,0f,0f,1f],start_interpolation: 0,interpolation_duration: 1}
$data merge entity $(bone_right2) {transformation: [0.026f,-0.7528f,0.6577f,0.0651f,-0.9015f,0.2667f,0.3409f,1.3405f,-0.4321f,-0.6018f,-0.6717f,0.4177f,0f,0f,0f,1f],start_interpolation: 0,interpolation_duration: 1}
$data merge entity $(bone_right1) {transformation: [-0.7937f,-0.606f,-0.0528f,0.957f,-0.1749f,0.3105f,-0.9343f,1.0652f,0.5826f,-0.7324f,-0.3524f,1.0138f,0f,0f,0f,1f],start_interpolation: 0,interpolation_duration: 1}
execute on vehicle unless entity @s[tag=aj.transforms_only] at @s run function animated_java:lich/animations/swing2/zzz/frames/23_root_commands