# This file was generated by Animated Java via MC-Build. It is not recommended to edit this file directly.
$data merge entity $(bone_hair_side) {transformation: [-0.7243f,-0.5142f,-0.4594f,-0.0958f,-0.5852f,0.8107f,0.0151f,-0.5609f,0.3646f,0.2798f,-0.8881f,0.3722f,0f,0f,0f,1f],start_interpolation: 0,interpolation_duration: 1}
$data merge entity $(bone_hair_side1) {transformation: [-0.9783f,-0.1512f,-0.1413f,0.4273f,-0.1545f,0.9879f,0.0123f,-0.5003f,0.1378f,0.0339f,-0.9899f,0.098f,0f,0f,0f,1f],start_interpolation: 0,interpolation_duration: 1}
$data merge entity $(bone_beard) {transformation: [-0.8811f,-0.083f,-0.4655f,0.1956f,-0.102f,0.9947f,0.0157f,-0.8476f,0.4617f,0.0613f,-0.8849f,0.222f,0f,0f,0f,1f],start_interpolation: 0,interpolation_duration: 1}
$data merge entity $(bone_head) {transformation: [-0.8811f,-0.0009f,-0.4729f,0.0625f,-0.102f,0.9768f,0.1882f,-0.7031f,0.4617f,0.214f,-0.8608f,0f,0f,0f,0f,1f],start_interpolation: 0,interpolation_duration: 1}
$data merge entity $(bone_body) {transformation: [-0.7465f,0f,-0.8416f,0f,0f,1.125f,0f,-1.375f,0.8416f,0f,-0.7465f,0f,0f,0f,0f,1f],start_interpolation: 0,interpolation_duration: 1}
$data merge entity $(bone_left4) {transformation: [-0.9201f,-0.3278f,0.2142f,0.5335f,-0.3003f,0.2396f,-0.9233f,-0.8934f,0.2513f,-0.9139f,-0.3189f,-0.2743f,0f,0f,0f,1f],start_interpolation: 0,interpolation_duration: 1}
$data merge entity $(bone_left3) {transformation: [0.0083f,-0.9834f,0.1813f,1.6117f,-0.3329f,-0.1736f,-0.9268f,-0.8076f,0.9429f,-0.0526f,-0.3289f,0.0779f,0f,0f,0f,1f],start_interpolation: 0,interpolation_duration: 1}
$data merge entity $(bone_aura) {transformation: [2.0344f,-1.0959f,-0.5485f,0.966f,-0.5823f,0.0708f,-2.3014f,-1.4614f,1.0783f,2.1059f,-0.2081f,2.1194f,0f,0f,0f,1f],start_interpolation: 0,interpolation_duration: 1}
$data merge entity $(bone_scythe) {transformation: [1.4634f,-0.7883f,-0.3945f,0.3032f,-0.4189f,0.0509f,-1.6554f,-1.1694f,0.7756f,1.5147f,-0.1497f,0.6368f,0f,0f,0f,1f],start_interpolation: 0,interpolation_duration: 1}
$data merge entity $(bone_right2) {transformation: [-0.2203f,-0.7184f,0.6598f,0.0709f,-0.972f,0.2187f,-0.0864f,-1.0824f,-0.0822f,-0.6604f,-0.7464f,0.4215f,0f,0f,0f,1f],start_interpolation: 0,interpolation_duration: 1}
$data merge entity $(bone_right1) {transformation: [-0.7828f,-0.6222f,-0.0097f,0.9766f,-0.198f,0.2638f,-0.944f,-1.3009f,0.5899f,-0.7371f,-0.3297f,1.0202f,0f,0f,0f,1f],start_interpolation: 0,interpolation_duration: 1}
data modify entity @s data merge value {"cameras":{},"locators":{"scythe_blade":{"posx":0.3523947988296309,"posy":-1.3001257595741216,"posz":1.9532501596265046,"roty":290.7744299200127,"rotx":-75.70007425499979},"scythe_pole":{"posx":0.19606174271441162,"posy":-1.1594952746116671,"posz":0.8098580386702239,"roty":290.7744299200127,"rotx":-75.70007425499979}}}