# This file was generated by Animated Java via MC-Build. It is not recommended to edit this file directly.
$data merge entity $(bone_hair_side) {transformation: [-0.6864f,-0.5413f,-0.4857f,-0.0782f,-0.617f,0.787f,-0.0052f,1.8785f,0.385f,0.2961f,-0.8741f,0.3785f,0f,0f,0f,1f],start_interpolation: 0,interpolation_duration: 1}
$data merge entity $(bone_hair_side1) {transformation: [-0.9654f,-0.1745f,-0.1938f,0.4287f,-0.178f,0.984f,0.0002f,1.944f,0.1907f,0.0347f,-0.981f,0.0763f,0f,0f,0f,1f],start_interpolation: 0,interpolation_duration: 1}
$data merge entity $(bone_beard) {transformation: [-0.8536f,-0.0959f,-0.512f,0.2095f,-0.1104f,0.9939f,-0.002f,1.5946f,0.509f,0.0548f,-0.859f,0.2162f,0f,0f,0f,1f],start_interpolation: 0,interpolation_duration: 1}
$data merge entity $(bone_head) {transformation: [-0.8536f,-0.0055f,-0.5208f,0.0625f,-0.1104f,0.9791f,0.1706f,1.7344f,0.509f,0.2031f,-0.8364f,0f,0f,0f,0f,1f],start_interpolation: 0,interpolation_duration: 1}
$data merge entity $(bone_body) {transformation: [-0.6849f,0f,-0.8925f,0f,0f,1.125f,0f,1.0625f,0.8925f,0f,-0.6849f,0f,0f,0f,0f,1f],start_interpolation: 0,interpolation_duration: 1}
$data merge entity $(bone_left4) {transformation: [-0.9871f,-0.1356f,0.0846f,0.5494f,-0.1167f,0.2497f,-0.9613f,1.4593f,0.1092f,-0.9588f,-0.2623f,-0.19f,0f,0f,0f,1f],start_interpolation: 0,interpolation_duration: 1}
$data merge entity $(bone_left3) {transformation: [-0.2827f,-0.9583f,-0.0424f,1.5092f,-0.3017f,0.1308f,-0.9444f,1.222f,0.9105f,-0.2542f,-0.3261f,0.3726f,0f,0f,0f,1f],start_interpolation: 0,interpolation_duration: 1}
$data merge entity $(bone_scythe) {transformation: [1.4179f,-0.5333f,-0.7896f,0.3284f,0.0987f,1.4903f,-0.8292f,1.5143f,0.9477f,0.6426f,1.2678f,0.6543f,0f,0f,0f,1f],start_interpolation: 0,interpolation_duration: 1}
$data merge entity $(bone_right2) {transformation: [-0.4723f,-0.7285f,0.4962f,0.0968f,-0.4797f,-0.2598f,-0.8381f,1.4365f,0.7395f,-0.6338f,-0.2268f,0.4348f,0f,0f,0f,1f],start_interpolation: 0,interpolation_duration: 1}
$data merge entity $(bone_right1) {transformation: [-0.6955f,-0.6846f,0.2182f,1.0415f,-0.3021f,0.0031f,-0.9533f,1.5276f,0.6519f,-0.7289f,-0.209f,1.0055f,0f,0f,0f,1f],start_interpolation: 0,interpolation_duration: 1}
data modify entity @s data merge value {"cameras":{},"locators":{"hitbox":{"posx":0.011271143579873188,"posy":2.5120571693615785,"posz":1.1093957812167718,"roty":211.91642856324532,"rotx":-29.037421166703783},"hitbox2":{"posx":0.6337717081933075,"posy":2.555402754333674,"posz":1.5254657360553574,"roty":211.91642856324532,"rotx":-29.037421166703783}}}