# This file was generated by Animated Java via MC-Build. It is not recommended to edit this file directly.
$data merge entity $(bone_hair_side) {transformation: [-0.6788f,-0.5508f,-0.4856f,-0.0742f,-0.6261f,0.7797f,-0.0093f,-0.5585f,0.3837f,0.2978f,-0.8741f,0.3798f,0f,0f,0f,1f],start_interpolation: 0,interpolation_duration: 1}
$data merge entity $(bone_hair_side1) {transformation: [-0.9645f,-0.166f,-0.2053f,0.4288f,-0.1695f,0.9855f,-0.0004f,-0.4919f,0.2024f,0.0344f,-0.9787f,0.0713f,0f,0f,0f,1f],start_interpolation: 0,interpolation_duration: 1}
$data merge entity $(bone_beard) {transformation: [-0.847f,-0.0989f,-0.5223f,0.2126f,-0.1122f,0.9937f,-0.0062f,-0.8418f,0.5196f,0.0534f,-0.8528f,0.2148f,0f,0f,0f,1f],start_interpolation: 0,interpolation_duration: 1}
$data merge entity $(bone_head) {transformation: [-0.847f,-0.0067f,-0.5315f,0.0625f,-0.1122f,0.9796f,0.1665f,-0.7031f,0.5196f,0.2006f,-0.8305f,0f,0f,0f,0f,1f],start_interpolation: 0,interpolation_duration: 1}
$data merge entity $(bone_body) {transformation: [-0.6703f,0f,-0.9035f,0f,0f,1.125f,0f,-1.375f,0.9035f,0f,-0.6703f,0f,0f,0f,0f,1f],start_interpolation: 0,interpolation_duration: 1}
$data merge entity $(bone_left4) {transformation: [-0.9996f,-0.0285f,-0.0019f,0.5406f,-0.0033f,0.1803f,-0.9836f,-1.0164f,0.0283f,-0.9832f,-0.1803f,-0.1353f,0f,0f,0f,1f],start_interpolation: 0,interpolation_duration: 1}
$data merge entity $(bone_left3) {transformation: [-0.4314f,-0.8857f,-0.1716f,1.3745f,-0.1847f,0.2729f,-0.9441f,-1.3726f,0.883f,-0.3756f,-0.2814f,0.5515f,0f,0f,0f,1f],start_interpolation: 0,interpolation_duration: 1}
$data merge entity $(bone_aura) {transformation: [1.9501f,-0.3921f,-1.2976f,1.2499f,0.5206f,2.3158f,0.0826f,0.4269f,1.2516f,-0.3523f,1.9874f,1.153f,0f,0f,0f,1f],start_interpolation: 0,interpolation_duration: 1}
$data merge entity $(bone_scythe) {transformation: [1.4027f,-0.282f,-0.9334f,0.3373f,0.3745f,1.6657f,0.0594f,-0.8359f,0.9003f,-0.2534f,1.4296f,0.6096f,0f,0f,0f,1f],start_interpolation: 0,interpolation_duration: 1}
$data merge entity $(bone_right2) {transformation: [-0.5596f,-0.7525f,0.3471f,0.0991f,0.0402f,-0.443f,-0.8956f,-0.9819f,0.8278f,-0.4872f,0.2782f,0.4368f,0f,0f,0f,1f],start_interpolation: 0,interpolation_duration: 1}
$data merge entity $(bone_right1) {transformation: [-0.6732f,-0.6876f,0.272f,1.0401f,-0.3224f,-0.0581f,-0.9448f,-0.8194f,0.6655f,-0.7238f,-0.1826f,0.9979f,0f,0f,0f,1f],start_interpolation: 0,interpolation_duration: 1}
data modify entity @s data merge value {"cameras":{},"locators":{"scythe_blade":{"posx":0.7006981833901921,"posy":0.42359459879409034,"posz":0.7945308204073819,"roty":213.14123581333186,"rotx":1.993316089748969},"scythe_pole":{"posx":0.29096001503387625,"posy":-0.6412197406911734,"posz":0.5712651584291633,"roty":213.14123581333186,"rotx":1.993316089748969}}}