# This file was generated by Animated Java via MC-Build. It is not recommended to edit this file directly.
$data merge entity $(bone_hair_side) {transformation: [-0.697f,-0.5479f,-0.4626f,-0.0798f,-0.6172f,0.7868f,-0.0019f,1.8783f,0.365f,0.2842f,-0.8866f,0.378f,0f,0f,0f,1f],start_interpolation: 0,interpolation_duration: 1}
$data merge entity $(bone_hair_side1) {transformation: [-0.972f,-0.1389f,-0.1896f,0.4286f,-0.1422f,0.9898f,0.0038f,1.9434f,0.1872f,0.0306f,-0.9818f,0.0783f,0f,0f,0f,1f],start_interpolation: 0,interpolation_duration: 1}
$data merge entity $(bone_beard) {transformation: [-0.8563f,-0.0947f,-0.5078f,0.2082f,-0.1097f,0.994f,-0.0004f,1.5942f,0.5048f,0.0554f,-0.8615f,0.2168f,0f,0f,0f,1f],start_interpolation: 0,interpolation_duration: 1}
$data merge entity $(bone_head) {transformation: [-0.8563f,-0.005f,-0.5165f,0.0625f,-0.1097f,0.9789f,0.1723f,1.7344f,0.5048f,0.2041f,-0.8388f,0f,0f,0f,0f,1f],start_interpolation: 0,interpolation_duration: 1}
$data merge entity $(bone_body) {transformation: [-0.6906f,0f,-0.8881f,0f,0f,1.125f,0f,1.0625f,0.8881f,0f,-0.6906f,0f,0f,0f,0f,1f],start_interpolation: 0,interpolation_duration: 1}
$data merge entity $(bone_left4) {transformation: [-0.9946f,0.0533f,-0.0892f,0.5225f,0.0933f,0.0809f,-0.9923f,1.3972f,-0.0457f,-0.9953f,-0.0854f,-0.0754f,0f,0f,0f,1f],start_interpolation: 0,interpolation_duration: 1}
$data merge entity $(bone_left3) {transformation: [-0.5375f,-0.7904f,-0.2939f,1.219f,-0.0296f,0.3659f,-0.9302f,0.9877f,0.8428f,-0.4912f,-0.2201f,0.7252f,0f,0f,0f,1f],start_interpolation: 0,interpolation_duration: 1}
$data merge entity $(bone_scythe) {transformation: [2.033f,0.2173f,-1.2085f,0.3663f,0.4657f,2.0263f,1.1479f,1.5667f,1.1361f,-1.2196f,1.6919f,0.5585f,0f,0f,0f,1f],start_interpolation: 0,interpolation_duration: 1}
$data merge entity $(bone_right2) {transformation: [-0.5146f,-0.8502f,0.1112f,0.0954f,0.4873f,-0.3967f,-0.7779f,1.4289f,0.7055f,-0.3461f,0.6185f,0.4339f,0f,0f,0f,1f],start_interpolation: 0,interpolation_duration: 1}
$data merge entity $(bone_right1) {transformation: [-0.7042f,-0.6822f,0.1967f,1.0403f,-0.2936f,0.0275f,-0.9555f,1.4914f,0.6465f,-0.7306f,-0.2197f,1.0082f,0f,0f,0f,1f],start_interpolation: 0,interpolation_duration: 1}
data modify entity @s data merge value {"cameras":{},"locators":{"scythe_blade":{"posx":1.0458386134436521,"posy":2.671618734906939,"posz":0.2941855600821684,"roty":215.5365207573966,"rotx":28.90285242818504},"scythe_pole":{"posx":0.37155933897955756,"posy":1.7369311189996517,"posz":0.4467274254756609,"roty":215.5365207573966,"rotx":28.90285242818504}}}