# This file was generated by Animated Java via MC-Build. It is not recommended to edit this file directly.
$data merge entity $(bone_hair_side) {transformation: [-0.8439f,-0.4546f,-0.285f,-0.1611f,-0.4893f,0.8699f,0.0613f,1.8743f,0.22f,0.1912f,-0.9566f,0.351f,0f,0f,0f,1f],start_interpolation: 0,interpolation_duration: 1}
$data merge entity $(bone_hair_side1) {transformation: [-0.9999f,0.0026f,-0.0169f,0.3969f,0.0023f,0.9998f,0.0199f,1.9193f,0.0169f,0.0198f,-0.9997f,0.153f,0f,0f,0f,1f],start_interpolation: 0,interpolation_duration: 1}
$data merge entity $(bone_beard) {transformation: [-0.9398f,-0.0526f,-0.3378f,0.1372f,-0.0759f,0.9955f,0.0561f,1.5792f,0.3333f,0.0784f,-0.9395f,0.2339f,0f,0f,0f,1f],start_interpolation: 0,interpolation_duration: 1}
$data merge entity $(bone_head) {transformation: [-0.9398f,0.0069f,-0.3418f,0.0417f,-0.0759f,0.9707f,0.2281f,1.7344f,0.3333f,0.2403f,-0.9117f,0f,0f,0f,0f,1f],start_interpolation: 0,interpolation_duration: 1}
$data merge entity $(bone_body) {transformation: [-0.8881f,0f,-0.6906f,0f,0f,1.125f,0f,1.0625f,0.6906f,0f,-0.8881f,0f,0f,0f,0f,1f],start_interpolation: 0,interpolation_duration: 1}
$data merge entity $(bone_left4) {transformation: [-0.9107f,0.3889f,-0.1394f,0.4293f,0.132f,-0.0458f,-0.9902f,1.3957f,-0.3915f,-0.9201f,-0.0097f,0.0951f,0f,0f,0f,1f],start_interpolation: 0,interpolation_duration: 1}
$data merge entity $(bone_left3) {transformation: [-0.803f,-0.4701f,-0.3664f,0.6925f,0.1891f,0.382f,-0.9046f,1.037f,0.5652f,-0.7957f,-0.2178f,1.142f,0f,0f,0f,1f],start_interpolation: 0,interpolation_duration: 1}
$data merge entity $(bone_scythe) {transformation: [0.9727f,1.9745f,-0.8922f,0.1591f,-1.0427f,1.2838f,1.7045f,1.1317f,1.8993f,-0.3064f,1.3926f,0.5904f,0f,0f,0f,1f],start_interpolation: 0,interpolation_duration: 1}
$data merge entity $(bone_right2) {transformation: [-0.361f,-0.6443f,-0.6742f,-0.0881f,0.6767f,0.3164f,-0.6647f,1.2039f,0.6416f,-0.6963f,0.3218f,0.3508f,0f,0f,0f,1f],start_interpolation: 0,interpolation_duration: 1}
$data merge entity $(bone_right1) {transformation: [-0.8972f,-0.1661f,-0.4092f,0.3687f,0.156f,0.7476f,-0.6455f,0.3607f,0.4132f,-0.643f,-0.6449f,0.9049f,0f,0f,0f,1f],start_interpolation: 0,interpolation_duration: 1}
execute on vehicle unless entity @s[tag=aj.transforms_only] positioned ^1.3825644088 ^1.4533108903 ^0.9805738029 rotated ~212.6447197018 ~45.8627287675 run function animated_java:lich/animations/swing2/zzz/frames/31_locator_commands
execute on vehicle unless entity @s[tag=aj.transforms_only] positioned ^0.3216005414 ^1.2483763118 ^0.5517148627 rotated ~212.6447197018 ~45.8627287675 run function animated_java:lich/animations/swing2/zzz/frames/31_locator_commands
data modify entity @s data merge value {"cameras":{},"locators":{"scythe_blade":{"posx":1.382564408766475,"posy":1.4533108902658674,"posz":0.9805738029450926,"roty":212.64471970181017,"rotx":45.86272876753611},"scythe_pole":{"posx":0.3216005413580909,"posy":1.2483763117592048,"posz":0.5517148627489692,"roty":212.64471970181017,"rotx":45.86272876753611}}}
execute on vehicle unless entity @s[tag=aj.transforms_only] at @s run function animated_java:lich/animations/swing2/zzz/frames/31_root_commands