# This file was generated by Animated Java via MC-Build. It is not recommended to edit this file directly.
$data merge entity $(bone_hair_side) {transformation: [-0.9905f,0.0859f,0.1071f,-0.3108f,0.1015f,0.9836f,0.1494f,1.8852f,-0.0925f,0.1588f,-0.983f,0.254f,0f,0f,0f,1f],start_interpolation: 0,interpolation_duration: 1}
$data merge entity $(bone_hair_side1) {transformation: [-0.8925f,0.3186f,0.3194f,0.2817f,0.328f,0.9443f,-0.0255f,1.8738f,-0.3098f,0.082f,-0.9473f,0.2916f,0f,0f,0f,1f],start_interpolation: 0,interpolation_duration: 1}
$data merge entity $(bone_beard) {transformation: [-0.9978f,0.0111f,0.0652f,-0.0186f,0.0191f,0.9923f,0.1222f,1.5624f,-0.0633f,0.1231f,-0.9904f,0.2408f,0f,0f,0f,1f],start_interpolation: 0,interpolation_duration: 1}
$data merge entity $(bone_head) {transformation: [-0.9978f,-0.0003f,0.0661f,0f,0.0191f,0.956f,0.2926f,1.7344f,-0.0633f,0.2933f,-0.9539f,0f,0f,0f,0f,1f],start_interpolation: 0,interpolation_duration: 1}
$data merge entity $(bone_body) {transformation: [-1.1154f,0f,-0.1468f,0f,0f,1.125f,0f,1.0625f,0.1468f,0f,-1.1154f,0f,0f,0f,0f,1f],start_interpolation: 0,interpolation_duration: 1}
$data merge entity $(bone_left4) {transformation: [-0.4729f,0.8098f,0.3472f,0.2648f,0.0346f,0.4108f,-0.9111f,1.3453f,-0.8804f,-0.4189f,-0.2223f,0.2404f,0f,0f,0f,1f],start_interpolation: 0,interpolation_duration: 1}
$data merge entity $(bone_left3) {transformation: [-0.99f,0.0249f,0.1385f,-0.0719f,-0.1023f,0.5481f,-0.8301f,0.7138f,-0.0966f,-0.836f,-0.5401f,1.1246f,0f,0f,0f,1f],start_interpolation: 0,interpolation_duration: 1}
$data merge entity $(bone_scythe) {transformation: [-2.2378f,0.7875f,-0.1124f,-0.6914f,-0.3872f,-0.7851f,2.2078f,1.1899f,0.6949f,2.0986f,0.8681f,0.2534f,0f,0f,0f,1f],start_interpolation: 0,interpolation_duration: 1}
$data merge entity $(bone_right2) {transformation: [-0.2704f,0.7297f,-0.6281f,-0.4807f,0.8849f,0.4454f,0.1365f,1.3671f,0.3793f,-0.5188f,-0.7661f,-0.0509f,0f,0f,0f,1f],start_interpolation: 0,interpolation_duration: 1}
$data merge entity $(bone_right1) {transformation: [-0.1868f,0.9381f,0.2915f,-1.419f,0.9687f,0.2253f,-0.1041f,0.825f,-0.1634f,0.263f,-0.9509f,-0.2793f,0f,0f,0f,1f],start_interpolation: 0,interpolation_duration: 1}
execute on vehicle unless entity @s[tag=aj.transforms_only] positioned ^-0.9462758126 ^0.7032972115 ^1.457894208 rotated ~187.3776348235 ~68.3716369916 run function animated_java:lich/animations/swing2/zzz/frames/33_locator_commands
execute on vehicle unless entity @s[tag=aj.transforms_only] positioned ^-0.6093439351 ^1.125287769 ^0.4283489786 rotated ~187.3776348235 ~68.3716369916 run function animated_java:lich/animations/swing2/zzz/frames/33_locator_commands
data modify entity @s data merge value {"cameras":{},"locators":{"scythe_blade":{"posx":-0.9462758126177668,"posy":0.7032972115312511,"posz":1.457894208011386,"roty":187.37763482354424,"rotx":68.37163699161621},"scythe_pole":{"posx":-0.609343935103869,"posy":1.1252877689733232,"posz":0.4283489786286798,"roty":187.37763482354424,"rotx":68.37163699161621}}}