# This file was generated by Animated Java via MC-Build. It is not recommended to edit this file directly.
$data merge entity $(bone_hair_side) {transformation: [-0.6344f,0.5885f,0.5012f,-0.4137f,0.7244f,0.6789f,0.1197f,1.9134f,-0.2699f,0.439f,-0.857f,0.1157f,0f,0f,0f,1f],start_interpolation: 0,interpolation_duration: 1}
$data merge entity $(bone_hair_side1) {transformation: [-0.5947f,0.561f,0.5758f,0.1128f,0.6178f,0.7772f,-0.1192f,1.8505f,-0.5144f,0.2848f,-0.8089f,0.3827f,0f,0f,0f,1f],start_interpolation: 0,interpolation_duration: 1}
$data merge entity $(bone_beard) {transformation: [-0.8868f,0.0439f,0.46f,-0.1678f,0.1059f,0.9883f,0.1097f,1.5663f,-0.4498f,0.146f,-0.8811f,0.2091f,0f,0f,0f,1f],start_interpolation: 0,interpolation_duration: 1}
$data merge entity $(bone_head) {transformation: [-0.8868f,-0.0366f,0.4606f,-0.0417f,0.1059f,0.9542f,0.2797f,1.7344f,-0.4498f,0.2968f,-0.8424f,0f,0f,0f,0f,1f],start_interpolation: 0,interpolation_duration: 1}
$data merge entity $(bone_body) {transformation: [-1.0366f,0f,0.4372f,0f,0f,1.125f,0f,1.0625f,-0.4372f,0f,-1.0366f,0f,0f,0f,0f,1f],start_interpolation: 0,interpolation_duration: 1}
$data merge entity $(bone_left4) {transformation: [-0.0298f,0.8802f,0.4736f,0.1285f,0.1204f,0.4735f,-0.8725f,1.3223f,-0.9923f,0.031f,-0.1201f,0.3172f,0f,0f,0f,1f],start_interpolation: 0,interpolation_duration: 1}
$data merge entity $(bone_left3) {transformation: [-0.8498f,0.4225f,0.3152f,-0.5991f,0.0306f,0.6365f,-0.7707f,0.6358f,-0.5263f,-0.6453f,-0.5538f,0.8585f,0f,0f,0f,1f],start_interpolation: 0,interpolation_duration: 1}
$data merge entity $(bone_scythe) {transformation: [-1.893f,-1.1598f,0.8438f,-0.8876f,1.0496f,-0.1678f,2.1239f,1.4262f,-0.9775f,2.0658f,0.6463f,-0.1098f,0f,0f,0f,1f],start_interpolation: 0,interpolation_duration: 1}
$data merge entity $(bone_right2) {transformation: [0.0682f,0.9973f,0.0286f,-0.4516f,0.9956f,-0.0699f,0.0631f,1.3936f,0.065f,0.0242f,-0.9976f,-0.3082f,0f,0f,0f,1f],start_interpolation: 0,interpolation_duration: 1}
$data merge entity $(bone_right1) {transformation: [0.6202f,0.6934f,0.3669f,-1.3822f,0.383f,0.1406f,-0.913f,1.1245f,-0.6846f,0.7067f,-0.1784f,-0.8452f,0f,0f,0f,1f],start_interpolation: 0,interpolation_duration: 1}
execute on vehicle unless entity @s[tag=aj.transforms_only] positioned ^-1.9801594375 ^1.6425164032 ^0.6057342593 rotated ~127.4488055352 ~63.4139108947 run function animated_java:lich/animations/swing2/zzz/frames/35_locator_commands
execute on vehicle unless entity @s[tag=aj.transforms_only] positioned ^-0.9743725215 ^1.4049334784 ^0.0732781263 rotated ~127.4488055352 ~63.4139108947 run function animated_java:lich/animations/swing2/zzz/frames/35_locator_commands
data modify entity @s data merge value {"cameras":{},"locators":{"scythe_blade":{"posx":-1.980159437532436,"posy":1.6425164031567676,"posz":0.6057342592900112,"roty":127.44880553521638,"rotx":63.413910894743594},"scythe_pole":{"posx":-0.9743725215476443,"posy":1.4049334784453726,"posz":0.07327812633689998,"roty":127.44880553521638,"rotx":63.413910894743594}}}
execute on vehicle unless entity @s[tag=aj.transforms_only] run function animated_java:lich/variants/default/apply