# This file was generated by Animated Java via MC-Build. It is not recommended to edit this file directly.
$data merge entity $(bone_hair_side) {transformation: [-0.375f,0.6574f,0.6536f,-0.4428f,0.8891f,0.4545f,0.053f,1.9284f,-0.2623f,0.6011f,-0.7549f,0.0401f,0f,0f,0f,1f],start_interpolation: 0,interpolation_duration: 1}
$data merge entity $(bone_hair_side1) {transformation: [-0.4926f,0.549f,0.6752f,0.0195f,0.6532f,0.7459f,-0.1299f,1.8505f,-0.575f,0.3771f,-0.7261f,0.4045f,0f,0f,0f,1f],start_interpolation: 0,interpolation_duration: 1}
$data merge entity $(bone_beard) {transformation: [-0.7786f,0.0527f,0.6253f,-0.233f,0.1311f,0.9881f,0.08f,1.574f,-0.6137f,0.1442f,-0.7763f,0.182f,0f,0f,0f,1f],start_interpolation: 0,interpolation_duration: 1}
$data merge entity $(bone_head) {transformation: [-0.7786f,-0.0567f,0.625f,-0.0625f,0.1311f,0.9592f,0.2503f,1.7344f,-0.6137f,0.2768f,-0.7394f,0f,0f,0f,0f,1f],start_interpolation: 0,interpolation_duration: 1}
$data merge entity $(bone_body) {transformation: [-0.8925f,0f,0.6849f,0f,0f,1.125f,0f,1.0625f,-0.6849f,0f,-0.8925f,0f,0f,0f,0f,1f],start_interpolation: 0,interpolation_duration: 1}
$data merge entity $(bone_left4) {transformation: [0.2098f,0.859f,0.4671f,0.0784f,0.0904f,0.4586f,-0.884f,1.326f,-0.9736f,0.2277f,0.0186f,0.3525f,0f,0f,0f,1f],start_interpolation: 0,interpolation_duration: 1}
$data merge entity $(bone_left3) {transformation: [-0.7385f,0.5638f,0.3697f,-0.7691f,0.0907f,0.6264f,-0.7742f,0.6691f,-0.6681f,-0.5382f,-0.5138f,0.7324f,0f,0f,0f,1f],start_interpolation: 0,interpolation_duration: 1}
$data merge entity $(bone_aura) {transformation: [-2.0137f,-0.9721f,0.8004f,-2.4706f,0.7642f,0.2563f,2.234f,1.954f,-1.0008f,2.1517f,0.0955f,0.3399f,0f,0f,0f,1f],start_interpolation: 0,interpolation_duration: 1}
$data merge entity $(bone_scythe) {transformation: [-1.4485f,-0.6992f,0.5757f,-0.9485f,0.5497f,0.1844f,1.6069f,1.4237f,-0.7198f,1.5477f,0.0687f,-0.013f,0f,0f,0f,1f],start_interpolation: 0,interpolation_duration: 1}
$data merge entity $(bone_right2) {transformation: [-0.012f,0.9957f,-0.0922f,-0.5202f,0.9857f,-0.0037f,-0.1684f,1.3646f,-0.168f,-0.0929f,-0.9814f,-0.2978f,0f,0f,0f,1f],start_interpolation: 0,interpolation_duration: 1}
$data merge entity $(bone_right1) {transformation: [0.5075f,0.8396f,0.194f,-1.5708f,-0.0146f,0.2334f,-0.9723f,1.1211f,-0.8615f,0.4906f,0.1307f,-0.5498f,0f,0f,0f,1f],start_interpolation: 0,interpolation_duration: 1}
data modify entity @s data merge value {"cameras":{},"locators":{"scythe_blade":{"posx":-1.9849926640396827,"posy":1.7630298862134046,"posz":0.7372944244426153,"roty":96.80265584755476,"rotx":70.16052546439391},"scythe_pole":{"posx":-1.0183569124798912,"posy":1.4406414213270795,"posz":0.17761281717409305,"roty":96.80265584755476,"rotx":70.16052546439391}}}
execute on vehicle unless entity @s[tag=aj.transforms_only] at @s run function animated_java:lich/animations/swing2/zzz/frames/38_root_commands