# This file was generated by Animated Java via MC-Build. It is not recommended to edit this file directly.
$data merge entity $(bone_hair_side) {transformation: [-0.999f,0.0085f,0.0428f,-0.3059f,0.0095f,0.9997f,0.0218f,-0.5285f,-0.0426f,0.0222f,-0.9988f,0.2444f,0f,0f,0f,1f],start_interpolation: 0,interpolation_duration: 1}
$data merge entity $(bone_hair_side1) {transformation: [-0.9991f,-0.0077f,0.0407f,0.2873f,-0.0079f,1f,-0.0042f,-0.5341f,-0.0407f,-0.0045f,-0.9992f,0.2697f,0f,0f,0f,1f],start_interpolation: 0,interpolation_duration: 1}
$data merge entity $(bone_beard) {transformation: [-0.999f,0.0085f,0.0428f,-0.0124f,0.0095f,0.9997f,0.0218f,-0.8499f,-0.0426f,0.0222f,-0.9988f,0.2573f,0f,0f,0f,1f],start_interpolation: 0,interpolation_duration: 1}
$data merge entity $(bone_head) {transformation: [-0.999f,0.001f,0.0436f,0f,0.0095f,0.9807f,0.1951f,-0.7031f,-0.0426f,0.1953f,-0.9798f,0f,0f,0f,0f,1f],start_interpolation: 0,interpolation_duration: 1}
$data merge entity $(bone_body) {transformation: [-1.1119f,0f,0.1711f,0f,0f,1.125f,0f,-1.375f,-0.1711f,0f,-1.1119f,0f,0f,0f,0f,1f],start_interpolation: 0,interpolation_duration: 1}
$data merge entity $(bone_left4) {transformation: [-0.8117f,0.3168f,0.4907f,0.1914f,-0.0014f,0.8391f,-0.544f,-1.235f,-0.5841f,-0.4423f,-0.6806f,0.1856f,0f,0f,0f,1f],start_interpolation: 0,interpolation_duration: 1}
$data merge entity $(bone_left3) {transformation: [-0.8248f,0.2811f,0.4907f,-0.3738f,-0.038f,0.8382f,-0.544f,-2.1637f,-0.5642f,-0.4673f,-0.6806f,0.5204f,0f,0f,0f,1f],start_interpolation: 0,interpolation_duration: 1}
$data merge entity $(bone_aura) {transformation: [-2.1992f,-0.8838f,0.1522f,-2.4285f,-0.7413f,1.5648f,-1.6255f,-0.9708f,0.5046f,-1.5527f,-1.7249f,-0.4359f,0f,0f,0f,1f],start_interpolation: 0,interpolation_duration: 1}
$data merge entity $(bone_scythe) {transformation: [-1.5819f,-0.6357f,0.1094f,-0.841f,-0.5332f,1.1256f,-1.1692f,-1.22f,0.363f,-1.1169f,-1.2407f,-0.061f,0f,0f,0f,1f],start_interpolation: 0,interpolation_duration: 1}
$data merge entity $(bone_right2) {transformation: [0.2018f,0.9787f,-0.0374f,-0.523f,-0.4681f,0.0629f,-0.8815f,-1.1921f,-0.8604f,0.1954f,0.4708f,0.0165f,0f,0f,0f,1f],start_interpolation: 0,interpolation_duration: 1}
$data merge entity $(bone_right1) {transformation: [-0.6005f,0.7738f,0.2018f,-1.1575f,0.6348f,0.6147f,-0.4681f,-2.0437f,-0.4862f,-0.153f,-0.8604f,0.331f,0f,0f,0f,1f],start_interpolation: 0,interpolation_duration: 1}
data modify entity @s data merge value {"cameras":{},"locators":{"scythe_blade":{"posx":-1.8876116911226728,"posy":-0.6782191833637123,"posz":-0.66394641074764,"roty":5.041326966656243,"rotx":-43.191166930777854},"scythe_pole":{"posx":-0.9021526248905001,"posy":-1.0813316278827194,"posz":-0.19711315801737,"roty":5.041326966656243,"rotx":-43.191166930777854}}}