# This file was generated by Animated Java via MC-Build. It is not recommended to edit this file directly.
$data merge entity $(bone_hair_side) {transformation: [-0.7278f,-0.3203f,0.6063f,-0.4435f,-0.3412f,0.9361f,0.085f,1.9245f,-0.5948f,-0.145f,-0.7906f,0.0503f,0f,0f,0f,1f],start_interpolation: 0,interpolation_duration: 1}
$data merge entity $(bone_hair_side1) {transformation: [-0.7089f,-0.2396f,0.6633f,0.0275f,-0.3365f,0.9415f,-0.0195f,1.8478f,-0.6198f,-0.237f,-0.7481f,0.4036f,0f,0f,0f,1f],start_interpolation: 0,interpolation_duration: 1}
$data merge entity $(bone_beard) {transformation: [-0.7934f,0.0469f,0.6069f,-0.2273f,0.129f,0.9873f,0.0924f,1.5709f,-0.5949f,0.1516f,-0.7894f,0.1844f,0f,0f,0f,1f],start_interpolation: 0,interpolation_duration: 1}
$data merge entity $(bone_head) {transformation: [-0.7934f,-0.0592f,0.6059f,-0.0625f,0.129f,0.9563f,0.2625f,1.7344f,-0.5949f,0.2864f,-0.751f,0f,0f,0f,0f,1f],start_interpolation: 0,interpolation_duration: 1}
$data merge entity $(bone_body) {transformation: [-0.9233f,0f,0.6427f,0f,0f,1.125f,0f,1.0625f,-0.6427f,0f,-0.9233f,0f,0f,0f,0f,1f],start_interpolation: 0,interpolation_duration: 1}
$data merge entity $(bone_left4) {transformation: [0.0273f,0.8857f,0.4634f,0.0674f,0.0904f,0.4595f,-0.8836f,1.3481f,-0.9955f,0.066f,-0.0675f,0.3503f,0f,0f,0f,1f],start_interpolation: 0,interpolation_duration: 1}
$data merge entity $(bone_left3) {transformation: [-0.7291f,0.6013f,0.3268f,-0.8181f,0.0971f,0.5636f,-0.8203f,0.762f,-0.6774f,-0.5664f,-0.4694f,0.758f,0f,0f,0f,1f],start_interpolation: 0,interpolation_duration: 1}
$data merge entity $(bone_aura) {transformation: [-2.1942f,-0.7521f,0.5103f,-2.431f,0.5238f,0.0435f,2.3161f,1.6693f,-0.7427f,2.2524f,0.1257f,0.5719f,0f,0f,0f,1f],start_interpolation: 0,interpolation_duration: 1}
$data merge entity $(bone_scythe) {transformation: [-1.5783f,-0.5409f,0.3671f,-0.9018f,0.3767f,0.0313f,1.666f,1.3616f,-0.5343f,1.6201f,0.0904f,0.034f,0f,0f,0f,1f],start_interpolation: 0,interpolation_duration: 1}
$data merge entity $(bone_right2) {transformation: [-0.1579f,0.9713f,-0.1781f,-0.5037f,0.9807f,0.1333f,-0.1427f,1.371f,-0.1148f,-0.1972f,-0.9736f,-0.297f,0f,0f,0f,1f],start_interpolation: 0,interpolation_duration: 1}
$data merge entity $(bone_right1) {transformation: [0.5327f,0.8263f,0.1827f,-1.5482f,0.0051f,0.2128f,-0.9771f,1.1434f,-0.8463f,0.5215f,0.1091f,-0.5866f,0f,0f,0f,1f],start_interpolation: 0,interpolation_duration: 1}
data modify entity @s data merge value {"cameras":{},"locators":{"scythe_blade":{"posx":-1.8836928383061307,"posy":1.5306383538812378,"posz":0.9056105702502668,"roty":103.83737266960422,"rotx":77.21494177675545},"scythe_pole":{"posx":-0.9516602183289755,"posy":1.3618631736321063,"posz":0.23152405219016503,"roty":103.83737266960422,"rotx":77.21494177675545}}}
execute on vehicle unless entity @s[tag=aj.transforms_only] at @s run function animated_java:lich/animations/swing2/zzz/frames/43_root_commands