# This file was generated by Animated Java via MC-Build. It is not recommended to edit this file directly.
$data merge entity $(bone_hair_side) {transformation: [-0.7622f,-0.2387f,0.6017f,-0.4433f,-0.2339f,0.9683f,0.0877f,1.9243f,-0.6036f,-0.0739f,-0.7939f,0.0521f,0f,0f,0f,1f],start_interpolation: 0,interpolation_duration: 1}
$data merge entity $(bone_hair_side1) {transformation: [-0.7461f,-0.169f,0.644f,0.0295f,-0.226f,0.9741f,-0.0062f,1.848f,-0.6263f,-0.1501f,-0.765f,0.4031f,0f,0f,0f,1f],start_interpolation: 0,interpolation_duration: 1}
$data merge entity $(bone_beard) {transformation: [-0.7963f,0.0473f,0.603f,-0.2264f,0.1285f,0.9874f,0.0923f,1.5709f,-0.5911f,0.151f,-0.7923f,0.1852f,0f,0f,0f,1f],start_interpolation: 0,interpolation_duration: 1}
$data merge entity $(bone_head) {transformation: [-0.7963f,-0.0582f,0.6021f,-0.0625f,0.1285f,0.9564f,0.2624f,1.7344f,-0.5911f,0.2863f,-0.7541f,0f,0f,0f,0f,1f],start_interpolation: 0,interpolation_duration: 1}
$data merge entity $(bone_body) {transformation: [-0.9263f,0f,0.6385f,0f,0f,1.125f,0f,1.0625f,-0.6385f,0f,-0.9263f,0f,0f,0f,0f,1f],start_interpolation: 0,interpolation_duration: 1}
$data merge entity $(bone_left4) {transformation: [-0.0436f,0.8759f,0.4806f,0.0697f,0.1066f,0.4824f,-0.8694f,1.3456f,-0.9933f,0.0133f,-0.1144f,0.3488f,0f,0f,0f,1f],start_interpolation: 0,interpolation_duration: 1}
$data merge entity $(bone_left3) {transformation: [-0.7331f,0.5945f,0.3303f,-0.8096f,0.0957f,0.571f,-0.8154f,0.751f,-0.6733f,-0.5661f,-0.4755f,0.7576f,0f,0f,0f,1f],start_interpolation: 0,interpolation_duration: 1}
$data merge entity $(bone_scythe) {transformation: [-1.5605f,-0.576f,0.3892f,-0.9079f,0.402f,0.0324f,1.66f,1.3655f,-0.5671f,1.608f,0.106f,0.0237f,0f,0f,0f,1f],start_interpolation: 0,interpolation_duration: 1}
$data merge entity $(bone_right2) {transformation: [-0.1411f,0.9772f,-0.1586f,-0.5026f,0.9834f,0.1199f,-0.136f,1.3705f,-0.1139f,-0.1752f,-0.9779f,-0.2983f,0f,0f,0f,1f],start_interpolation: 0,interpolation_duration: 1}
$data merge entity $(bone_right1) {transformation: [0.5389f,0.821f,0.1884f,-1.5433f,0.0148f,0.2144f,-0.9766f,1.138f,-0.8422f,0.5291f,0.1034f,-0.5973f,0f,0f,0f,1f],start_interpolation: 0,interpolation_duration: 1}