# This file was generated by Animated Java via MC-Build. It is not recommended to edit this file directly.
$data merge entity $(bone_hair_side) {transformation: [-0.7988f,0.2645f,0.5403f,-0.4332f,0.367f,0.9259f,0.0893f,1.9223f,-0.4766f,0.2697f,-0.8367f,0.0803f,0f,0f,0f,1f],start_interpolation: 0,interpolation_duration: 1}
$data merge entity $(bone_hair_side1) {transformation: [-0.7937f,0.234f,0.5615f,0.0661f,0.2995f,0.9538f,0.0259f,1.8516f,-0.5295f,0.1887f,-0.8271f,0.3939f,0f,0f,0f,1f],start_interpolation: 0,interpolation_duration: 1}
$data merge entity $(bone_beard) {transformation: [-0.8408f,0.0522f,0.5388f,-0.2041f,0.1192f,0.9888f,0.0902f,1.5713f,-0.5281f,0.1401f,-0.8376f,0.1986f,0f,0f,0f,1f],start_interpolation: 0,interpolation_duration: 1}
$data merge entity $(bone_head) {transformation: [-0.8408f,-0.0422f,0.5397f,-0.0563f,0.1192f,0.9581f,0.2606f,1.7344f,-0.5281f,0.2834f,-0.8005f,0f,0f,0f,0f,1f],start_interpolation: 0,interpolation_duration: 1}
$data merge entity $(bone_body) {transformation: [-0.9701f,0f,0.5696f,0f,0f,1.125f,0f,1.0625f,-0.5696f,0f,-0.9701f,0f,0f,0f,0f,1f],start_interpolation: 0,interpolation_duration: 1}
$data merge entity $(bone_left4) {transformation: [-0.2854f,0.7797f,0.5574f,0.1085f,0.1823f,0.6151f,-0.7671f,1.3067f,-0.9409f,-0.1174f,-0.3177f,0.3219f,0f,0f,0f,1f],start_interpolation: 0,interpolation_duration: 1}
$data merge entity $(bone_left3) {transformation: [-0.7931f,0.4816f,0.3729f,-0.6661f,0.0699f,0.6801f,-0.7298f,0.5847f,-0.6051f,-0.5527f,-0.5731f,0.7374f,0f,0f,0f,1f],start_interpolation: 0,interpolation_duration: 1}
$data merge entity $(bone_scythe) {transformation: [-1.7437f,-1.3232f,0.9216f,-0.9459f,1.0638f,0.0762f,2.1221f,1.4452f,-1.2119f,1.9708f,0.5367f,-0.1518f,0f,0f,0f,1f],start_interpolation: 0,interpolation_duration: 1}
$data merge entity $(bone_right2) {transformation: [0.1209f,0.9843f,0.1287f,-0.4851f,0.9923f,-0.1164f,-0.0417f,1.369f,-0.0261f,0.1328f,-0.9908f,-0.3158f,0f,0f,0f,1f],start_interpolation: 0,interpolation_duration: 1}
$data merge entity $(bone_right1) {transformation: [0.6055f,0.7397f,0.2936f,-1.4603f,0.1959f,0.2191f,-0.9558f,1.075f,-0.7713f,0.6363f,-0.0122f,-0.7509f,0f,0f,0f,1f],start_interpolation: 0,interpolation_duration: 1}
data modify entity @s data merge value {"cameras":{},"locators":{"scythe_blade":{"posx":-2.074685477889338,"posy":1.7827692551099465,"posz":0.4518195137365993,"roty":120.21441560702526,"rotx":63.31697227445175},"scythe_pole":{"posx":-1.0476210117001092,"posy":1.4447418108375216,"posz":0.02469127864778531,"roty":120.21441560702526,"rotx":63.31697227445175}}}