# This file was generated by Animated Java via MC-Build. It is not recommended to edit this file directly.
$data merge entity $(bone_hair_side) {transformation: [-0.7624f,0.4212f,0.4913f,-0.4231f,0.5188f,0.8516f,0.0751f,1.9209f,-0.3868f,0.3122f,-0.8677f,0.0993f,0f,0f,0f,1f],start_interpolation: 0,interpolation_duration: 1}
$data merge entity $(bone_hair_side1) {transformation: [-0.7801f,0.3551f,0.5152f,0.0926f,0.4292f,0.9028f,0.0277f,1.8548f,-0.4552f,0.2428f,-0.8566f,0.386f,0f,0f,0f,1f],start_interpolation: 0,interpolation_duration: 1}
$data merge entity $(bone_beard) {transformation: [-0.8685f,0.0541f,0.4927f,-0.1861f,0.1114f,0.9899f,0.0876f,1.5718f,-0.4829f,0.131f,-0.8658f,0.2072f,0f,0f,0f,1f],start_interpolation: 0,interpolation_duration: 1}
$data merge entity $(bone_head) {transformation: [-0.8685f,-0.0322f,0.4946f,-0.05f,0.1114f,0.9597f,0.2582f,1.7344f,-0.4829f,0.2793f,-0.8299f,0f,0f,0f,0f,1f],start_interpolation: 0,interpolation_duration: 1}
$data merge entity $(bone_body) {transformation: [-0.9973f,0f,0.5205f,0f,0f,1.125f,0f,1.0625f,-0.5205f,0f,-0.9973f,0f,0f,0f,0f,1f],start_interpolation: 0,interpolation_duration: 1}
$data merge entity $(bone_left4) {transformation: [-0.4268f,0.6964f,0.5769f,0.1362f,0.2044f,0.6957f,-0.6886f,1.2826f,-0.8809f,-0.176f,-0.4393f,0.3005f,0f,0f,0f,1f],start_interpolation: 0,interpolation_duration: 1}
$data merge entity $(bone_left3) {transformation: [-0.8302f,0.4005f,0.3878f,-0.5612f,0.0492f,0.7456f,-0.6646f,0.4825f,-0.5553f,-0.5327f,-0.6387f,0.7096f,0f,0f,0f,1f],start_interpolation: 0,interpolation_duration: 1}
$data merge entity $(bone_scythe) {transformation: [-1.4613f,-1.4913f,1.1319f,-0.9209f,1.3768f,0.117f,1.9317f,1.5161f,-1.2687f,1.8447f,0.7925f,-0.2389f,0f,0f,0f,1f],start_interpolation: 0,interpolation_duration: 1}
$data merge entity $(bone_right2) {transformation: [0.284f,0.9194f,0.2722f,-0.4773f,0.9555f,-0.295f,-0.0006f,1.3748f,0.0798f,0.2602f,-0.9623f,-0.3212f,0f,0f,0f,1f],start_interpolation: 0,interpolation_duration: 1}
$data merge entity $(bone_right1) {transformation: [0.6095f,0.6968f,0.378f,-1.4081f,0.3402f,0.2007f,-0.9187f,1.0552f,-0.716f,0.6886f,-0.1147f,-0.829f,0f,0f,0f,1f],start_interpolation: 0,interpolation_duration: 1}
data modify entity @s data merge value {"cameras":{},"locators":{"scythe_blade":{"posx":-2.05048239073476,"posy":1.9617912969338616,"posz":0.2881626230857253,"roty":124.99792080831966,"rotx":54.4229044127715},"scythe_pole":{"posx":-1.0388005782590541,"posy":1.5170480709753738,"posz":-0.07276101602635587,"roty":124.99792080831966,"rotx":54.4229044127715}}}