# This file was generated by Animated Java via MC-Build. It is not recommended to edit this file directly.
$data merge entity $(bone_hair_side) {transformation: [-0.807f,0.4014f,0.4331f,-0.4111f,0.4744f,0.8775f,0.0707f,1.9192f,-0.3517f,0.2625f,-0.8985f,0.1215f,0f,0f,0f,1f],start_interpolation: 0,interpolation_duration: 1}
$data merge entity $(bone_hair_side1) {transformation: [-0.8296f,0.3162f,0.4602f,0.1225f,0.3732f,0.9271f,0.0357f,1.8594f,-0.4154f,0.2014f,-0.8871f,0.3749f,0f,0f,0f,1f],start_interpolation: 0,interpolation_duration: 1}
$data merge entity $(bone_beard) {transformation: [-0.8987f,0.0548f,0.4351f,-0.1649f,0.1007f,0.9914f,0.083f,1.5728f,-0.4269f,0.1185f,-0.8965f,0.217f,0f,0f,0f,1f],start_interpolation: 0,interpolation_duration: 1}
$data merge entity $(bone_head) {transformation: [-0.8987f,-0.0215f,0.4381f,-0.0438f,0.1007f,0.962f,0.2539f,1.7344f,-0.4269f,0.2723f,-0.8623f,0f,0f,0f,0f,1f],start_interpolation: 0,interpolation_duration: 1}
$data merge entity $(bone_body) {transformation: [-1.0268f,0f,0.4596f,0f,0f,1.125f,0f,1.0625f,-0.4596f,0f,-1.0268f,0f,0f,0f,0f,1f],start_interpolation: 0,interpolation_duration: 1}
$data merge entity $(bone_left4) {transformation: [-0.5735f,0.5854f,0.573f,0.17f,0.2072f,0.7804f,-0.5899f,1.2566f,-0.7926f,-0.2196f,-0.5689f,0.2716f,0f,0f,0f,1f],start_interpolation: 0,interpolation_duration: 1}
$data merge entity $(bone_left3) {transformation: [-0.87f,0.3016f,0.3902f,-0.4317f,0.0213f,0.8135f,-0.5812f,0.3735f,-0.4927f,-0.4973f,-0.7141f,0.6615f,0f,0f,0f,1f],start_interpolation: 0,interpolation_duration: 1}
$data merge entity $(bone_aura) {transformation: [-1.1581f,-1.5335f,1.3957f,-2.1546f,1.703f,0.2085f,1.6422f,2.6333f,-1.1829f,1.8016f,0.9979f,-0.1741f,0f,0f,0f,1f],start_interpolation: 0,interpolation_duration: 1}
$data merge entity $(bone_scythe) {transformation: [-0.833f,-1.103f,1.0039f,-0.8689f,1.225f,0.15f,1.1812f,1.6044f,-0.8508f,1.2959f,0.7178f,-0.2789f,0f,0f,0f,1f],start_interpolation: 0,interpolation_duration: 1}
$data merge entity $(bone_right2) {transformation: [0.4615f,0.8109f,0.3597f,-0.4761f,0.8664f,-0.4992f,0.0139f,1.3858f,0.1909f,0.3052f,-0.933f,-0.3183f,0f,0f,0f,1f],start_interpolation: 0,interpolation_duration: 1}
$data merge entity $(bone_right1) {transformation: [0.5628f,0.672f,0.4814f,-1.366f,0.5195f,0.1654f,-0.8383f,1.0477f,-0.643f,0.7219f,-0.256f,-0.8844f,0f,0f,0f,1f],start_interpolation: 0,interpolation_duration: 1}
data modify entity @s data merge value {"cameras":{},"locators":{"scythe_blade":{"posx":-1.9329894306759248,"posy":2.1863099647525654,"posz":0.2516768060730798,"roty":125.5654708550707,"rotx":43.74559504356702},"scythe_pole":{"posx":-0.9924328437540988,"posy":1.6110274957614037,"posz":-0.11705871929625528,"roty":125.5654708550707,"rotx":43.74559504356702}}}