# This file was generated by Animated Java via MC-Build. It is not recommended to edit this file directly.
$data merge entity $(bone_hair_side) {transformation: [-0.89f,0.2693f,0.3679f,-0.397f,0.3149f,0.9466f,0.0687f,1.9173f,-0.3298f,0.177f,-0.9273f,0.1454f,0f,0f,0f,1f],start_interpolation: 0,interpolation_duration: 1}
$data merge entity $(bone_hair_side1) {transformation: [-0.9027f,0.1705f,0.395f,0.1539f,0.2037f,0.9781f,0.0435f,1.8654f,-0.3789f,0.1197f,-0.9177f,0.3606f,0f,0f,0f,1f],start_interpolation: 0,interpolation_duration: 1}
$data merge entity $(bone_beard) {transformation: [-0.9279f,0.0534f,0.369f,-0.1412f,0.0873f,0.9933f,0.076f,1.5743f,-0.3624f,0.1028f,-0.9263f,0.227f,0f,0f,0f,1f],start_interpolation: 0,interpolation_duration: 1}
$data merge entity $(bone_head) {transformation: [-0.9279f,-0.0115f,0.3726f,-0.0375f,0.0873f,0.965f,0.2473f,1.7344f,-0.3624f,0.262f,-0.8944f,0f,0f,0f,0f,1f],start_interpolation: 0,interpolation_duration: 1}
$data merge entity $(bone_body) {transformation: [-1.0553f,0f,0.3899f,0f,0f,1.125f,0f,1.0625f,-0.3899f,0f,-1.0553f,0f,0f,0f,0f,1f],start_interpolation: 0,interpolation_duration: 1}
$data merge entity $(bone_left4) {transformation: [-0.7111f,0.4524f,0.5381f,0.2072f,0.1844f,0.8587f,-0.4782f,1.2316f,-0.6784f,-0.2408f,-0.6941f,0.2356f,0f,0f,0f,1f],start_interpolation: 0,interpolation_duration: 1}
$data merge entity $(bone_left3) {transformation: [-0.9075f,0.1932f,0.3729f,-0.2877f,-0.0128f,0.8748f,-0.4843f,0.2708f,-0.4198f,-0.4443f,-0.7914f,0.5904f,0f,0f,0f,1f],start_interpolation: 0,interpolation_duration: 1}
$data merge entity $(bone_scythe) {transformation: [-0.9363f,-1.346f,1.7182f,-0.8079f,1.942f,0.3396f,1.3243f,1.6816f,-0.9962f,1.9271f,0.9667f,-0.2605f,0f,0f,0f,1f],start_interpolation: 0,interpolation_duration: 1}
$data merge entity $(bone_right2) {transformation: [0.6375f,0.6938f,0.3351f,-0.488f,0.7397f,-0.6728f,-0.0141f,1.3967f,0.2157f,0.2568f,-0.9421f,-0.3016f,0f,0f,0f,1f],start_interpolation: 0,interpolation_duration: 1}
$data merge entity $(bone_right1) {transformation: [0.4438f,0.6863f,0.5763f,-1.3558f,0.7043f,0.1305f,-0.6978f,1.0379f,-0.5541f,0.7155f,-0.4254f,-0.8887f,0f,0f,0f,1f],start_interpolation: 0,interpolation_duration: 1}
data modify entity @s data merge value {"cameras":{},"locators":{"scythe_blade":{"posx":-1.7192709384131013,"posy":2.3940867803796584,"posz":0.38322036491700906,"roty":119.36458309298662,"rotx":33.891163323723006},"scythe_pole":{"posx":-0.9169050484154677,"posy":1.6978855176257261,"posz":-0.08908809394026884,"roty":119.36458309298662,"rotx":33.891163323723006}}}
execute on vehicle unless entity @s[tag=aj.transforms_only] at @s run function animated_java:lich/animations/swing2/zzz/frames/49_root_commands