# This file was generated by Animated Java via MC-Build. It is not recommended to edit this file directly.
$data merge entity $(bone_hair_side) {transformation: [-0.9985f,0.0104f,0.0535f,-0.3082f,0.0118f,0.9996f,0.0271f,1.9084f,-0.0532f,0.0277f,-0.9982f,0.2421f,0f,0f,0f,1f],start_interpolation: 0,interpolation_duration: 1}
$data merge entity $(bone_hair_side1) {transformation: [-0.9985f,-0.0216f,0.0502f,0.2847f,-0.0229f,0.9994f,-0.025f,1.9014f,-0.0496f,-0.0261f,-0.9984f,0.2737f,0f,0f,0f,1f],start_interpolation: 0,interpolation_duration: 1}
$data merge entity $(bone_beard) {transformation: [-0.9985f,0.0104f,0.0535f,-0.0154f,0.0118f,0.9996f,0.0271f,1.5862f,-0.0532f,0.0277f,-0.9982f,0.2563f,0f,0f,0f,1f],start_interpolation: 0,interpolation_duration: 1}
$data merge entity $(bone_head) {transformation: [-0.9985f,0.0009f,0.0545f,0f,0.0118f,0.9797f,0.2003f,1.7344f,-0.0532f,0.2006f,-0.9782f,0f,0f,0f,0f,1f],start_interpolation: 0,interpolation_duration: 1}
$data merge entity $(bone_body) {transformation: [-1.1046f,0f,0.2135f,0f,0f,1.125f,0f,1.0625f,-0.2135f,0f,-1.1046f,0f,0f,0f,0f,1f],start_interpolation: 0,interpolation_duration: 1}
$data merge entity $(bone_left4) {transformation: [-0.7058f,0.5024f,0.4994f,0.134f,0.0377f,0.7307f,-0.6817f,1.2328f,-0.7074f,-0.4623f,-0.5347f,0.2088f,0f,0f,0f,1f],start_interpolation: 0,interpolation_duration: 1}
$data merge entity $(bone_left3) {transformation: [-0.7321f,0.4632f,0.4994f,-0.6014f,-0.0022f,0.7316f,-0.6817f,0.4319f,-0.6812f,-0.5002f,-0.5347f,0.5431f,0f,0f,0f,1f],start_interpolation: 0,interpolation_duration: 1}
$data merge entity $(bone_scythe) {transformation: [-1.5293f,-0.7483f,0.1403f,-0.8406f,-0.5509f,0.8702f,-1.363f,1.2311f,0.5256f,-1.2654f,-1.0203f,-0.0733f,0f,0f,0f,1f],start_interpolation: 0,interpolation_duration: 1}
$data merge entity $(bone_right2) {transformation: [0.2289f,0.9699f,-0.0824f,-0.526f,-0.5745f,0.0662f,-0.8158f,1.2618f,-0.7859f,0.2341f,0.5724f,0.0158f,0f,0f,0f,1f],start_interpolation: 0,interpolation_duration: 1}
$data merge entity $(bone_right1) {transformation: [-0.5428f,0.808f,0.2289f,-1.2149f,0.5948f,0.5623f,-0.5745f,0.4784f,-0.5929f,-0.1757f,-0.7859f,0.3878f,0f,0f,0f,1f],start_interpolation: 0,interpolation_duration: 1}