# This file was generated by Animated Java via MC-Build. It is not recommended to edit this file directly.
$data merge entity $(bone_hair_side) {transformation: [-0.9743f,-0.0282f,0.2235f,-0.3635f,-0.0186f,0.9988f,0.0451f,-0.5235f,-0.2246f,0.0398f,-0.9736f,0.1923f,0f,0f,0f,1f],start_interpolation: 0,interpolation_duration: 1}
$data merge entity $(bone_hair_side1) {transformation: [-0.9619f,-0.1248f,0.2433f,0.2145f,-0.1208f,0.9922f,0.0312f,-0.5562f,-0.2453f,0.0006f,-0.9694f,0.3239f,0f,0f,0f,1f],start_interpolation: 0,interpolation_duration: 1}
$data merge entity $(bone_beard) {transformation: [-0.9736f,0.0417f,0.2245f,-0.0894f,0.0551f,0.997f,0.0539f,-0.8579f,-0.2216f,0.0649f,-0.973f,0.2445f,0f,0f,0f,1f],start_interpolation: 0,interpolation_duration: 1}
$data merge entity $(bone_head) {transformation: [-0.9736f,0.0021f,0.2284f,-0.025f,0.0551f,0.9725f,0.2262f,-0.7031f,-0.2216f,0.2328f,-0.9469f,0f,0f,0f,0f,1f],start_interpolation: 0,interpolation_duration: 1}
$data merge entity $(bone_body) {transformation: [-1.0995f,0f,0.2381f,0f,0f,1.125f,0f,-1.375f,-0.2381f,0f,-1.0995f,0f,0f,0f,0f,1f],start_interpolation: 0,interpolation_duration: 1}
$data merge entity $(bone_left4) {transformation: [-0.9104f,0.1643f,0.3796f,0.2795f,0.0677f,0.9645f,-0.2551f,-1.2452f,-0.4081f,-0.2066f,-0.8893f,0.149f,0f,0f,0f,1f],start_interpolation: 0,interpolation_duration: 1}
$data merge entity $(bone_left3) {transformation: [-0.9617f,-0.0126f,0.2737f,-0.0072f,-0.0918f,0.956f,-0.2786f,-2.3195f,-0.2581f,-0.2931f,-0.9206f,0.3889f,0f,0f,0f,1f],start_interpolation: 0,interpolation_duration: 1}
$data merge entity $(bone_aura) {transformation: [-1.1119f,-0.1955f,2.0895f,-1.4522f,1.9344f,0.8214f,1.1063f,0.6814f,-0.8137f,2.2198f,-0.2253f,0.2996f,0f,0f,0f,1f],start_interpolation: 0,interpolation_duration: 1}
$data merge entity $(bone_scythe) {transformation: [-0.7998f,-0.1407f,1.503f,-0.7554f,1.3914f,0.5908f,0.7957f,-0.7335f,-0.5853f,1.5967f,-0.1621f,-0.1853f,0f,0f,0f,1f],start_interpolation: 0,interpolation_duration: 1}
$data merge entity $(bone_right2) {transformation: [0.7846f,0.6147f,-0.0807f,-0.5433f,0.5785f,-0.7727f,-0.2615f,-1.0608f,-0.2231f,0.1585f,-0.9618f,-0.2181f,0f,0f,0f,1f],start_interpolation: 0,interpolation_duration: 1}
$data merge entity $(bone_right1) {transformation: [0.0087f,0.8138f,0.5811f,-1.4107f,0.938f,0.1947f,-0.2868f,-1.5608f,-0.3465f,0.5475f,-0.7616f,-0.6916f,0f,0f,0f,1f],start_interpolation: 0,interpolation_duration: 1}
data modify entity @s data merge value {"cameras":{},"locators":{"scythe_blade":{"posx":-1.163897364247457,"posy":0.2082392655978884,"posz":0.6505619245611334,"roty":83.8457421189991,"rotx":27.762319887756682},"scythe_pole":{"posx":-0.7648356441967249,"posy":-0.6759698363676211,"posz":0.009869714844565891,"roty":83.8457421189991,"rotx":27.762319887756682}}}