# This file was generated by Animated Java via MC-Build. It is not recommended to edit this file directly.
$data merge entity $(bone_hair_side) {transformation: [-0.9948f,-0.0469f,0.0902f,-0.3275f,-0.0456f,0.9988f,0.0157f,-0.5253f,-0.0908f,0.0115f,-0.9958f,0.2303f,0f,0f,0f,1f],start_interpolation: 0,interpolation_duration: 1}
$data merge entity $(bone_hair_side1) {transformation: [-0.9903f,-0.0982f,0.0981f,0.2637f,-0.0973f,0.9952f,0.014f,-0.5388f,-0.099f,0.0043f,-0.9951f,0.2838f,0f,0f,0f,1f],start_interpolation: 0,interpolation_duration: 1}
$data merge entity $(bone_beard) {transformation: [-0.9957f,0.0204f,0.0908f,-0.039f,0.0228f,0.9994f,0.0248f,-0.8507f,-0.0902f,0.0268f,-0.9956f,0.2558f,0f,0f,0f,1f],start_interpolation: 0,interpolation_duration: 1}
$data merge entity $(bone_head) {transformation: [-0.9957f,0.0044f,0.0929f,-0.0125f,0.0228f,0.9799f,0.198f,-0.7031f,-0.0902f,0.1993f,-0.9758f,0f,0f,0f,0f,1f],start_interpolation: 0,interpolation_duration: 1}
$data merge entity $(bone_body) {transformation: [-1.1208f,0f,0.0969f,0f,0f,1.125f,0f,-1.375f,-0.0969f,0f,-1.1208f,0f,0f,0f,0f,1f],start_interpolation: 0,interpolation_duration: 1}
$data merge entity $(bone_left4) {transformation: [-0.9831f,-0.0754f,0.1666f,0.3327f,-0.0908f,0.992f,-0.0873f,-1.267f,-0.1587f,-0.1009f,-0.9821f,0.0617f,0f,0f,0f,1f],start_interpolation: 0,interpolation_duration: 1}
$data merge entity $(bone_left3) {transformation: [-0.9804f,-0.1535f,0.1239f,0.1941f,-0.1667f,0.9804f,-0.105f,-2.3915f,-0.1053f,-0.1236f,-0.9867f,0.1639f,0f,0f,0f,1f],start_interpolation: 0,interpolation_duration: 1}
$data merge entity $(bone_aura) {transformation: [-2.0255f,0.5782f,1.0971f,-1.7279f,1.0619f,1.8938f,0.9625f,0.4391f,-0.6405f,1.3114f,-1.8736f,0.057f,0f,0f,0f,1f],start_interpolation: 0,interpolation_duration: 1}
$data merge entity $(bone_scythe) {transformation: [-1.4569f,0.4159f,0.7892f,-0.852f,0.7639f,1.3622f,0.6923f,-0.9451f,-0.4607f,0.9433f,-1.3477f,-0.1412f,0f,0f,0f,1f],start_interpolation: 0,interpolation_duration: 1}
$data merge entity $(bone_right2) {transformation: [0.3703f,0.8743f,-0.3139f,-0.5648f,0.4072f,-0.4565f,-0.791f,-1.1523f,-0.8349f,0.1651f,-0.5251f,-0.0961f,0f,0f,0f,1f],start_interpolation: 0,interpolation_duration: 1}
$data merge entity $(bone_right1) {transformation: [-0.4659f,0.8377f,0.285f,-1.3092f,0.8733f,0.4872f,-0.0045f,-1.9428f,-0.1426f,0.2468f,-0.9585f,-0.3137f,0f,0f,0f,1f],start_interpolation: 0,interpolation_duration: 1}
data modify entity @s data merge value {"cameras":{},"locators":{"scythe_blade":{"posx":-1.1473359506275844,"posy":0.2648094731812337,"posz":0.3074299660991646,"roty":30.35126247692233,"rotx":23.90742132904832},"scythe_pole":{"posx":-0.789242360419937,"posy":-0.7901509615125946,"posz":-0.024819882482903607,"roty":30.35126247692233,"rotx":23.90742132904832}}}