# This file was generated by Animated Java via MC-Build. It is not recommended to edit this file directly.
$data merge entity $(bone_hair_side) {transformation: [-0.9979f,0.0121f,0.0643f,-0.3104f,0.0142f,0.9994f,0.0324f,1.9077f,-0.0639f,0.0333f,-0.9974f,0.2397f,0f,0f,0f,1f],start_interpolation: 0,interpolation_duration: 1}
$data merge entity $(bone_hair_side1) {transformation: [-0.9976f,-0.0351f,0.0604f,0.2821f,-0.0379f,0.9982f,-0.0459f,1.8993f,-0.0587f,-0.048f,-0.9971f,0.2776f,0f,0f,0f,1f],start_interpolation: 0,interpolation_duration: 1}
$data merge entity $(bone_beard) {transformation: [-0.9979f,0.0121f,0.0643f,-0.0185f,0.0142f,0.9994f,0.0324f,1.5848f,-0.0639f,0.0333f,-0.9974f,0.2553f,0f,0f,0f,1f],start_interpolation: 0,interpolation_duration: 1}
$data merge entity $(bone_head) {transformation: [-0.9979f,0.0007f,0.0654f,0f,0.0142f,0.9786f,0.2055f,1.7344f,-0.0639f,0.2059f,-0.9765f,0f,0f,0f,0f,1f],start_interpolation: 0,interpolation_duration: 1}
$data merge entity $(bone_body) {transformation: [-1.0956f,0f,0.2555f,0f,0f,1.125f,0f,1.0625f,-0.2555f,0f,-1.0956f,0f,0f,0f,0f,1f],start_interpolation: 0,interpolation_duration: 1}
$data merge entity $(bone_left4) {transformation: [-0.5786f,0.6781f,0.4532f,0.0785f,0.0638f,0.5916f,-0.8037f,1.2715f,-0.8131f,-0.4361f,-0.3856f,0.2198f,0f,0f,0f,1f],start_interpolation: 0,interpolation_duration: 1}
$data merge entity $(bone_left3) {transformation: [-0.6217f,0.6388f,0.4532f,-0.8144f,0.0249f,0.5945f,-0.8037f,0.629f,-0.7828f,-0.4884f,-0.3856f,0.5093f,0f,0f,0f,1f],start_interpolation: 0,interpolation_duration: 1}
$data merge entity $(bone_scythe) {transformation: [-1.472f,-0.8511f,0.1651f,-0.8405f,-0.5226f,0.6117f,-1.507f,1.2475f,0.6917f,-1.3491f,-0.7874f,-0.0875f,0f,0f,0f,1f],start_interpolation: 0,interpolation_duration: 1}
$data merge entity $(bone_right2) {transformation: [0.2444f,0.9603f,-0.1341f,-0.5292f,-0.6724f,0.0682f,-0.737f,1.2804f,-0.6987f,0.2703f,0.6624f,0.0121f,0f,0f,0f,1f],start_interpolation: 0,interpolation_duration: 1}
$data merge entity $(bone_right1) {transformation: [-0.4782f,0.8435f,0.2444f,-1.276f,0.5432f,0.5028f,-0.6724f,0.5764f,-0.6901f,-0.1888f,-0.6987f,0.4284f,0f,0f,0f,1f],start_interpolation: 0,interpolation_duration: 1}
data modify entity @s data merge value {"cameras":{},"locators":{"hitbox":{"posx":-1.4491540027695131,"posy":1.6415397721809601,"posz":-0.9692615776909131,"roty":11.838548491968737,"rotx":-61.9047103789372},"hitbox2":{"posx":-2.0954088054801847,"posy":1.4120999970277046,"posz":-0.6655970925251059,"roty":11.838548491968737,"rotx":-61.9047103789372}}}