# This file was generated by Animated Java via MC-Build. It is not recommended to edit this file directly.
$data merge entity $(bone_hair_side) {transformation: [-0.9966f,0.0354f,0.0751f,-0.3126f,0.0383f,0.9986f,0.0377f,1.907f,-0.0736f,0.0404f,-0.9965f,0.2373f,0f,0f,0f,1f],start_interpolation: 0,interpolation_duration: 1}
$data merge entity $(bone_hair_side1) {transformation: [-0.9963f,-0.0482f,0.0714f,0.2794f,-0.053f,0.9964f,-0.0669f,1.8972f,-0.0679f,-0.0704f,-0.9952f,0.2815f,0f,0f,0f,1f],start_interpolation: 0,interpolation_duration: 1}
$data merge entity $(bone_beard) {transformation: [-0.9971f,0.0137f,0.0751f,-0.0215f,0.0165f,0.9992f,0.0376f,1.5835f,-0.0745f,0.0388f,-0.9965f,0.2543f,0f,0f,0f,1f],start_interpolation: 0,interpolation_duration: 1}
$data merge entity $(bone_head) {transformation: [-0.9971f,0.0004f,0.0763f,0f,0.0165f,0.9774f,0.2106f,1.7344f,-0.0745f,0.2112f,-0.9746f,0f,0f,0f,0f,1f],start_interpolation: 0,interpolation_duration: 1}
$data merge entity $(bone_body) {transformation: [-1.0851f,0f,0.2971f,0f,0f,1.125f,0f,1.0625f,-0.2971f,0f,-1.0851f,0f,0f,0f,0f,1f],start_interpolation: 0,interpolation_duration: 1}
$data merge entity $(bone_left4) {transformation: [-0.4348f,0.8274f,0.3555f,0.0296f,0.0741f,0.4264f,-0.9015f,1.3175f,-0.8975f,-0.3656f,-0.2467f,0.2188f,0f,0f,0f,1f],start_interpolation: 0,interpolation_duration: 1}
$data merge entity $(bone_left3) {transformation: [-0.4967f,0.7918f,0.3555f,-0.9916f,0.0414f,0.4308f,-0.9015f,0.8593f,-0.867f,-0.433f,-0.2467f,0.4215f,0f,0f,0f,1f],start_interpolation: 0,interpolation_duration: 1}
$data merge entity $(bone_scythe) {transformation: [-1.41f,-0.9471f,0.1827f,-0.8402f,-0.4554f,0.3683f,-1.6048f,1.2664f,0.8503f,-1.3732f,-0.5565f,-0.1044f,0f,0f,0f,1f],start_interpolation: 0,interpolation_duration: 1}
$data merge entity $(bone_right2) {transformation: [0.2478f,0.9499f,-0.1904f,-0.5324f,-0.76f,0.0687f,-0.6463f,1.3008f,-0.6009f,0.3049f,0.7389f,0.005f,0f,0f,0f,1f],start_interpolation: 0,interpolation_duration: 1}
$data merge entity $(bone_right1) {transformation: [-0.4081f,0.8787f,0.2478f,-1.3384f,0.4806f,0.4375f,-0.76f,0.6857f,-0.7762f,-0.1911f,-0.6009f,0.4506f,0f,0f,0f,1f],start_interpolation: 0,interpolation_duration: 1}