# This file was generated by Animated Java via MC-Build. It is not recommended to edit this file directly.
$data merge entity $(bone_body) {transformation: [-1.0382f,0f,0.4334f,0f,0f,1.125f,0f,-1.375f,-0.4334f,0f,-1.0382f,0f,0f,0f,0f,1f],start_interpolation: 0,interpolation_duration: 1}
$data merge entity $(bone_left4) {transformation: [-0.1185f,0.9914f,-0.0557f,-0.0324f,0.0371f,-0.0516f,-0.998f,-0.9892f,-0.9923f,-0.1203f,-0.0307f,0.1857f,0f,0f,0f,1f],start_interpolation: 0,interpolation_duration: 1}
$data merge entity $(bone_left3) {transformation: [-0.1374f,0.989f,-0.0557f,-1.157f,0.0381f,-0.0509f,-0.998f,-0.9216f,-0.9898f,-0.1392f,-0.0307f,0.0287f,0f,0f,0f,1f],start_interpolation: 0,interpolation_duration: 1}
$data merge entity $(bone_aura) {transformation: [-1.9402f,-1.3507f,0.2278f,-2.4775f,-0.2783f,0.002f,-2.3586f,-1.2767f,1.3412f,-1.9535f,-0.1599f,-0.2826f,0f,0f,0f,1f],start_interpolation: 0,interpolation_duration: 1}
$data merge entity $(bone_scythe) {transformation: [-1.3956f,-0.9716f,0.1639f,-0.8365f,-0.2002f,0.0014f,-1.6966f,-1.1237f,0.9647f,-1.4052f,-0.115f,-0.2012f,0f,0f,0f,1f],start_interpolation: 0,interpolation_duration: 1}
$data merge entity $(bone_right2) {transformation: [0.2383f,0.8855f,-0.3989f,-0.5497f,-0.9019f,0.0495f,-0.4291f,-1.0934f,-0.3602f,0.462f,0.8104f,-0.044f,0f,0f,0f,1f],start_interpolation: 0,interpolation_duration: 1}
$data merge entity $(bone_right1) {transformation: [-0.2174f,0.9465f,0.2383f,-1.4874f,0.3119f,0.2987f,-0.9019f,-1.5083f,-0.9249f,-0.1218f,-0.3602f,0.3744f,0f,0f,0f,1f],start_interpolation: 0,interpolation_duration: 1}
data modify entity @s data merge value {"cameras":{},"locators":{"scythe_blade":{"posx":-2.034083929813596,"posy":-1.2014768912475837,"posz":-0.7599914717417915,"roty":54.93966716873102,"rotx":-83.27006035140285},"scythe_pole":{"posx":-0.9392806754771869,"posy":-1.1216828870284474,"posz":-0.3771060434671118,"roty":54.93966716873102,"rotx":-83.27006035140285}}}