# This file was generated by Animated Java via MC-Build. It is not recommended to edit this file directly.
$data merge entity $(bone_hair_side) {transformation: [-0.9997f,0.0255f,-0.0045f,-0.2356f,0.0255f,0.9997f,-0.0001f,1.9008f,0.0045f,-0.0002f,-1f,0.2547f,0f,0f,0f,1f],start_interpolation: 0,interpolation_duration: 1}
$data merge entity $(bone_hair_side1) {transformation: [-0.9997f,0.0255f,-0.0045f,0.358f,0.0255f,0.9997f,-0.0001f,1.8857f,0.0045f,-0.0002f,-1f,0.252f,0f,0f,0f,1f],start_interpolation: 0,interpolation_duration: 1}
$data merge entity $(bone_beard) {transformation: [-0.9997f,0.0255f,-0.0045f,0.0531f,0.0255f,0.9997f,-0.0001f,1.5748f,0.0045f,-0.0002f,-1f,0.2607f,0f,0f,0f,1f],start_interpolation: 0,interpolation_duration: 1}
$data merge entity $(bone_head) {transformation: [-0.9997f,0.0259f,0f,0.0556f,0.0255f,0.9845f,0.1735f,1.7159f,0.0045f,0.1735f,-0.9848f,0f,0f,0f,0f,1f],start_interpolation: 0,interpolation_duration: 1}
$data merge entity $(bone_body) {transformation: [-1.1216f,0.0872f,0f,0f,0.0872f,1.1216f,0f,1.0625f,0f,0f,-1.125f,0f,0f,0f,0f,1f],start_interpolation: 0,interpolation_duration: 1}
$data merge entity $(bone_left4) {transformation: [-0.9763f,-0.2164f,0f,0.3969f,-0.2164f,0.9763f,0f,1.1429f,0f,0f,-1f,0f,0f,0f,0f,1f],start_interpolation: 0,interpolation_duration: 1}
$data merge entity $(bone_left3) {transformation: [-0.9763f,-0.2164f,0f,0.3285f,-0.2164f,0.9763f,0f,0.0075f,0f,0f,-1f,0f,0f,0f,0f,1f],start_interpolation: 0,interpolation_duration: 1}
$data merge entity $(bone_scythe) {transformation: [-1.4925f,0.819f,-0.1418f,-0.8071f,0.6185f,1.289f,0.9351f,1.2355f,0.5553f,0.7656f,-1.4226f,0.0693f,0f,0f,0f,1f],start_interpolation: 0,interpolation_duration: 1}
$data merge entity $(bone_right2) {transformation: [-0.0563f,0.975f,-0.2149f,-0.4863f,0.7271f,-0.1075f,-0.678f,1.1889f,-0.6842f,-0.1945f,-0.7029f,0.0162f,0f,0f,0f,1f],start_interpolation: 0,interpolation_duration: 1}
$data merge entity $(bone_right1) {transformation: [-0.7373f,0.6747f,-0.0349f,-0.9728f,0.6756f,0.7363f,-0.0381f,0.1955f,0f,-0.0517f,-0.9987f,0.0711f,0f,0f,0f,1f],start_interpolation: 0,interpolation_duration: 1}
$data merge entity $(bone_left_leg) {transformation: [-0.9917f,0.1289f,0f,0.125f,0.1289f,0.9917f,0f,0.75f,0f,0f,-1f,-0.0062f,0f,0f,0f,1f],start_interpolation: 0,interpolation_duration: 1}
$data merge entity $(bone_right_leg) {transformation: [-0.9759f,0.218f,0f,-0.125f,0.218f,0.9759f,0f,0.75f,0f,0f,-1f,-0.0063f,0f,0f,0f,1f],start_interpolation: 0,interpolation_duration: 1}
data modify entity @s data merge value {"cameras":{},"locators":{"hitbox":{"posx":-0.3012097442663164,"posy":2.1131279368766576,"posz":0.5956754327095151,"roty":354.3071314214882,"rotx":33.18613457610691},"hitbox2":{"posx":-0.9564442858715365,"posy":2.3846647569673576,"posz":0.8394693022436526,"roty":354.3071314214882,"rotx":33.18613457610691}}}