# This file was generated by Animated Java via MC-Build. It is not recommended to edit this file directly.
$data merge entity $(bone_left_arm) {transformation: [-0.9972f,-0.0744f,0f,0.3125f,-0.0744f,0.9972f,0f,1.375f,0f,0f,-1f,0f,0f,0f,0f,1f],start_interpolation: 0,interpolation_duration: 1}
$data merge entity $(bone_wand) {transformation: [-0.9989f,0.0446f,-0.0115f,-0.3779f,0.0163f,0.575f,0.818f,0.8453f,0.0431f,0.8169f,-0.5751f,0.1356f,0f,0f,0f,1f],start_interpolation: 0,interpolation_duration: 1}
$data merge entity $(bone_right_arm) {transformation: [-0.9989f,0.0066f,-0.0456f,-0.3125f,0.0163f,0.9765f,-0.2147f,1.375f,0.0431f,-0.2152f,-0.9756f,0f,0f,0f,0f,1f],start_interpolation: 0,interpolation_duration: 1}
data modify entity @s data merge value {"cameras":{},"locators":{"cast_point":{"posx":-0.35830566996328983,"posy":0.5638865462999374,"posz":0.332666059179242,"roty":358.8586993986876,"rotx":54.8852157096039}}}