# This file was generated by Animated Java via MC-Build. It is not recommended to edit this file directly.
$data merge entity $(bone_hat) {transformation: [-1f,0f,0f,0f,0f,0.9989f,-0.0467f,2.1243f,0f,-0.0467f,-0.9989f,-0.0292f,0f,0f,0f,1f],start_interpolation: 0,interpolation_duration: 1}
$data merge entity $(bone_nose) {transformation: [-1f,0f,0f,0f,0f,0.9989f,-0.0467f,1.6249f,0f,-0.0467f,-0.9989f,-0.0058f,0f,0f,0f,1f],start_interpolation: 0,interpolation_duration: 1}
$data merge entity $(bone_head) {transformation: [-1f,0f,0f,0f,0f,0.9989f,-0.0467f,1.5f,0f,-0.0467f,-0.9989f,0f,0f,0f,0f,1f],start_interpolation: 0,interpolation_duration: 1}
$data merge entity $(bone_left_arm) {transformation: [-0.7608f,-0.649f,0f,0.3125f,-0.649f,0.7608f,0f,1.375f,0f,0f,-1f,0f,0f,0f,0f,1f],start_interpolation: 0,interpolation_duration: 1}
$data merge entity $(bone_wand) {transformation: [-0.9461f,-0.0225f,-0.3231f,-0.2455f,0.0309f,0.9868f,-0.1593f,1.4204f,0.3224f,-0.1607f,-0.9329f,0.5447f,0f,0f,0f,1f],start_interpolation: 0,interpolation_duration: 1}
$data merge entity $(bone_right_arm) {transformation: [-0.9724f,-0.2333f,-0.0082f,-0.3125f,0.0209f,-0.0522f,-0.9984f,1.375f,0.2326f,-0.971f,0.0556f,0f,0f,0f,0f,1f],start_interpolation: 0,interpolation_duration: 1}
data modify entity @s data merge value {"cameras":{},"locators":{"cast_point":{"posx":-0.11969888260268577,"posy":1.474705988440101,"posz":0.8603177762424852,"roty":340.89893454198415,"rotx":-9.165101866429547}}}