# This file was generated by Animated Java via MC-Build. It is not recommended to edit this file directly.
$data merge entity $(bone_hat) {transformation: [-1f,0f,0f,0f,0f,0.997f,-0.077f,2.1231f,0f,-0.077f,-0.997f,-0.0481f,0f,0f,0f,1f],start_interpolation: 0,interpolation_duration: 1}
$data merge entity $(bone_nose) {transformation: [-1f,0f,0f,0f,0f,0.997f,-0.077f,1.6246f,0f,-0.077f,-0.997f,-0.0096f,0f,0f,0f,1f],start_interpolation: 0,interpolation_duration: 1}
$data merge entity $(bone_head) {transformation: [-1f,0f,0f,0f,0f,0.997f,-0.077f,1.5f,0f,-0.077f,-0.997f,0f,0f,0f,0f,1f],start_interpolation: 0,interpolation_duration: 1}
$data merge entity $(bone_left_arm) {transformation: [-0.739f,-0.6737f,0f,0.3125f,-0.6737f,0.739f,0f,1.375f,0f,0f,-1f,0f,0f,0f,0f,1f],start_interpolation: 0,interpolation_duration: 1}
$data merge entity $(bone_wand) {transformation: [-0.7787f,-0.1437f,-0.6107f,-0.1273f,0.0813f,0.9421f,-0.3253f,1.4807f,0.6221f,-0.303f,-0.7219f,0.5077f,0f,0f,0f,1f],start_interpolation: 0,interpolation_duration: 1}
$data merge entity $(bone_right_arm) {transformation: [-0.896f,-0.4423f,0.0402f,-0.3125f,0.0353f,-0.1611f,-0.9863f,1.375f,0.4427f,-0.8823f,0.16f,0f,0f,0f,0f,1f],start_interpolation: 0,interpolation_duration: 1}
data modify entity @s data merge value {"cameras":{},"locators":{"cast_point":{"posx":0.09484110715480087,"posy":1.591305378757413,"posz":0.7461128684413816,"roty":319.77117905509067,"rotx":-18.986513619465885}}}