# This file was generated by Animated Java via MC-Build. It is not recommended to edit this file directly.
$data merge entity $(bone_hat) {transformation: [-1f,0f,0f,0f,0f,0.9994f,0.0332f,2.1247f,0f,0.0332f,-0.9994f,0.0207f,0f,0f,0f,1f],start_interpolation: 0,interpolation_duration: 1}
$data merge entity $(bone_nose) {transformation: [-1f,0f,0f,0f,0f,0.9994f,0.0332f,1.6249f,0f,0.0332f,-0.9994f,0.0041f,0f,0f,0f,1f],start_interpolation: 0,interpolation_duration: 1}
$data merge entity $(bone_head) {transformation: [-1f,0f,0f,0f,0f,0.9994f,0.0332f,1.5f,0f,0.0332f,-0.9994f,0f,0f,0f,0f,1f],start_interpolation: 0,interpolation_duration: 1}
$data merge entity $(bone_left_arm) {transformation: [-0.8377f,-0.5461f,0f,0.3125f,-0.5461f,0.8377f,0f,1.375f,0f,0f,-1f,0f,0f,0f,0f,1f],start_interpolation: 0,interpolation_duration: 1}
$data merge entity $(bone_wand) {transformation: [-0.9132f,-0.0353f,-0.406f,-0.1806f,-0.0111f,0.998f,-0.0618f,1.3611f,0.4074f,-0.0519f,-0.9118f,0.5345f,0f,0f,0f,1f],start_interpolation: 0,interpolation_duration: 1}
$data merge entity $(bone_right_arm) {transformation: [-0.9374f,-0.348f,-0.0081f,-0.3125f,-0.0109f,0.0526f,-0.9986f,1.375f,0.348f,-0.936f,-0.0531f,0f,0f,0f,0f,1f],start_interpolation: 0,interpolation_duration: 1}
data modify entity @s data merge value {"cameras":{},"locators":{"cast_point":{"posx":-0.026790317836579203,"posy":1.382544870547522,"posz":0.8415105561933847,"roty":335.9965433157454,"rotx":-3.5413052811762764}}}