# This file was generated by Animated Java via MC-Build. It is not recommended to edit this file directly.
$data merge entity $(bone_hat) {transformation: [-1f,0f,0f,0f,0f,0.9988f,0.049f,2.1242f,0f,0.049f,-0.9988f,0.0306f,0f,0f,0f,1f],start_interpolation: 0,interpolation_duration: 1}
$data merge entity $(bone_nose) {transformation: [-1f,0f,0f,0f,0f,0.9988f,0.049f,1.6248f,0f,0.049f,-0.9988f,0.0061f,0f,0f,0f,1f],start_interpolation: 0,interpolation_duration: 1}
$data merge entity $(bone_head) {transformation: [-1f,0f,0f,0f,0f,0.9988f,0.049f,1.5f,0f,0.049f,-0.9988f,0f,0f,0f,0f,1f],start_interpolation: 0,interpolation_duration: 1}
$data merge entity $(bone_left_arm) {transformation: [-0.8478f,-0.5304f,0f,0.3125f,-0.5304f,0.8478f,0f,1.375f,0f,0f,-1f,0f,0f,0f,0f,1f],start_interpolation: 0,interpolation_duration: 1}
$data merge entity $(bone_wand) {transformation: [-0.9855f,-0.008f,-0.1696f,-0.2812f,0.0055f,0.9969f,-0.0788f,1.3864f,0.1697f,-0.0786f,-0.9824f,0.5496f,0f,0f,0f,1f],start_interpolation: 0,interpolation_duration: 1}
$data merge entity $(bone_right_arm) {transformation: [-0.9855f,-0.1696f,-0.0068f,-0.3125f,0.0055f,0.0084f,-1f,1.375f,0.1697f,-0.9855f,-0.0073f,0f,0f,0f,0f,1f],start_interpolation: 0,interpolation_duration: 1}
execute on vehicle unless entity @s[tag=aj.transforms_only] positioned ^-0.2075399455 ^1.4133991311 ^0.8846856671 rotated ~350.2066691721 ~-4.5206490659 run function animated_java:wizard/animations/flury/zzz/frames/20_locator_commands
data modify entity @s data merge value {"cameras":{},"locators":{"cast_point":{"posx":-0.20753994549457808,"posy":1.4133991310994207,"posz":0.8846856670951471,"roty":350.2066691720595,"rotx":-4.5206490658884935}}}