# This file was generated by Animated Java via MC-Build. It is not recommended to edit this file directly.
$data merge entity $(bone_hat) {transformation: [-1f,0f,0f,0f,0f,0.9976f,0.069f,2.1235f,0f,0.069f,-0.9976f,0.0431f,0f,0f,0f,1f],start_interpolation: 0,interpolation_duration: 1}
$data merge entity $(bone_nose) {transformation: [-1f,0f,0f,0f,0f,0.9976f,0.069f,1.6247f,0f,0.069f,-0.9976f,0.0086f,0f,0f,0f,1f],start_interpolation: 0,interpolation_duration: 1}
$data merge entity $(bone_head) {transformation: [-1f,0f,0f,0f,0f,0.9976f,0.069f,1.5f,0f,0.069f,-0.9976f,0f,0f,0f,0f,1f],start_interpolation: 0,interpolation_duration: 1}
$data merge entity $(bone_left_arm) {transformation: [-0.8902f,-0.4556f,0f,0.3125f,-0.4556f,0.8902f,0f,1.375f,0f,0f,-1f,0f,0f,0f,0f,1f],start_interpolation: 0,interpolation_duration: 1}
$data merge entity $(bone_wand) {transformation: [-0.9734f,-0.0228f,-0.2282f,-0.2572f,-0.0201f,0.9997f,-0.0142f,1.3693f,0.2284f,-0.0093f,-0.9735f,0.5478f,0f,0f,0f,1f],start_interpolation: 0,interpolation_duration: 1}
$data merge entity $(bone_right_arm) {transformation: [-0.977f,-0.2131f,0.0118f,-0.3125f,-0.0201f,0.0367f,-0.9991f,1.375f,0.2125f,-0.9763f,-0.0402f,0f,0f,0f,0f,1f],start_interpolation: 0,interpolation_duration: 1}
data modify entity @s data merge value {"cameras":{},"locators":{"cast_point":{"posx":-0.1635668243998077,"posy":1.3744742460495865,"posz":0.8789208705681555,"roty":346.8090102426205,"rotx":-0.8150204736661326}}}