# This file was generated by Animated Java via MC-Build. It is not recommended to edit this file directly.
$data merge entity $(bone_left_arm) {transformation: [-0.9525f,-0.3044f,0f,0.3125f,-0.3044f,0.9525f,0f,1.375f,0f,0f,-1f,0f,0f,0f,0f,1f],start_interpolation: 0,interpolation_duration: 1}
$data merge entity $(bone_wand) {transformation: [-0.9809f,0.1136f,-0.1578f,-0.317f,0.0683f,0.9611f,0.2677f,1.0468f,0.1821f,0.2518f,-0.9505f,0.4422f,0f,0f,0f,1f],start_interpolation: 0,interpolation_duration: 1}
$data merge entity $(bone_right_arm) {transformation: [-0.9809f,-0.0991f,-0.1673f,-0.3125f,0.0683f,0.63f,-0.7736f,1.375f,0.1821f,-0.7702f,-0.6112f,0f,0f,0f,0f,1f],start_interpolation: 0,interpolation_duration: 1}
data modify entity @s data merge value {"cameras":{},"locators":{"cast_point":{"posx":-0.24742810246468905,"posy":0.9537275655182308,"posz":0.7660416407971683,"roty":350.5749405284446,"rotx":15.528213614087303}}}