# This file was generated by Animated Java via MC-Build. It is not recommended to edit this file directly.
$data merge entity $(bone_hat) {transformation: [-1f,0f,0f,0f,0f,0.9999f,-0.0129f,2.1249f,0f,-0.0129f,-0.9999f,-0.008f,0f,0f,0f,1f],start_interpolation: 0,interpolation_duration: 1}
$data merge entity $(bone_nose) {transformation: [-1f,0f,0f,0f,0f,0.9999f,-0.0129f,1.625f,0f,-0.0129f,-0.9999f,-0.0016f,0f,0f,0f,1f],start_interpolation: 0,interpolation_duration: 1}
$data merge entity $(bone_head) {transformation: [-1f,0f,0f,0f,0f,0.9999f,-0.0129f,1.5f,0f,-0.0129f,-0.9999f,0f,0f,0f,0f,1f],start_interpolation: 0,interpolation_duration: 1}
$data merge entity $(bone_left_arm) {transformation: [-0.9176f,-0.3974f,0f,0.3125f,-0.3974f,0.9176f,0f,1.375f,0f,0f,-1f,0f,0f,0f,0f,1f],start_interpolation: 0,interpolation_duration: 1}
$data merge entity $(bone_wand) {transformation: [-0.9844f,-0.0047f,-0.1759f,-0.2778f,0.0056f,0.9983f,-0.0585f,1.4074f,0.1759f,-0.0586f,-0.9827f,0.5486f,0f,0f,0f,1f],start_interpolation: 0,interpolation_duration: 1}
$data merge entity $(bone_right_arm) {transformation: [-0.9844f,-0.176f,-0.0003f,-0.3125f,0.0056f,-0.0301f,-0.9995f,1.375f,0.1759f,-0.9839f,0.0306f,0f,0f,0f,0f,1f],start_interpolation: 0,interpolation_duration: 1}
data modify entity @s data merge value {"cameras":{},"locators":{"cast_point":{"posx":-0.20193126312182305,"posy":1.4274390005646878,"posz":0.8836472312661088,"roty":349.8505911745465,"rotx":-3.354199931320473}}}