# This file was generated by Animated Java via MC-Build. It is not recommended to edit this file directly.
$data merge entity $(bone_hat) {transformation: [-1f,0f,0f,0f,0f,0.9999f,-0.0167f,2.1249f,0f,-0.0167f,-0.9999f,-0.0104f,0f,0f,0f,1f],start_interpolation: 0,interpolation_duration: 1}
$data merge entity $(bone_nose) {transformation: [-1f,0f,0f,0f,0f,0.9999f,-0.0167f,1.625f,0f,-0.0167f,-0.9999f,-0.0021f,0f,0f,0f,1f],start_interpolation: 0,interpolation_duration: 1}
$data merge entity $(bone_head) {transformation: [-1f,0f,0f,0f,0f,0.9999f,-0.0167f,1.5f,0f,-0.0167f,-0.9999f,0f,0f,0f,0f,1f],start_interpolation: 0,interpolation_duration: 1}
$data merge entity $(bone_left_arm) {transformation: [-0.9091f,-0.4167f,0f,0.3125f,-0.4167f,0.9091f,0f,1.375f,0f,0f,-1f,0f,0f,0f,0f,1f],start_interpolation: 0,interpolation_duration: 1}
$data merge entity $(bone_wand) {transformation: [-0.9833f,-0.0194f,-0.1812f,-0.2747f,0.0058f,0.9904f,-0.1381f,1.4442f,0.1821f,-0.1368f,-0.9737f,0.545f,0f,0f,0f,1f],start_interpolation: 0,interpolation_duration: 1}
$data merge entity $(bone_right_arm) {transformation: [-0.9833f,-0.1818f,0.012f,-0.3125f,0.0058f,-0.0974f,-0.9952f,1.375f,0.1821f,-0.9785f,0.0969f,0f,0f,0f,0f,1f],start_interpolation: 0,interpolation_duration: 1}
data modify entity @s data merge value {"cameras":{},"locators":{"cast_point":{"posx":-0.1970876898455978,"posy":1.4915701837435662,"posz":0.876852610837394,"roty":349.46107384808965,"rotx":-7.935288305450681}}}