# This file was generated by Animated Java via MC-Build. It is not recommended to edit this file directly.
$data merge entity $(bone_hat) {transformation: [-1f,0f,0f,0f,0f,0.9977f,-0.0678f,2.1236f,0f,-0.0678f,-0.9977f,-0.0424f,0f,0f,0f,1f],start_interpolation: 0,interpolation_duration: 1}
$data merge entity $(bone_nose) {transformation: [-1f,0f,0f,0f,0f,0.9977f,-0.0678f,1.6247f,0f,-0.0678f,-0.9977f,-0.0085f,0f,0f,0f,1f],start_interpolation: 0,interpolation_duration: 1}
$data merge entity $(bone_head) {transformation: [-1f,0f,0f,0f,0f,0.9977f,-0.0678f,1.5f,0f,-0.0678f,-0.9977f,0f,0f,0f,0f,1f],start_interpolation: 0,interpolation_duration: 1}
$data merge entity $(bone_left_arm) {transformation: [-0.6911f,-0.7227f,0f,0.3125f,-0.7227f,0.6911f,0f,1.375f,0f,0f,-1f,0f,0f,0f,0f,1f],start_interpolation: 0,interpolation_duration: 1}
$data merge entity $(bone_wand) {transformation: [-0.9754f,-0.1004f,-0.196f,-0.2525f,0.0685f,0.7076f,-0.7032f,1.6198f,0.2093f,-0.6994f,-0.6834f,0.4896f,0f,0f,0f,1f],start_interpolation: 0,interpolation_duration: 1}
$data merge entity $(bone_right_arm) {transformation: [-0.9747f,-0.2219f,0.026f,-0.3125f,0.07f,-0.4138f,-0.9077f,1.375f,0.2121f,-0.8829f,0.4189f,0f,0f,0f,0f,1f],start_interpolation: 0,interpolation_duration: 1}
data modify entity @s data merge value {"cameras":{},"locators":{"cast_point":{"posx":-0.1698615662519981,"posy":1.860512103513385,"posz":0.7212090063986759,"roty":343.99423628725884,"rotx":-44.687669569261544}}}