# This file was generated by Animated Java via MC-Build. It is not recommended to edit this file directly.
$data merge entity $(bone_hat) {transformation: [-1f,0f,0f,0f,0f,0.9962f,-0.0872f,2.1226f,0f,-0.0872f,-0.9962f,-0.0545f,0f,0f,0f,1f],start_interpolation: 0,interpolation_duration: 1}
$data merge entity $(bone_nose) {transformation: [-1f,0f,0f,0f,0f,0.9962f,-0.0872f,1.6245f,0f,-0.0872f,-0.9962f,-0.0109f,0f,0f,0f,1f],start_interpolation: 0,interpolation_duration: 1}
$data merge entity $(bone_head) {transformation: [-1f,0f,0f,0f,0f,0.9962f,-0.0872f,1.5f,0f,-0.0872f,-0.9962f,0f,0f,0f,0f,1f],start_interpolation: 0,interpolation_duration: 1}
$data merge entity $(bone_left_arm) {transformation: [-0.6428f,-0.766f,0f,0.3125f,-0.766f,0.6428f,0f,1.375f,0f,0f,-1f,0f,0f,0f,0f,1f],start_interpolation: 0,interpolation_duration: 1}
$data merge entity $(bone_wand) {transformation: [-0.9995f,-0.0239f,-0.0222f,-0.354f,-0.0046f,0.7766f,-0.63f,1.5945f,0.0323f,-0.6295f,-0.7763f,0.5033f,0f,0f,0f,1f],start_interpolation: 0,interpolation_duration: 1}
$data merge entity $(bone_right_arm) {transformation: [-0.9991f,-0.0387f,0.0158f,-0.3125f,-0.0002f,-0.375f,-0.927f,1.375f,0.0418f,-0.9262f,0.3746f,0f,0f,0f,0f,1f],start_interpolation: 0,interpolation_duration: 1}
data modify entity @s data merge value {"cameras":{},"locators":{"cast_point":{"posx":-0.33080439348735896,"posy":1.8111567305557503,"posz":0.7696419131692096,"roty":358.36280264472805,"rotx":-39.0468844863447}}}