# This file was generated by Animated Java via MC-Build. It is not recommended to edit this file directly.
$data merge entity $(bone_hair_side) {transformation: [-1f,0.0019f,0.0085f,-0.2987f,0.0019f,1f,0.0044f,-0.5262f,-0.0085f,0.0044f,-1f,0.2517f,0f,0f,0f,1f],start_interpolation: 0,interpolation_duration: 1}
$data merge entity $(bone_hair_side1) {transformation: [-1f,0.0019f,0.0085f,0.295f,0.0019f,1f,0.0044f,-0.5274f,-0.0085f,0.0044f,-1f,0.2567f,0f,0f,0f,1f],start_interpolation: 0,interpolation_duration: 1}
$data merge entity $(bone_beard) {transformation: [-1f,0.0019f,0.0085f,-0.0025f,0.0019f,1f,0.0044f,-0.8454f,-0.0085f,0.0044f,-1f,0.2601f,0f,0f,0f,1f],start_interpolation: 0,interpolation_duration: 1}
$data merge entity $(bone_head) {transformation: [-1f,0.0003f,0.0087f,0f,0.0019f,0.984f,0.178f,-0.7031f,-0.0085f,0.178f,-0.984f,0f,0f,0f,0f,1f],start_interpolation: 0,interpolation_duration: 1}
$data merge entity $(bone_body) {transformation: [-1.1245f,0f,0.0344f,0f,0f,1.125f,0f,-1.375f,-0.0344f,0f,-1.1245f,0f,0f,0f,0f,1f],start_interpolation: 0,interpolation_duration: 1}
$data merge entity $(bone_left4) {transformation: [-0.9775f,-0.1587f,0.1387f,0.3398f,-0.1728f,0.9802f,-0.0963f,-1.2763f,-0.1206f,-0.1181f,-0.9856f,0.0442f,0f,0f,0f,1f],start_interpolation: 0,interpolation_duration: 1}
$data merge entity $(bone_left3) {transformation: [-0.9761f,-0.1673f,0.1387f,0.2178f,-0.1814f,0.9787f,-0.0963f,-2.4034f,-0.1196f,-0.1192f,-0.9856f,0.1372f,0f,0f,0f,1f],start_interpolation: 0,interpolation_duration: 1}
$data merge entity $(bone_aura) {transformation: [-2.3649f,-0.2181f,0.0129f,-2.2467f,-0.2175f,2.3365f,-0.3662f,-0.3798f,0.021f,-0.3658f,-2.3466f,-0.1681f,0f,0f,0f,1f],start_interpolation: 0,interpolation_duration: 1}
$data merge entity $(bone_scythe) {transformation: [-1.7011f,-0.1569f,0.0092f,-0.848f,-0.1564f,1.6806f,-0.2634f,-1.2434f,0.0151f,-0.2631f,-1.6879f,-0.0257f,0f,0f,0f,1f],start_interpolation: 0,interpolation_duration: 1}
$data merge entity $(bone_right2) {transformation: [0.0496f,0.9979f,0.0426f,-0.5213f,-0.0951f,0.0472f,-0.9944f,-1.2265f,-0.9942f,0.0452f,0.0972f,0.0047f,0f,0f,0f,1f],start_interpolation: 0,interpolation_duration: 1}
$data merge entity $(bone_right1) {transformation: [-0.7238f,0.6882f,0.0496f,-1.0264f,0.6825f,0.7247f,-0.0951f,-2.2097f,-0.1014f,-0.035f,-0.9942f,0.0736f,0f,0f,0f,1f],start_interpolation: 0,interpolation_duration: 1}
data modify entity @s data merge value {"cameras":{},"locators":{"scythe_blade":{"posx":-1.6217414696279562,"posy":-0.18279903161548594,"posz":-0.19544906615785337,"roty":0.31384545579163614,"rotx":-8.869811188622762},"scythe_pole":{"posx":-0.8510638461127247,"posy":-1.0421494871256476,"posz":-0.057118681833243784,"roty":0.31384545579163614,"rotx":-8.869811188622762}}}