# This file was generated by Animated Java via MC-Build. It is not recommended to edit this file directly.
$data merge entity $(bone_hair_side) {transformation: [-0.6677f,-0.5984f,-0.4429f,-0.0998f,-0.6695f,0.7428f,0.0057f,1.8763f,0.3256f,0.3003f,-0.8965f,0.3706f,0f,0f,0f,1f],start_interpolation: 0,interpolation_duration: 1}
$data merge entity $(bone_hair_side1) {transformation: [-0.8565f,-0.4022f,-0.3234f,0.4268f,-0.3857f,0.9152f,-0.1167f,1.9356f,0.3429f,0.0248f,-0.939f,0.1029f,0f,0f,0f,1f],start_interpolation: 0,interpolation_duration: 1}
$data merge entity $(bone_body) {transformation: [-0.6805f,0f,-0.8959f,0f,0f,1.125f,0f,1.0625f,0.8959f,0f,-0.6805f,0f,0f,0f,0f,1f],start_interpolation: 0,interpolation_duration: 1}
$data merge entity $(bone_left4) {transformation: [-0.909f,-0.2365f,0.3431f,0.5119f,-0.3609f,0.0349f,-0.932f,1.6009f,0.2084f,-0.971f,-0.1171f,-0.3371f,0f,0f,0f,1f],start_interpolation: 0,interpolation_duration: 1}
$data merge entity $(bone_left3) {transformation: [0.0494f,-0.938f,0.3431f,1.5532f,-0.1066f,-0.3465f,-0.932f,1.9466f,0.9931f,0.0094f,-0.1171f,-0.0371f,0f,0f,0f,1f],start_interpolation: 0,interpolation_duration: 1}
$data merge entity $(bone_scythe) {transformation: [1.618f,-0.5472f,-0.0338f,0.3886f,-0.1732f,-0.4103f,-1.6493f,1.334f,0.5202f,1.5654f,-0.4441f,0.585f,0f,0f,0f,1f],start_interpolation: 0,interpolation_duration: 1}
$data merge entity $(bone_right2) {transformation: [0.0399f,-0.8557f,0.5159f,0.1072f,-0.9606f,0.1093f,0.2557f,1.3849f,-0.2752f,-0.5057f,-0.8176f,0.4234f,0f,0f,0f,1f],start_interpolation: 0,interpolation_duration: 1}
$data merge entity $(bone_right1) {transformation: [-0.7086f,-0.7045f,0.0399f,1.0771f,-0.2214f,0.1683f,-0.9606f,1.2753f,0.67f,-0.6895f,-0.2752f,0.9465f,0f,0f,0f,1f],start_interpolation: 0,interpolation_duration: 1}
execute on vehicle unless entity @s[tag=aj.transforms_only] at @s run function animated_java:lich/animations/swing1/zzz/frames/19_root_commands