# This file was generated by Animated Java via MC-Build. It is not recommended to edit this file directly.
$data merge entity $(bone_hair_side) {transformation: [-0.9998f,0.0036f,0.0171f,-0.3005f,0.0038f,1f,0.0088f,1.9107f,-0.017f,0.0089f,-0.9998f,0.2499f,0f,0f,0f,1f],start_interpolation: 0,interpolation_duration: 1}
$data merge entity $(bone_hair_side1) {transformation: [-0.9998f,0.0036f,0.0171f,0.2931f,0.0038f,1f,0.0088f,1.9084f,-0.017f,0.0089f,-0.9998f,0.26f,0f,0f,0f,1f],start_interpolation: 0,interpolation_duration: 1}
$data merge entity $(bone_beard) {transformation: [-0.9998f,0.0036f,0.0171f,-0.005f,0.0038f,1f,0.0088f,1.5909f,-0.017f,0.0089f,-0.9998f,0.2594f,0f,0f,0f,1f],start_interpolation: 0,interpolation_duration: 1}
$data merge entity $(bone_head) {transformation: [-0.9998f,0.0006f,0.0174f,0f,0.0038f,0.9832f,0.1823f,1.7344f,-0.017f,0.1824f,-0.9831f,0f,0f,0f,0f,1f],start_interpolation: 0,interpolation_duration: 1}
$data merge entity $(bone_body) {transformation: [-1.1229f,0f,0.0687f,0f,0f,1.125f,0f,1.0625f,-0.0687f,0f,-1.1229f,0f,0f,0f,0f,1f],start_interpolation: 0,interpolation_duration: 1}
$data merge entity $(bone_left4) {transformation: [-0.962f,-0.0717f,0.2635f,0.3118f,-0.1276f,0.9712f,-0.2014f,1.1645f,-0.2415f,-0.2274f,-0.9434f,0.0866f,0f,0f,0f,1f],start_interpolation: 0,interpolation_duration: 1}
$data merge entity $(bone_left3) {transformation: [-0.9606f,-0.0885f,0.2635f,0.1084f,-0.1445f,0.9688f,-0.2014f,0.0597f,-0.2375f,-0.2315f,-0.9434f,0.2656f,0f,0f,0f,1f],start_interpolation: 0,interpolation_duration: 1}
$data merge entity $(bone_scythe) {transformation: [-2.3383f,-0.4142f,0.0398f,-0.8452f,-0.4065f,2.2255f,-0.7229f,1.1971f,0.0888f,-0.7186f,-2.2619f,-0.0349f,0f,0f,0f,1f],start_interpolation: 0,interpolation_duration: 1}
$data merge entity $(bone_right2) {transformation: [0.0954f,0.9949f,0.0334f,-0.5203f,-0.1906f,0.0512f,-0.9803f,1.2169f,-0.977f,0.0872f,0.1945f,0.009f,0f,0f,0f,1f],start_interpolation: 0,interpolation_duration: 1}
$data merge entity $(bone_right1) {transformation: [-0.7029f,0.7048f,0.0954f,-1.0495f,0.6821f,0.706f,-0.1906f,0.2536f,-0.2017f,-0.0689f,-0.977f,0.1452f,0f,0f,0f,1f],start_interpolation: 0,interpolation_duration: 1}
data modify entity @s data merge value {"cameras":{},"locators":{"scythe_blade":{"posx":-1.70563292606064,"posy":2.1508977089218577,"posz":-0.3548230473910063,"roty":1.007189318918961,"rotx":-17.721791644757715},"scythe_pole":{"posx":-0.8652571723286828,"posy":1.3901065864583608,"posz":-0.09689290080054416,"roty":1.007189318918961,"rotx":-17.721791644757715}}}