# This file was generated by Animated Java via MC-Build. It is not recommended to edit this file directly.
$data merge entity $(bone_hair_side) {transformation: [-0.6589f,-0.6411f,-0.3936f,-0.0998f,-0.6802f,0.7312f,-0.0523f,-0.5612f,0.3213f,0.2333f,-0.9178f,0.3706f,0f,0f,0f,1f],start_interpolation: 0,interpolation_duration: 1}
$data merge entity $(bone_hair_side1) {transformation: [-0.9593f,0.0628f,-0.2752f,0.4268f,0.0995f,0.9876f,-0.1214f,-0.5019f,0.2642f,-0.1439f,-0.9537f,0.1029f,0f,0f,0f,1f],start_interpolation: 0,interpolation_duration: 1}
$data merge entity $(bone_body) {transformation: [-0.6561f,0f,-0.9139f,0f,0f,1.125f,0f,-1.375f,0.9139f,0f,-0.6561f,0f,0f,0f,0f,1f],start_interpolation: 0,interpolation_duration: 1}
$data merge entity $(bone_left4) {transformation: [-0.8943f,-0.1796f,0.4098f,0.5012f,-0.4184f,0.0115f,-0.9082f,-0.8156f,0.1584f,-0.9837f,-0.0854f,-0.346f,0f,0f,0f,1f],start_interpolation: 0,interpolation_duration: 1}
$data merge entity $(bone_left3) {transformation: [0.0403f,-0.9113f,0.4098f,1.5105f,-0.0756f,-0.4117f,-0.9082f,-0.3889f,0.9963f,0.0056f,-0.0854f,-0.0408f,0f,0f,0f,1f],start_interpolation: 0,interpolation_duration: 1}
$data merge entity $(bone_aura) {transformation: [2.2973f,-0.5902f,0.1212f,1.4281f,-0.0201f,-0.5527f,-2.3097f,-1.2983f,0.6022f,2.2331f,-0.5396f,1.8572f,0f,0f,0f,1f],start_interpolation: 0,interpolation_duration: 1}
$data merge entity $(bone_scythe) {transformation: [1.6524f,-0.4246f,0.0872f,0.4071f,-0.0145f,-0.3975f,-1.6614f,-1.0544f,0.4332f,1.6063f,-0.3881f,0.5842f,0f,0f,0f,1f],start_interpolation: 0,interpolation_duration: 1}
$data merge entity $(bone_right2) {transformation: [0.1021f,-0.8782f,0.4673f,0.1173f,-0.9651f,0.0264f,0.2605f,-1.0307f,-0.2411f,-0.4776f,-0.8448f,0.4312f,0f,0f,0f,1f],start_interpolation: 0,interpolation_duration: 1}
$data merge entity $(bone_right1) {transformation: [-0.6943f,-0.7124f,0.1021f,1.0913f,-0.2427f,0.0982f,-0.9651f,-1.0592f,0.6775f,-0.6949f,-0.2411f,0.9578f,0f,0f,0f,1f],start_interpolation: 0,interpolation_duration: 1}
data modify entity @s data merge value {"cameras":{},"locators":{"scythe_blade":{"posx":0.7735091021746592,"posy":-1.3255568053639226,"posz":1.8270220953377845,"roty":12.662082021169738,"rotx":-76.53437675325168},"scythe_pole":{"posx":0.3414962695011986,"posy":-1.101569745511842,"posz":0.7712014621693126,"roty":12.662082021169738,"rotx":-76.53437675325168}}}
execute on vehicle unless entity @s[tag=aj.transforms_only] at @s run function animated_java:lich/animations/swing1/zzz/frames/22_root_commands