# This file was generated by Animated Java via MC-Build. It is not recommended to edit this file directly.
$data merge entity $(bone_hair_side) {transformation: [-0.6748f,-0.6009f,-0.4284f,-0.0998f,-0.6597f,0.7514f,-0.0148f,-0.5612f,0.3308f,0.2726f,-0.9035f,0.3706f,0f,0f,0f,1f],start_interpolation: 0,interpolation_duration: 1}
$data merge entity $(bone_hair_side1) {transformation: [-0.9334f,-0.2252f,-0.2794f,0.4268f,-0.2046f,0.9736f,-0.1014f,-0.5019f,0.2949f,-0.0375f,-0.9548f,0.1029f,0f,0f,0f,1f],start_interpolation: 0,interpolation_duration: 1}
$data merge entity $(bone_body) {transformation: [-0.724f,0f,-0.8611f,0f,0f,1.125f,0f,-1.375f,0.8611f,0f,-0.724f,0f,0f,0f,0f,1f],start_interpolation: 0,interpolation_duration: 1}
$data merge entity $(bone_left4) {transformation: [-0.8932f,-0.3058f,0.3296f,0.5115f,-0.383f,0.1334f,-0.9141f,-0.8424f,0.2356f,-0.9427f,-0.2362f,-0.3159f,0f,0f,0f,1f],start_interpolation: 0,interpolation_duration: 1}
$data merge entity $(bone_left3) {transformation: [0.0815f,-0.9406f,0.3296f,1.5658f,-0.2217f,-0.3395f,-0.9141f,-0.5403f,0.9717f,0.0015f,-0.2362f,-0.0138f,0f,0f,0f,1f],start_interpolation: 0,interpolation_duration: 1}
$data merge entity $(bone_aura) {transformation: [2.1908f,-0.9167f,-0.0289f,1.1676f,-0.313f,-0.6769f,-2.2549f,-1.6059f,0.8621f,2.0838f,-0.7452f,1.967f,0f,0f,0f,1f],start_interpolation: 0,interpolation_duration: 1}
$data merge entity $(bone_scythe) {transformation: [1.5758f,-0.6594f,-0.0208f,0.3429f,-0.2251f,-0.4869f,-1.6219f,-1.1479f,0.6201f,1.4989f,-0.536f,0.6132f,0f,0f,0f,1f],start_interpolation: 0,interpolation_duration: 1}
$data merge entity $(bone_right2) {transformation: [0.0085f,-0.791f,0.6118f,0.0832f,-0.9507f,0.1832f,0.2501f,-1.073f,-0.3099f,-0.5838f,-0.7505f,0.4265f,0f,0f,0f,1f],start_interpolation: 0,interpolation_duration: 1}
$data merge entity $(bone_right1) {transformation: [-0.7703f,-0.6377f,0.0085f,1.0014f,-0.2039f,0.2335f,-0.9507f,-1.2574f,0.6043f,-0.7341f,-0.3099f,1.0176f,0f,0f,0f,1f],start_interpolation: 0,interpolation_duration: 1}
data modify entity @s data merge value {"cameras":{},"locators":{"scythe_blade":{"posx":0.5223452266880088,"posy":-1.5615521178944083,"posz":1.8578524332922646,"roty":357.77845361019,"rotx":-71.70049465898644},"scythe_pole":{"posx":0.250045371835053,"posy":-1.2037732342700218,"posz":0.7857472334729814,"roty":357.77845361019,"rotx":-71.70049465898644}}}
execute on vehicle unless entity @s[tag=aj.transforms_only] at @s run function animated_java:lich/animations/swing1/zzz/frames/25_root_commands