# This file was generated by Animated Java via MC-Build. It is not recommended to edit this file directly.
$data merge entity $(bone_hair_side) {transformation: [-0.7743f,-0.4817f,-0.4103f,-0.1247f,-0.5388f,0.842f,0.0283f,1.8784f,0.3319f,0.243f,-0.9115f,0.3614f,0f,0f,0f,1f],start_interpolation: 0,interpolation_duration: 1}
$data merge entity $(bone_hair_side1) {transformation: [-0.9902f,0.1065f,-0.0908f,0.4158f,0.1077f,0.9942f,-0.0075f,1.9325f,0.0894f,-0.0172f,-0.9958f,0.1216f,0f,0f,0f,1f],start_interpolation: 0,interpolation_duration: 1}
$data merge entity $(bone_beard) {transformation: [-0.9103f,-0.0742f,-0.4073f,0.1722f,-0.0911f,0.9956f,0.0221f,1.5881f,0.4038f,0.0572f,-0.913f,0.23f,0f,0f,0f,1f],start_interpolation: 0,interpolation_duration: 1}
$data merge entity $(bone_head) {transformation: [-0.9103f,-0.0024f,-0.414f,0.0556f,-0.0911f,0.9766f,0.1946f,1.7344f,0.4038f,0.2149f,-0.8892f,0f,0f,0f,0f,1f],start_interpolation: 0,interpolation_duration: 1}
$data merge entity $(bone_body) {transformation: [-0.8086f,0f,-0.7821f,0f,0f,1.125f,0f,1.0625f,0.7821f,0f,-0.8086f,0f,0f,0f,0f,1f],start_interpolation: 0,interpolation_duration: 1}
$data merge entity $(bone_left4) {transformation: [-0.8885f,-0.437f,0.1402f,0.5319f,-0.289f,0.2954f,-0.9106f,1.5328f,0.3565f,-0.8496f,-0.3888f,-0.2773f,0f,0f,0f,1f],start_interpolation: 0,interpolation_duration: 1}
$data merge entity $(bone_left3) {transformation: [0.059f,-0.9884f,0.1402f,1.6313f,-0.3843f,-0.1521f,-0.9106f,1.5791f,0.9213f,-0.0002f,-0.3888f,0.0108f,0f,0f,0f,1f],start_interpolation: 0,interpolation_duration: 1}
$data merge entity $(bone_aura) {transformation: [1.8365f,-1.455f,-0.3882f,0.6289f,-0.9241f,-0.6055f,-2.1024f,0.3819f,1.1891f,1.7768f,-1.0344f,2.0173f,0f,0f,0f,1f],start_interpolation: 0,interpolation_duration: 1}
$data merge entity $(bone_scythe) {transformation: [1.321f,-1.0466f,-0.2792f,0.2266f,-0.6647f,-0.4355f,-1.5122f,1.1475f,0.8553f,1.278f,-0.744f,0.6121f,0f,0f,0f,1f],start_interpolation: 0,interpolation_duration: 1}
$data merge entity $(bone_right2) {transformation: [-0.1497f,-0.6149f,0.7743f,0.0272f,-0.8908f,0.4237f,0.1642f,1.3005f,-0.429f,-0.6652f,-0.6112f,0.4006f,0f,0f,0f,1f],start_interpolation: 0,interpolation_duration: 1}
$data merge entity $(bone_right1) {transformation: [-0.8343f,-0.5306f,-0.1497f,0.8516f,-0.119f,0.4385f,-0.8908f,0.8717f,0.5383f,-0.7254f,-0.429f,1.0031f,0f,0f,0f,1f],start_interpolation: 0,interpolation_duration: 1}
data modify entity @s data merge value {"cameras":{},"locators":{"scythe_blade":{"posx":0.04733452070829264,"posy":0.5953223837140256,"posz":1.8018002582540547,"roty":339.4285956080961,"rotx":-62.27805578821599},"scythe_pole":{"posx":0.09006613006658798,"posy":1.1018356329960228,"posz":0.7562473720433941,"roty":339.4285956080961,"rotx":-62.27805578821599}}}
execute on vehicle unless entity @s[tag=aj.transforms_only] at @s run function animated_java:lich/animations/swing1/zzz/frames/27_root_commands