# This file was generated by Animated Java via MC-Build. It is not recommended to edit this file directly.
$data merge entity $(bone_hair_side) {transformation: [-0.9997f,0.0053f,0.0256f,-0.3023f,0.0057f,0.9999f,0.0132f,1.9101f,-0.0256f,0.0133f,-0.9996f,0.2481f,0f,0f,0f,1f],start_interpolation: 0,interpolation_duration: 1}
$data merge entity $(bone_hair_side1) {transformation: [-0.9997f,0.0053f,0.0256f,0.2912f,0.0057f,0.9999f,0.0132f,1.9068f,-0.0256f,0.0133f,-0.9996f,0.2633f,0f,0f,0f,1f],start_interpolation: 0,interpolation_duration: 1}
$data merge entity $(bone_beard) {transformation: [-0.9997f,0.0053f,0.0256f,-0.0074f,0.0057f,0.9999f,0.0132f,1.5898f,-0.0256f,0.0133f,-0.9996f,0.2587f,0f,0f,0f,1f],start_interpolation: 0,interpolation_duration: 1}
$data merge entity $(bone_head) {transformation: [-0.9997f,0.0008f,0.0262f,0f,0.0057f,0.9824f,0.1866f,1.7344f,-0.0256f,0.1867f,-0.9821f,0f,0f,0f,0f,1f],start_interpolation: 0,interpolation_duration: 1}
$data merge entity $(bone_body) {transformation: [-1.1203f,0f,0.1029f,0f,0f,1.125f,0f,1.0625f,-0.1029f,0f,-1.1203f,0f,0f,0f,0f,1f],start_interpolation: 0,interpolation_duration: 1}
$data merge entity $(bone_left4) {transformation: [-0.9291f,0.0406f,0.3676f,0.2766f,-0.0825f,0.9461f,-0.3131f,1.1721f,-0.3605f,-0.3213f,-0.8757f,0.1252f,0f,0f,0f,1f],start_interpolation: 0,interpolation_duration: 1}
$data merge entity $(bone_left3) {transformation: [-0.9298f,0.0163f,0.3676f,-0.0318f,-0.1073f,0.9436f,-0.3131f,0.1064f,-0.352f,-0.3306f,-0.8757f,0.3768f,0f,0f,0f,1f],start_interpolation: 0,interpolation_duration: 1}
$data merge entity $(bone_aura) {transformation: [-2.2996f,-0.589f,0.0751f,-2.362f,-0.5599f,2.0513f,-1.058f,1.7562f,0.1975f,-1.0421f,-2.125f,-0.3731f,0f,0f,0f,1f],start_interpolation: 0,interpolation_duration: 1}
$data merge entity $(bone_scythe) {transformation: [-1.6541f,-0.4236f,0.054f,-0.8432f,-0.4027f,1.4755f,-0.761f,1.2019f,0.1421f,-0.7496f,-1.5285f,-0.0435f,0f,0f,0f,1f],start_interpolation: 0,interpolation_duration: 1}
$data merge entity $(bone_right2) {transformation: [0.1366f,0.9905f,0.0166f,-0.5203f,-0.2853f,0.0554f,-0.9568f,1.2246f,-0.9486f,0.126f,0.2902f,0.0127f,0f,0f,0f,1f],start_interpolation: 0,interpolation_duration: 1}
$data merge entity $(bone_right1) {transformation: [-0.6751f,0.725f,0.1366f,-1.0797f,0.674f,0.6814f,-0.2853f,0.29f,-0.3f,-0.1005f,-0.9486f,0.2132f,0f,0f,0f,1f],start_interpolation: 0,interpolation_duration: 1}
data modify entity @s data merge value {"cameras":{},"locators":{"scythe_blade":{"posx":-1.7765759917032145,"posy":2.028713273497123,"posz":-0.48810514995436916,"roty":2.0237676920174295,"rotx":-26.452647983926187},"scythe_pole":{"posx":-0.8784206395573246,"posy":1.3810707071711938,"posz":-0.1339320712280807,"roty":2.0237676920174295,"rotx":-26.452647983926187}}}