# This file was generated by Animated Java via MC-Build. It is not recommended to edit this file directly.
$data merge entity $(bone_hair_side) {transformation: [-0.9109f,-0.3189f,-0.2619f,-0.1954f,-0.3395f,0.9399f,0.0365f,1.8877f,0.2345f,0.1222f,-0.9644f,0.3277f,0f,0f,0f,1f],start_interpolation: 0,interpolation_duration: 1}
$data merge entity $(bone_hair_side1) {transformation: [-0.9945f,0.0482f,0.0932f,0.3774f,0.0466f,0.9987f,-0.0187f,1.9235f,-0.094f,-0.0142f,-0.9955f,0.1752f,0f,0f,0f,1f],start_interpolation: 0,interpolation_duration: 1}
$data merge entity $(bone_beard) {transformation: [-0.9646f,-0.0522f,-0.2586f,0.1095f,-0.0602f,0.9979f,0.023f,1.5875f,0.2569f,0.0378f,-0.9657f,0.2464f,0f,0f,0f,1f],start_interpolation: 0,interpolation_duration: 1}
$data merge entity $(bone_head) {transformation: [-0.9646f,-0.0065f,-0.2638f,0.0347f,-0.0602f,0.9788f,0.196f,1.7344f,0.2569f,0.2049f,-0.9445f,0f,0f,0f,0f,1f],start_interpolation: 0,interpolation_duration: 1}
$data merge entity $(bone_body) {transformation: [-1.002f,0f,-0.5114f,0f,0f,1.125f,0f,1.0625f,0.5114f,0f,-1.002f,0f,0f,0f,0f,1f],start_interpolation: 0,interpolation_duration: 1}
$data merge entity $(bone_left4) {transformation: [-0.835f,-0.4773f,-0.2736f,0.5272f,-0.2402f,0.7637f,-0.5993f,1.3476f,0.495f,-0.4347f,-0.7523f,-0.1689f,0f,0f,0f,1f],start_interpolation: 0,interpolation_duration: 1}
$data merge entity $(bone_left3) {transformation: [-0.3127f,-0.9096f,-0.2736f,1.4243f,-0.6843f,0.4155f,-0.5993f,0.6792f,0.6588f,-0.0002f,-0.7523f,0.0371f,0f,0f,0f,1f],start_interpolation: 0,interpolation_duration: 1}
$data merge entity $(bone_scythe) {transformation: [-0.1641f,-2.182f,-0.9232f,-0.2582f,-1.9171f,0.6661f,-1.2335f,0.9207f,1.3922f,0.66f,-1.8074f,0.4741f,0f,0f,0f,1f],start_interpolation: 0,interpolation_duration: 1}
$data merge entity $(bone_right2) {transformation: [-0.3873f,0.1793f,0.9044f,-0.1933f,-0.5281f,0.7609f,-0.377f,1.1786f,-0.7557f,-0.6236f,-0.2f,0.2813f,0f,0f,0f,1f],start_interpolation: 0,interpolation_duration: 1}
$data merge entity $(bone_right1) {transformation: [-0.9211f,-0.0399f,-0.3873f,0.1369f,0.1862f,0.8285f,-0.5281f,0.2401f,0.3419f,-0.5585f,-0.7557f,0.7679f,0f,0f,0f,1f],start_interpolation: 0,interpolation_duration: 1}
data modify entity @s data merge value {"cameras":{},"locators":{"scythe_blade":{"posx":-1.3525424479638568,"posy":0.698198232174234,"posz":1.1849404399083552,"roty":332.94143871000165,"rotx":-31.29006147547},"scythe_pole":{"posx":-0.4437136420722309,"posy":0.9902411126636057,"posz":0.5213866308340097,"roty":332.94143871000165,"rotx":-31.29006147547}}}