# This file was generated by Animated Java via MC-Build. It is not recommended to edit this file directly.
$data merge entity $(bone_hair_side) {transformation: [-0.9714f,-0.1783f,-0.1567f,-0.2387f,-0.1847f,0.9824f,0.0268f,1.8962f,0.1492f,0.055f,-0.9873f,0.3005f,0f,0f,0f,1f],start_interpolation: 0,interpolation_duration: 1}
$data merge entity $(bone_hair_side1) {transformation: [-0.9945f,0.0064f,0.1042f,0.3474f,0.0045f,0.9998f,-0.0187f,1.9182f,-0.1043f,-0.0182f,-0.9944f,0.2083f,0f,0f,0f,1f],start_interpolation: 0,interpolation_duration: 1}
$data merge entity $(bone_beard) {transformation: [-0.9872f,-0.0337f,-0.156f,0.0663f,-0.0369f,0.9992f,0.0176f,1.5887f,0.1553f,0.0232f,-0.9876f,0.2542f,0f,0f,0f,1f],start_interpolation: 0,interpolation_duration: 1}
$data merge entity $(bone_head) {transformation: [-0.9872f,-0.0061f,-0.1595f,0.0208f,-0.0369f,0.9809f,0.1909f,1.7344f,0.1553f,0.1943f,-0.9686f,0f,0f,0f,0f,1f],start_interpolation: 0,interpolation_duration: 1}
$data merge entity $(bone_body) {transformation: [-1.0912f,0f,-0.2736f,0f,0f,1.125f,0f,1.0625f,0.2736f,0f,-1.0912f,0f,0f,0f,0f,1f],start_interpolation: 0,interpolation_duration: 1}
$data merge entity $(bone_left4) {transformation: [-0.8986f,-0.3379f,-0.2798f,0.4644f,-0.277f,0.9316f,-0.2354f,1.2338f,0.3402f,-0.134f,-0.9308f,-0.0876f,0f,0f,0f,1f],start_interpolation: 0,interpolation_duration: 1}
$data merge entity $(bone_left3) {transformation: [-0.7124f,-0.6435f,-0.2798f,0.9456f,-0.5989f,0.7654f,-0.2354f,0.2094f,0.3656f,-0.0001f,-0.9308f,0.0268f,0f,0f,0f,1f],start_interpolation: 0,interpolation_duration: 1}
$data merge entity $(bone_aura) {transformation: [-1.709f,-1.4935f,-0.6996f,-2.1939f,-1.4076f,1.8459f,-0.502f,0.9777f,0.8594f,0.0534f,-2.2134f,0.759f,0f,0f,0f,1f],start_interpolation: 0,interpolation_duration: 1}
$data merge entity $(bone_scythe) {transformation: [-1.2293f,-1.0743f,-0.5032f,-0.6207f,-1.0125f,1.3277f,-0.3611f,0.9784f,0.6182f,0.0384f,-1.5921f,0.2615f,0f,0f,0f,1f],start_interpolation: 0,interpolation_duration: 1}
$data merge entity $(bone_right2) {transformation: [-0.2973f,0.745f,0.5971f,-0.3715f,-0.2158f,0.5567f,-0.8022f,1.1645f,-0.9301f,-0.3673f,-0.0048f,0.1555f,0f,0f,0f,1f],start_interpolation: 0,interpolation_duration: 1}
$data merge entity $(bone_right1) {transformation: [-0.8815f,0.3667f,-0.2973f,-0.4857f,0.4362f,0.8736f,-0.2158f,0.1f,0.1806f,-0.3199f,-0.9301f,0.439f,0f,0f,0f,1f],start_interpolation: 0,interpolation_duration: 1}
data modify entity @s data merge value {"cameras":{},"locators":{"scythe_blade":{"posx":-1.8213976137164103,"posy":1.4667267884870134,"posz":0.5303192110020016,"roty":342.45894853915826,"rotx":-12.202801582637628},"scythe_pole":{"posx":-0.7371511439392091,"posy":1.1455749896769627,"posz":0.26044217437838196,"roty":342.45894853915826,"rotx":-12.202801582637628}}}