# This file was generated by Animated Java via MC-Build. It is not recommended to edit this file directly.
$data merge entity $(bone_hair_side) {transformation: [-0.9885f,-0.11f,-0.1041f,-0.2591f,-0.1125f,0.9935f,0.0186f,1.9011f,0.1014f,0.0301f,-0.9944f,0.2856f,0f,0f,0f,1f],start_interpolation: 0,interpolation_duration: 1}
$data merge entity $(bone_hair_side1) {transformation: [-0.9982f,-0.0017f,0.0596f,0.3313f,-0.0024f,0.9999f,-0.0112f,1.9158f,-0.0596f,-0.0113f,-0.9982f,0.224f,0f,0f,0f,1f],start_interpolation: 0,interpolation_duration: 1}
$data merge entity $(bone_beard) {transformation: [-0.9943f,-0.0233f,-0.1041f,0.0443f,-0.0248f,0.9996f,0.013f,1.5899f,0.1037f,0.0156f,-0.9945f,0.2571f,0f,0f,0f,1f],start_interpolation: 0,interpolation_duration: 1}
$data merge entity $(bone_head) {transformation: [-0.9943f,-0.0049f,-0.1065f,0.0139f,-0.0248f,0.9822f,0.1864f,1.7344f,0.1037f,0.188f,-0.9767f,0f,0f,0f,0f,1f],start_interpolation: 0,interpolation_duration: 1}
$data merge entity $(bone_body) {transformation: [-1.1133f,0f,-0.1619f,0f,0f,1.125f,0f,1.0625f,0.1619f,0f,-1.1133f,0f,0f,0f,0f,1f],start_interpolation: 0,interpolation_duration: 1}
$data merge entity $(bone_left4) {transformation: [-0.9403f,-0.2814f,-0.1915f,0.4244f,-0.2655f,0.9584f,-0.1049f,1.1967f,0.213f,-0.0478f,-0.9759f,-0.0515f,0f,0f,0f,1f],start_interpolation: 0,interpolation_duration: 1}
$data merge entity $(bone_left3) {transformation: [-0.856f,-0.4802f,-0.1915f,0.6822f,-0.4686f,0.8771f,-0.1049f,0.0908f,0.2183f,-0.0001f,-0.9759f,0.0168f,0f,0f,0f,1f],start_interpolation: 0,interpolation_duration: 1}
$data merge entity $(bone_scythe) {transformation: [-1.5411f,-0.6612f,-0.3258f,-0.7412f,-0.6383f,1.5747f,-0.1764f,1.0551f,0.3686f,-0.0374f,-1.6677f,0.1493f,0f,0f,0f,1f],start_interpolation: 0,interpolation_duration: 1}
$data merge entity $(bone_right2) {transformation: [-0.1931f,0.9046f,0.3801f,-0.4414f,-0.1054f,0.366f,-0.9246f,1.1768f,-0.9755f,-0.2186f,0.0247f,0.0928f,0f,0f,0f,1f],start_interpolation: 0,interpolation_duration: 1}
$data merge entity $(bone_right1) {transformation: [-0.834f,0.5169f,-0.1931f,-0.73f,0.5414f,0.8341f,-0.1054f,0.1214f,0.1066f,-0.1924f,-0.9755f,0.264f,0f,0f,0f,1f],start_interpolation: 0,interpolation_duration: 1}
data modify entity @s data merge value {"cameras":{},"locators":{"hitbox":{"posx":-1.2249564716236179,"posy":2.089009286078877,"posz":0.134443174377405,"roty":348.945508674409,"rotx":-5.926586903556994},"hitbox2":{"posx":-1.9015483861409912,"posy":1.8087668614204826,"posz":0.29626889739849793,"roty":348.945508674409,"rotx":-5.926586903556994}}}
execute on vehicle unless entity @s[tag=aj.transforms_only] at @s run function animated_java:lich/animations/swing1/zzz/frames/33_root_commands