# This file was generated by Animated Java via MC-Build. It is not recommended to edit this file directly.
$data merge entity $(bone_hair_side) {transformation: [-0.999f,0.0085f,0.0428f,-0.3059f,0.0095f,0.9997f,0.0218f,1.909f,-0.0426f,0.0222f,-0.9988f,0.2444f,0f,0f,0f,1f],start_interpolation: 0,interpolation_duration: 1}
$data merge entity $(bone_hair_side1) {transformation: [-0.999f,0.0085f,0.0428f,0.2873f,0.0095f,0.9997f,0.0218f,1.9034f,-0.0426f,0.0222f,-0.9988f,0.2697f,0f,0f,0f,1f],start_interpolation: 0,interpolation_duration: 1}
$data merge entity $(bone_beard) {transformation: [-0.999f,0.0085f,0.0428f,-0.0124f,0.0095f,0.9997f,0.0218f,1.5876f,-0.0426f,0.0222f,-0.9988f,0.2573f,0f,0f,0f,1f],start_interpolation: 0,interpolation_duration: 1}
$data merge entity $(bone_head) {transformation: [-0.999f,0.001f,0.0436f,0f,0.0095f,0.9807f,0.1951f,1.7344f,-0.0426f,0.1953f,-0.9798f,0f,0f,0f,0f,1f],start_interpolation: 0,interpolation_duration: 1}
$data merge entity $(bone_body) {transformation: [-1.1119f,0f,0.1711f,0f,0f,1.125f,0f,1.0625f,-0.1711f,0f,-1.1119f,0f,0f,0f,0f,1f],start_interpolation: 0,interpolation_duration: 1}
$data merge entity $(bone_left4) {transformation: [-0.8117f,0.3168f,0.4907f,0.1914f,-0.0014f,0.8391f,-0.544f,1.2025f,-0.5841f,-0.4423f,-0.6806f,0.1856f,0f,0f,0f,1f],start_interpolation: 0,interpolation_duration: 1}
$data merge entity $(bone_left3) {transformation: [-0.8248f,0.2811f,0.4907f,-0.3738f,-0.038f,0.8382f,-0.544f,0.2738f,-0.5642f,-0.4673f,-0.6806f,0.5204f,0f,0f,0f,1f],start_interpolation: 0,interpolation_duration: 1}
$data merge entity $(bone_scythe) {transformation: [-1.5819f,-0.6357f,0.1094f,-0.841f,-0.5332f,1.1256f,-1.1692f,1.2175f,0.363f,-1.1169f,-1.2407f,-0.061f,0f,0f,0f,1f],start_interpolation: 0,interpolation_duration: 1}
$data merge entity $(bone_right2) {transformation: [0.2018f,0.9787f,-0.0374f,-0.523f,-0.4681f,0.0629f,-0.8815f,1.2454f,-0.8604f,0.1954f,0.4708f,0.0165f,0f,0f,0f,1f],start_interpolation: 0,interpolation_duration: 1}
$data merge entity $(bone_right1) {transformation: [-0.6005f,0.7738f,0.2018f,-1.1575f,0.6348f,0.6147f,-0.4681f,0.3938f,-0.4862f,-0.153f,-0.8604f,0.331f,0f,0f,0f,1f],start_interpolation: 0,interpolation_duration: 1}
data modify entity @s data merge value {"cameras":{},"locators":{"hitbox":{"posx":-1.3088766602948214,"posy":1.9543615052824657,"posz":-0.7967405710485318,"roty":5.041326966656243,"rotx":-43.191166930777854},"hitbox2":{"posx":-2.003358697288243,"posy":1.7202646789070526,"posz":-0.6373875786874617,"roty":5.041326966656243,"rotx":-43.191166930777854}}}