# This file was generated by Animated Java via MC-Build. It is not recommended to edit this file directly.
$data merge entity $(bone_hair_side) {transformation: [-0.9986f,0.01f,0.0514f,-0.3077f,0.0113f,0.9996f,0.0261f,1.9085f,-0.0511f,0.0266f,-0.9983f,0.2425f,0f,0f,0f,1f],start_interpolation: 0,interpolation_duration: 1}
$data merge entity $(bone_hair_side1) {transformation: [-0.9988f,-0.006f,0.0493f,0.2852f,-0.006f,1f,0.0001f,1.9018f,-0.0493f,-0.0002f,-0.9988f,0.2729f,0f,0f,0f,1f],start_interpolation: 0,interpolation_duration: 1}
$data merge entity $(bone_beard) {transformation: [-0.9986f,0.01f,0.0514f,-0.0148f,0.0113f,0.9996f,0.0261f,1.5865f,-0.0511f,0.0266f,-0.9983f,0.2565f,0f,0f,0f,1f],start_interpolation: 0,interpolation_duration: 1}
$data merge entity $(bone_head) {transformation: [-0.9986f,0.0009f,0.0523f,0f,0.0113f,0.9799f,0.1993f,1.7344f,-0.0511f,0.1996f,-0.9785f,0f,0f,0f,0f,1f],start_interpolation: 0,interpolation_duration: 1}
$data merge entity $(bone_body) {transformation: [-1.1062f,0f,0.205f,0f,0f,1.125f,0f,1.0625f,-0.205f,0f,-1.1062f,0f,0f,0f,0f,1f],start_interpolation: 0,interpolation_duration: 1}
$data merge entity $(bone_left4) {transformation: [-0.7288f,0.4655f,0.5021f,0.1454f,0.0308f,0.7549f,-0.6551f,1.226f,-0.684f,-0.462f,-0.5645f,0.2052f,0f,0f,0f,1f],start_interpolation: 0,interpolation_duration: 1}
$data merge entity $(bone_left3) {transformation: [-0.7522f,0.4268f,0.5021f,-0.5564f,-0.0087f,0.7555f,-0.6551f,0.397f,-0.6589f,-0.4971f,-0.5645f,0.543f,0f,0f,0f,1f],start_interpolation: 0,interpolation_duration: 1}
$data merge entity $(bone_scythe) {transformation: [-1.5402f,-0.7267f,0.1346f,-0.8407f,-0.5512f,0.9222f,-1.3282f,1.2281f,0.4924f,-1.2409f,-1.0659f,-0.0707f,0f,0f,0f,1f],start_interpolation: 0,interpolation_duration: 1}
$data merge entity $(bone_right2) {transformation: [0.2244f,0.9718f,-0.0728f,-0.5253f,-0.5538f,0.0657f,-0.8301f,1.2583f,-0.8018f,0.2266f,0.5529f,0.0162f,0f,0f,0f,1f],start_interpolation: 0,interpolation_duration: 1}
$data merge entity $(bone_right1) {transformation: [-0.555f,0.801f,0.2244f,-1.203f,0.6037f,0.5734f,-0.5538f,0.4604f,-0.5723f,-0.1719f,-0.8018f,0.3776f,0f,0f,0f,1f],start_interpolation: 0,interpolation_duration: 1}
data modify entity @s data merge value {"cameras":{},"locators":{"hitbox":{"posx":-1.3681663823791048,"posy":1.8287052774369414,"posz":-0.8857047310045227,"roty":7.195702247691003,"rotx":-51.03271181638481},"hitbox2":{"posx":-2.0443444842190464,"posy":1.5867279063060538,"posz":-0.6695332100941149,"roty":7.195702247691003,"rotx":-51.03271181638481}}}