# This file was generated by Animated Java via MC-Build. It is not recommended to edit this file directly.
$data merge entity $(bone_chest) {transformation: [-0.9987f,0.0024f,0.051f,-0.0001f,0f,0.9989f,-0.0472f,-0.7187f,-0.0511f,-0.0471f,-0.9976f,-0.0008f,0f,0f,0f,1f],start_interpolation: 0,interpolation_duration: 1}
$data merge entity $(bone_cape) {transformation: [-0.9987f,-0.0043f,0.0509f,0.2227f,0f,0.9965f,0.0836f,-0.594f,-0.0511f,0.0835f,-0.9952f,-0.0744f,0f,0f,0f,1f],start_interpolation: 0,interpolation_duration: 1}
$data merge entity $(bone_saber) {transformation: [-1.3016f,-0.4154f,0.1548f,-0.4309f,-0.0023f,0.4863f,1.2861f,-1.1449f,-0.4433f,1.2172f,-0.461f,0.1326f,0f,0f,0f,1f],start_interpolation: 0,interpolation_duration: 1}
$data merge entity $(bone_right_forearm) {transformation: [-0.9466f,0.1125f,0.3021f,-0.4077f,-0.0017f,0.9354f,-0.3536f,-0.8564f,-0.3224f,-0.3353f,-0.8852f,0.0145f,0f,0f,0f,1f],start_interpolation: 0,interpolation_duration: 1}
$data merge entity $(bone_right_arm) {transformation: [-0.9846f,0.124f,0.1235f,-0.2498f,0.1006f,0.9785f,-0.1803f,-0.5937f,-0.1432f,-0.1651f,-0.9758f,-0.014f,0f,0f,0f,1f],start_interpolation: 0,interpolation_duration: 1}
$data merge entity $(bone_short_sword) {transformation: [-1.1657f,-0.027f,-0.0397f,0.4047f,-0.0408f,0.0485f,1.1649f,-1.1219f,-0.0254f,1.1653f,-0.0494f,0.0583f,0f,0f,0f,1f],start_interpolation: 0,interpolation_duration: 1}
$data merge entity $(bone_left_forearm) {transformation: [-0.9992f,-0.034f,0.0232f,0.3961f,-0.035f,0.9985f,-0.0415f,-0.8632f,-0.0217f,-0.0423f,-0.9989f,0.0369f,0f,0f,0f,1f],start_interpolation: 0,interpolation_duration: 1}
$data merge entity $(bone_left_arm) {transformation: [-0.9953f,-0.0786f,0.0563f,0.2496f,-0.0821f,0.9946f,-0.0634f,-0.5937f,-0.051f,-0.0678f,-0.9964f,0.0115f,0f,0f,0f,1f],start_interpolation: 0,interpolation_duration: 1}
$data merge entity $(bone_torso) {transformation: [-0.9987f,0.0002f,0.0511f,0f,0f,1f,-0.0035f,-0.9531f,-0.0511f,-0.0035f,-0.9987f,-0.0031f,0f,0f,0f,1f],start_interpolation: 0,interpolation_duration: 1}
$data merge entity $(bone_right_dress) {transformation: [-0.9774f,-0.2113f,-0.0023f,-0.1936f,-0.2113f,0.9774f,0.0087f,-1.1099f,0.0005f,0.009f,-1f,-0.0078f,0f,0f,0f,1f],start_interpolation: 0,interpolation_duration: 1}
$data merge entity $(bone_left_dress) {transformation: [-0.9761f,0.2172f,-0.0088f,0.1311f,0.2174f,0.9752f,-0.0411f,-1.1099f,-0.0003f,-0.042f,-0.9991f,-0.0078f,0f,0f,0f,1f],start_interpolation: 0,interpolation_duration: 1}
$data merge entity $(bone_lower_right_leg) {transformation: [-0.999f,0.0436f,0.0011f,-0.1414f,0.0436f,0.9988f,0.0242f,-1.5933f,0f,0.0242f,-0.9997f,-0.0091f,0f,0f,0f,1f],start_interpolation: 0,interpolation_duration: 1}
$data merge entity $(bone_right_leg) {transformation: [-0.999f,0.0436f,0.0011f,-0.125f,0.0436f,0.9988f,0.0242f,-1.2187f,0f,0.0242f,-0.9997f,0f,0f,0f,0f,1f],start_interpolation: 0,interpolation_duration: 1}
$data merge entity $(bone_lower_left_leg) {transformation: [-0.999f,-0.0436f,0f,0.1413f,-0.0436f,0.999f,-0.001f,-1.5932f,0f,-0.001f,-1f,0.013f,0f,0f,0f,1f],start_interpolation: 0,interpolation_duration: 1}
$data merge entity $(bone_left_leg) {transformation: [-0.999f,-0.0436f,0.0015f,0.125f,-0.0436f,0.9984f,-0.0347f,-1.2187f,0f,-0.0347f,-0.9994f,0f,0f,0f,0f,1f],start_interpolation: 0,interpolation_duration: 1}
$data merge entity $(bone_pony_tail) {transformation: [-0.9999f,-0.001f,0.014f,0.0025f,0f,0.9972f,0.0742f,-0.4515f,-0.014f,0.0742f,-0.9971f,-0.2353f,0f,0f,0f,1f],start_interpolation: 0,interpolation_duration: 1}
$data merge entity $(bone_head) {transformation: [-0.9999f,-0.001f,0.014f,-0.0007f,0f,0.9972f,0.0742f,-0.5f,-0.014f,0.0742f,-0.9971f,-0.0039f,0f,0f,0f,1f],start_interpolation: 0,interpolation_duration: 1}