# This file was generated by Animated Java via MC-Build. It is not recommended to edit this file directly.
$data merge entity $(bone_chest) {transformation: [-0.9397f,0.0149f,0.3417f,-0.0011f,0f,0.999f,-0.0436f,-0.7539f,-0.342f,-0.041f,-0.9388f,-0.0002f,0f,0f,0f,1f],start_interpolation: 0,interpolation_duration: 1}
$data merge entity $(bone_cape) {transformation: [-0.9397f,-0.0298f,0.3407f,0.2333f,0f,0.9962f,0.0872f,-0.6289f,-0.342f,0.0819f,-0.9361f,-0.0047f,0f,0f,0f,1f],start_interpolation: 0,interpolation_duration: 1}
$data merge entity $(bone_saber) {transformation: [-1.1014f,0.1136f,0.8152f,-0.6679f,-0.4829f,1.0136f,-0.7937f,-0.3414f,-0.6665f,-0.9221f,-0.772f,-0.0038f,0f,0f,0f,1f],start_interpolation: 0,interpolation_duration: 1}
$data merge entity $(bone_right_forearm) {transformation: [-0.801f,0.4598f,-0.3832f,-0.5405f,-0.3512f,-0.8795f,-0.3212f,-0.6245f,-0.4847f,-0.1227f,0.866f,-0.0414f,0f,0f,0f,1f],start_interpolation: 0,interpolation_duration: 1}
$data merge entity $(bone_right_arm) {transformation: [-0.5297f,0.8474f,-0.0366f,-0.236f,0.1483f,0.0501f,-0.9877f,-0.6289f,-0.8351f,-0.5286f,-0.1522f,-0.0857f,0f,0f,0f,1f],start_interpolation: 0,interpolation_duration: 1}
$data merge entity $(bone_short_sword) {transformation: [-0.5597f,-0.9672f,0.3354f,0.2478f,-0.0611f,0.4131f,1.0894f,-1.1106f,-1.0218f,0.505f,-0.2489f,0.3071f,0f,0f,0f,1f],start_interpolation: 0,interpolation_duration: 1}
$data merge entity $(bone_left_forearm) {transformation: [-0.4797f,0.2875f,0.829f,0.3311f,-0.0524f,0.9337f,-0.3541f,-0.8719f,-0.8759f,-0.2133f,-0.4329f,0.2472f,0f,0f,0f,1f],start_interpolation: 0,interpolation_duration: 1}
$data merge entity $(bone_left_arm) {transformation: [-0.9361f,0.0703f,0.3446f,0.2339f,-0.0872f,0.9029f,-0.421f,-0.6289f,-0.3407f,-0.4241f,-0.8391f,0.0853f,0f,0f,0f,1f],start_interpolation: 0,interpolation_duration: 1}
$data merge entity $(bone_torso) {transformation: [-0.9397f,0f,0.342f,0f,0f,1f,0f,-0.9883f,-0.342f,0f,-0.9397f,-0.0031f,0f,0f,0f,1f],start_interpolation: 0,interpolation_duration: 1}
$data merge entity $(bone_right_dress) {transformation: [-0.9848f,-0.1728f,-0.0189f,-0.1936f,-0.1738f,0.9811f,0.0851f,-1.1451f,0.0038f,0.0871f,-0.9962f,-0.0078f,0f,0f,0f,1f],start_interpolation: 0,interpolation_duration: 1}
$data merge entity $(bone_left_dress) {transformation: [-0.9763f,0.2034f,-0.074f,0.1311f,0.2164f,0.9174f,-0.3339f,-1.1451f,0f,-0.342f,-0.9397f,-0.0078f,0f,0f,0f,1f],start_interpolation: 0,interpolation_duration: 1}
$data merge entity $(bone_lower_right_leg) {transformation: [-0.999f,0.0426f,0.0094f,-0.141f,0.0436f,0.9754f,0.2162f,-1.6197f,0f,0.2164f,-0.9763f,-0.0812f,0f,0f,0f,1f],start_interpolation: 0,interpolation_duration: 1}
$data merge entity $(bone_right_leg) {transformation: [-0.999f,0.0426f,0.0094f,-0.125f,0.0436f,0.9754f,0.2162f,-1.2539f,0f,0.2164f,-0.9763f,0f,0f,0f,0f,1f],start_interpolation: 0,interpolation_duration: 1}
$data merge entity $(bone_lower_left_leg) {transformation: [-0.999f,-0.0426f,-0.0093f,0.1406f,-0.0436f,0.9759f,0.2139f,-1.6112f,0f,0.2141f,-0.9768f,0.1128f,0f,0f,0f,1f],start_interpolation: 0,interpolation_duration: 1}
$data merge entity $(bone_left_leg) {transformation: [-0.999f,-0.0416f,0.0131f,0.125f,-0.0436f,0.9528f,-0.3004f,-1.2539f,0f,-0.3007f,-0.9537f,0f,0f,0f,0f,1f],start_interpolation: 0,interpolation_duration: 1}
$data merge entity $(bone_waist) {transformation: [-1f,0f,0f,0f,0f,1f,0f,-0.9102f,0f,0f,-1f,0f,0f,0f,0f,1f],start_interpolation: 0,interpolation_duration: 1}
$data merge entity $(bone_pony_tail) {transformation: [-0.9962f,0f,0.0872f,0.0204f,0f,1f,0f,-0.5039f,-0.0872f,0f,-0.9962f,-0.2491f,0f,0f,0f,1f],start_interpolation: 0,interpolation_duration: 1}
$data merge entity $(bone_head) {transformation: [-0.9962f,0f,0.0872f,0f,0f,1f,0f,-0.5352f,-0.0872f,0f,-0.9962f,-0.0156f,0f,0f,0f,1f],start_interpolation: 0,interpolation_duration: 1}
execute on vehicle unless entity @s[tag=aj.transforms_only] positioned ^-0.0461116882 ^-0.9045551112 ^0.1235658222 rotated ~20 ~-2.5 run function animated_java:mage_hunter/animations/slash/zzz/frames/11_locator_commands
execute on vehicle unless entity @s[tag=aj.transforms_only] positioned ^-0.6106224317 ^0.1135685136 ^-0.428080571 rotated ~46.5576162874 ~-35.2576922129 run function animated_java:mage_hunter/animations/slash/zzz/frames/11_locator_commands
data modify entity @s data merge value {"cameras":{},"locators":{"body_hitbox":{"posx":-0.04611168823948884,"posy":-0.9045551112014982,"posz":0.12356582221092688,"roty":20,"rotx":-2.5},"saber_hitbox":{"posx":-0.6106224316503779,"posy":0.11356851361045334,"posz":-0.4280805710434627,"roty":46.55761628736238,"rotx":-35.25769221292376},"short_sword_hitbox":{"posx":-0.11976613458424112,"posy":-0.9425679594971348,"posz":0.49835552038884934,"roty":53.424995765937936,"rotx":69.02440469251003}}}
execute on vehicle unless entity @s[tag=aj.transforms_only] at @s run function animated_java:mage_hunter/animations/slash/zzz/frames/11_root_commands