# This file was generated by Animated Java via MC-Build. It is not recommended to edit this file directly.
$data merge entity $(bone_chest) {transformation: [-0.9641f,0.0527f,-0.2601f,0.0158f,0f,0.9801f,0.1984f,-0.7785f,0.2654f,0.1913f,-0.945f,0.0543f,0f,0f,0f,1f],start_interpolation: 0,interpolation_duration: 1}
$data merge entity $(bone_cape) {transformation: [-0.9641f,0.0862f,-0.251f,0.213f,0f,0.9458f,0.3247f,-0.6368f,0.2654f,0.313f,-0.9119f,-0.0537f,0f,0f,0f,1f],start_interpolation: 0,interpolation_duration: 1}
$data merge entity $(bone_saber) {transformation: [-0.5835f,-0.3802f,-1.1856f,0.0167f,-1.2438f,0.1184f,0.5741f,-0.8767f,-0.0567f,1.3161f,-0.3942f,0.7092f,0f,0f,0f,1f],start_interpolation: 0,interpolation_duration: 1}
$data merge entity $(bone_right_forearm) {transformation: [-0.4243f,-0.4297f,0.797f,-0.1164f,-0.9046f,0.2412f,-0.3515f,-0.8189f,-0.0412f,-0.8701f,-0.4911f,0.4323f,0f,0f,0f,1f],start_interpolation: 0,interpolation_duration: 1}
$data merge entity $(bone_right_arm) {transformation: [-0.823f,-0.5421f,-0.17f,-0.166f,-0.0457f,0.3615f,-0.9313f,-0.7115f,0.5663f,-0.7586f,-0.3223f,0.1482f,0f,0f,0f,1f],start_interpolation: 0,interpolation_duration: 1}
$data merge entity $(bone_short_sword) {transformation: [-1.1586f,0.1197f,-0.0669f,0.4833f,-0.0753f,-0.0789f,1.1616f,-1.1061f,0.1146f,1.1578f,0.0861f,-0.1249f,0f,0f,0f,1f],start_interpolation: 0,interpolation_duration: 1}
$data merge entity $(bone_left_forearm) {transformation: [-0.9931f,-0.0574f,-0.1026f,0.4674f,-0.0645f,0.9956f,0.0677f,-0.8469f,0.0982f,0.0738f,-0.9924f,-0.1161f,0f,0f,0f,1f],start_interpolation: 0,interpolation_duration: 1}
$data merge entity $(bone_left_arm) {transformation: [-0.8938f,-0.323f,-0.3113f,0.2648f,-0.4148f,0.8591f,0.2998f,-0.6572f,0.1706f,0.3971f,-0.9018f,0.017f,0f,0f,0f,1f],start_interpolation: 0,interpolation_duration: 1}
$data merge entity $(bone_torso) {transformation: [-0.9641f,0.064f,-0.2576f,0f,0f,0.9705f,0.241f,-1.0052f,0.2654f,0.2324f,-0.9357f,-0.0031f,0f,0f,0f,1f],start_interpolation: 0,interpolation_duration: 1}
$data merge entity $(bone_right_dress) {transformation: [-0.9792f,-0.1479f,-0.139f,-0.1933f,-0.1728f,0.9667f,0.1888f,-1.162f,0.1064f,0.2089f,-0.9721f,0.0124f,0f,0f,0f,1f],start_interpolation: 0,interpolation_duration: 1}
$data merge entity $(bone_left_dress) {transformation: [-0.9802f,0.0974f,-0.1722f,0.1295f,0.1522f,0.9275f,-0.3413f,-1.162f,0.1265f,-0.3608f,-0.924f,-0.0214f,0f,0f,0f,1f],start_interpolation: 0,interpolation_duration: 1}
$data merge entity $(bone_lower_right_leg) {transformation: [-0.9936f,0.0951f,-0.0607f,-0.1534f,0.0436f,0.82f,0.5707f,-1.6211f,0.104f,0.5644f,-0.8189f,-0.1176f,0f,0f,0f,1f],start_interpolation: 0,interpolation_duration: 1}
$data merge entity $(bone_right_leg) {transformation: [-0.9936f,0.0775f,-0.082f,-0.1243f,0.0436f,0.9342f,0.3541f,-1.2708f,0.104f,0.3483f,-0.9316f,0.013f,0f,0f,0f,1f],start_interpolation: 0,interpolation_duration: 1}
$data merge entity $(bone_lower_left_leg) {transformation: [-0.9936f,-0.0276f,-0.1094f,0.156f,-0.0436f,0.9881f,0.1472f,-1.6079f,0.104f,0.151f,-0.983f,0.1482f,0f,0f,0f,1f],start_interpolation: 0,interpolation_duration: 1}
$data merge entity $(bone_left_leg) {transformation: [-0.9936f,-0.0845f,-0.0747f,0.1243f,-0.0436f,0.8989f,-0.4361f,-1.2708f,0.104f,-0.43f,-0.8968f,-0.013f,0f,0f,0f,1f],start_interpolation: 0,interpolation_duration: 1}
$data merge entity $(bone_waist) {transformation: [-0.9946f,0f,-0.1041f,0f,0f,1f,0f,-0.9271f,0.1041f,0f,-0.9946f,0f,0f,0f,0f,1f],start_interpolation: 0,interpolation_duration: 1}
$data merge entity $(bone_pony_tail) {transformation: [-0.9882f,0.0262f,-0.1512f,0.0152f,0f,0.9853f,0.171f,-0.4812f,0.1535f,0.1689f,-0.9736f,-0.1019f,0f,0f,0f,1f],start_interpolation: 0,interpolation_duration: 1}
$data merge entity $(bone_head) {transformation: [-0.9882f,0.0262f,-0.1512f,0.0498f,0f,0.9853f,0.171f,-0.5521f,0.1535f,0.1689f,-0.9736f,0.121f,0f,0f,0f,1f],start_interpolation: 0,interpolation_duration: 1}
execute on vehicle unless entity @s[tag=aj.transforms_only] positioned ^0.0400819176 ^-0.9564413328 ^0.1424845398 rotated ~344.609375 ~11.4453125 run function animated_java:mage_hunter/animations/slash/zzz/frames/14_locator_commands
execute on vehicle unless entity @s[tag=aj.transforms_only] positioned ^-0.1642251025 ^-0.8189382081 ^1.3043757242 rotated ~288.3897861951 ~24.680204249 run function animated_java:mage_hunter/animations/slash/zzz/frames/14_locator_commands
data modify entity @s data merge value {"cameras":{},"locators":{"body_hitbox":{"posx":0.04008191761885923,"posy":-0.9564413327727871,"posz":0.14248453979463405,"roty":344.609375,"rotx":11.445312499999991},"saber_hitbox":{"posx":-0.16422510254924663,"posy":-0.8189382080575344,"posz":1.3043757241879907,"roty":288.3897861951303,"rotx":24.680204249033338},"short_sword_hitbox":{"posx":0.5285947284855451,"posy":-1.1259282732445568,"posz":0.3195606214640063,"roty":217.8644424350747,"rotx":84.63606036466024}}}
execute on vehicle unless entity @s[tag=aj.transforms_only] at @s run function animated_java:mage_hunter/animations/slash/zzz/frames/14_root_commands