# This file was generated by Animated Java via MC-Build. It is not recommended to edit this file directly.
$data merge entity $(bone_chest) {transformation: [-0.9063f,0.1094f,-0.4082f,0.031f,0f,0.9659f,0.2588f,-0.7774f,0.4226f,0.2346f,-0.8754f,0.0635f,0f,0f,0f,1f],start_interpolation: 0,interpolation_duration: 1}
$data merge entity $(bone_cape) {transformation: [-0.9063f,0.1617f,-0.3904f,0.2112f,0f,0.9239f,0.3827f,-0.6328f,0.4226f,0.3468f,-0.8373f,-0.0679f,0f,0f,0f,1f],start_interpolation: 0,interpolation_duration: 1}
$data merge entity $(bone_saber) {transformation: [-0.4736f,0.267f,-1.2629f,0.3065f,-1.2718f,-0.3269f,0.4078f,-0.964f,-0.221f,1.3086f,0.3596f,0.5495f,0f,0f,0f,1f],start_interpolation: 0,interpolation_duration: 1}
$data merge entity $(bone_right_forearm) {transformation: [-0.3444f,-0.8284f,0.4416f,0.0467f,-0.9249f,0.38f,-0.0085f,-0.8599f,-0.1607f,-0.4114f,-0.8972f,0.41f,0f,0f,0f,1f],start_interpolation: 0,interpolation_duration: 1}
$data merge entity $(bone_right_arm) {transformation: [-0.5168f,-0.8167f,-0.2567f,-0.1183f,-0.1746f,0.3942f,-0.9023f,-0.7272f,0.8381f,-0.4215f,-0.3464f,0.1867f,0f,0f,0f,1f],start_interpolation: 0,interpolation_duration: 1}
$data merge entity $(bone_short_sword) {transformation: [-1.0489f,0.4828f,-0.1668f,0.4854f,-0.2561f,-0.1673f,1.1259f,-1.0581f,0.442f,1.0488f,0.2564f,-0.2651f,0f,0f,0f,1f],start_interpolation: 0,interpolation_duration: 1}
$data merge entity $(bone_left_forearm) {transformation: [-0.8991f,-0.143f,-0.4138f,0.444f,-0.2195f,0.965f,0.1434f,-0.8061f,0.3788f,0.2197f,-0.899f,-0.2174f,0f,0f,0f,1f],start_interpolation: 0,interpolation_duration: 1}
$data merge entity $(bone_left_arm) {transformation: [-0.8335f,-0.2357f,-0.4997f,0.2735f,-0.4864f,0.7421f,0.4612f,-0.6582f,0.2621f,0.6275f,-0.7332f,-0.0081f,0f,0f,0f,1f],start_interpolation: 0,interpolation_duration: 1}
$data merge entity $(bone_torso) {transformation: [-0.9063f,0.1271f,-0.4031f,0f,0f,0.9537f,0.3007f,-1f,0.4226f,0.2725f,-0.8644f,-0.0031f,0f,0f,0f,1f],start_interpolation: 0,interpolation_duration: 1}
$data merge entity $(bone_right_dress) {transformation: [-0.9759f,-0.1392f,-0.1683f,-0.1929f,-0.1738f,0.9616f,0.2124f,-1.1568f,0.1323f,0.2366f,-0.9626f,0.0175f,0f,0f,0f,1f],start_interpolation: 0,interpolation_duration: 1}
$data merge entity $(bone_left_dress) {transformation: [-0.9779f,0.072f,-0.196f,0.1289f,0.1357f,0.9328f,-0.3339f,-1.1568f,0.1588f,-0.3531f,-0.922f,-0.0249f,0f,0f,0f,1f],start_interpolation: 0,interpolation_duration: 1}
$data merge entity $(bone_lower_right_leg) {transformation: [-0.9905f,0.1201f,-0.067f,-0.1576f,0.0436f,0.7366f,0.6749f,-1.6118f,0.1304f,0.6656f,-0.7348f,-0.124f,0f,0f,0f,1f],start_interpolation: 0,interpolation_duration: 1}
$data merge entity $(bone_right_leg) {transformation: [-0.9905f,0.0899f,-0.104f,-0.1239f,0.0436f,0.923f,0.3823f,-1.2656f,0.1304f,0.3741f,-0.9182f,0.0163f,0f,0f,0f,1f],start_interpolation: 0,interpolation_duration: 1}
$data merge entity $(bone_lower_left_leg) {transformation: [-0.9905f,-0.0317f,-0.1338f,0.1609f,-0.0436f,0.9952f,0.0871f,-1.5979f,0.1304f,0.0921f,-0.9872f,0.1535f,0f,0f,0f,1f],start_interpolation: 0,interpolation_duration: 1}
$data merge entity $(bone_left_leg) {transformation: [-0.9905f,-0.0986f,-0.0958f,0.1239f,-0.0436f,0.8862f,-0.4613f,-1.2656f,0.1304f,-0.4527f,-0.8821f,-0.0163f,0f,0f,0f,1f],start_interpolation: 0,interpolation_duration: 1}
$data merge entity $(bone_waist) {transformation: [-0.9914f,0f,-0.1305f,0f,0f,1f,0f,-0.9219f,0.1305f,0f,-0.9914f,0f,0f,0f,0f,1f],start_interpolation: 0,interpolation_duration: 1}
$data merge entity $(bone_pony_tail) {transformation: [-0.9763f,0.0468f,-0.2113f,0.0144f,0f,0.9763f,0.2164f,-0.4656f,0.2164f,0.2113f,-0.9532f,-0.0605f,0f,0f,0f,1f],start_interpolation: 0,interpolation_duration: 1}
$data merge entity $(bone_head) {transformation: [-0.9763f,0.0468f,-0.2113f,0.0625f,0f,0.9763f,0.2164f,-0.5469f,0.2164f,0.2113f,-0.9532f,0.1563f,0f,0f,0f,1f],start_interpolation: 0,interpolation_duration: 1}
execute on vehicle unless entity @s[tag=aj.transforms_only] positioned ^0.0649811668 ^-0.9606905863 ^0.1362275619 rotated ~335 ~15 run function animated_java:mage_hunter/animations/slash/zzz/frames/15_locator_commands
data modify entity @s data merge value {"cameras":{},"locators":{"body_hitbox":{"posx":0.06498116678373353,"posy":-0.9606905862873172,"posz":0.13622756187050244,"roty":335,"rotx":15},"saber_hitbox":{"posx":0.4190179708187213,"posy":-1.1096368914945633,"posz":1.146529346826631,"roty":254.10751942255405,"rotx":17.253454845375998},"short_sword_hitbox":{"posx":0.6689297582201925,"posy":-1.1121146463302691,"posz":0.1391359236884292,"roty":213.0557852052419,"rotx":74.80054591648293}}}
execute on vehicle unless entity @s[tag=aj.transforms_only] at @s run function animated_java:mage_hunter/animations/slash/zzz/frames/15_root_commands