# This file was generated by Animated Java via MC-Build. It is not recommended to edit this file directly.
$data merge entity $(bone_chest) {transformation: [-0.881f,0.1379f,-0.4526f,0.0383f,0f,0.9566f,0.2914f,-0.7764f,0.4732f,0.2568f,-0.8427f,0.0682f,0f,0f,0f,1f],start_interpolation: 0,interpolation_duration: 1}
$data merge entity $(bone_cape) {transformation: [-0.881f,0.1958f,-0.4308f,0.2131f,0f,0.9104f,0.4138f,-0.6304f,0.4732f,0.3646f,-0.802f,-0.0687f,0f,0f,0f,1f],start_interpolation: 0,interpolation_duration: 1}
$data merge entity $(bone_saber) {transformation: [-0.3575f,0.4801f,-1.2379f,0.3996f,-1.2658f,-0.5101f,0.1677f,-0.9502f,-0.4006f,1.1832f,0.5746f,0.4656f,0f,0f,0f,1f],start_interpolation: 0,interpolation_duration: 1}
$data merge entity $(bone_right_forearm) {transformation: [-0.26f,-0.9261f,0.2732f,0.1091f,-0.9206f,0.3231f,0.2193f,-0.8616f,-0.2914f,-0.1945f,-0.9366f,0.3914f,0f,0f,0f,1f],start_interpolation: 0,interpolation_duration: 1}
$data merge entity $(bone_right_arm) {transformation: [-0.3764f,-0.8951f,-0.2389f,-0.0956f,-0.2463f,0.3453f,-0.9056f,-0.7337f,0.8931f,-0.282f,-0.3504f,0.2004f,0f,0f,0f,1f],start_interpolation: 0,interpolation_duration: 1}
$data merge entity $(bone_short_sword) {transformation: [-0.9788f,0.6069f,-0.1864f,0.4759f,-0.3759f,-0.2779f,1.0689f,-1.0072f,0.5116f,0.9568f,0.4287f,-0.3457f,0f,0f,0f,1f],start_interpolation: 0,interpolation_duration: 1}
$data merge entity $(bone_left_forearm) {transformation: [-0.839f,-0.1598f,-0.5202f,0.429f,-0.3222f,0.9162f,0.2382f,-0.767f,0.4385f,0.3675f,-0.8201f,-0.2589f,0f,0f,0f,1f],start_interpolation: 0,interpolation_duration: 1}
$data merge entity $(bone_left_arm) {transformation: [-0.8056f,-0.178f,-0.565f,0.2782f,-0.5364f,0.624f,0.5682f,-0.6585f,0.2515f,0.7609f,-0.5982f,-0.0134f,0f,0f,0f,1f],start_interpolation: 0,interpolation_duration: 1}
$data merge entity $(bone_torso) {transformation: [-0.881f,0.1575f,-0.4462f,0f,0f,0.943f,0.3329f,-0.9963f,0.4732f,0.2933f,-0.8307f,-0.0031f,0f,0f,0f,1f],start_interpolation: 0,interpolation_duration: 1}
$data merge entity $(bone_right_dress) {transformation: [-0.9736f,-0.1313f,-0.1868f,-0.1926f,-0.1738f,0.9567f,0.2333f,-1.1531f,0.1481f,0.2596f,-0.9543f,0.0206f,0f,0f,0f,1f],start_interpolation: 0,interpolation_duration: 1}
$data merge entity $(bone_left_dress) {transformation: [-0.9757f,0.0569f,-0.2118f,0.1285f,0.1296f,0.9287f,-0.3475f,-1.1531f,0.1769f,-0.3665f,-0.9134f,-0.0269f,0f,0f,0f,1f],start_interpolation: 0,interpolation_duration: 1}
$data merge entity $(bone_lower_right_leg) {transformation: [-0.9883f,0.1358f,-0.0691f,-0.162f,0.045f,0.6932f,0.7193f,-1.601f,0.1456f,0.7078f,-0.6912f,-0.1373f,0f,0f,0f,1f],start_interpolation: 0,interpolation_duration: 1}
$data merge entity $(bone_right_leg) {transformation: [-0.9883f,0.1023f,-0.1129f,-0.1237f,0.045f,0.904f,0.4251f,-1.262f,0.1456f,0.415f,-0.8981f,0.0183f,0f,0f,0f,1f],start_interpolation: 0,interpolation_duration: 1}
$data merge entity $(bone_lower_left_leg) {transformation: [-0.9883f,-0.0391f,-0.1477f,0.1649f,-0.0436f,0.9987f,0.0274f,-1.5876f,0.1464f,0.0335f,-0.9887f,0.163f,0f,0f,0f,1f],start_interpolation: 0,interpolation_duration: 1}
$data merge entity $(bone_left_leg) {transformation: [-0.9883f,-0.1099f,-0.106f,0.1237f,-0.0436f,0.8684f,-0.4939f,-1.262f,0.1464f,-0.4835f,-0.863f,-0.0183f,0f,0f,0f,1f],start_interpolation: 0,interpolation_duration: 1}
$data merge entity $(bone_waist) {transformation: [-0.9892f,0f,-0.1465f,0f,0f,1f,0f,-0.9182f,0.1465f,0f,-0.9892f,0f,0f,0f,0f,1f],start_interpolation: 0,interpolation_duration: 1}
$data merge entity $(bone_pony_tail) {transformation: [-0.9692f,0.0596f,-0.239f,0.0153f,-0.0003f,0.97f,0.2431f,-0.4559f,0.2463f,0.2357f,-0.9401f,-0.037f,0f,0f,0f,1f],start_interpolation: 0,interpolation_duration: 1}
$data merge entity $(bone_head) {transformation: [-0.9692f,0.0596f,-0.239f,0.0694f,-0.0003f,0.97f,0.2431f,-0.5432f,0.2463f,0.2357f,-0.9401f,0.1759f,0f,0f,0f,1f],start_interpolation: 0,interpolation_duration: 1}
execute on vehicle unless entity @s[tag=aj.transforms_only] positioned ^1.3034452489 ^-1.9370452008 ^2.7235380828 rotated ~245.0988539808 ~7.0071968799 run function animated_java:mage_hunter/animations/slash/zzz/frames/16_locator_commands
execute on vehicle unless entity @s[tag=aj.transforms_only] positioned ^0.7752245111 ^-1.8452389373 ^2.9048305595 rotated ~245.0988539808 ~7.0071968799 run function animated_java:mage_hunter/animations/slash/zzz/frames/16_locator_commands
execute on vehicle unless entity @s[tag=aj.transforms_only] positioned ^0.2814460322 ^-1.7378726698 ^3.0062223661 rotated ~245.0988539808 ~7.0071968799 run function animated_java:mage_hunter/animations/slash/zzz/frames/16_locator_commands
execute on vehicle unless entity @s[tag=aj.transforms_only] positioned ^-0.255980528 ^-1.5841371426 ^3.0000514619 rotated ~245.0988539808 ~7.0071968799 run function animated_java:mage_hunter/animations/slash/zzz/frames/16_locator_commands
execute on vehicle unless entity @s[tag=aj.transforms_only] positioned ^1.7880179054 ^-1.9824822046 ^2.4346828954 rotated ~245.0988539808 ~7.0071968799 run function animated_java:mage_hunter/animations/slash/zzz/frames/16_locator_commands
data modify entity @s data merge value {"cameras":{},"locators":{"locator":{"posx":1.30344524890764,"posy":-1.937045200800691,"posz":2.72353808281178,"roty":245.0988539807518,"rotx":7.0071968798711355},"locator2":{"posx":0.77522451106685,"posy":-1.8452389372599587,"posz":2.9048305594610357,"roty":245.0988539807518,"rotx":7.0071968798711355},"locator3":{"posx":0.2814460322235033,"posy":-1.7378726698164533,"posz":3.006222366064924,"roty":245.0988539807518,"rotx":7.0071968798711355},"locator4":{"posx":-0.2559805279926032,"posy":-1.5841371426398092,"posz":3.000051461917001,"roty":245.0988539807518,"rotx":7.0071968798711355},"locator5":{"posx":1.7880179053756702,"posy":-1.982482204608285,"posz":2.4346828954107136,"roty":245.0988539807518,"rotx":7.0071968798711355},"saber_hitbox":{"posx":0.6309625050760502,"posy":-1.2039372475569272,"posz":1.0608685188982308,"roty":245.0988539807518,"rotx":7.0071968798711355},"locator6":{"posx":1.682129139766714,"posy":-1.550909090139137,"posz":1.5625656646972697,"roty":203.4974860030542,"rotx":66.3777782171002},"locator7":{"posx":1.559749886580028,"posy":-1.0206523539483148,"posz":1.7180121574648,"roty":203.4974860030542,"rotx":66.3777782171002},"locator8":{"posx":1.4148441212073979,"posy":-0.5327684990445156,"posz":1.7992320028597575,"roty":203.4974860030542,"rotx":66.3777782171002},"locator9":{"posx":1.2049147832627298,"posy":-0.015104483219193332,"posz":1.7779331815375887,"roty":203.4974860030542,"rotx":66.3777782171002},"locator10":{"posx":1.7394848203813615,"posy":-2.051385665408436,"posz":1.3046005052126135,"roty":203.4974860030542,"rotx":66.3777782171002},"short_sword_hitbox":{"posx":0.7392873374721656,"posy":-1.1190967567770518,"posz":0.07604499729894554,"roty":203.4974860030542,"rotx":66.3777782171002}}}
execute on vehicle unless entity @s[tag=aj.transforms_only] at @s run function animated_java:mage_hunter/animations/slash/zzz/frames/16_root_commands