# This file was generated by Animated Java via MC-Build. It is not recommended to edit this file directly.
$data merge entity $(bone_chest) {transformation: [-0.8776f,0.0564f,-0.4762f,0.0196f,0f,0.9931f,0.1177f,-0.7475f,0.4795f,0.1032f,-0.8715f,0.0327f,0f,0f,0f,1f],start_interpolation: 0,interpolation_duration: 1}
$data merge entity $(bone_cape) {transformation: [-0.8776f,0.1181f,-0.4647f,0.1812f,0f,0.9692f,0.2463f,-0.6105f,0.4795f,0.2161f,-0.8505f,-0.1277f,0f,0f,0f,1f],start_interpolation: 0,interpolation_duration: 1}
$data merge entity $(bone_saber) {transformation: [-1.0665f,0.5401f,-0.6793f,0.1288f,-0.3522f,0.7143f,1.1209f,-0.9996f,0.7932f,1.0434f,-0.4158f,0.5778f,0f,0f,0f,1f],start_interpolation: 0,interpolation_duration: 1}
$data merge entity $(bone_right_forearm) {transformation: [-0.7757f,-0.6177f,-0.1296f,-0.0774f,-0.2561f,0.4957f,-0.8299f,-0.8568f,0.5768f,-0.6105f,-0.5427f,0.3911f,0f,0f,0f,1f],start_interpolation: 0,interpolation_duration: 1}
$data merge entity $(bone_right_arm) {transformation: [-0.5908f,-0.5602f,-0.5807f,-0.1611f,0.1226f,0.649f,-0.7508f,-0.6896f,0.7975f,-0.5148f,-0.3147f,0.1466f,0f,0f,0f,1f],start_interpolation: 0,interpolation_duration: 1}
$data merge entity $(bone_short_sword) {transformation: [-1.0509f,0.3674f,-0.3488f,0.5407f,0.1003f,0.9383f,0.686f,-0.9911f,0.4966f,0.588f,-0.8768f,0.1526f,0f,0f,0f,1f],start_interpolation: 0,interpolation_duration: 1}
$data merge entity $(bone_left_forearm) {transformation: [-0.9008f,-0.299f,-0.3149f,0.4598f,0.0859f,0.588f,-0.8043f,-0.8469f,0.4256f,-0.7515f,-0.504f,-0.0477f,0f,0f,0f,1f],start_interpolation: 0,interpolation_duration: 1}
$data merge entity $(bone_left_arm) {transformation: [-0.7883f,-0.4006f,-0.4671f,0.2486f,-0.1271f,0.8487f,-0.5134f,-0.6241f,0.6021f,-0.3453f,-0.7199f,-0.0696f,0f,0f,0f,1f],start_interpolation: 0,interpolation_duration: 1}
$data merge entity $(bone_torso) {transformation: [-0.8776f,0.0771f,-0.4732f,0f,0f,0.987f,0.1609f,-0.9783f,0.4795f,0.1412f,-0.8661f,-0.0031f,0f,0f,0f,1f],start_interpolation: 0,interpolation_duration: 1}
$data merge entity $(bone_right_dress) {transformation: [-0.9825f,-0.1651f,-0.0859f,-0.1937f,-0.1738f,0.979f,0.1065f,-1.135f,0.0665f,0.1195f,-0.9906f,0.0045f,0f,0f,0f,1f],start_interpolation: 0,interpolation_duration: 1}
$data merge entity $(bone_left_dress) {transformation: [-0.9868f,0.1116f,-0.1171f,0.1303f,0.1314f,0.9753f,-0.1774f,-1.135f,0.0945f,-0.1904f,-0.9771f,-0.0161f,0f,0f,0f,1f],start_interpolation: 0,interpolation_duration: 1}
$data merge entity $(bone_lower_right_leg) {transformation: [-0.997f,0.0513f,-0.0586f,-0.1359f,0.0281f,0.9388f,0.3433f,-1.6186f,0.0726f,0.3406f,-0.9374f,0f,0f,0f,0f,1f],start_interpolation: 0,interpolation_duration: 1}
$data merge entity $(bone_right_leg) {transformation: [-0.997f,0.0297f,-0.072f,-0.1247f,0.0281f,0.9993f,0.0233f,-1.2439f,0.0726f,0.0212f,-0.9971f,0.008f,0f,0f,0f,1f],start_interpolation: 0,interpolation_duration: 1}
$data merge entity $(bone_lower_left_leg) {transformation: [-0.997f,-0.029f,-0.0715f,0.1459f,-0.0436f,0.9761f,0.2129f,-1.6093f,0.0636f,0.2154f,-0.9745f,0.0736f,0f,0f,0f,1f],start_interpolation: 0,interpolation_duration: 1}
$data merge entity $(bone_left_leg) {transformation: [-0.997f,-0.0565f,-0.0525f,0.1247f,-0.0436f,0.9745f,-0.2203f,-1.2439f,0.0636f,-0.2174f,-0.974f,-0.008f,0f,0f,0f,1f],start_interpolation: 0,interpolation_duration: 1}
$data merge entity $(bone_waist) {transformation: [-0.998f,0f,-0.0637f,0f,0f,1f,0f,-0.9001f,0.0637f,0f,-0.998f,0f,0f,0f,0f,1f],start_interpolation: 0,interpolation_duration: 1}
$data merge entity $(bone_pony_tail) {transformation: [-0.991f,0.011f,-0.1333f,0.0092f,0.0036f,0.9984f,0.0559f,-0.4809f,0.1337f,0.0549f,-0.9895f,-0.1609f,0f,0f,0f,1f],start_interpolation: 0,interpolation_duration: 1}
$data merge entity $(bone_head) {transformation: [-0.991f,0.011f,-0.1333f,0.0401f,0.0036f,0.9984f,0.0559f,-0.5251f,0.1337f,0.0549f,-0.9895f,0.0693f,0f,0f,0f,1f],start_interpolation: 0,interpolation_duration: 1}