# This file was generated by Animated Java via MC-Build. It is not recommended to edit this file directly.
$data merge entity $(bone_chest) {transformation: [-0.8663f,0.0287f,-0.4987f,0.0134f,0f,0.9983f,0.0575f,-0.7363f,0.4996f,0.0498f,-0.8648f,0.0201f,0f,0f,0f,1f],start_interpolation: 0,interpolation_duration: 1}
$data merge entity $(bone_cape) {transformation: [-0.8663f,0.0936f,-0.4907f,0.1672f,0f,0.9823f,0.1873f,-0.6034f,0.4996f,0.1622f,-0.851f,-0.151f,0f,0f,0f,1f],start_interpolation: 0,interpolation_duration: 1}
$data merge entity $(bone_saber) {transformation: [-0.9313f,0.8834f,-0.493f,0.0472f,0.2315f,0.8384f,1.0649f,-0.9985f,0.9848f,0.6383f,-0.7166f,0.5803f,0f,0f,0f,1f],start_interpolation: 0,interpolation_duration: 1}
$data merge entity $(bone_right_forearm) {transformation: [-0.6773f,-0.5638f,-0.4727f,-0.1439f,0.1684f,0.5066f,-0.8456f,-0.8458f,0.7162f,-0.6523f,-0.2482f,0.3855f,0f,0f,0f,1f],start_interpolation: 0,interpolation_duration: 1}
$data merge entity $(bone_right_arm) {transformation: [-0.6193f,-0.4103f,-0.6695f,-0.1819f,0.2469f,0.7077f,-0.662f,-0.6776f,0.7454f,-0.5752f,-0.337f,0.1305f,0f,0f,0f,1f],start_interpolation: 0,interpolation_duration: 1}
$data merge entity $(bone_short_sword) {transformation: [-1.0245f,0.2541f,-0.4969f,0.5916f,0.1856f,1.1347f,0.1977f,-0.8137f,0.5263f,0.0945f,-1.0369f,0.2254f,0f,0f,0f,1f],start_interpolation: 0,interpolation_duration: 1}
$data merge entity $(bone_left_forearm) {transformation: [-0.8782f,-0.4259f,-0.2178f,0.4787f,0.1591f,0.1694f,-0.9726f,-0.7799f,0.4512f,-0.8888f,-0.081f,-0.0061f,0f,0f,0f,1f],start_interpolation: 0,interpolation_duration: 1}
$data merge entity $(bone_left_arm) {transformation: [-0.7258f,-0.5397f,-0.4267f,0.2362f,0.0547f,0.573f,-0.8177f,-0.6119f,0.6858f,-0.6168f,-0.3864f,-0.0939f,0f,0f,0f,1f],start_interpolation: 0,interpolation_duration: 1}
$data merge entity $(bone_torso) {transformation: [-0.8663f,0.0504f,-0.497f,0f,0f,0.9949f,0.101f,-0.9691f,0.4996f,0.0875f,-0.8619f,-0.0031f,0f,0f,0f,1f],start_interpolation: 0,interpolation_duration: 1}
$data merge entity $(bone_right_dress) {transformation: [-0.9841f,-0.17f,-0.052f,-0.1937f,-0.1738f,0.9815f,0.0797f,-1.1259f,0.0375f,0.0875f,-0.9955f,-0.0012f,0f,0f,0f,1f],start_interpolation: 0,interpolation_duration: 1}
$data merge entity $(bone_left_dress) {transformation: [-0.9893f,0.1217f,-0.0801f,0.1307f,0.13f,0.9856f,-0.1081f,-1.1259f,0.0658f,-0.1174f,-0.9909f,-0.0123f,0f,0f,0f,1f],start_interpolation: 0,interpolation_duration: 1}
$data merge entity $(bone_lower_right_leg) {transformation: [-0.9987f,0.0297f,-0.0423f,-0.1304f,0.0214f,0.9825f,0.1851f,-1.6061f,0.047f,0.184f,-0.9818f,0.0559f,0f,0f,0f,1f],start_interpolation: 0,interpolation_duration: 1}
$data merge entity $(bone_right_leg) {transformation: [-0.9987f,0.0147f,-0.0495f,-0.1249f,0.0214f,0.9904f,-0.1368f,-1.2347f,0.047f,-0.1377f,-0.9894f,0.0043f,0f,0f,0f,1f],start_interpolation: 0,interpolation_duration: 1}
$data merge entity $(bone_lower_left_leg) {transformation: [-0.9985f,-0.0328f,-0.0446f,0.1426f,-0.0436f,0.9625f,0.2679f,-1.6071f,0.0342f,0.2694f,-0.9624f,0.0362f,0f,0f,0f,1f],start_interpolation: 0,interpolation_duration: 1}
$data merge entity $(bone_left_leg) {transformation: [-0.9985f,-0.0471f,-0.0292f,0.1249f,-0.0436f,0.993f,-0.1095f,-1.2347f,0.0342f,-0.108f,-0.9936f,-0.0043f,0f,0f,0f,1f],start_interpolation: 0,interpolation_duration: 1}
$data merge entity $(bone_waist) {transformation: [-0.9994f,0f,-0.0342f,0f,0f,1f,0f,-0.891f,0.0342f,0f,-0.9994f,0f,0f,0f,0f,1f],start_interpolation: 0,interpolation_duration: 1}
$data merge entity $(bone_pony_tail) {transformation: [-0.9953f,0.0041f,-0.097f,0.0075f,0.0052f,0.9999f,-0.0109f,-0.4873f,0.097f,-0.0113f,-0.9952f,-0.2009f,0f,0f,0f,1f],start_interpolation: 0,interpolation_duration: 1}
$data merge entity $(bone_head) {transformation: [-0.9953f,0.0041f,-0.097f,0.0301f,0.0052f,0.9999f,-0.0109f,-0.516f,0.097f,-0.0113f,-0.9952f,0.0327f,0f,0f,0f,1f],start_interpolation: 0,interpolation_duration: 1}