# This file was generated by Animated Java via MC-Build. It is not recommended to edit this file directly.
$data merge entity $(bone_chest) {transformation: [-0.8613f,0.0025f,-0.5081f,0.0074f,0f,1f,0.0048f,-0.7271f,0.5081f,0.0042f,-0.8613f,0.0093f,0f,0f,0f,1f],start_interpolation: 0,interpolation_duration: 1}
$data merge entity $(bone_cape) {transformation: [-0.8613f,0.0688f,-0.5035f,0.156f,0f,0.9908f,0.1353f,-0.5982f,0.5081f,0.1165f,-0.8534f,-0.1692f,0f,0f,0f,1f],start_interpolation: 0,interpolation_duration: 1}
$data merge entity $(bone_saber) {transformation: [-0.6198f,1.1581f,-0.4066f,-0.0437f,0.6678f,0.7004f,0.9768f,-1.0045f,1.0298f,0.2428f,-0.8782f,0.5709f,0f,0f,0f,1f],start_interpolation: 0,interpolation_duration: 1}
$data merge entity $(bone_right_forearm) {transformation: [-0.4508f,-0.5083f,-0.7338f,-0.2164f,0.4857f,0.55f,-0.6794f,-0.8317f,0.7489f,-0.6626f,-0.0011f,0.3758f,0f,0f,0f,1f],start_interpolation: 0,interpolation_duration: 1}
$data merge entity $(bone_right_arm) {transformation: [-0.6487f,-0.24f,-0.7222f,-0.2029f,0.3589f,0.7403f,-0.5684f,-0.6683f,0.6711f,-0.6279f,-0.3941f,0.1153f,0f,0f,0f,1f],start_interpolation: 0,interpolation_duration: 1}
$data merge entity $(bone_short_sword) {transformation: [-0.9832f,0.0952f,-0.6208f,0.6364f,0.264f,1.109f,-0.2482f,-0.6365f,0.5699f,-0.3496f,-0.9561f,0.2022f,0f,0f,0f,1f],start_interpolation: 0,interpolation_duration: 1}
$data merge entity $(bone_left_forearm) {transformation: [-0.8427f,-0.5321f,-0.0816f,0.4974f,0.2263f,-0.2127f,-0.9505f,-0.7016f,0.4885f,-0.8195f,0.2997f,-0.0074f,0f,0f,0f,1f],start_interpolation: 0,interpolation_duration: 1}
$data merge entity $(bone_left_arm) {transformation: [-0.6543f,-0.6752f,-0.3406f,0.2258f,0.2308f,0.2505f,-0.9402f,-0.6022f,0.7201f,-0.6938f,-0.0081f,-0.1125f,0f,0f,0f,1f],start_interpolation: 0,interpolation_duration: 1}
$data merge entity $(bone_torso) {transformation: [-0.8613f,0.0246f,-0.5075f,0f,0f,0.9988f,0.0484f,-0.9611f,0.5081f,0.0417f,-0.8603f,-0.0031f,0f,0f,0f,1f],start_interpolation: 0,interpolation_duration: 1}
$data merge entity $(bone_right_dress) {transformation: [-0.9847f,-0.1731f,-0.0182f,-0.1936f,-0.1738f,0.9834f,0.0529f,-1.1178f,0.0087f,0.0553f,-0.9984f,-0.0069f,0f,0f,0f,1f],start_interpolation: 0,interpolation_duration: 1}
$data merge entity $(bone_left_dress) {transformation: [-0.9909f,0.1279f,-0.0427f,0.131f,0.1297f,0.9906f,-0.0423f,-1.1178f,0.0369f,-0.0475f,-0.9982f,-0.0085f,0f,0f,0f,1f],start_interpolation: 0,interpolation_duration: 1}
$data merge entity $(bone_lower_right_leg) {transformation: [-0.9997f,0.0157f,-0.021f,-0.1281f,0.015f,0.9994f,0.0327f,-1.5858f,0.0215f,0.0324f,-0.9992f,0.1086f,0f,0f,0f,1f],start_interpolation: 0,interpolation_duration: 1}
$data merge entity $(bone_right_leg) {transformation: [-0.9997f,0.0082f,-0.0249f,-0.125f,0.015f,0.9576f,-0.2876f,-1.2267f,0.0215f,-0.2879f,-0.9574f,0.0006f,0f,0f,0f,1f],start_interpolation: 0,interpolation_duration: 1}
$data merge entity $(bone_lower_left_leg) {transformation: [-0.999f,-0.0397f,-0.0188f,0.1414f,-0.0436f,0.9453f,0.3234f,-1.6013f,0.005f,0.3239f,-0.9461f,-0.0008f,0f,0f,0f,1f],start_interpolation: 0,interpolation_duration: 1}
$data merge entity $(bone_left_leg) {transformation: [-0.999f,-0.0436f,-0.005f,0.125f,-0.0436f,0.999f,0.0003f,-1.2267f,0.005f,0.0005f,-1f,-0.0006f,0f,0f,0f,1f],start_interpolation: 0,interpolation_duration: 1}
$data merge entity $(bone_waist) {transformation: [-1f,0f,-0.005f,0f,0f,1f,0f,-0.8829f,0.005f,0f,-1f,0f,0f,0f,0f,1f],start_interpolation: 0,interpolation_duration: 1}
$data merge entity $(bone_pony_tail) {transformation: [-0.9981f,0.0028f,-0.0609f,0.0055f,0.0068f,0.9979f,-0.0648f,-0.4919f,0.0606f,-0.0651f,-0.996f,-0.235f,0f,0f,0f,1f],start_interpolation: 0,interpolation_duration: 1}
$data merge entity $(bone_head) {transformation: [-0.9981f,0.0028f,-0.0609f,0.0197f,0.0068f,0.9979f,-0.0648f,-0.5079f,0.0606f,-0.0651f,-0.996f,0.0005f,0f,0f,0f,1f],start_interpolation: 0,interpolation_duration: 1}