# This file was generated by Animated Java via MC-Build. It is not recommended to edit this file directly.
$data merge entity $(bone_chest) {transformation: [-0.9039f,0.103f,-0.4153f,0.0296f,0f,0.9706f,0.2407f,-0.7533f,0.4278f,0.2175f,-0.8773f,0.0595f,0f,0f,0f,1f],start_interpolation: 0,interpolation_duration: 1}
$data merge entity $(bone_cape) {transformation: [-0.9039f,0.1563f,-0.3983f,0.2079f,0f,0.9309f,0.3653f,-0.6096f,0.4278f,0.3302f,-0.8414f,-0.0753f,0f,0f,0f,1f],start_interpolation: 0,interpolation_duration: 1}
$data merge entity $(bone_saber) {transformation: [-0.6173f,-0.0338f,-1.2282f,0.2812f,-1.2271f,-0.0515f,0.6182f,-0.9584f,-0.0612f,1.3736f,-0.0071f,0.5536f,0f,0f,0f,1f],start_interpolation: 0,interpolation_duration: 1}
$data merge entity $(bone_right_forearm) {transformation: [-0.4489f,-0.792f,0.4137f,0.0309f,-0.8924f,0.4205f,-0.1635f,-0.8426f,-0.0445f,-0.4426f,-0.8956f,0.4062f,0f,0f,0f,1f],start_interpolation: 0,interpolation_duration: 1}
$data merge entity $(bone_right_arm) {transformation: [-0.5309f,-0.7874f,-0.3133f,-0.1242f,-0.1336f,0.4429f,-0.8866f,-0.7014f,0.8368f,-0.4288f,-0.3403f,0.181f,0f,0f,0f,1f],start_interpolation: 0,interpolation_duration: 1}
$data merge entity $(bone_short_sword) {transformation: [-1.0573f,0.4624f,-0.1711f,0.4871f,-0.1891f,-0.0063f,1.1512f,-1.0667f,0.4554f,1.0711f,0.0806f,-0.2055f,0f,0f,0f,1f],start_interpolation: 0,interpolation_duration: 1}
$data merge entity $(bone_left_forearm) {transformation: [-0.9063f,-0.1467f,-0.3964f,0.4449f,-0.1621f,0.9868f,0.0054f,-0.8106f,0.3903f,0.0691f,-0.9181f,-0.1972f,0f,0f,0f,1f],start_interpolation: 0,interpolation_duration: 1}
$data merge entity $(bone_left_arm) {transformation: [-0.8389f,-0.2466f,-0.4853f,0.2707f,-0.4433f,0.8269f,0.346f,-0.6334f,0.3159f,0.5054f,-0.803f,-0.0155f,0f,0f,0f,1f],start_interpolation: 0,interpolation_duration: 1}
$data merge entity $(bone_torso) {transformation: [-0.9039f,0.121f,-0.4104f,0f,0f,0.9592f,0.2828f,-0.9772f,0.4278f,0.2556f,-0.867f,-0.0031f,0f,0f,0f,1f],start_interpolation: 0,interpolation_duration: 1}
$data merge entity $(bone_right_dress) {transformation: [-0.9771f,-0.1472f,-0.1538f,-0.1931f,-0.1738f,0.9687f,0.1773f,-1.134f,0.1229f,0.2f,-0.9721f,0.0157f,0f,0f,0f,1f],start_interpolation: 0,interpolation_duration: 1}
$data merge entity $(bone_left_dress) {transformation: [-0.9794f,0.0793f,-0.1854f,0.1292f,0.1353f,0.9401f,-0.3128f,-1.134f,0.1495f,-0.3314f,-0.9316f,-0.0236f,0f,0f,0f,1f],start_interpolation: 0,interpolation_duration: 1}
$data merge entity $(bone_lower_right_leg) {transformation: [-0.9917f,0.1111f,-0.0654f,-0.1539f,0.0415f,0.7551f,0.6543f,-1.596f,0.1221f,0.6461f,-0.7534f,-0.1075f,0f,0f,0f,1f],start_interpolation: 0,interpolation_duration: 1}
$data merge entity $(bone_right_leg) {transformation: [-0.9917f,0.0796f,-0.1014f,-0.1241f,0.0415f,0.9416f,0.3341f,-1.2429f,0.1221f,0.3271f,-0.9371f,0.0151f,0f,0f,0f,1f],start_interpolation: 0,interpolation_duration: 1}
$data merge entity $(bone_lower_left_leg) {transformation: [-0.9917f,-0.0448f,-0.1204f,0.1582f,-0.0436f,0.999f,-0.0125f,-1.5813f,0.1208f,-0.0072f,-0.9926f,0.1428f,0f,0f,0f,1f],start_interpolation: 0,interpolation_duration: 1}
$data merge entity $(bone_left_leg) {transformation: [-0.9917f,-0.091f,-0.0907f,0.1241f,-0.0436f,0.9024f,-0.4286f,-1.2429f,0.1208f,-0.4211f,-0.8989f,-0.0151f,0f,0f,0f,1f],start_interpolation: 0,interpolation_duration: 1}
$data merge entity $(bone_waist) {transformation: [-0.9927f,0f,-0.121f,0f,0f,1f,0f,-0.8991f,0.121f,0f,-0.9927f,0f,0f,0f,0f,1f],start_interpolation: 0,interpolation_duration: 1}
$data merge entity $(bone_pony_tail) {transformation: [-0.9788f,0.0408f,-0.2006f,0.0134f,0.0005f,0.9804f,0.1968f,-0.4473f,0.2047f,0.1926f,-0.9597f,-0.0741f,0f,0f,0f,1f],start_interpolation: 0,interpolation_duration: 1}
$data merge entity $(bone_head) {transformation: [-0.9788f,0.0408f,-0.2006f,0.0592f,0.0005f,0.9804f,0.1968f,-0.5241f,0.2047f,0.1926f,-0.9597f,0.1448f,0f,0f,0f,1f],start_interpolation: 0,interpolation_duration: 1}
data modify entity @s data merge value {"cameras":{},"locators":{"body_hitbox":{"posx":0.06545718921810645,"posy":-0.9350521214640913,"posz":0.13515969091019148,"roty":334.66942148760336,"rotx":13.925619834710744},"flame":{"posx":0.20104613634424093,"posy":-1.0662922065359062,"posz":3.1749078758690583,"roty":270.330217295798,"rotx":26.717625496854172},"flame1":{"posx":-0.29985170331133826,"posy":-0.8110561398280612,"posz":3.1095748483876817,"roty":270.330217295798,"rotx":26.717625496854172},"flame2":{"posx":-0.7433859512429043,"posy":-0.5815801307221732,"posz":2.9821263012927286,"roty":270.330217295798,"rotx":26.717625496854172},"flame3":{"posx":-1.183845302002363,"posy":-0.3474250119582385,"posz":2.7298032133970622,"roty":270.330217295798,"rotx":26.717625496854172},"flame4":{"posx":0.7050188731719278,"posy":-1.3168491635857045,"posz":3.1153663625497217,"roty":270.330217295798,"rotx":26.717625496854172},"saber_hitbox":{"posx":0.25725933248152877,"posy":-0.9774819453279364,"posz":1.1776104631863094,"roty":270.330217295798,"rotx":26.717625496854172},"flame5":{"posx":1.4060373854498527,"posy":-1.0689805806593893,"posz":1.926987004413783,"roty":244.76647568419642,"rotx":80.66799155905471},"flame6":{"posx":1.29875493266143,"posy":-0.5135880006093038,"posz":1.9084922119302392,"roty":244.76647568419642,"rotx":80.66799155905471},"flame7":{"posx":1.1758662168867953,"posy":-0.01953114176412374,"posz":1.8282975502419776,"roty":244.76647568419642,"rotx":80.66799155905471},"flame8":{"posx":1.0034297371792935,"posy":0.4751999349222442,"posz":1.6333441654885146,"roty":244.76647568419642,"rotx":80.66799155905471},"flame9":{"posx":1.4637720743054083,"posy":-1.6236989428682873,"posz":1.8307230738321258,"roty":244.76647568419642,"rotx":80.66799155905471},"short_sword_hitbox":{"posx":0.6628209264568513,"posy":-1.0588673130415762,"posz":0.20560615843576568,"roty":244.76647568419642,"rotx":80.66799155905471}}}
execute on vehicle unless entity @s[tag=aj.transforms_only] at @s run function animated_java:mage_hunter/animations/slash/zzz/frames/19_root_commands