# This file was generated by Animated Java via MC-Build. It is not recommended to edit this file directly.
$data merge entity $(bone_chest) {transformation: [-0.9912f,0.0073f,0.1319f,-0.0001f,0f,0.9985f,-0.0549f,-0.7187f,-0.1321f,-0.0544f,-0.9897f,-0.0027f,0f,0f,0f,1f],start_interpolation: 0,interpolation_duration: 1}
$data merge entity $(bone_cape) {transformation: [-0.9912f,-0.01f,0.1317f,0.2281f,0f,0.9971f,0.0759f,-0.5947f,-0.1321f,0.0752f,-0.9884f,-0.0588f,0f,0f,0f,1f],start_interpolation: 0,interpolation_duration: 1}
$data merge entity $(bone_saber) {transformation: [-1.1922f,-0.5459f,0.4139f,-0.5204f,-0.1818f,1.053f,0.8653f,-1.0167f,-0.6605f,0.6955f,-0.9852f,0.2583f,0f,0f,0f,1f],start_interpolation: 0,interpolation_duration: 1}
$data merge entity $(bone_right_forearm) {transformation: [-0.867f,0.301f,0.397f,-0.4362f,-0.1322f,0.6293f,-0.7658f,-0.8297f,-0.4804f,-0.7165f,-0.5058f,0.0223f,0f,0f,0f,1f],start_interpolation: 0,interpolation_duration: 1}
$data merge entity $(bone_right_arm) {transformation: [-0.9244f,0.2593f,0.2796f,-0.2477f,0.1175f,0.8912f,-0.4382f,-0.5937f,-0.3628f,-0.3723f,-0.8543f,-0.0371f,0f,0f,0f,1f],start_interpolation: 0,interpolation_duration: 1}
$data merge entity $(bone_short_sword) {transformation: [-1.1253f,-0.3028f,0.0552f,0.3699f,0.0234f,0.1245f,1.1598f,-1.1185f,-0.3069f,1.1198f,-0.114f,0.1293f,0f,0f,0f,1f],start_interpolation: 0,interpolation_duration: 1}
$data merge entity $(bone_left_forearm) {transformation: [-0.9646f,0.0473f,0.2595f,0.3849f,0.0201f,0.9941f,-0.1067f,-0.8616f,-0.263f,-0.0977f,-0.9598f,0.0939f,0f,0f,0f,1f],start_interpolation: 0,interpolation_duration: 1}
$data merge entity $(bone_left_arm) {transformation: [-0.9886f,-0.0477f,0.1425f,0.2479f,-0.0711f,0.9839f,-0.1639f,-0.5937f,-0.1323f,-0.1722f,-0.9761f,0.029f,0f,0f,0f,1f],start_interpolation: 0,interpolation_duration: 1}
$data merge entity $(bone_torso) {transformation: [-0.9912f,0.0015f,0.1321f,0f,0f,0.9999f,-0.0113f,-0.9531f,-0.1321f,-0.0112f,-0.9912f,-0.0031f,0f,0f,0f,1f],start_interpolation: 0,interpolation_duration: 1}
$data merge entity $(bone_right_dress) {transformation: [-0.979f,-0.2038f,-0.0054f,-0.1936f,-0.2038f,0.9788f,0.0203f,-1.1099f,0.0011f,0.021f,-0.9998f,-0.0078f,0f,0f,0f,1f],start_interpolation: 0,interpolation_duration: 1}
$data merge entity $(bone_left_dress) {transformation: [-0.9756f,0.2183f,-0.0216f,0.1311f,0.2194f,0.9704f,-0.101f,-1.1099f,-0.0011f,-0.1033f,-0.9947f,-0.0078f,0f,0f,0f,1f],start_interpolation: 0,interpolation_duration: 1}
$data merge entity $(bone_lower_right_leg) {transformation: [-0.999f,0.0435f,0.0025f,-0.1413f,0.0436f,0.9974f,0.0581f,-1.5928f,0f,0.0581f,-0.9983f,-0.0218f,0f,0f,0f,1f],start_interpolation: 0,interpolation_duration: 1}
$data merge entity $(bone_right_leg) {transformation: [-0.999f,0.0435f,0.0025f,-0.125f,0.0436f,0.9974f,0.0581f,-1.2187f,0f,0.0581f,-0.9983f,0f,0f,0f,0f,1f],start_interpolation: 0,interpolation_duration: 1}
$data merge entity $(bone_lower_left_leg) {transformation: [-0.999f,-0.0436f,0.0001f,0.1413f,-0.0436f,0.999f,-0.0032f,-1.5921f,0f,-0.0032f,-1f,0.0315f,0f,0f,0f,1f],start_interpolation: 0,interpolation_duration: 1}
$data merge entity $(bone_left_leg) {transformation: [-0.999f,-0.0435f,0.0037f,0.125f,-0.0436f,0.9955f,-0.0839f,-1.2187f,0f,-0.0839f,-0.9965f,0f,0f,0f,0f,1f],start_interpolation: 0,interpolation_duration: 1}
$data merge entity $(bone_pony_tail) {transformation: [-0.9993f,-0.002f,0.0371f,0.0063f,0f,0.9986f,0.0533f,-0.4563f,-0.0372f,0.0533f,-0.9979f,-0.2432f,0f,0f,0f,1f],start_interpolation: 0,interpolation_duration: 1}
$data merge entity $(bone_head) {transformation: [-0.9993f,-0.002f,0.0371f,-0.0023f,0f,0.9986f,0.0533f,-0.5f,-0.0372f,0.0533f,-0.9979f,-0.011f,0f,0f,0f,1f],start_interpolation: 0,interpolation_duration: 1}