# This file was generated by Animated Java via MC-Build. It is not recommended to edit this file directly.
$data merge entity $(bone_chest) {transformation: [-0.9536f,0.0017f,-0.301f,0.0044f,0f,1f,0.0058f,1.2433f,0.301f,0.0055f,-0.9536f,0.0109f,0f,0f,0f,1f],start_interpolation: 0,interpolation_duration: 1}
$data merge entity $(bone_cape) {transformation: [-0.9536f,0.041f,-0.2982f,0.1895f,0f,0.9907f,0.1363f,1.3723f,0.301f,0.1299f,-0.9447f,-0.1294f,0f,0f,0f,1f],start_interpolation: 0,interpolation_duration: 1}
$data merge entity $(bone_saber) {transformation: [-0.3406f,1.3309f,-0.0578f,-0.405f,0.7134f,0.2326f,1.1522f,0.91f,1.125f,0.2554f,-0.7482f,0.3917f,0f,0f,0f,1f],start_interpolation: 0,interpolation_duration: 1}
$data merge entity $(bone_right_forearm) {transformation: [-0.2477f,-0.1298f,-0.9601f,-0.4585f,0.5189f,0.8191f,-0.2446f,1.1714f,0.8182f,-0.5587f,-0.1355f,0.2288f,0f,0f,0f,1f],start_interpolation: 0,interpolation_duration: 1}
$data merge entity $(bone_right_arm) {transformation: [-0.7186f,0.4367f,-0.5412f,-0.2459f,0.5929f,0.7914f,-0.1487f,1.3199f,0.3633f,-0.4277f,-0.8277f,0.0631f,0f,0f,0f,1f],start_interpolation: 0,interpolation_duration: 1}
$data merge entity $(bone_short_sword) {transformation: [-0.9178f,0.4155f,-0.5883f,0.6464f,0.586f,0.9848f,-0.2187f,1.3515f,0.4188f,-0.4676f,-0.9834f,0.3136f,0f,0f,0f,1f],start_interpolation: 0,interpolation_duration: 1}
$data merge entity $(bone_left_forearm) {transformation: [-0.7867f,-0.5433f,-0.2932f,0.5023f,0.5023f,-0.2872f,-0.8156f,1.2684f,0.3589f,-0.7889f,0.4988f,0.114f,0f,0f,0f,1f],start_interpolation: 0,interpolation_duration: 1}
$data merge entity $(bone_left_arm) {transformation: [-0.5945f,-0.6449f,-0.4803f,0.2466f,0.5557f,0.1022f,-0.8251f,1.3666f,0.5812f,-0.7574f,0.2976f,-0.0264f,0f,0f,0f,1f],start_interpolation: 0,interpolation_duration: 1}
$data merge entity $(bone_torso) {transformation: [-0.9536f,0.0149f,-0.3007f,0f,0f,0.9988f,0.0494f,1.0094f,0.301f,0.0471f,-0.9524f,-0.0031f,0f,0f,0f,1f],start_interpolation: 0,interpolation_duration: 1}
$data merge entity $(bone_right_dress) {transformation: [-0.9824f,-0.1733f,0.0698f,-0.1925f,-0.1738f,0.9848f,-0.0007f,0.8526f,-0.0687f,-0.0129f,-0.9976f,-0.022f,0f,0f,0f,1f],start_interpolation: 0,interpolation_duration: 1}
$data merge entity $(bone_left_dress) {transformation: [-0.9871f,0.1483f,0.0596f,0.1313f,0.1522f,0.9861f,0.0662f,0.8526f,-0.049f,0.0744f,-0.996f,0.0019f,0f,0f,0f,1f],start_interpolation: 0,interpolation_duration: 1}
$data merge entity $(bone_lower_right_leg) {transformation: [-0.9987f,0.0128f,0.0487f,-0.1365f,0.0032f,0.9812f,-0.1929f,0.4373f,-0.0503f,-0.1925f,-0.98f,0.2066f,0f,0f,0f,1f],start_interpolation: 0,interpolation_duration: 1}
$data merge entity $(bone_right_leg) {transformation: [-0.9987f,0.0316f,0.0393f,-0.1247f,0.0032f,0.8173f,-0.5762f,0.7438f,-0.0503f,-0.5754f,-0.8164f,-0.0092f,0f,0f,0f,1f],start_interpolation: 0,interpolation_duration: 1}
$data merge entity $(bone_lower_left_leg) {transformation: [-0.9963f,-0.0744f,0.042f,0.1476f,-0.0436f,0.8655f,0.4989f,0.3822f,-0.0735f,0.4953f,-0.8656f,-0.0875f,0f,0f,0f,1f],start_interpolation: 0,interpolation_duration: 1}
$data merge entity $(bone_left_leg) {transformation: [-0.9963f,-0.0612f,0.0596f,0.1247f,-0.0436f,0.9642f,0.2615f,0.7438f,-0.0735f,0.258f,-0.9634f,0.0092f,0f,0f,0f,1f],start_interpolation: 0,interpolation_duration: 1}
$data merge entity $(bone_waist) {transformation: [-0.9973f,0f,0.0736f,0f,0f,1f,0f,1.0875f,-0.0736f,0f,-0.9973f,0f,0f,0f,0f,1f],start_interpolation: 0,interpolation_duration: 1}
$data merge entity $(bone_pony_tail) {transformation: [-0.9993f,0.0099f,0.0368f,-0.0082f,0.0111f,0.9994f,0.0321f,1.5013f,-0.0364f,0.0325f,-0.9988f,-0.2394f,0f,0f,0f,1f],start_interpolation: 0,interpolation_duration: 1}
$data merge entity $(bone_head) {transformation: [-0.9993f,0.0099f,0.0368f,-0.0171f,0.0111f,0.9994f,0.0321f,1.4625f,-0.0364f,0.0325f,-0.9988f,-0.0063f,0f,0f,0f,1f],start_interpolation: 0,interpolation_duration: 1}