# This file was generated by Animated Java via MC-Build. It is not recommended to edit this file directly.
$data merge entity $(bone_chest) {transformation: [-0.8916f,0.0823f,-0.4452f,0.0252f,0f,0.9833f,0.1818f,-0.7359f,0.4528f,0.1621f,-0.8768f,0.0465f,0f,0f,0f,1f],start_interpolation: 0,interpolation_duration: 1}
$data merge entity $(bone_cape) {transformation: [-0.8916f,0.1397f,-0.4307f,0.1957f,0f,0.9512f,0.3086f,-0.5951f,0.4528f,0.2752f,-0.8481f,-0.1008f,0f,0f,0f,1f],start_interpolation: 0,interpolation_duration: 1}
$data merge entity $(bone_saber) {transformation: [-0.9453f,0.0067f,-0.9985f,0.2081f,-0.9103f,0.5593f,0.8655f,-0.973f,0.4104f,1.2561f,-0.3801f,0.5666f,0f,0f,0f,1f],start_interpolation: 0,interpolation_duration: 1}
$data merge entity $(bone_right_forearm) {transformation: [-0.6875f,-0.6954f,0.2093f,-0.0177f,-0.6621f,0.4817f,-0.5741f,-0.8385f,0.2984f,-0.5332f,-0.7916f,0.3973f,0f,0f,0f,1f],start_interpolation: 0,interpolation_duration: 1}
$data merge entity $(bone_right_arm) {transformation: [-0.5618f,-0.6894f,-0.4573f,-0.1413f,-0.0098f,0.5583f,-0.8296f,-0.6802f,0.8272f,-0.4616f,-0.3204f,0.1641f,0f,0f,0f,1f],start_interpolation: 0,interpolation_duration: 1}
$data merge entity $(bone_short_sword) {transformation: [-1.0631f,0.4239f,-0.2264f,0.5024f,-0.0232f,0.5037f,1.0521f,-1.0734f,0.48f,0.9632f,-0.4506f,-0.0152f,0f,0f,0f,1f],start_interpolation: 0,interpolation_duration: 1}
$data merge entity $(bone_left_forearm) {transformation: [-0.9112f,-0.1941f,-0.3633f,0.4482f,-0.0199f,0.9018f,-0.4318f,-0.8439f,0.4115f,-0.3862f,-0.8256f,-0.124f,0f,0f,0f,1f],start_interpolation: 0,interpolation_duration: 1}
$data merge entity $(bone_left_arm) {transformation: [-0.8296f,-0.2977f,-0.4723f,0.2608f,-0.3011f,0.951f,-0.0704f,-0.614f,0.4701f,0.0838f,-0.8786f,-0.0417f,0f,0f,0f,1f],start_interpolation: 0,interpolation_duration: 1}
$data merge entity $(bone_torso) {transformation: [-0.8916f,0.1017f,-0.4412f,0f,0f,0.9745f,0.2245f,-0.9635f,0.4528f,0.2002f,-0.8689f,-0.0031f,0f,0f,0f,1f],start_interpolation: 0,interpolation_duration: 1}
$data merge entity $(bone_right_dress) {transformation: [-0.9801f,-0.1572f,-0.1212f,-0.1935f,-0.1738f,0.9745f,0.142f,-1.1203f,0.0958f,0.1602f,-0.9824f,0.0103f,0f,0f,0f,1f],start_interpolation: 0,interpolation_duration: 1}
$data merge entity $(bone_left_dress) {transformation: [-0.9834f,0.0971f,-0.1533f,0.1298f,0.1335f,0.9595f,-0.2482f,-1.1203f,0.123f,-0.2645f,-0.9565f,-0.02f,0f,0f,0f,1f],start_interpolation: 0,interpolation_duration: 1}
$data merge entity $(bone_lower_right_leg) {transformation: [-0.9945f,0.0811f,-0.0656f,-0.1442f,0.035f,0.852f,0.5223f,-1.5973f,0.0983f,0.5171f,-0.8502f,-0.0568f,0f,0f,0f,1f],start_interpolation: 0,interpolation_duration: 1}
$data merge entity $(bone_right_leg) {transformation: [-0.9945f,0.0526f,-0.0901f,-0.1245f,0.035f,0.9818f,0.1867f,-1.2292f,0.0983f,0.1825f,-0.9783f,0.0117f,0f,0f,0f,1f],start_interpolation: 0,interpolation_duration: 1}
$data merge entity $(bone_lower_left_leg) {transformation: [-0.9947f,-0.0426f,-0.0938f,0.1514f,-0.0436f,0.999f,0.009f,-1.5828f,0.0933f,0.013f,-0.9956f,0.1103f,0f,0f,0f,1f],start_interpolation: 0,interpolation_duration: 1}
$data merge entity $(bone_left_leg) {transformation: [-0.9947f,-0.0719f,-0.0738f,0.1245f,-0.0436f,0.9429f,-0.3302f,-1.2292f,0.0933f,-0.3252f,-0.941f,-0.0117f,0f,0f,0f,1f],start_interpolation: 0,interpolation_duration: 1}
$data merge entity $(bone_waist) {transformation: [-0.9956f,0f,-0.0934f,0f,0f,1f,0f,-0.8854f,0.0934f,0f,-0.9956f,0f,0f,0f,0f,1f],start_interpolation: 0,interpolation_duration: 1}
$data merge entity $(bone_pony_tail) {transformation: [-0.9853f,0.024f,-0.1689f,0.0111f,0.002f,0.9916f,0.1294f,-0.4491f,0.1705f,0.1272f,-0.9771f,-0.1165f,0f,0f,0f,1f],start_interpolation: 0,interpolation_duration: 1}
$data merge entity $(bone_head) {transformation: [-0.9853f,0.024f,-0.1689f,0.05f,0.002f,0.9916f,0.1294f,-0.5104f,0.1705f,0.1272f,-0.9771f,0.1085f,0f,0f,0f,1f],start_interpolation: 0,interpolation_duration: 1}
data modify entity @s data merge value {"cameras":{},"locators":{"locator":{"posx":0.20318167087140743,"posy":0.09028318296874904,"posz":2.966319973578898,"roty":290.83950138230557,"rotx":39.01063235990158},"locator2":{"posx":-0.20560711089795733,"posy":0.41893391289620674,"posz":2.7537336861150346,"roty":290.83950138230557,"rotx":39.01063235990158},"locator3":{"posx":-0.5693119186440243,"posy":0.6828200009095114,"posz":2.501329356961529,"roty":290.83950138230557,"rotx":39.01063235990158},"locator4":{"posx":-0.9336233295020281,"posy":0.8958598794628315,"posz":2.1347352952738943,"roty":290.83950138230557,"rotx":39.01063235990158},"locator5":{"posx":0.6113638495288353,"posy":-0.2892137564186924,"posz":3.0647165285086304,"roty":290.83950138230557,"rotx":39.01063235990158},"saber_hitbox":{"posx":0.20452104393600176,"posy":-0.687488502294413,"posz":1.1917158480602803,"roty":290.83950138230557,"rotx":39.01063235990158},"locator6":{"posx":1.3440958780007177,"posy":-0.06145066536884225,"posz":1.8978138450906512,"roty":333.31601719387544,"rotx":64.39126585535051},"locator7":{"posx":1.2122064230879086,"posy":0.4188078261506709,"posz":1.628984060642938,"roty":333.31601719387544,"rotx":64.39126585535051},"locator8":{"posx":1.0697388575707014,"posy":0.8157206535919814,"posz":1.3326933247294694,"roty":333.31601719387544,"rotx":64.39126585535051},"locator9":{"posx":0.8818528019830155,"posy":1.15866298399643,"posz":0.9332069192880991,"roty":333.31601719387544,"rotx":64.39126585535051},"locator10":{"posx":1.4305668428430476,"posy":-0.5956796539252169,"posz":2.0634479600104623,"roty":333.31601719387544,"rotx":64.39126585535051},"short_sword_hitbox":{"posx":0.6855277719787763,"posy":-0.8440228724033375,"posz":0.40147663693607444,"roty":333.31601719387544,"rotx":64.39126585535051}}}