# This file was generated by Animated Java via MC-Build. It is not recommended to edit this file directly.
$data merge entity $(bone_chest) {transformation: [-0.8835f,0.068f,-0.4635f,0.0221f,0f,0.9894f,0.1452f,-0.7285f,0.4685f,0.1283f,-0.8741f,0.0386f,0f,0f,0f,1f],start_interpolation: 0,interpolation_duration: 1}
$data merge entity $(bone_cape) {transformation: [-0.8835f,0.1279f,-0.4506f,0.1876f,0f,0.962f,0.2731f,-0.5899f,0.4685f,0.2413f,-0.8499f,-0.1163f,0f,0f,0f,1f],start_interpolation: 0,interpolation_duration: 1}
$data merge entity $(bone_saber) {transformation: [-1.0472f,0.1699f,-0.8747f,0.1632f,-0.6095f,0.8481f,0.8944f,-0.9757f,0.65f,1.0689f,-0.5706f,0.5738f,0f,0f,0f,1f],start_interpolation: 0,interpolation_duration: 1}
$data merge entity $(bone_right_forearm) {transformation: [-0.7616f,-0.6476f,0.0245f,-0.0506f,-0.4433f,0.4929f,-0.7487f,-0.8359f,0.4727f,-0.5811f,-0.6625f,0.3935f,0f,0f,0f,1f],start_interpolation: 0,interpolation_duration: 1}
$data merge entity $(bone_right_arm) {transformation: [-0.5784f,-0.6189f,-0.5314f,-0.1524f,0.0659f,0.6139f,-0.7867f,-0.6715f,0.8131f,-0.4901f,-0.3143f,0.154f,0f,0f,0f,1f],start_interpolation: 0,interpolation_duration: 1}
$data merge entity $(bone_short_sword) {transformation: [-1.058f,0.3974f,-0.2896f,0.5215f,0.0532f,0.7755f,0.87f,-1.0258f,0.4888f,0.7757f,-0.7214f,0.0894f,0f,0f,0f,1f],start_interpolation: 0,interpolation_duration: 1}
$data merge entity $(bone_left_forearm) {transformation: [-0.9069f,-0.2482f,-0.3406f,0.4536f,0.0456f,0.7457f,-0.6647f,-0.8392f,0.419f,-0.6183f,-0.6649f,-0.078f,0f,0f,0f,1f],start_interpolation: 0,interpolation_duration: 1}
$data merge entity $(bone_left_arm) {transformation: [-0.8095f,-0.3498f,-0.4715f,0.254f,-0.2042f,0.9208f,-0.3324f,-0.6058f,0.5505f,-0.1728f,-0.8168f,-0.0578f,0f,0f,0f,1f],start_interpolation: 0,interpolation_duration: 1}
$data merge entity $(bone_torso) {transformation: [-0.8835f,0.0882f,-0.4601f,0f,0f,0.9821f,0.1882f,-0.9581f,0.4685f,0.1663f,-0.8677f,-0.0031f,0f,0f,0f,1f],start_interpolation: 0,interpolation_duration: 1}
$data merge entity $(bone_right_dress) {transformation: [-0.9816f,-0.1617f,-0.1016f,-0.1936f,-0.1738f,0.9769f,0.1243f,-1.1149f,0.0792f,0.1396f,-0.987f,0.007f,0f,0f,0f,1f],start_interpolation: 0,interpolation_duration: 1}
$data merge entity $(bone_left_dress) {transformation: [-0.9854f,0.1059f,-0.133f,0.1301f,0.1322f,0.9692f,-0.208f,-1.1149f,0.1068f,-0.2225f,-0.9691f,-0.0178f,0f,0f,0f,1f],start_interpolation: 0,interpolation_duration: 1}
$data merge entity $(bone_lower_right_leg) {transformation: [-0.996f,0.0643f,-0.0619f,-0.1392f,0.0311f,0.9f,0.4348f,-1.5969f,0.0837f,0.4311f,-0.8984f,-0.0246f,0f,0f,0f,1f],start_interpolation: 0,interpolation_duration: 1}
$data merge entity $(bone_right_leg) {transformation: [-0.996f,0.0387f,-0.0805f,-0.1246f,0.0311f,0.9951f,0.0941f,-1.2238f,0.0837f,0.0912f,-0.9923f,0.0096f,0f,0f,0f,1f],start_interpolation: 0,interpolation_duration: 1}
$data merge entity $(bone_lower_left_leg) {transformation: [-0.9961f,-0.0406f,-0.0781f,0.148f,-0.0436f,0.9984f,0.0373f,-1.5847f,0.0765f,0.0406f,-0.9962f,0.0896f,0f,0f,0f,1f],start_interpolation: 0,interpolation_duration: 1}
$data merge entity $(bone_left_leg) {transformation: [-0.9961f,-0.0624f,-0.0621f,0.1246f,-0.0436f,0.9624f,-0.2682f,-1.2238f,0.0765f,-0.2645f,-0.9614f,-0.0096f,0f,0f,0f,1f],start_interpolation: 0,interpolation_duration: 1}
$data merge entity $(bone_waist) {transformation: [-0.9971f,0f,-0.0765f,0f,0f,1f,0f,-0.88f,0.0765f,0f,-0.9971f,0f,0f,0f,0f,1f],start_interpolation: 0,interpolation_duration: 1}
$data merge entity $(bone_pony_tail) {transformation: [-0.9887f,0.0159f,-0.1488f,0.01f,0.0029f,0.9962f,0.0872f,-0.4534f,0.1496f,0.0858f,-0.985f,-0.1421f,0f,0f,0f,1f],start_interpolation: 0,interpolation_duration: 1}
$data merge entity $(bone_head) {transformation: [-0.9887f,0.0159f,-0.1488f,0.0444f,0.0029f,0.9962f,0.0872f,-0.505f,0.1496f,0.0858f,-0.985f,0.0861f,0f,0f,0f,1f],start_interpolation: 0,interpolation_duration: 1}
data modify entity @s data merge value {"cameras":{},"locators":{"locator":{"posx":0.4695017066575842,"posy":0.6424313941689729,"posz":2.617585604782618,"roty":303.11626293685345,"rotx":40.576980630381684},"locator2":{"posx":0.10394065533313318,"posy":0.9697720280521364,"posz":2.335582542452559,"roty":303.11626293685345,"rotx":40.576980630381684},"locator3":{"posx":-0.22958332013991073,"posy":1.2179100976730197,"posz":2.030928219999261,"roty":303.11626293685345,"rotx":40.576980630381684},"locator4":{"posx":-0.5785527693453119,"posy":1.388951678398433,"posz":1.6291010168581213,"roty":303.11626293685345,"rotx":40.576980630381684},"locator5":{"posx":0.8196172842496778,"posy":0.2379942713903388,"posz":2.8024157864248345,"roty":303.11626293685345,"rotx":40.576980630381684},"saber_hitbox":{"posx":0.24199688121138524,"posy":-0.5456381949257547,"posz":1.1040194197441235,"roty":303.11626293685345,"rotx":40.576980630381684},"locator6":{"posx":1.3098450105328519,"posy":0.525471551511437,"posz":1.626971585335821,"roty":338.12860369077504,"rotx":48.21885327609233},"locator7":{"posx":1.148940078212557,"posy":0.9033796941526266,"posz":1.237603458134213,"roty":338.12860369077504,"rotx":48.21885327609233},"locator8":{"posx":0.9822604035257709,"posy":1.1931364275653107,"posz":0.8453230463261314,"roty":338.12860369077504,"rotx":48.21885327609233},"locator9":{"posx":0.7730052061152421,"posy":1.3998022528949217,"posz":0.36992689678607504,"roty":338.12860369077504,"rotx":48.21885327609233},"locator10":{"posx":1.428174420129404,"posy":0.06447250078717404,"posz":1.9332239748054543,"roty":338.12860369077504,"rotx":48.21885327609233},"short_sword_hitbox":{"posx":0.692499931038581,"posy":-0.6793466156931218,"posz":0.4217933882221905,"roty":338.12860369077504,"rotx":48.21885327609233}}}