# This file was generated by Animated Java via MC-Build. It is not recommended to edit this file directly.
$data merge entity $(bone_chest) {transformation: [-0.9989f,0.0052f,-0.0461f,0.0018f,0f,0.9938f,0.1116f,-0.7426f,0.0463f,0.1115f,-0.9927f,0.0362f,0f,0f,0f,1f],start_interpolation: 0,interpolation_duration: 1}
$data merge entity $(bone_cape) {transformation: [-0.9989f,0.0111f,-0.045f,0.2174f,0f,0.9707f,0.2403f,-0.606f,0.0463f,0.2401f,-0.9696f,-0.0379f,0f,0f,0f,1f],start_interpolation: 0,interpolation_duration: 1}
$data merge entity $(bone_saber) {transformation: [-0.9074f,1.0026f,0.2491f,-0.5438f,0.5647f,0.2037f,1.237f,-1.0598f,0.8651f,0.9186f,-0.5462f,0.2213f,0f,0f,0f,1f],start_interpolation: 0,interpolation_duration: 1}
$data merge entity $(bone_right_forearm) {transformation: [-0.6599f,0.1108f,-0.7431f,-0.5266f,0.4107f,0.8814f,-0.2332f,-0.7805f,0.6292f,-0.4591f,-0.6272f,0.0818f,0f,0f,0f,1f],start_interpolation: 0,interpolation_duration: 1}
$data merge entity $(bone_right_arm) {transformation: [-0.7276f,0.6529f,-0.2107f,-0.252f,0.6349f,0.7572f,0.1538f,-0.6469f,0.26f,-0.0219f,-0.9654f,0.0432f,0f,0f,0f,1f],start_interpolation: 0,interpolation_duration: 1}
$data merge entity $(bone_short_sword) {transformation: [-0.8807f,0.7543f,0.1283f,0.3924f,0.7408f,0.7918f,0.4304f,-0.8765f,0.1912f,0.4064f,-1.0768f,0.549f,0f,0f,0f,1f],start_interpolation: 0,interpolation_duration: 1}
$data merge entity $(bone_left_forearm) {transformation: [-0.7549f,-0.0469f,-0.6541f,0.3734f,0.635f,0.197f,-0.747f,-0.8332f,0.1639f,-0.9793f,-0.119f,0.2936f,0f,0f,0f,1f],start_interpolation: 0,interpolation_duration: 1}
$data merge entity $(bone_left_arm) {transformation: [-0.6871f,-0.1701f,-0.7063f,0.2397f,0.5721f,0.4726f,-0.6704f,-0.6288f,0.4478f,-0.8647f,-0.2274f,0.1064f,0f,0f,0f,1f],start_interpolation: 0,interpolation_duration: 1}
$data merge entity $(bone_torso) {transformation: [-0.9989f,0.0072f,-0.0458f,0f,0f,0.9879f,0.1548f,-0.9736f,0.0463f,0.1547f,-0.9869f,-0.0031f,0f,0f,0f,1f],start_interpolation: 0,interpolation_duration: 1}
$data merge entity $(bone_right_dress) {transformation: [-0.9804f,-0.173f,0.0943f,-0.1919f,-0.1738f,0.9848f,-0.0007f,-1.1304f,-0.0927f,-0.0171f,-0.9955f,-0.0267f,0f,0f,0f,1f],start_interpolation: 0,interpolation_duration: 1}
$data merge entity $(bone_left_dress) {transformation: [-0.981f,0.1713f,0.0915f,0.1312f,0.1762f,0.9831f,0.0488f,-1.1304f,-0.0816f,0.064f,-0.9946f,0.0051f,0f,0f,0f,1f],start_interpolation: 0,interpolation_duration: 1}
$data merge entity $(bone_lower_right_leg) {transformation: [-0.9972f,0.0126f,0.0739f,-0.1423f,0.0035f,0.9925f,-0.1219f,-1.5387f,-0.0749f,-0.1213f,-0.9898f,0.2127f,0f,0f,0f,1f],start_interpolation: 0,interpolation_duration: 1}
$data merge entity $(bone_right_leg) {transformation: [-0.9972f,0.0479f,0.0578f,-0.1244f,0.0035f,0.7986f,-0.6018f,-1.2393f,-0.0749f,-0.5999f,-0.7965f,-0.0123f,0f,0f,0f,1f],start_interpolation: 0,interpolation_duration: 1}
$data merge entity $(bone_lower_left_leg) {transformation: [-0.9942f,-0.0918f,0.0554f,0.1515f,-0.0436f,0.8184f,0.573f,-1.5943f,-0.0979f,0.5673f,-0.8177f,-0.1052f,0f,0f,0f,1f],start_interpolation: 0,interpolation_duration: 1}
$data merge entity $(bone_left_leg) {transformation: [-0.9942f,-0.0724f,0.0791f,0.1244f,-0.0436f,0.9469f,0.3186f,-1.2393f,-0.0979f,0.3133f,-0.9446f,0.0123f,0f,0f,0f,1f],start_interpolation: 0,interpolation_duration: 1}
$data merge entity $(bone_waist) {transformation: [-0.9952f,0f,0.098f,0f,0f,1f,0f,-0.8955f,-0.098f,0f,-0.9952f,0f,0f,0f,0f,1f],start_interpolation: 0,interpolation_duration: 1}
$data merge entity $(bone_pony_tail) {transformation: [-0.9978f,-0.0036f,0.0669f,-0.0196f,0.0125f,0.9707f,0.2398f,-0.434f,-0.0658f,0.2401f,-0.9685f,-0.1687f,0f,0f,0f,1f],start_interpolation: 0,interpolation_duration: 1}
$data merge entity $(bone_head) {transformation: [-0.9978f,-0.0036f,0.0669f,-0.0352f,0.0125f,0.9707f,0.2398f,-0.5205f,-0.0658f,0.2401f,-0.9685f,0.0508f,0f,0f,0f,1f],start_interpolation: 0,interpolation_duration: 1}
execute on vehicle unless entity @s[tag=aj.transforms_only] at @s run function animated_java:mage_hunter/animations/slash/zzz/frames/22_root_commands