# This file was generated by Animated Java via MC-Build. It is not recommended to edit this file directly.
$data merge entity $(bone_chest) {transformation: [-0.8752f,0.0515f,-0.4809f,0.0185f,0f,0.9943f,0.1065f,-0.7232f,0.4837f,0.0932f,-0.8703f,0.0303f,0f,0f,0f,1f],start_interpolation: 0,interpolation_duration: 1}
$data merge entity $(bone_cape) {transformation: [-0.8752f,0.1139f,-0.4701f,0.1786f,0f,0.9719f,0.2354f,-0.587f,0.4837f,0.206f,-0.8507f,-0.1321f,0f,0f,0f,1f],start_interpolation: 0,interpolation_duration: 1}
$data merge entity $(bone_saber) {transformation: [-1.0599f,0.4052f,-0.7765f,0.1145f,-0.2441f,1.0341f,0.8727f,-0.9772f,0.8412f,0.8106f,-0.7252f,0.579f,0f,0f,0f,1f],start_interpolation: 0,interpolation_duration: 1}
$data merge entity $(bone_right_forearm) {transformation: [-0.7709f,-0.6069f,-0.1936f,-0.0888f,-0.1775f,0.4965f,-0.8497f,-0.8331f,0.6118f,-0.6206f,-0.4905f,0.3902f,0f,0f,0f,1f],start_interpolation: 0,interpolation_duration: 1}
$data merge entity $(bone_right_arm) {transformation: [-0.5958f,-0.5349f,-0.5991f,-0.1648f,0.1455f,0.6617f,-0.7355f,-0.6652f,0.7898f,-0.5254f,-0.3164f,0.1437f,0f,0f,0f,1f],start_interpolation: 0,interpolation_duration: 1}
$data merge entity $(bone_short_sword) {transformation: [-1.0473f,0.3518f,-0.3749f,0.5493f,0.1174f,0.9919f,0.6029f,-0.9405f,0.5005f,0.5035f,-0.9258f,0.1733f,0f,0f,0f,1f],start_interpolation: 0,interpolation_duration: 1}
$data merge entity $(bone_left_forearm) {transformation: [-0.8977f,-0.3213f,-0.3015f,0.4628f,0.1006f,0.5167f,-0.8502f,-0.8153f,0.429f,-0.7936f,-0.4315f,-0.0371f,0f,0f,0f,1f],start_interpolation: 0,interpolation_duration: 1}
$data merge entity $(bone_left_arm) {transformation: [-0.7783f,-0.4237f,-0.4634f,0.2463f,-0.0948f,0.8089f,-0.5803f,-0.5996f,0.6207f,-0.4077f,-0.6697f,-0.0742f,0f,0f,0f,1f],start_interpolation: 0,interpolation_duration: 1}
$data merge entity $(bone_torso) {transformation: [-0.8752f,0.0725f,-0.4782f,0f,0f,0.9887f,0.1498f,-0.9545f,0.4837f,0.1311f,-0.8654f,-0.0031f,0f,0f,0f,1f],start_interpolation: 0,interpolation_duration: 1}
$data merge entity $(bone_right_dress) {transformation: [-0.9829f,-0.1657f,-0.0807f,-0.1937f,-0.1738f,0.979f,0.1065f,-1.1113f,0.0613f,0.1187f,-0.991f,0.0035f,0f,0f,0f,1f],start_interpolation: 0,interpolation_duration: 1}
$data merge entity $(bone_left_dress) {transformation: [-0.9873f,0.1137f,-0.1106f,0.1304f,0.1311f,0.9776f,-0.1649f,-1.1113f,0.0894f,-0.1773f,-0.9801f,-0.0155f,0f,0f,0f,1f],start_interpolation: 0,interpolation_duration: 1}
$data merge entity $(bone_lower_right_leg) {transformation: [-0.9973f,0.0483f,-0.055f,-0.1347f,0.0269f,0.9406f,0.3384f,-1.595f,0.068f,0.336f,-0.9394f,0.0101f,0f,0f,0f,1f],start_interpolation: 0,interpolation_duration: 1}
$data merge entity $(bone_right_leg) {transformation: [-0.9973f,0.0264f,-0.0682f,-0.1248f,0.0269f,0.9996f,-0.0057f,-1.2201f,0.068f,-0.0075f,-0.9977f,0.0073f,0f,0f,0f,1f],start_interpolation: 0,interpolation_duration: 1}
$data merge entity $(bone_lower_left_leg) {transformation: [-0.9973f,-0.0389f,-0.0616f,0.1452f,-0.0436f,0.996f,0.0779f,-1.5871f,0.0584f,0.0804f,-0.9951f,0.0669f,0f,0f,0f,1f],start_interpolation: 0,interpolation_duration: 1}
$data merge entity $(bone_left_leg) {transformation: [-0.9973f,-0.0544f,-0.0485f,0.1248f,-0.0436f,0.9787f,-0.2006f,-1.2201f,0.0584f,-0.1979f,-0.9785f,-0.0073f,0f,0f,0f,1f],start_interpolation: 0,interpolation_duration: 1}
$data merge entity $(bone_waist) {transformation: [-0.9983f,0f,-0.0584f,0f,0f,1f,0f,-0.8764f,0.0584f,0f,-0.9983f,0f,0f,0f,0f,1f],start_interpolation: 0,interpolation_duration: 1}
$data merge entity $(bone_pony_tail) {transformation: [-0.9919f,0.0093f,-0.1268f,0.0089f,0.0039f,0.9991f,0.0433f,-0.46f,0.1271f,0.0425f,-0.991f,-0.1684f,0f,0f,0f,1f],start_interpolation: 0,interpolation_duration: 1}
$data merge entity $(bone_head) {transformation: [-0.9919f,0.0093f,-0.1268f,0.0383f,0.0039f,0.9991f,0.0433f,-0.5014f,0.1271f,0.0425f,-0.991f,0.0626f,0f,0f,0f,1f],start_interpolation: 0,interpolation_duration: 1}
data modify entity @s data merge value {"cameras":{},"locators":{"body_hitbox":{"posx":0.07054036486758944,"posy":-0.8918911098054878,"posz":0.1245237114044823,"roty":331.0743801652893,"rotx":6.1157024793388475},"saber_hitbox":{"posx":0.293193742921841,"posy":-0.5013172592815134,"posz":0.942232576690403,"roty":313.0435063199117,"rotx":39.398370928636524},"short_sword_hitbox":{"posx":0.6807834035517939,"posy":-0.5550574134787629,"posz":0.35797305377558564,"roty":337.9550509294735,"rotx":31.1133212983563}}}