# This file was generated by Animated Java via MC-Build. It is not recommended to edit this file directly.
$data merge entity $(bone_chest) {transformation: [-0.9771f,-0.048f,0.2073f,-0.014f,0f,0.9743f,0.2254f,1.2044f,-0.2128f,0.2203f,-0.952f,0.0611f,0f,0f,0f,1f],start_interpolation: 0,interpolation_duration: 1}
$data merge entity $(bone_cape) {transformation: [-0.9771f,-0.0746f,0.1993f,0.2099f,0f,0.9365f,0.3507f,1.3474f,-0.2128f,0.3426f,-0.9151f,0.0609f,0f,0f,0f,1f],start_interpolation: 0,interpolation_duration: 1}
$data merge entity $(bone_saber) {transformation: [-1.2191f,0.3215f,0.5487f,-0.6398f,0.5838f,0.0949f,1.2413f,0.9314f,0.2524f,1.3335f,-0.2207f,0.0318f,0f,0f,0f,1f],start_interpolation: 0,interpolation_duration: 1}
$data merge entity $(bone_right_forearm) {transformation: [-0.8866f,0.3689f,-0.2791f,-0.5412f,0.4246f,0.8884f,-0.1745f,1.2137f,0.1836f,-0.2732f,-0.9443f,-0.0596f,0f,0f,0f,1f],start_interpolation: 0,interpolation_duration: 1}
$data merge entity $(bone_right_arm) {transformation: [-0.7464f,0.6521f,0.1329f,-0.2645f,0.637f,0.6421f,0.4266f,1.3147f,0.1929f,0.4031f,-0.8946f,0.0296f,0f,0f,0f,1f],start_interpolation: 0,interpolation_duration: 1}
$data merge entity $(bone_short_sword) {transformation: [-0.7935f,0.3009f,0.8006f,0.0455f,0.8516f,0.1772f,0.7775f,0.8726f,0.0789f,1.1132f,-0.3401f,0.5175f,0f,0f,0f,1f],start_interpolation: 0,interpolation_duration: 1}
$data merge entity $(bone_left_forearm) {transformation: [-0.6802f,0.5514f,-0.4831f,0.1835f,0.7299f,0.5702f,-0.3769f,1.0167f,0.0676f,-0.609f,-0.7903f,0.3512f,0f,0f,0f,1f],start_interpolation: 0,interpolation_duration: 1}
$data merge entity $(bone_left_arm) {transformation: [-0.7726f,0.3345f,-0.5396f,0.181f,0.5615f,0.7567f,-0.3349f,1.2997f,0.2962f,-0.5617f,-0.7725f,0.2303f,0f,0f,0f,1f],start_interpolation: 0,interpolation_duration: 1}
$data merge entity $(bone_torso) {transformation: [-0.9771f,-0.057f,0.205f,0f,0f,0.9635f,0.2677f,0.9794f,-0.2128f,0.2616f,-0.9414f,-0.0031f,0f,0f,0f,1f],start_interpolation: 0,interpolation_duration: 1}
$data merge entity $(bone_right_dress) {transformation: [-0.9785f,-0.1726f,0.1133f,-0.1913f,-0.1738f,0.9848f,-0.0007f,0.8226f,-0.1114f,-0.0204f,-0.9936f,-0.0304f,0f,0f,0f,1f],start_interpolation: 0,interpolation_duration: 1}
$data merge entity $(bone_left_dress) {transformation: [-0.9737f,0.1967f,0.1147f,0.1311f,0.2001f,0.9796f,0.0192f,0.8226f,-0.1086f,0.0416f,-0.9932f,0.0076f,0f,0f,0f,1f],start_interpolation: 0,interpolation_duration: 1}
$data merge entity $(bone_lower_right_leg) {transformation: [-0.9955f,0.007f,0.0947f,-0.1471f,0.005f,0.9998f,-0.0216f,0.415f,-0.0948f,-0.0211f,-0.9953f,0.2108f,0f,0f,0f,1f],start_interpolation: 0,interpolation_duration: 1}
$data merge entity $(bone_right_leg) {transformation: [-0.9955f,0.0612f,0.0726f,-0.1241f,0.005f,0.7968f,-0.6043f,0.7137f,-0.0948f,-0.6012f,-0.7935f,-0.0146f,0f,0f,0f,1f],start_interpolation: 0,interpolation_duration: 1}
$data merge entity $(bone_lower_left_leg) {transformation: [-0.9922f,-0.1078f,0.0629f,0.1549f,-0.0436f,0.7718f,0.6343f,0.3636f,-0.1169f,0.6266f,-0.7705f,-0.1161f,0f,0f,0f,1f],start_interpolation: 0,interpolation_duration: 1}
$data merge entity $(bone_left_leg) {transformation: [-0.9922f,-0.0821f,0.0939f,0.1241f,-0.0436f,0.9337f,0.3554f,0.7137f,-0.1169f,0.3485f,-0.93f,0.0146f,0f,0f,0f,1f],start_interpolation: 0,interpolation_duration: 1}
$data merge entity $(bone_waist) {transformation: [-0.9931f,0f,0.117f,0f,0f,1f,0f,1.0575f,-0.117f,0f,-0.9931f,0f,0f,0f,0f,1f],start_interpolation: 0,interpolation_duration: 1}
$data merge entity $(bone_pony_tail) {transformation: [-0.996f,-0.0272f,0.0852f,-0.0322f,0.0136f,0.8951f,0.4456f,1.5649f,-0.0884f,0.445f,-0.8912f,-0.0812f,0f,0f,0f,1f],start_interpolation: 0,interpolation_duration: 1}
$data merge entity $(bone_head) {transformation: [-0.996f,-0.0272f,0.0852f,-0.0513f,0.0136f,0.8951f,0.4456f,1.4325f,-0.0884f,0.445f,-0.8912f,0.1138f,0f,0f,0f,1f],start_interpolation: 0,interpolation_duration: 1}