# This file was generated by Animated Java via MC-Build. It is not recommended to edit this file directly.
$data merge entity $(bone_chest) {transformation: [-0.868f,0.0338f,-0.4954f,0.0145f,0f,0.9977f,0.0681f,-0.7206f,0.4966f,0.0591f,-0.866f,0.0223f,0f,0f,0f,1f],start_interpolation: 0,interpolation_duration: 1}
$data merge entity $(bone_cape) {transformation: [-0.868f,0.0982f,-0.4868f,0.1697f,0f,0.9803f,0.1977f,-0.5869f,0.4966f,0.1716f,-0.8509f,-0.147f,0f,0f,0f,1f],start_interpolation: 0,interpolation_duration: 1}
$data merge entity $(bone_saber) {transformation: [-0.9728f,0.667f,-0.7068f,0.0627f,0.131f,1.0809f,0.8397f,-0.9808f,0.9629f,0.5267f,-0.8283f,0.5806f,0f,0f,0f,1f],start_interpolation: 0,interpolation_duration: 1}
$data merge entity $(bone_right_forearm) {transformation: [-0.7075f,-0.5729f,-0.4138f,-0.1312f,0.0953f,0.5029f,-0.8591f,-0.8305f,0.7003f,-0.6472f,-0.3012f,0.3867f,0f,0f,0f,1f],start_interpolation: 0,interpolation_duration: 1}
$data merge entity $(bone_right_arm) {transformation: [-0.614f,-0.4393f,-0.6558f,-0.178f,0.2248f,0.6991f,-0.6788f,-0.662f,0.7566f,-0.5642f,-0.3304f,0.1334f,0f,0f,0f,1f],start_interpolation: 0,interpolation_duration: 1}
$data merge entity $(bone_short_sword) {transformation: [-1.0305f,0.2795f,-0.4702f,0.5821f,0.1713f,1.1173f,0.2888f,-0.8308f,0.5195f,0.1861f,-1.0279f,0.2199f,0f,0f,0f,1f],start_interpolation: 0,interpolation_duration: 1}
$data merge entity $(bone_left_forearm) {transformation: [-0.8833f,-0.403f,-0.2396f,0.475f,0.1468f,0.2475f,-0.9577f,-0.7765f,0.4453f,-0.8811f,-0.1595f,-0.0104f,0f,0f,0f,1f],start_interpolation: 0,interpolation_duration: 1}
$data merge entity $(bone_left_arm) {transformation: [-0.7383f,-0.513f,-0.4379f,0.2384f,0.0212f,0.6312f,-0.7753f,-0.5963f,0.6741f,-0.5817f,-0.4551f,-0.0898f,0f,0f,0f,1f],start_interpolation: 0,interpolation_duration: 1}
$data merge entity $(bone_torso) {transformation: [-0.868f,0.0554f,-0.4935f,0f,0f,0.9938f,0.1116f,-0.9531f,0.4966f,0.0968f,-0.8626f,-0.0031f,0f,0f,0f,1f],start_interpolation: 0,interpolation_duration: 1}
$data merge entity $(bone_right_dress) {transformation: [-0.9838f,-0.169f,-0.0589f,-0.1937f,-0.1738f,0.9808f,0.0887f,-1.1099f,0.0428f,0.0975f,-0.9943f,-0.0001f,0f,0f,0f,1f],start_interpolation: 0,interpolation_duration: 1}
$data merge entity $(bone_left_dress) {transformation: [-0.9889f,0.1201f,-0.087f,0.1307f,0.1302f,0.9841f,-0.1207f,-1.1099f,0.0711f,-0.1306f,-0.9889f,-0.013f,0f,0f,0f,1f],start_interpolation: 0,interpolation_duration: 1}
$data merge entity $(bone_lower_right_leg) {transformation: [-0.9984f,0.0343f,-0.0449f,-0.1312f,0.0226f,0.9709f,0.2386f,-1.5915f,0.0517f,0.2372f,-0.9701f,0.0458f,0f,0f,0f,1f],start_interpolation: 0,interpolation_duration: 1}
$data merge entity $(bone_right_leg) {transformation: [-0.9984f,0.0168f,-0.0539f,-0.1249f,0.0226f,0.9939f,-0.1078f,-1.2187f,0.0517f,-0.1089f,-0.9927f,0.005f,0f,0f,0f,1f],start_interpolation: 0,interpolation_duration: 1}
$data merge entity $(bone_lower_left_leg) {transformation: [-0.9983f,-0.038f,-0.045f,0.143f,-0.0436f,0.9904f,0.131f,-1.5902f,0.0396f,0.1327f,-0.9904f,0.0431f,0f,0f,0f,1f],start_interpolation: 0,interpolation_duration: 1}
$data merge entity $(bone_left_leg) {transformation: [-0.9983f,-0.0484f,-0.0336f,0.1249f,-0.0436f,0.9906f,-0.1298f,-1.2187f,0.0396f,-0.1282f,-0.991f,-0.005f,0f,0f,0f,1f],start_interpolation: 0,interpolation_duration: 1}
$data merge entity $(bone_waist) {transformation: [-0.9992f,0f,-0.0396f,0f,0f,1f,0f,-0.875f,0.0396f,0f,-0.9992f,0f,0f,0f,0f,1f],start_interpolation: 0,interpolation_duration: 1}
$data merge entity $(bone_pony_tail) {transformation: [-0.9946f,0.0049f,-0.1037f,0.0078f,0.0049f,1f,0.0007f,-0.4686f,0.1037f,0.0001f,-0.9946f,-0.1939f,0f,0f,0f,1f],start_interpolation: 0,interpolation_duration: 1}
$data merge entity $(bone_head) {transformation: [-0.9946f,0.0049f,-0.1037f,0.0319f,0.0049f,1f,0.0007f,-0.5f,0.1037f,0.0001f,-0.9946f,0.0392f,0f,0f,0f,1f],start_interpolation: 0,interpolation_duration: 1}
data modify entity @s data merge value {"cameras":{},"locators":{"body_hitbox":{"posx":0.07116715117520774,"posy":-0.8849614676801063,"posz":0.1212771221610082,"roty":330.22727272727275,"rotx":3.9049586776859497},"flame":{"posx":1.3197932801400574,"posy":1.08982887179266,"posz":1.591234196979793,"roty":319.5261522323267,"rotx":37.6393023167875},"flame1":{"posx":1.0003500328416859,"posy":1.3842088393117877,"posz":1.2284547233613026,"roty":319.5261522323267,"rotx":37.6393023167875},"flame2":{"posx":0.682716119070574,"posy":1.5912884648372239,"posz":0.8793820582689316,"roty":319.5261522323267,"rotx":37.6393023167875},"flame3":{"posx":0.3044503561888535,"posy":1.7001034682778418,"posz":0.4824257537998774,"roty":319.5261522323267,"rotx":37.6393023167875},"flame4":{"posx":1.5786046783278205,"posy":0.6971842821887141,"posz":1.9061300312216005,"roty":319.5261522323267,"rotx":37.6393023167875},"saber_hitbox":{"posx":0.3607379992769183,"posy":-0.4838939449088616,"posz":0.8141540176761684,"roty":319.5261522323267,"rotx":37.6393023167875},"flame5":{"posx":1.134259589707646,"posy":1.3955786896136384,"posz":0.5810748615821237,"roty":335.4211987490676,"rotx":14.332497513778824},"flame6":{"posx":0.8925986504529116,"posy":1.4749694347004632,"posz":0.07549638099470951,"roty":335.4211987490676,"rotx":14.332497513778824},"flame7":{"posx":0.6611507026316537,"posy":1.4790330575910426,"posz":-0.3849819946303912,"roty":335.4211987490676,"rotx":14.332497513778824},"flame8":{"posx":0.3997539515397057,"posy":1.3633860095457464,"posz":-0.8653958774408101,"roty":335.4211987490676,"rotx":14.332497513778824},"flame9":{"posx":1.3459717256916908,"posy":1.1964772735909375,"posz":1.0667178349842195,"roty":335.4211987490676,"rotx":14.332497513778824},"short_sword_hitbox":{"posx":0.6850275406473014,"posy":-0.40008137442450487,"posz":0.28204225380234693,"roty":335.4211987490676,"rotx":14.332497513778824}}}