# This file was generated by Animated Java via MC-Build. It is not recommended to edit this file directly.
$data merge entity $(bone_chest) {transformation: [-0.8946f,-0.1482f,0.4216f,-0.0403f,0f,0.9434f,0.3317f,-0.7881f,-0.4469f,0.2968f,-0.8439f,0.0776f,0f,0f,0f,1f],start_interpolation: 0,interpolation_duration: 1}
$data merge entity $(bone_cape) {transformation: [-0.8946f,-0.202f,0.3986f,0.1696f,0f,0.892f,0.452f,-0.6406f,-0.4469f,0.4044f,-0.798f,0.147f,0f,0f,0f,1f],start_interpolation: 0,interpolation_duration: 1}
$data merge entity $(bone_saber) {transformation: [-1.1048f,-0.3622f,0.734f,-0.6873f,0.7672f,-0.0284f,1.1407f,-0.978f,-0.2853f,1.3261f,0.2249f,-0.1802f,0f,0f,0f,1f],start_interpolation: 0,interpolation_duration: 1}
$data merge entity $(bone_right_forearm) {transformation: [-0.8035f,0.5642f,0.1897f,-0.522f,0.5579f,0.8249f,-0.0903f,-0.7126f,-0.2075f,0.0333f,-0.9777f,-0.1824f,0f,0f,0f,1f],start_interpolation: 0,interpolation_duration: 1}
$data merge entity $(bone_right_arm) {transformation: [-0.7633f,0.4982f,0.4112f,-0.2864f,0.6305f,0.4361f,0.6421f,-0.6688f,0.1406f,0.7494f,-0.647f,0.0108f,0f,0f,0f,1f],start_interpolation: 0,interpolation_duration: 1}
$data merge entity $(bone_short_sword) {transformation: [-0.722f,-0.4255f,0.8117f,-0.1785f,0.9127f,-0.4274f,0.5878f,-1.1818f,0.083f,0.9987f,0.5973f,0.308f,0f,0f,0f,1f],start_interpolation: 0,interpolation_duration: 1}
$data merge entity $(bone_left_forearm) {transformation: [-0.6188f,0.7855f,0.0022f,0.0255f,0.7823f,0.616f,0.0923f,-1.0209f,0.0712f,0.0589f,-0.9957f,0.3129f,0f,0f,0f,1f],start_interpolation: 0,interpolation_duration: 1}
$data merge entity $(bone_left_arm) {transformation: [-0.8098f,0.5636f,-0.1629f,0.0827f,0.5626f,0.8248f,0.0566f,-0.7186f,0.1662f,-0.0458f,-0.985f,0.3208f,0f,0f,0f,1f],start_interpolation: 0,interpolation_duration: 1}
$data merge entity $(bone_torso) {transformation: [-0.8946f,-0.1665f,0.4147f,0f,0f,0.928f,0.3726f,-1.0044f,-0.4469f,0.3333f,-0.8302f,-0.0031f,0f,0f,0f,1f],start_interpolation: 0,interpolation_duration: 1}
$data merge entity $(bone_right_dress) {transformation: [-0.9757f,-0.1721f,0.136f,-0.1906f,-0.1738f,0.9848f,-0.0007f,-1.1612f,-0.1338f,-0.0244f,-0.9907f,-0.0348f,0f,0f,0f,1f],start_interpolation: 0,interpolation_duration: 1}
$data merge entity $(bone_left_dress) {transformation: [-0.9654f,0.2197f,0.1408f,0.1309f,0.2214f,0.9752f,-0.0031f,-1.1612f,-0.138f,0.0281f,-0.99f,0.0106f,0f,0f,0f,1f],start_interpolation: 0,interpolation_duration: 1}
$data merge entity $(bone_lower_right_leg) {transformation: [-0.9931f,-0.0022f,0.1176f,-0.1529f,0.005f,0.9982f,0.0605f,-1.562f,-0.1175f,0.0607f,-0.9912f,0.2161f,0f,0f,0f,1f],start_interpolation: 0,interpolation_duration: 1}
$data merge entity $(bone_right_leg) {transformation: [-0.9931f,0.0776f,0.0884f,-0.1238f,0.005f,0.7785f,-0.6276f,-1.27f,-0.1175f,-0.6228f,-0.7735f,-0.0175f,0f,0f,0f,1f],start_interpolation: 0,interpolation_duration: 1}
$data merge entity $(bone_lower_left_leg) {transformation: [-0.9893f,-0.129f,0.0688f,0.1598f,-0.0436f,0.7098f,0.7031f,-1.6125f,-0.1395f,0.6925f,-0.7078f,-0.1309f,0f,0f,0f,1f],start_interpolation: 0,interpolation_duration: 1}
$data merge entity $(bone_left_leg) {transformation: [-0.9893f,-0.0961f,0.1102f,0.1238f,-0.0436f,0.9133f,0.4049f,-1.27f,-0.1395f,0.3957f,-0.9077f,0.0175f,0f,0f,0f,1f],start_interpolation: 0,interpolation_duration: 1}
$data merge entity $(bone_waist) {transformation: [-0.9902f,0f,0.1396f,0f,0f,1f,0f,-0.9263f,-0.1396f,0f,-0.9902f,0f,0f,0f,0f,1f],start_interpolation: 0,interpolation_duration: 1}
$data merge entity $(bone_pony_tail) {transformation: [-0.9933f,-0.0595f,0.0987f,-0.0471f,0.0151f,0.7821f,0.6229f,-0.3808f,-0.1142f,0.6203f,-0.776f,0.0106f,0f,0f,0f,1f],start_interpolation: 0,interpolation_duration: 1}
$data merge entity $(bone_head) {transformation: [-0.9933f,-0.0595f,0.0987f,-0.0684f,0.0151f,0.7821f,0.6229f,-0.5513f,-0.1142f,0.6203f,-0.776f,0.1731f,0f,0f,0f,1f],start_interpolation: 0,interpolation_duration: 1}
execute on vehicle unless entity @s[tag=aj.transforms_only] at @s run function animated_java:mage_hunter/animations/slash/zzz/frames/25_root_commands