# This file was generated by Animated Java via MC-Build. It is not recommended to edit this file directly.
$data merge entity $(bone_chest) {transformation: [-0.8629f,0.0162f,-0.505f,0.0105f,0f,0.9995f,0.0321f,-0.7259f,0.5053f,0.0277f,-0.8625f,0.0149f,0f,0f,0f,1f],start_interpolation: 0,interpolation_duration: 1}
$data merge entity $(bone_cape) {transformation: [-0.8629f,0.082f,-0.4986f,0.1616f,0f,0.9867f,0.1623f,-0.5949f,0.5053f,0.14f,-0.8515f,-0.1601f,0f,0f,0f,1f],start_interpolation: 0,interpolation_duration: 1}
$data merge entity $(bone_saber) {transformation: [-0.8027f,0.8973f,-0.6643f,0.0071f,0.4577f,1.0107f,0.8122f,-0.9942f,1.0183f,0.253f,-0.8887f,0.5776f,0f,0f,0f,1f],start_interpolation: 0,interpolation_duration: 1}
$data merge entity $(bone_right_forearm) {transformation: [-0.5838f,-0.5404f,-0.6059f,-0.1765f,0.3329f,0.5214f,-0.7857f,-0.8337f,0.7406f,-0.6604f,-0.1245f,0.3819f,0f,0f,0f,1f],start_interpolation: 0,interpolation_duration: 1}
$data merge entity $(bone_right_arm) {transformation: [-0.6327f,-0.3347f,-0.6983f,-0.1915f,0.3f,0.7254f,-0.6195f,-0.6672f,0.714f,-0.6014f,-0.3585f,0.1235f,0f,0f,0f,1f],start_interpolation: 0,interpolation_duration: 1}
$data merge entity $(bone_short_sword) {transformation: [-1.0073f,0.2496f,-0.5331f,0.6139f,0.2208f,1.1396f,0.1164f,-0.7224f,0.5456f,-0.0003f,-1.0312f,0.2247f,0f,0f,0f,1f],start_interpolation: 0,interpolation_duration: 1}
$data merge entity $(bone_left_forearm) {transformation: [-0.8634f,-0.4792f,-0.1577f,0.4879f,0.1893f,-0.0178f,-0.9818f,-0.7373f,0.4677f,-0.8775f,0.1061f,-0.002f,0f,0f,0f,1f],start_interpolation: 0,interpolation_duration: 1}
$data merge entity $(bone_left_arm) {transformation: [-0.6933f,-0.6049f,-0.3916f,0.231f,0.137f,0.4229f,-0.8958f,-0.6012f,0.7075f,-0.6747f,-0.2103f,-0.1033f,0f,0f,0f,1f],start_interpolation: 0,interpolation_duration: 1}
$data merge entity $(bone_torso) {transformation: [-0.8629f,0.0382f,-0.5039f,0f,0f,0.9971f,0.0757f,-0.9594f,0.5053f,0.0653f,-0.8605f,-0.0031f,0f,0f,0f,1f],start_interpolation: 0,interpolation_duration: 1}
$data merge entity $(bone_right_dress) {transformation: [-0.9845f,-0.1715f,-0.037f,-0.1937f,-0.1738f,0.9822f,0.0708f,-1.1161f,0.0242f,0.0762f,-0.9968f,-0.0038f,0f,0f,0f,1f],start_interpolation: 0,interpolation_duration: 1}
$data merge entity $(bone_left_dress) {transformation: [-0.9902f,0.1249f,-0.063f,0.1309f,0.1297f,0.9885f,-0.0773f,-1.1161f,0.0526f,-0.0847f,-0.995f,-0.0105f,0f,0f,0f,1f],start_interpolation: 0,interpolation_duration: 1}
$data merge entity $(bone_lower_right_leg) {transformation: [-0.9992f,0.0229f,-0.0326f,-0.129f,0.0184f,0.9912f,0.1313f,-1.5917f,0.0353f,0.1306f,-0.9908f,0.0806f,0f,0f,0f,1f],start_interpolation: 0,interpolation_duration: 1}
$data merge entity $(bone_right_leg) {transformation: [-0.9992f,0.0106f,-0.0384f,-0.125f,0.0184f,0.978f,-0.2076f,-1.225f,0.0353f,-0.2081f,-0.9775f,0.0026f,0f,0f,0f,1f],start_interpolation: 0,interpolation_duration: 1}
$data merge entity $(bone_lower_left_leg) {transformation: [-0.9988f,-0.0386f,-0.029f,0.1418f,-0.0436f,0.9793f,0.1977f,-1.599f,0.0207f,0.1987f,-0.9798f,0.0191f,0f,0f,0f,1f],start_interpolation: 0,interpolation_duration: 1}
$data merge entity $(bone_left_leg) {transformation: [-0.9988f,-0.0448f,-0.0181f,0.125f,-0.0436f,0.9973f,-0.0588f,-1.225f,0.0207f,-0.0579f,-0.9981f,-0.0026f,0f,0f,0f,1f],start_interpolation: 0,interpolation_duration: 1}
$data merge entity $(bone_waist) {transformation: [-0.9998f,0f,-0.0207f,0f,0f,1f,0f,-0.8812f,0.0207f,0f,-0.9998f,0f,0f,0f,0f,1f],start_interpolation: 0,interpolation_duration: 1}
$data merge entity $(bone_pony_tail) {transformation: [-0.9968f,0.0029f,-0.0804f,0.0066f,0.0059f,0.9993f,-0.0377f,-0.4838f,0.0802f,-0.038f,-0.9961f,-0.2174f,0f,0f,0f,1f],start_interpolation: 0,interpolation_duration: 1}
$data merge entity $(bone_head) {transformation: [-0.9968f,0.0029f,-0.0804f,0.0254f,0.0059f,0.9993f,-0.0377f,-0.5062f,0.0802f,-0.038f,-0.9961f,0.0172f,0f,0f,0f,1f],start_interpolation: 0,interpolation_duration: 1}
data modify entity @s data merge value {"cameras":{},"locators":{"body_hitbox":{"posx":0.07113073950740653,"posy":-0.8860642898130512,"posz":0.11835115091190347,"roty":329.6487603305785,"rotx":1.8388429752066116},"flame":{"posx":1.706118655879623,"posy":0.9459565328201187,"posz":1.0659636280899196,"roty":323.22304418043234,"rotx":36.20449527434433},"flame1":{"posx":1.393589816551394,"posy":1.232266627469003,"posz":0.6909106261151363,"roty":323.22304418043234,"rotx":36.20449527434433},"flame2":{"posx":1.0704700156154652,"posy":1.4357187056666834,"posz":0.3447519253431193,"roty":323.22304418043234,"rotx":36.20449527434433},"flame3":{"posx":0.6657807159200311,"posy":1.5472883731819729,"posz":-0.024407633658874883,"roty":323.22304418043234,"rotx":36.20449527434433},"flame4":{"posx":1.9370779964483464,"posy":0.5677640274888431,"posz":1.418015771834726,"roty":323.22304418043234,"rotx":36.20449527434433},"saber_hitbox":{"posx":0.410128042805744,"posy":-0.5293630278432817,"posz":0.686378768837942,"roty":323.22304418043234,"rotx":36.20449527434433},"flame5":{"posx":1.1059653513691607,"posy":1.5468663552711672,"posz":0.21478360867753687,"roty":332.664698708738,"rotx":5.728431893231665},"flame6":{"posx":0.8355839041943796,"posy":1.5419589296413245,"posz":-0.28239069697125535,"roty":332.664698708738,"rotx":5.728431893231665},"flame7":{"posx":0.5803858913015556,"posy":1.469760632088438,"posz":-0.7243028828702405,"roty":332.664698708738,"rotx":5.728431893231665},"flame8":{"posx":0.2984417706812983,"posy":1.275457279948105,"posz":-1.1661781143493306,"roty":332.664698708738,"rotx":5.728431893231665},"flame9":{"posx":1.3496006908165086,"posy":1.429668726313563,"posz":0.7119948687462239,"roty":332.664698708738,"rotx":5.728431893231665},"short_sword_hitbox":{"posx":0.7047737354576608,"posy":-0.28470946354053633,"posz":0.21533792497595802,"roty":332.664698708738,"rotx":5.728431893231665}}}