# This file was generated by Animated Java via MC-Build. It is not recommended to edit this file directly.
$data merge entity $(bone_chest) {transformation: [-0.8908f,-0.1554f,0.4271f,-0.0421f,0f,0.9397f,0.342f,-0.7905f,-0.4545f,0.3047f,-0.837f,0.0793f,0f,0f,0f,1f],start_interpolation: 0,interpolation_duration: 1}
$data merge entity $(bone_cape) {transformation: [-0.8908f,-0.2099f,0.4031f,0.1665f,0f,0.887f,0.4617f,-0.6427f,-0.4545f,0.4113f,-0.7901f,0.1519f,0f,0f,0f,1f],start_interpolation: 0,interpolation_duration: 1}
$data merge entity $(bone_saber) {transformation: [-1.1047f,-0.3399f,0.7448f,-0.6922f,0.7757f,-0.0345f,1.1348f,-0.9716f,-0.2619f,1.3319f,0.2195f,-0.177f,0f,0f,0f,1f],start_interpolation: 0,interpolation_duration: 1}
$data merge entity $(bone_right_forearm) {transformation: [-0.8034f,0.5707f,0.1697f,-0.525f,0.5641f,0.8208f,-0.0896f,-0.7075f,-0.1904f,0.0238f,-0.9814f,-0.182f,0f,0f,0f,1f],start_interpolation: 0,interpolation_duration: 1}
$data merge entity $(bone_right_arm) {transformation: [-0.7537f,0.5075f,0.4176f,-0.288f,0.6372f,0.4087f,0.6534f,-0.6722f,0.161f,0.7586f,-0.6314f,0.0113f,0f,0f,0f,1f],start_interpolation: 0,interpolation_duration: 1}
$data merge entity $(bone_short_sword) {transformation: [-0.7017f,-0.4071f,0.8384f,-0.1887f,0.9272f,-0.4115f,0.5762f,-1.1815f,0.0947f,1.0129f,0.571f,0.3199f,0f,0f,0f,1f],start_interpolation: 0,interpolation_duration: 1}
$data merge entity $(bone_left_forearm) {transformation: [-0.6015f,0.7986f,-0.0223f,0.0183f,0.7948f,0.601f,0.0848f,-1.0246f,0.0812f,0.0333f,-0.9961f,0.3182f,0f,0f,0f,1f],start_interpolation: 0,interpolation_duration: 1}
$data merge entity $(bone_left_arm) {transformation: [-0.7992f,0.5693f,-0.193f,0.0786f,0.5699f,0.8197f,0.0582f,-0.7229f,0.1913f,-0.0635f,-0.9795f,0.3242f,0f,0f,0f,1f],start_interpolation: 0,interpolation_duration: 1}
$data merge entity $(bone_torso) {transformation: [-0.8908f,-0.1739f,0.4199f,0f,0f,0.9239f,0.3827f,-1.0059f,-0.4545f,0.3409f,-0.823f,-0.0031f,0f,0f,0f,1f],start_interpolation: 0,interpolation_duration: 1}
$data merge entity $(bone_right_dress) {transformation: [-0.9751f,-0.172f,0.1403f,-0.1904f,-0.1738f,0.9848f,-0.0007f,-1.1626f,-0.1381f,-0.0251f,-0.9901f,-0.0356f,0f,0f,0f,1f],start_interpolation: 0,interpolation_duration: 1}
$data merge entity $(bone_left_dress) {transformation: [-0.9661f,0.2142f,0.144f,0.1308f,0.2164f,0.9763f,0f,-1.1626f,-0.1406f,0.0312f,-0.9896f,0.0111f,0f,0f,0f,1f],start_interpolation: 0,interpolation_duration: 1}
$data merge entity $(bone_lower_right_leg) {transformation: [-0.9926f,-0.0039f,0.121f,-0.154f,0.0035f,0.9982f,0.0605f,-1.5576f,-0.1211f,0.0605f,-0.9908f,0.2226f,0f,0f,0f,1f],start_interpolation: 0,interpolation_duration: 1}
$data merge entity $(bone_right_leg) {transformation: [-0.9926f,0.0809f,0.0901f,-0.1237f,0.0035f,0.7629f,-0.6466f,-1.2715f,-0.1211f,-0.6415f,-0.7575f,-0.018f,0f,0f,0f,1f],start_interpolation: 0,interpolation_duration: 1}
$data merge entity $(bone_lower_left_leg) {transformation: [-0.9886f,-0.1339f,0.0684f,0.161f,-0.0436f,0.6909f,0.7217f,-1.6119f,-0.1439f,0.7105f,-0.6888f,-0.1348f,0f,0f,0f,1f],start_interpolation: 0,interpolation_duration: 1}
$data merge entity $(bone_left_leg) {transformation: [-0.9886f,-0.0994f,0.1128f,0.1237f,-0.0436f,0.9077f,0.4173f,-1.2715f,-0.1439f,0.4076f,-0.9017f,0.018f,0f,0f,0f,1f],start_interpolation: 0,interpolation_duration: 1}
$data merge entity $(bone_waist) {transformation: [-0.9896f,0f,0.144f,0f,0f,1f,0f,-0.9277f,-0.144f,0f,-0.9896f,0f,0f,0f,0f,1f],start_interpolation: 0,interpolation_duration: 1}
$data merge entity $(bone_pony_tail) {transformation: [-0.993f,-0.0626f,0.1007f,-0.0487f,0.0156f,0.7727f,0.6345f,-0.3799f,-0.1175f,0.6316f,-0.7663f,0.0179f,0f,0f,0f,1f],start_interpolation: 0,interpolation_duration: 1}
$data merge entity $(bone_head) {transformation: [-0.993f,-0.0626f,0.1007f,-0.0703f,0.0156f,0.7727f,0.6345f,-0.5527f,-0.1175f,0.6316f,-0.7663f,0.1777f,0f,0f,0f,1f],start_interpolation: 0,interpolation_duration: 1}
execute on vehicle unless entity @s[tag=aj.transforms_only] at @s run function animated_java:mage_hunter/animations/slash/zzz/frames/26_root_commands