# This file was generated by Animated Java via MC-Build. It is not recommended to edit this file directly.
$data merge entity $(bone_chest) {transformation: [-0.8613f,0.0004f,-0.5081f,0.0069f,0f,1f,0.0007f,-0.7396f,0.5081f,0.0006f,-0.8613f,0.0085f,0f,0f,0f,1f],start_interpolation: 0,interpolation_duration: 1}
$data merge entity $(bone_cape) {transformation: [-0.8613f,0.0667f,-0.5037f,0.1553f,0f,0.9914f,0.1312f,-0.611f,0.5081f,0.113f,-0.8538f,-0.1705f,0f,0f,0f,1f],start_interpolation: 0,interpolation_duration: 1}
$data merge entity $(bone_saber) {transformation: [-0.5883f,1.0944f,-0.589f,-0.0525f,0.6956f,0.83f,0.8473f,-1.0187f,1.0299f,0.0645f,-0.9087f,0.5694f,0f,0f,0f,1f],start_interpolation: 0,interpolation_duration: 1}
$data merge entity $(bone_right_forearm) {transformation: [-0.4278f,-0.5023f,-0.7514f,-0.2231f,0.5059f,0.5559f,-0.6596f,-0.8436f,0.749f,-0.6624f,0.0163f,0.3745f,0f,0f,0f,1f],start_interpolation: 0,interpolation_duration: 1}
$data merge entity $(bone_right_arm) {transformation: [-0.6513f,-0.2239f,-0.725f,-0.2047f,0.3681f,0.7423f,-0.5599f,-0.6808f,0.6635f,-0.6316f,-0.401f,0.1139f,0f,0f,0f,1f],start_interpolation: 0,interpolation_duration: 1}
$data merge entity $(bone_short_sword) {transformation: [-0.9789f,0.2281f,-0.5923f,0.6396f,0.2715f,1.1346f,-0.0118f,-0.6361f,0.5737f,-0.1477f,-1.0051f,0.1969f,0f,0f,0f,1f],start_interpolation: 0,interpolation_duration: 1}
$data merge entity $(bone_left_forearm) {transformation: [-0.8391f,-0.5396f,-0.0692f,0.4988f,0.2327f,-0.241f,-0.9422f,-0.7085f,0.4917f,-0.8067f,0.3278f,-0.009f,0f,0f,0f,1f],start_interpolation: 0,interpolation_duration: 1}
$data merge entity $(bone_left_arm) {transformation: [-0.648f,-0.6856f,-0.3317f,0.225f,0.2457f,0.2241f,-0.9431f,-0.6147f,0.7209f,-0.6927f,0.0232f,-0.1137f,0f,0f,0f,1f],start_interpolation: 0,interpolation_duration: 1}
$data merge entity $(bone_torso) {transformation: [-0.8613f,0.0225f,-0.5076f,0f,0f,0.999f,0.0443f,-0.9736f,0.5081f,0.0382f,-0.8605f,-0.0031f,0f,0f,0f,1f],start_interpolation: 0,interpolation_duration: 1}
$data merge entity $(bone_right_dress) {transformation: [-0.9848f,-0.1732f,-0.0156f,-0.1936f,-0.1738f,0.9834f,0.0529f,-1.1304f,0.0062f,0.0548f,-0.9985f,-0.0073f,0f,0f,0f,1f],start_interpolation: 0,interpolation_duration: 1}
$data merge entity $(bone_left_dress) {transformation: [-0.9909f,0.1283f,-0.0394f,0.1311f,0.1298f,0.9909f,-0.0368f,-1.1304f,0.0344f,-0.0416f,-0.9985f,-0.0081f,0f,0f,0f,1f],start_interpolation: 0,interpolation_duration: 1}
$data merge entity $(bone_lower_right_leg) {transformation: [-0.9997f,0.0149f,-0.0189f,-0.128f,0.0144f,0.9996f,0.0222f,-1.5969f,0.0192f,0.022f,-0.9996f,0.113f,0f,0f,0f,1f],start_interpolation: 0,interpolation_duration: 1}
$data merge entity $(bone_right_leg) {transformation: [-0.9997f,0.008f,-0.0227f,-0.125f,0.0144f,0.9537f,-0.3003f,-1.2393f,0.0192f,-0.3005f,-0.9536f,0.0003f,0f,0f,0f,1f],start_interpolation: 0,interpolation_duration: 1}
$data merge entity $(bone_lower_left_leg) {transformation: [-0.999f,-0.041f,-0.015f,0.1413f,-0.0436f,0.9556f,0.2916f,-1.6139f,0.0024f,0.2919f,-0.9564f,-0.004f,0f,0f,0f,1f],start_interpolation: 0,interpolation_duration: 1}
$data merge entity $(bone_left_leg) {transformation: [-0.999f,-0.0436f,-0.0028f,0.125f,-0.0436f,0.999f,0.0098f,-1.2393f,0.0024f,0.0099f,-0.9999f,-0.0003f,0f,0f,0f,1f],start_interpolation: 0,interpolation_duration: 1}
$data merge entity $(bone_waist) {transformation: [-1f,0f,-0.0024f,0f,0f,1f,0f,-0.8955f,0.0024f,0f,-1f,0f,0f,0f,0f,1f],start_interpolation: 0,interpolation_duration: 1}
$data merge entity $(bone_pony_tail) {transformation: [-0.9983f,0.003f,-0.0577f,0.0053f,0.0069f,0.9976f,-0.0686f,-0.5054f,0.0574f,-0.0689f,-0.996f,-0.2377f,0f,0f,0f,1f],start_interpolation: 0,interpolation_duration: 1}
$data merge entity $(bone_head) {transformation: [-0.9983f,0.003f,-0.0577f,0.0187f,0.0069f,0.9976f,-0.0686f,-0.5205f,0.0574f,-0.0689f,-0.996f,-0.0021f,0f,0f,0f,1f],start_interpolation: 0,interpolation_duration: 1}
data modify entity @s data merge value {"cameras":{},"locators":{"body_hitbox":{"posx":0.07032139378387725,"posy":-0.8959669924563898,"posz":0.11608003561565211,"roty":329.46280991735534,"rotx":0.041322314049580006},"saber_hitbox":{"posx":0.4405859430630478,"posy":-0.6357698218054253,"posz":0.592380154287852,"roty":327.0489092347425,"rotx":38.0388779304154},"short_sword_hitbox":{"posx":0.7217156352328435,"posy":-0.20147092353330887,"posz":0.13134596573716467,"roty":329.48901890648915,"rotx":-0.5793076806593586}}}