# This file was generated by Animated Java via MC-Build. It is not recommended to edit this file directly.
$data merge entity $(bone_chest) {transformation: [-0.8726f,-0.0192f,-0.488f,0.002f,0f,0.9992f,-0.0393f,-0.7656f,0.4884f,-0.0343f,-0.8719f,0.0005f,0f,0f,0f,1f],start_interpolation: 0,interpolation_duration: 1}
$data merge entity $(bone_cape) {transformation: [-0.8726f,0.0447f,-0.4864f,0.152f,0f,0.9958f,0.0915f,-0.6403f,0.4884f,0.0798f,-0.869f,-0.1795f,0f,0f,0f,1f],start_interpolation: 0,interpolation_duration: 1}
$data merge entity $(bone_saber) {transformation: [-0.2118f,1.3053f,-0.3767f,-0.1793f,0.8838f,0.4219f,0.9651f,-1.0705f,1.0318f,-0.0935f,-0.904f,0.5352f,0f,0f,0f,1f],start_interpolation: 0,interpolation_duration: 1}
$data merge entity $(bone_right_forearm) {transformation: [-0.154f,-0.3955f,-0.9054f,-0.3139f,0.6428f,0.6558f,-0.3958f,-0.8596f,0.7504f,-0.643f,0.1532f,0.3477f,0f,0f,0f,1f],start_interpolation: 0,interpolation_duration: 1}
$data merge entity $(bone_right_arm) {transformation: [-0.6845f,0.0047f,-0.729f,-0.227f,0.4763f,0.7599f,-0.4423f,-0.7054f,0.5519f,-0.65f,-0.5224f,0.0959f,0f,0f,0f,1f],start_interpolation: 0,interpolation_duration: 1}
$data merge entity $(bone_short_sword) {transformation: [-0.9239f,0.2776f,-0.6561f,0.6699f,0.3812f,1.1003f,-0.0713f,-0.548f,0.6019f,-0.2708f,-0.962f,0.1222f,0f,0f,0f,1f],start_interpolation: 0,interpolation_duration: 1}
$data merge entity $(bone_left_forearm) {transformation: [-0.7919f,-0.6087f,0.0486f,0.5124f,0.3268f,-0.4897f,-0.8084f,-0.6835f,0.5159f,-0.6242f,0.5867f,-0.0337f,0f,0f,0f,1f],start_interpolation: 0,interpolation_duration: 1}
$data merge entity $(bone_left_arm) {transformation: [-0.5768f,-0.7817f,-0.2372f,0.2204f,0.4189f,-0.0337f,-0.9074f,-0.6406f,0.7014f,-0.6227f,0.3469f,-0.1211f,0f,0f,0f,1f],start_interpolation: 0,interpolation_duration: 1}
$data merge entity $(bone_torso) {transformation: [-0.8726f,0.0021f,-0.4884f,0f,0f,1f,0.0043f,-1f,0.4884f,0.0038f,-0.8726f,-0.0031f,0f,0f,0f,1f],start_interpolation: 0,interpolation_duration: 1}
$data merge entity $(bone_right_dress) {transformation: [-0.9844f,-0.1742f,0.0235f,-0.1932f,-0.1738f,0.9846f,0.0172f,-1.1568f,-0.0261f,0.0128f,-0.9996f,-0.0137f,0f,0f,0f,1f],start_interpolation: 0,interpolation_duration: 1}
$data merge entity $(bone_left_dress) {transformation: [-0.9912f,0.1326f,0.0029f,0.1313f,0.1326f,0.9908f,0.028f,-1.1568f,0.0008f,0.0281f,-0.9996f,-0.0038f,0f,0f,0f,1f],start_interpolation: 0,interpolation_duration: 1}
$data merge entity $(bone_lower_right_leg) {transformation: [-0.9999f,0.0091f,0.0088f,-0.1293f,0.008f,0.9932f,-0.1165f,-1.6007f,-0.0098f,-0.1164f,-0.9932f,0.1646f,0f,0f,0f,1f],start_interpolation: 0,interpolation_duration: 1}
$data merge entity $(bone_right_leg) {transformation: [-0.9999f,0.0116f,0.0052f,-0.1249f,0.008f,0.8934f,-0.4491f,-1.2656f,-0.0098f,-0.4491f,-0.8935f,-0.0038f,0f,0f,0f,1f],start_interpolation: 0,interpolation_duration: 1}
$data merge entity $(bone_lower_left_leg) {transformation: [-0.9986f,-0.0527f,0.0069f,0.1426f,-0.0436f,0.8871f,0.4596f,-1.6372f,-0.0304f,0.4586f,-0.8881f,-0.0439f,0f,0f,0f,1f],start_interpolation: 0,interpolation_duration: 1}
$data merge entity $(bone_left_leg) {transformation: [-0.9986f,-0.0471f,0.0245f,0.1249f,-0.0436f,0.9908f,0.1285f,-1.2656f,-0.0304f,0.1272f,-0.9914f,0.0038f,0f,0f,0f,1f],start_interpolation: 0,interpolation_duration: 1}
$data merge entity $(bone_waist) {transformation: [-0.9995f,0f,0.0304f,0f,0f,1f,0f,-0.9219f,-0.0304f,0f,-0.9995f,0f,0f,0f,0f,1f],start_interpolation: 0,interpolation_duration: 1}
$data merge entity $(bone_pony_tail) {transformation: [-0.9998f,0.0071f,-0.0174f,0.0021f,0.0087f,0.9953f,-0.0968f,-0.5385f,0.0166f,-0.097f,-0.9951f,-0.2639f,0f,0f,0f,1f],start_interpolation: 0,interpolation_duration: 1}
$data merge entity $(bone_head) {transformation: [-0.9998f,0.0071f,-0.0174f,0.0059f,0.0087f,0.9953f,-0.0968f,-0.5469f,0.0166f,-0.097f,-0.9951f,-0.0276f,0f,0f,0f,1f],start_interpolation: 0,interpolation_duration: 1}
data modify entity @s data merge value {"cameras":{},"locators":{"body_hitbox":{"posx":0.06602331460014618,"posy":-0.9168580515562325,"posz":0.11483794706841843,"roty":330.7644628099174,"rotx":-2.2520661157024837},"saber_hitbox":{"posx":0.41101920420750176,"posy":-0.872145395206712,"posz":0.48645366046238847,"roty":337.37858848246356,"rotx":44.57982035206231},"short_sword_hitbox":{"posx":0.7703994182323679,"posy":-0.1270303047512671,"posz":0.00987186659255547,"roty":325.7056619085747,"rotx":-3.5015391301433962}}}
execute on vehicle unless entity @s[tag=aj.transforms_only] at @s run function animated_java:mage_hunter/animations/slash/zzz/frames/28_root_commands