# This file was generated by Animated Java via MC-Build. It is not recommended to edit this file directly.
$data merge entity $(bone_chest) {transformation: [-0.887f,-0.0201f,-0.4613f,0.0014f,0f,0.999f,-0.0436f,-0.77f,0.4617f,-0.0387f,-0.8862f,-0.0004f,0f,0f,0f,1f],start_interpolation: 0,interpolation_duration: 1}
$data merge entity $(bone_cape) {transformation: [-0.887f,0.0402f,-0.46f,0.1565f,0f,0.9962f,0.0872f,-0.645f,0.4617f,0.0773f,-0.8836f,-0.1762f,0f,0f,0f,1f],start_interpolation: 0,interpolation_duration: 1}
$data merge entity $(bone_saber) {transformation: [-0.1256f,1.3404f,-0.2799f,-0.2407f,0.8746f,0.2947f,1.0193f,-1.0863f,1.0536f,-0.0849f,-0.8794f,0.5089f,0f,0f,0f,1f],start_interpolation: 0,interpolation_duration: 1}
$data merge entity $(bone_right_forearm) {transformation: [-0.0913f,-0.3319f,-0.9389f,-0.3547f,0.636f,0.706f,-0.3115f,-0.859f,0.7662f,-0.6256f,0.1466f,0.327f,0f,0f,0f,1f],start_interpolation: 0,interpolation_duration: 1}
$data merge entity $(bone_right_arm) {transformation: [-0.697f,0.1166f,-0.7075f,-0.2347f,0.5153f,0.7676f,-0.3812f,-0.7075f,0.4986f,-0.6303f,-0.5951f,0.0874f,0f,0f,0f,1f],start_interpolation: 0,interpolation_duration: 1}
$data merge entity $(bone_short_sword) {transformation: [-0.9096f,0.296f,-0.6679f,0.678f,0.4349f,1.0764f,-0.1152f,-0.5432f,0.587f,-0.3388f,-0.9496f,0.1158f,0f,0f,0f,1f],start_interpolation: 0,interpolation_duration: 1}
$data merge entity $(bone_left_forearm) {transformation: [-0.7797f,-0.625f,0.0393f,0.5162f,0.3728f,-0.5136f,-0.7728f,-0.6846f,0.5032f,-0.5879f,0.6334f,-0.0302f,0f,0f,0f,1f],start_interpolation: 0,interpolation_duration: 1}
$data merge entity $(bone_left_arm) {transformation: [-0.5605f,-0.7925f,-0.2403f,0.2232f,0.4759f,-0.0707f,-0.8767f,-0.645f,0.6778f,-0.6057f,0.4168f,-0.1158f,0f,0f,0f,1f],start_interpolation: 0,interpolation_duration: 1}
$data merge entity $(bone_torso) {transformation: [-0.887f,0f,-0.4617f,0f,0f,1f,0f,-1.0044f,0.4617f,0f,-0.887f,-0.0031f,0f,0f,0f,1f],start_interpolation: 0,interpolation_duration: 1}
$data merge entity $(bone_right_dress) {transformation: [-0.984f,-0.1736f,0.0399f,-0.193f,-0.1738f,0.9848f,-0.0007f,-1.1612f,-0.0392f,-0.0077f,-0.9992f,-0.0162f,0f,0f,0f,1f],start_interpolation: 0,interpolation_duration: 1}
$data merge entity $(bone_left_dress) {transformation: [-0.9907f,0.1348f,0.0201f,0.1313f,0.1357f,0.9896f,0.0485f,-1.1612f,-0.0134f,0.0507f,-0.9986f,-0.0021f,0f,0f,0f,1f],start_interpolation: 0,interpolation_duration: 1}
$data merge entity $(bone_lower_right_leg) {transformation: [-0.9997f,0.0081f,0.0211f,-0.1309f,0.0058f,0.9947f,-0.1029f,-1.5949f,-0.0218f,-0.1028f,-0.9945f,0.1818f,0f,0f,0f,1f],start_interpolation: 0,interpolation_duration: 1}
$data merge entity $(bone_right_leg) {transformation: [-0.9997f,0.016f,0.016f,-0.1249f,0.0058f,0.8663f,-0.4995f,-1.27f,-0.0218f,-0.4993f,-0.8662f,-0.0055f,0f,0f,0f,1f],start_interpolation: 0,interpolation_duration: 1}
$data merge entity $(bone_lower_left_leg) {transformation: [-0.9981f,-0.0598f,0.0151f,0.1438f,-0.0436f,0.858f,0.5119f,-1.639f,-0.0436f,0.5102f,-0.8589f,-0.0589f,0f,0f,0f,1f],start_interpolation: 0,interpolation_duration: 1}
$data merge entity $(bone_left_leg) {transformation: [-0.9981f,-0.0505f,0.0354f,0.1249f,-0.0436f,0.9839f,0.1735f,-1.27f,-0.0436f,0.1716f,-0.9842f,0.0055f,0f,0f,0f,1f],start_interpolation: 0,interpolation_duration: 1}
$data merge entity $(bone_waist) {transformation: [-0.999f,0f,0.0436f,0f,0f,1f,0f,-0.9263f,-0.0436f,0f,-0.999f,0f,0f,0f,0f,1f],start_interpolation: 0,interpolation_duration: 1}
$data merge entity $(bone_pony_tail) {transformation: [-1f,0.0094f,-0.001f,0.0001f,0.0094f,0.9961f,-0.0882f,-0.5408f,0.0002f,-0.0882f,-0.9961f,-0.2675f,0f,0f,0f,1f],start_interpolation: 0,interpolation_duration: 1}
$data merge entity $(bone_head) {transformation: [-1f,0.0094f,-0.001f,0f,0.0094f,0.9961f,-0.0882f,-0.5513f,0.0002f,-0.0882f,-0.9961f,-0.0312f,0f,0f,0f,1f],start_interpolation: 0,interpolation_duration: 1}
execute on vehicle unless entity @s[tag=aj.transforms_only] positioned ^0.062253667 ^-0.9206683925 ^0.1164631816 rotated ~332.5 ~-2.5 run function animated_java:mage_hunter/animations/slash/zzz/frames/29_locator_commands
execute on vehicle unless entity @s[tag=aj.transforms_only] positioned ^0.7854146247 ^-0.1318035664 ^-0.022490989 rotated ~324.8784735459 ~-5.6685586291 run function animated_java:mage_hunter/animations/slash/zzz/frames/29_locator_commands
data modify entity @s data merge value {"cameras":{},"locators":{"body_hitbox":{"posx":0.062253666966732187,"posy":-0.9206683924514982,"posz":0.11646318158150785,"roty":332.5,"rotx":-2.5},"saber_hitbox":{"posx":0.36630066478524104,"posy":-0.9453406619559954,"posz":0.4641823540589079,"roty":342.3483164621921,"rotx":47.84028434134656},"short_sword_hitbox":{"posx":0.7854146247052898,"posy":-0.13180356638470264,"posz":-0.022490989043236445,"roty":324.87847354591656,"rotx":-5.668558629080622}}}
execute on vehicle unless entity @s[tag=aj.transforms_only] at @s run function animated_java:mage_hunter/animations/slash/zzz/frames/29_root_commands