# This file was generated by Animated Java via MC-Build. It is not recommended to edit this file directly.
$data merge entity $(bone_chest) {transformation: [-0.9536f,0.0017f,-0.301f,0.0044f,0f,1f,0.0058f,-0.7719f,0.301f,0.0055f,-0.9536f,0.0109f,0f,0f,0f,1f],start_interpolation: 0,interpolation_duration: 1}
$data merge entity $(bone_cape) {transformation: [-0.9536f,0.041f,-0.2982f,0.1895f,0f,0.9907f,0.1363f,-0.6429f,0.301f,0.1299f,-0.9447f,-0.1294f,0f,0f,0f,1f],start_interpolation: 0,interpolation_duration: 1}
$data merge entity $(bone_saber) {transformation: [-0.3406f,1.3321f,0.0063f,-0.405f,0.7134f,0.1769f,1.162f,-1.1053f,1.125f,0.2911f,-0.735f,0.3917f,0f,0f,0f,1f],start_interpolation: 0,interpolation_duration: 1}
$data merge entity $(bone_right_forearm) {transformation: [-0.2477f,-0.1298f,-0.9601f,-0.4585f,0.5189f,0.8191f,-0.2446f,-0.8438f,0.8182f,-0.5587f,-0.1355f,0.2288f,0f,0f,0f,1f],start_interpolation: 0,interpolation_duration: 1}
$data merge entity $(bone_right_arm) {transformation: [-0.7186f,0.4367f,-0.5412f,-0.2459f,0.5929f,0.7914f,-0.1487f,-0.6954f,0.3633f,-0.4277f,-0.8277f,0.0631f,0f,0f,0f,1f],start_interpolation: 0,interpolation_duration: 1}
$data merge entity $(bone_short_sword) {transformation: [-0.9178f,0.5961f,-0.4043f,0.6464f,0.586f,0.9987f,0.1422f,-0.6638f,0.4188f,-0.0912f,-1.0851f,0.3136f,0f,0f,0f,1f],start_interpolation: 0,interpolation_duration: 1}
$data merge entity $(bone_left_forearm) {transformation: [-0.7867f,-0.5433f,-0.2932f,0.5023f,0.5023f,-0.2872f,-0.8156f,-0.7468f,0.3589f,-0.7889f,0.4988f,0.114f,0f,0f,0f,1f],start_interpolation: 0,interpolation_duration: 1}
$data merge entity $(bone_left_arm) {transformation: [-0.5945f,-0.6449f,-0.4803f,0.2466f,0.5557f,0.1022f,-0.8251f,-0.6486f,0.5812f,-0.7574f,0.2976f,-0.0264f,0f,0f,0f,1f],start_interpolation: 0,interpolation_duration: 1}
$data merge entity $(bone_torso) {transformation: [-0.9536f,0.0149f,-0.3007f,0f,0f,0.9988f,0.0494f,-1.0059f,0.301f,0.0471f,-0.9524f,-0.0031f,0f,0f,0f,1f],start_interpolation: 0,interpolation_duration: 1}
$data merge entity $(bone_right_dress) {transformation: [-0.9824f,-0.1733f,0.0698f,-0.1925f,-0.1738f,0.9848f,-0.0007f,-1.1626f,-0.0687f,-0.0129f,-0.9976f,-0.022f,0f,0f,0f,1f],start_interpolation: 0,interpolation_duration: 1}
$data merge entity $(bone_left_dress) {transformation: [-0.9871f,0.1483f,0.0596f,0.1313f,0.1522f,0.9861f,0.0662f,-1.1626f,-0.049f,0.0744f,-0.996f,0.0019f,0f,0f,0f,1f],start_interpolation: 0,interpolation_duration: 1}
$data merge entity $(bone_lower_right_leg) {transformation: [-0.9987f,0.0077f,0.0498f,-0.1365f,0.0032f,0.9959f,-0.0904f,-1.578f,-0.0503f,-0.0901f,-0.9947f,0.2066f,0f,0f,0f,1f],start_interpolation: 0,interpolation_duration: 1}
$data merge entity $(bone_right_leg) {transformation: [-0.9987f,0.0316f,0.0393f,-0.1247f,0.0032f,0.8173f,-0.5762f,-1.2715f,-0.0503f,-0.5754f,-0.8164f,-0.0092f,0f,0f,0f,1f],start_interpolation: 0,interpolation_duration: 1}
$data merge entity $(bone_lower_left_leg) {transformation: [-0.9963f,-0.0789f,0.0329f,0.1476f,-0.0436f,0.8006f,0.5976f,-1.6331f,-0.0735f,0.594f,-0.8011f,-0.0875f,0f,0f,0f,1f],start_interpolation: 0,interpolation_duration: 1}
$data merge entity $(bone_left_leg) {transformation: [-0.9963f,-0.0612f,0.0596f,0.1247f,-0.0436f,0.9642f,0.2615f,-1.2715f,-0.0735f,0.258f,-0.9634f,0.0092f,0f,0f,0f,1f],start_interpolation: 0,interpolation_duration: 1}
$data merge entity $(bone_waist) {transformation: [-0.9973f,0f,0.0736f,0f,0f,1f,0f,-0.9277f,-0.0736f,0f,-0.9973f,0f,0f,0f,0f,1f],start_interpolation: 0,interpolation_duration: 1}
$data merge entity $(bone_pony_tail) {transformation: [-0.9993f,0.0099f,0.0368f,-0.0082f,0.0111f,0.9994f,0.0321f,-0.514f,-0.0364f,0.0325f,-0.9988f,-0.2394f,0f,0f,0f,1f],start_interpolation: 0,interpolation_duration: 1}
$data merge entity $(bone_head) {transformation: [-0.9993f,0.0099f,0.0368f,-0.0171f,0.0111f,0.9994f,0.0321f,-0.5527f,-0.0364f,0.0325f,-0.9988f,-0.0063f,0f,0f,0f,1f],start_interpolation: 0,interpolation_duration: 1}
execute on vehicle unless entity @s[tag=aj.transforms_only] positioned ^0.0417811756 ^-0.9288967764 ^0.1292306207 rotated ~342.48046875 ~0.33203125 run function animated_java:mage_hunter/animations/slash/zzz/frames/30_locator_commands
execute on vehicle unless entity @s[tag=aj.transforms_only] positioned ^1.8291510069 ^1.3253100031 ^0.1224459897 rotated ~339.5660893798 ~7.0024131674 run function animated_java:mage_hunter/animations/slash/zzz/frames/30_locator_commands
execute on vehicle unless entity @s[tag=aj.transforms_only] positioned ^1.6022997024 ^1.3403806112 ^-0.3958433719 rotated ~339.5660893798 ~7.0024131674 run function animated_java:mage_hunter/animations/slash/zzz/frames/30_locator_commands
execute on vehicle unless entity @s[tag=aj.transforms_only] positioned ^1.3651737111 ^1.2943273604 ^-0.8511184122 rotated ~339.5660893798 ~7.0024131674 run function animated_java:mage_hunter/animations/slash/zzz/frames/30_locator_commands
execute on vehicle unless entity @s[tag=aj.transforms_only] positioned ^1.0641830228 ^1.1412652853 ^-1.2966255465 rotated ~339.5660893798 ~7.0024131674 run function animated_java:mage_hunter/animations/slash/zzz/frames/30_locator_commands
execute on vehicle unless entity @s[tag=aj.transforms_only] positioned ^1.9921376144 ^1.2032305707 ^0.6505032574 rotated ~339.5660893798 ~7.0024131674 run function animated_java:mage_hunter/animations/slash/zzz/frames/30_locator_commands
execute on vehicle unless entity @s[tag=aj.transforms_only] positioned ^0.8711805516 ^-0.2798223619 ^0.2689645803 rotated ~339.5660893798 ~7.0024131674 run function animated_java:mage_hunter/animations/slash/zzz/frames/30_locator_commands
data modify entity @s data merge value {"cameras":{},"locators":{"body_hitbox":{"posx":0.04178117556401345,"posy":-0.9288967763999942,"posz":0.12923062068951188,"roty":342.48046875,"rotx":0.33203125000000483},"flame":{"posx":2.134042783976115,"posy":-0.7513475949413135,"posz":0.955014586855589,"roty":0.4871927678639736,"rotx":57.68427387718393},"flame1":{"posx":2.0760478304406353,"posy":-0.28401318182349133,"posz":0.6410916159212556,"roty":0.4871927678639736,"rotx":57.68427387718393},"flame2":{"posx":1.957216936614713,"posy":0.12245868422812256,"posz":0.34734880191374473,"roty":0.4871927678639736,"rotx":57.68427387718393},"flame3":{"posx":1.7172823595588957,"posy":0.5128448481841259,"posz":0.027145676187647738,"roty":0.4871927678639736,"rotx":57.68427387718393},"flame4":{"posx":2.0709340542817003,"posy":-1.2347677101547463,"posz":1.2424772460713362,"roty":0.4871927678639736,"rotx":57.68427387718393},"saber_hitbox":{"posx":0.20025396021766295,"posy":-1.0168260870226298,"posz":0.5188654197417049,"roty":0.4871927678639736,"rotx":57.68427387718393},"flame5":{"posx":1.8291510069345231,"posy":1.325310003130903,"posz":0.12244598974316104,"roty":339.56608937975,"rotx":7.00241316744183},"flame6":{"posx":1.6022997023947134,"posy":1.3403806111931909,"posz":-0.3958433719084354,"roty":339.56608937975,"rotx":7.00241316744183},"flame7":{"posx":1.365173711123087,"posy":1.2943273603957504,"posz":-0.8511184122460718,"roty":339.56608937975,"rotx":7.00241316744183},"flame8":{"posx":1.0641830228262292,"posy":1.141265285263255,"posz":-1.2966255465488998,"roty":339.56608937975,"rotx":7.00241316744183},"flame9":{"posx":1.992137614449101,"posy":1.2032305707335607,"posz":0.6505032574295659,"roty":339.56608937975,"rotx":7.00241316744183},"short_sword_hitbox":{"posx":0.871180551556049,"posy":-0.27982236189491255,"posz":0.26896458026528774,"roty":339.56608937975,"rotx":7.00241316744183}}}
execute on vehicle unless entity @s[tag=aj.transforms_only] at @s run function animated_java:mage_hunter/animations/slash/zzz/frames/30_root_commands