# This file was generated by Animated Java via MC-Build. It is not recommended to edit this file directly.
$data merge entity $(bone_chest) {transformation: [-0.9989f,0.0052f,-0.0461f,0.0018f,0f,0.9938f,0.1116f,-0.7733f,0.0463f,0.1115f,-0.9927f,0.0362f,0f,0f,0f,1f],start_interpolation: 0,interpolation_duration: 1}
$data merge entity $(bone_cape) {transformation: [-0.9989f,0.0111f,-0.045f,0.2174f,0f,0.9707f,0.2403f,-0.6368f,0.0463f,0.2401f,-0.9696f,-0.0379f,0f,0f,0f,1f],start_interpolation: 0,interpolation_duration: 1}
$data merge entity $(bone_saber) {transformation: [-0.9074f,0.9905f,0.2936f,-0.5438f,0.5647f,0.1483f,1.2449f,-1.0906f,0.8651f,0.9421f,-0.5046f,0.2213f,0f,0f,0f,1f],start_interpolation: 0,interpolation_duration: 1}
$data merge entity $(bone_right_forearm) {transformation: [-0.6599f,0.1108f,-0.7431f,-0.5266f,0.4107f,0.8814f,-0.2332f,-0.8113f,0.6292f,-0.4591f,-0.6272f,0.0818f,0f,0f,0f,1f],start_interpolation: 0,interpolation_duration: 1}
$data merge entity $(bone_right_arm) {transformation: [-0.7276f,0.6529f,-0.2107f,-0.252f,0.6349f,0.7572f,0.1538f,-0.6777f,0.26f,-0.0219f,-0.9654f,0.0432f,0f,0f,0f,1f],start_interpolation: 0,interpolation_duration: 1}
$data merge entity $(bone_short_sword) {transformation: [-0.8807f,0.7022f,0.3039f,0.3924f,0.7408f,0.6668f,0.6063f,-0.9073f,0.1912f,0.6507f,-0.9493f,0.549f,0f,0f,0f,1f],start_interpolation: 0,interpolation_duration: 1}
$data merge entity $(bone_left_forearm) {transformation: [-0.7549f,-0.0469f,-0.6541f,0.3734f,0.635f,0.197f,-0.747f,-0.8639f,0.1639f,-0.9793f,-0.119f,0.2936f,0f,0f,0f,1f],start_interpolation: 0,interpolation_duration: 1}
$data merge entity $(bone_left_arm) {transformation: [-0.6871f,-0.1701f,-0.7063f,0.2397f,0.5721f,0.4726f,-0.6704f,-0.6595f,0.4478f,-0.8647f,-0.2274f,0.1064f,0f,0f,0f,1f],start_interpolation: 0,interpolation_duration: 1}
$data merge entity $(bone_torso) {transformation: [-0.9989f,0.0072f,-0.0458f,0f,0f,0.9879f,0.1548f,-1.0044f,0.0463f,0.1547f,-0.9869f,-0.0031f,0f,0f,0f,1f],start_interpolation: 0,interpolation_duration: 1}
$data merge entity $(bone_right_dress) {transformation: [-0.9804f,-0.173f,0.0943f,-0.1919f,-0.1738f,0.9848f,-0.0007f,-1.1612f,-0.0927f,-0.0171f,-0.9955f,-0.0267f,0f,0f,0f,1f],start_interpolation: 0,interpolation_duration: 1}
$data merge entity $(bone_left_dress) {transformation: [-0.981f,0.1713f,0.0915f,0.1312f,0.1762f,0.9831f,0.0488f,-1.1612f,-0.0816f,0.064f,-0.9946f,0.0051f,0f,0f,0f,1f],start_interpolation: 0,interpolation_duration: 1}
$data merge entity $(bone_lower_right_leg) {transformation: [-0.9972f,0.0049f,0.0749f,-0.1423f,0.0035f,0.9998f,-0.0186f,-1.5695f,-0.0749f,-0.0183f,-0.997f,0.2127f,0f,0f,0f,1f],start_interpolation: 0,interpolation_duration: 1}
$data merge entity $(bone_right_leg) {transformation: [-0.9972f,0.0479f,0.0578f,-0.1244f,0.0035f,0.7986f,-0.6018f,-1.27f,-0.0749f,-0.5999f,-0.7965f,-0.0123f,0f,0f,0f,1f],start_interpolation: 0,interpolation_duration: 1}
$data merge entity $(bone_lower_left_leg) {transformation: [-0.9942f,-0.0964f,0.047f,0.1515f,-0.0436f,0.764f,0.6437f,-1.6251f,-0.0979f,0.638f,-0.7638f,-0.1052f,0f,0f,0f,1f],start_interpolation: 0,interpolation_duration: 1}
$data merge entity $(bone_left_leg) {transformation: [-0.9942f,-0.0724f,0.0791f,0.1244f,-0.0436f,0.9469f,0.3186f,-1.27f,-0.0979f,0.3133f,-0.9446f,0.0123f,0f,0f,0f,1f],start_interpolation: 0,interpolation_duration: 1}
$data merge entity $(bone_waist) {transformation: [-0.9952f,0f,0.098f,0f,0f,1f,0f,-0.9263f,-0.098f,0f,-0.9952f,0f,0f,0f,0f,1f],start_interpolation: 0,interpolation_duration: 1}
$data merge entity $(bone_pony_tail) {transformation: [-0.9978f,-0.0036f,0.0669f,-0.0196f,0.0125f,0.9707f,0.2398f,-0.4647f,-0.0658f,0.2401f,-0.9685f,-0.1687f,0f,0f,0f,1f],start_interpolation: 0,interpolation_duration: 1}
$data merge entity $(bone_head) {transformation: [-0.9978f,-0.0036f,0.0669f,-0.0352f,0.0125f,0.9707f,0.2398f,-0.5513f,-0.0658f,0.2401f,-0.9685f,0.0508f,0f,0f,0f,1f],start_interpolation: 0,interpolation_duration: 1}
execute on vehicle unless entity @s[tag=aj.transforms_only] positioned ^0.0067735186 ^-0.9425507046 ^0.1428762983 rotated ~357.34375 ~6.40625 run function animated_java:mage_hunter/animations/slash/zzz/frames/31_locator_commands
execute on vehicle unless entity @s[tag=aj.transforms_only] positioned ^1.7927133171 ^0.4253596193 ^1.8355433552 rotated ~17.7507980345 ~31.3097940819 run function animated_java:mage_hunter/animations/slash/zzz/frames/31_locator_commands
execute on vehicle unless entity @s[tag=aj.transforms_only] positioned ^1.9016151536 ^0.6819474303 ^1.34298312 rotated ~17.7507980345 ~31.3097940819 run function animated_java:mage_hunter/animations/slash/zzz/frames/31_locator_commands
execute on vehicle unless entity @s[tag=aj.transforms_only] positioned ^1.9566199215 ^0.8703323244 ^0.8664218887 rotated ~17.7507980345 ~31.3097940819 run function animated_java:mage_hunter/animations/slash/zzz/frames/31_locator_commands
execute on vehicle unless entity @s[tag=aj.transforms_only] positioned ^1.9363903333 ^0.9872695302 ^0.3201468173 rotated ~17.7507980345 ~31.3097940819 run function animated_java:mage_hunter/animations/slash/zzz/frames/31_locator_commands
execute on vehicle unless entity @s[tag=aj.transforms_only] positioned ^1.6085771245 ^0.0973241201 ^2.2583897502 rotated ~17.7507980345 ~31.3097940819 run function animated_java:mage_hunter/animations/slash/zzz/frames/31_locator_commands
data modify entity @s data merge value {"cameras":{},"locators":{"body_hitbox":{"posx":0.006773518613782687,"posy":-0.9425507045955204,"posz":0.14287629825861783,"roty":357.34375,"rotx":6.40625000000001},"flame":{"posx":1.338612482184002,"posy":-0.79247318480557,"posz":2.0259549031537705,"roty":30.191775918526446,"rotx":64.87436036816597},"flame1":{"posx":1.413702106486656,"posy":-0.28993807448453246,"posz":1.7766909642923518,"roty":30.191775918526446,"rotx":64.87436036816597},"flame2":{"posx":1.4304239077103316,"posy":0.14927034565526442,"posz":1.5075416654967955,"roty":30.191775918526446,"rotx":64.87436036816597},"flame3":{"posx":1.3571015522523762,"posy":0.5749977455330355,"posz":1.1527459310475074,"roty":30.191775918526446,"rotx":64.87436036816597},"flame4":{"posx":1.1734787011997172,"posy":-1.3084893153886332,"posz":2.1895724063614574,"roty":30.191775918526446,"rotx":64.87436036816597},"saber_hitbox":{"posx":-0.09178276401092544,"posy":-1.0145863800739854,"posz":0.6457812514796023,"roty":30.191775918526446,"rotx":64.87436036816597},"flame5":{"posx":1.7927133171115948,"posy":0.42535961930878674,"posz":1.8355433551748372,"roty":17.750798034487616,"rotx":31.30979408185638},"flame6":{"posx":1.9016151536061476,"posy":0.6819474302867905,"posz":1.34298312001001,"roty":17.750798034487616,"rotx":31.30979408185638},"flame7":{"posx":1.956619921516174,"posy":0.8703323243642302,"posz":0.8664218886969751,"roty":17.750798034487616,"rotx":31.30979408185638},"flame8":{"posx":1.9363903332729637,"posy":0.9872695302162564,"posz":0.32014681728420147,"roty":17.750798034487616,"rotx":31.30979408185638},"flame9":{"posx":1.608577124463805,"posy":0.0973241201053694,"posz":2.2583897502399255,"roty":17.750798034487616,"rotx":31.30979408185638},"short_sword_hitbox":{"posx":0.6641979748130423,"posy":-0.6463557040724214,"posz":0.7898357536787531,"roty":17.750798034487616,"rotx":31.30979408185638}}}
execute on vehicle unless entity @s[tag=aj.transforms_only] at @s run function animated_java:mage_hunter/animations/slash/zzz/frames/31_root_commands