# This file was generated by Animated Java via MC-Build. It is not recommended to edit this file directly.
$data merge entity $(bone_chest) {transformation: [-0.9239f,-0.1151f,0.365f,-0.0318f,0f,0.9537f,0.3007f,-0.7691f,-0.3827f,0.2778f,-0.8811f,0.0736f,0f,0f,0f,1f],start_interpolation: 0,interpolation_duration: 1}
$data merge entity $(bone_cape) {transformation: [-0.9239f,-0.1617f,0.3468f,0.1843f,0f,0.9063f,0.4226f,-0.6228f,-0.3827f,0.3904f,-0.8373f,0.1236f,0f,0f,0f,1f],start_interpolation: 0,interpolation_duration: 1}
$data merge entity $(bone_saber) {transformation: [-1.1686f,-0.1818f,0.7014f,-0.6791f,0.7023f,0.0437f,1.1813f,-0.9907f,-0.1785f,1.3622f,0.0557f,-0.1203f,0f,0f,0f,1f],start_interpolation: 0,interpolation_duration: 1}
$data merge entity $(bone_right_forearm) {transformation: [-0.8499f,0.5206f,0.0816f,-0.529f,0.5108f,0.8519f,-0.1159f,-0.7179f,-0.1298f,-0.0568f,-0.9899f,-0.1495f,0f,0f,0f,1f],start_interpolation: 0,interpolation_duration: 1}
$data merge entity $(bone_right_arm) {transformation: [-0.7652f,0.5485f,0.3372f,-0.2791f,0.6266f,0.5142f,0.5856f,-0.6516f,0.1478f,0.6594f,-0.7371f,0.0175f,0f,0f,0f,1f],start_interpolation: 0,interpolation_duration: 1}
$data merge entity $(bone_short_sword) {transformation: [-0.7477f,-0.1785f,0.8776f,-0.1336f,0.8929f,-0.2378f,0.7123f,-1.1641f,0.0699f,1.1281f,0.289f,0.3702f,0f,0f,0f,1f],start_interpolation: 0,interpolation_duration: 1}
$data merge entity $(bone_left_forearm) {transformation: [-0.6409f,0.7579f,-0.1217f,0.0618f,0.7653f,0.6432f,-0.0243f,-0.9974f,0.0599f,-0.1088f,-0.9923f,0.3316f,0f,0f,0f,1f],start_interpolation: 0,interpolation_duration: 1}
$data merge entity $(bone_left_arm) {transformation: [-0.8107f,0.5281f,-0.2529f,0.109f,0.5549f,0.8307f,-0.0443f,-0.6944f,0.1867f,-0.1763f,-0.9665f,0.3054f,0f,0f,0f,1f],start_interpolation: 0,interpolation_duration: 1}
$data merge entity $(bone_torso) {transformation: [-0.9239f,-0.1309f,0.3596f,0f,0f,0.9397f,0.342f,-0.9883f,-0.3827f,0.316f,-0.8682f,-0.0031f,0f,0f,0f,1f],start_interpolation: 0,interpolation_duration: 1}
$data merge entity $(bone_right_dress) {transformation: [-0.9768f,-0.1723f,0.1268f,-0.1909f,-0.1738f,0.9848f,-0.0007f,-1.1451f,-0.1248f,-0.0228f,-0.9919f,-0.033f,0f,0f,0f,1f],start_interpolation: 0,interpolation_duration: 1}
$data merge entity $(bone_left_dress) {transformation: [-0.9679f,0.2146f,0.1305f,0.131f,0.2164f,0.9763f,0f,-1.1451f,-0.1274f,0.0283f,-0.9914f,0.0094f,0f,0f,0f,1f],start_interpolation: 0,interpolation_duration: 1}
$data merge entity $(bone_lower_right_leg) {transformation: [-0.994f,-0.0035f,0.109f,-0.1505f,0.0058f,0.9964f,0.085f,-1.5515f,-0.1089f,0.0851f,-0.9904f,0.2103f,0f,0f,0f,1f],start_interpolation: 0,interpolation_duration: 1}
$data merge entity $(bone_right_leg) {transformation: [-0.994f,0.0708f,0.0829f,-0.1239f,0.0058f,0.7937f,-0.6083f,-1.2539f,-0.1089f,-0.6042f,-0.7894f,-0.0163f,0f,0f,0f,1f],start_interpolation: 0,interpolation_duration: 1}
$data merge entity $(bone_lower_left_leg) {transformation: [-0.9905f,-0.1138f,0.0772f,0.1576f,-0.0436f,0.7926f,0.6082f,-1.6f,-0.1304f,0.599f,-0.79f,-0.124f,0f,0f,0f,1f],start_interpolation: 0,interpolation_duration: 1}
$data merge entity $(bone_left_leg) {transformation: [-0.9905f,-0.0899f,0.104f,0.1239f,-0.0436f,0.923f,0.3823f,-1.2539f,-0.1304f,0.3741f,-0.9182f,0.0163f,0f,0f,0f,1f],start_interpolation: 0,interpolation_duration: 1}
$data merge entity $(bone_waist) {transformation: [-0.9914f,0f,0.1305f,0f,0f,1f,0f,-0.9102f,-0.1305f,0f,-0.9914f,0f,0f,0f,0f,1f],start_interpolation: 0,interpolation_duration: 1}
$data merge entity $(bone_pony_tail) {transformation: [-0.9944f,-0.0482f,0.0938f,-0.042f,0.0144f,0.8189f,0.5738f,-0.3751f,-0.1045f,0.5719f,-0.8136f,-0.0166f,0f,0f,0f,1f],start_interpolation: 0,interpolation_duration: 1}
$data merge entity $(bone_head) {transformation: [-0.9944f,-0.0482f,0.0938f,-0.0625f,0.0144f,0.8189f,0.5738f,-0.5352f,-0.1045f,0.5719f,-0.8136f,0.1563f,0f,0f,0f,1f],start_interpolation: 0,interpolation_duration: 1}
execute on vehicle unless entity @s[tag=aj.transforms_only] positioned ^-0.0594410114 ^-0.9557161034 ^0.1403782959 rotated ~22.5 ~17.5 run function animated_java:mage_hunter/animations/slash/zzz/frames/33_locator_commands
data modify entity @s data merge value {"cameras":{},"locators":{"body_hitbox":{"posx":-0.05944101140873524,"posy":-0.95571610344364,"posz":0.1403782959041425,"roty":22.5,"rotx":17.499999999999996},"saber_hitbox":{"posx":-0.7567593041001694,"posy":-0.9626387537381451,"posz":0.49894333208230257,"roty":94.53893507648924,"rotx":59.219637642395384},"short_sword_hitbox":{"posx":-0.1942233785890265,"posy":-1.248847592652745,"posz":0.8050522214055665,"roty":108.22843916148541,"rotx":37.628675602575555}}}
execute on vehicle unless entity @s[tag=aj.transforms_only] at @s run function animated_java:mage_hunter/animations/slash/zzz/frames/33_root_commands