# This file was generated by Animated Java via MC-Build. It is not recommended to edit this file directly.
$data merge entity $(bone_chest) {transformation: [-0.8946f,-0.1482f,0.4216f,-0.0403f,0f,0.9434f,0.3317f,-0.7602f,-0.4469f,0.2968f,-0.8439f,0.0776f,0f,0f,0f,1f],start_interpolation: 0,interpolation_duration: 1}
$data merge entity $(bone_cape) {transformation: [-0.8946f,-0.202f,0.3986f,0.1696f,0f,0.892f,0.452f,-0.6128f,-0.4469f,0.4044f,-0.798f,0.147f,0f,0f,0f,1f],start_interpolation: 0,interpolation_duration: 1}
$data merge entity $(bone_saber) {transformation: [-1.1048f,-0.311f,0.7571f,-0.6873f,0.7672f,0.0497f,1.14f,-0.9501f,-0.2853f,1.3384f,0.1336f,-0.1802f,0f,0f,0f,1f],start_interpolation: 0,interpolation_duration: 1}
$data merge entity $(bone_right_forearm) {transformation: [-0.8035f,0.5642f,0.1897f,-0.522f,0.5579f,0.8249f,-0.0903f,-0.6848f,-0.2075f,0.0333f,-0.9777f,-0.1824f,0f,0f,0f,1f],start_interpolation: 0,interpolation_duration: 1}
$data merge entity $(bone_right_arm) {transformation: [-0.7633f,0.4982f,0.4112f,-0.2864f,0.6305f,0.4361f,0.6421f,-0.641f,0.1406f,0.7494f,-0.647f,0.0108f,0f,0f,0f,1f],start_interpolation: 0,interpolation_duration: 1}
$data merge entity $(bone_short_sword) {transformation: [-0.722f,-0.2203f,0.8896f,-0.1785f,0.9127f,-0.2755f,0.6725f,-1.1539f,0.083f,1.1121f,0.3428f,0.308f,0f,0f,0f,1f],start_interpolation: 0,interpolation_duration: 1}
$data merge entity $(bone_left_forearm) {transformation: [-0.6188f,0.7855f,0.0022f,0.0255f,0.7823f,0.616f,0.0923f,-0.9931f,0.0712f,0.0589f,-0.9957f,0.3129f,0f,0f,0f,1f],start_interpolation: 0,interpolation_duration: 1}
$data merge entity $(bone_left_arm) {transformation: [-0.8098f,0.5636f,-0.1629f,0.0827f,0.5626f,0.8248f,0.0566f,-0.6908f,0.1662f,-0.0458f,-0.985f,0.3208f,0f,0f,0f,1f],start_interpolation: 0,interpolation_duration: 1}
$data merge entity $(bone_torso) {transformation: [-0.8946f,-0.1665f,0.4147f,0f,0f,0.928f,0.3726f,-0.9766f,-0.4469f,0.3333f,-0.8302f,-0.0031f,0f,0f,0f,1f],start_interpolation: 0,interpolation_duration: 1}
$data merge entity $(bone_right_dress) {transformation: [-0.9757f,-0.1721f,0.136f,-0.1906f,-0.1738f,0.9848f,-0.0007f,-1.1333f,-0.1338f,-0.0244f,-0.9907f,-0.0348f,0f,0f,0f,1f],start_interpolation: 0,interpolation_duration: 1}
$data merge entity $(bone_left_dress) {transformation: [-0.9654f,0.2197f,0.1408f,0.1309f,0.2214f,0.9752f,-0.0031f,-1.1333f,-0.138f,0.0281f,-0.99f,0.0106f,0f,0f,0f,1f],start_interpolation: 0,interpolation_duration: 1}
$data merge entity $(bone_lower_right_leg) {transformation: [-0.9931f,-0.0051f,0.1175f,-0.1529f,0.005f,0.9964f,0.085f,-1.5341f,-0.1175f,0.085f,-0.9894f,0.2161f,0f,0f,0f,1f],start_interpolation: 0,interpolation_duration: 1}
$data merge entity $(bone_right_leg) {transformation: [-0.9931f,0.0776f,0.0884f,-0.1238f,0.005f,0.7785f,-0.6276f,-1.2422f,-0.1175f,-0.6228f,-0.7735f,-0.0175f,0f,0f,0f,1f],start_interpolation: 0,interpolation_duration: 1}
$data merge entity $(bone_lower_left_leg) {transformation: [-0.9893f,-0.1137f,0.0918f,0.1598f,-0.0436f,0.8292f,0.5573f,-1.5847f,-0.1395f,0.5473f,-0.8252f,-0.1309f,0f,0f,0f,1f],start_interpolation: 0,interpolation_duration: 1}
$data merge entity $(bone_left_leg) {transformation: [-0.9893f,-0.0961f,0.1102f,0.1238f,-0.0436f,0.9133f,0.4049f,-1.2422f,-0.1395f,0.3957f,-0.9077f,0.0175f,0f,0f,0f,1f],start_interpolation: 0,interpolation_duration: 1}
$data merge entity $(bone_waist) {transformation: [-0.9902f,0f,0.1396f,0f,0f,1f,0f,-0.8984f,-0.1396f,0f,-0.9902f,0f,0f,0f,0f,1f],start_interpolation: 0,interpolation_duration: 1}
$data merge entity $(bone_pony_tail) {transformation: [-0.9933f,-0.0595f,0.0987f,-0.0471f,0.0151f,0.7821f,0.6229f,-0.353f,-0.1142f,0.6203f,-0.776f,0.0106f,0f,0f,0f,1f],start_interpolation: 0,interpolation_duration: 1}
$data merge entity $(bone_head) {transformation: [-0.9933f,-0.0595f,0.0987f,-0.0684f,0.0151f,0.7821f,0.6229f,-0.5234f,-0.1142f,0.6203f,-0.776f,0.1731f,0f,0f,0f,1f],start_interpolation: 0,interpolation_duration: 1}
data modify entity @s data merge value {"cameras":{},"locators":{"body_hitbox":{"posx":-0.06984970465025114,"posy":-0.9490969412417363,"posz":0.13670911738646446,"roty":26.54296875,"rotx":19.375000000000004},"flame":{"posx":-1.2883738428870832,"posy":-0.8385873121303016,"posz":2.3723486486793233,"roty":100.00694022864919,"rotx":56.0050273079543},"flame1":{"posx":-0.9645149265024119,"posy":-0.37448643721837993,"posz":2.3661615504794016,"roty":100.00694022864919,"rotx":56.0050273079543},"flame2":{"posx":-0.6609309080456757,"posy":0.03553616593717224,"posz":2.293064295816832,"roty":100.00694022864919,"rotx":56.0050273079543},"flame3":{"posx":-0.3290699225822884,"posy":0.4410380549136441,"posz":2.0982913398815106,"roty":100.00694022864919,"rotx":56.0050273079543},"flame4":{"posx":-1.5839557922651033,"posy":-1.3072089012213035,"posz":2.2568600456064933,"roty":100.00694022864919,"rotx":56.0050273079543},"saber_hitbox":{"posx":-0.8233873108876056,"posy":-0.9196366964162268,"posz":0.428779081364849,"roty":100.00694022864919,"rotx":56.0050273079543},"flame5":{"posx":-0.6090753783969722,"posy":-1.69618988923333,"posz":2.524400633673567,"roty":111.07678104498042,"rotx":35.19988576521016},"flame6":{"posx":-0.16837686467695856,"posy":-1.357191117695027,"posz":2.6301226886124134,"roty":111.07678104498042,"rotx":35.19988576521016},"flame7":{"posx":0.23647113617366738,"posy":-1.039462753972825,"posz":2.6579036730021666,"roty":111.07678104498042,"rotx":35.19988576521016},"flame8":{"posx":0.6649279166033977,"posy":-0.6922213700119438,"posz":2.566535141391323,"roty":111.07678104498042,"rotx":35.19988576521016},"flame9":{"posx":-1.0261651125378812,"posy":-2.005675640532954,"posz":2.2995290627341234,"roty":111.07678104498042,"rotx":35.19988576521016},"short_sword_hitbox":{"posx":-0.2549436847104023,"posy":-1.253494585653145,"posz":0.7371578936646076,"roty":111.07678104498042,"rotx":35.19988576521016}}}
execute on vehicle unless entity @s[tag=aj.transforms_only] at @s run function animated_java:mage_hunter/animations/slash/zzz/frames/34_root_commands