# This file was generated by Animated Java via MC-Build. It is not recommended to edit this file directly.
$data merge entity $(bone_chest) {transformation: [-0.9044f,-0.1415f,0.4025f,-0.0385f,0f,0.9434f,0.3317f,-0.7368f,-0.4266f,0.3f,-0.8532f,0.0785f,0f,0f,0f,1f],start_interpolation: 0,interpolation_duration: 1}
$data merge entity $(bone_cape) {transformation: [-0.9044f,-0.1929f,0.3806f,0.1729f,0f,0.892f,0.452f,-0.5894f,-0.4266f,0.4088f,-0.8067f,0.1431f,0f,0f,0f,1f],start_interpolation: 0,interpolation_duration: 1}
$data merge entity $(bone_saber) {transformation: [-1.1376f,-0.1467f,0.7583f,-0.6905f,0.7461f,0.14f,1.1465f,-0.9299f,-0.1995f,1.36f,-0.0362f,-0.146f,0f,0f,0f,1f],start_interpolation: 0,interpolation_duration: 1}
$data merge entity $(bone_right_forearm) {transformation: [-0.8274f,0.5515f,0.1067f,-0.5303f,0.5426f,0.8338f,-0.1018f,-0.6622f,-0.1451f,-0.0263f,-0.9891f,-0.1659f,0f,0f,0f,1f],start_interpolation: 0,interpolation_duration: 1}
$data merge entity $(bone_right_arm) {transformation: [-0.7486f,0.5395f,0.3854f,-0.285f,0.6398f,0.4354f,0.6333f,-0.6197f,0.1738f,0.7206f,-0.6712f,0.015f,0f,0f,0f,1f],start_interpolation: 0,interpolation_duration: 1}
$data merge entity $(bone_short_sword) {transformation: [-0.7045f,0.1137f,0.923f,-0.171f,0.9255f,-0.0279f,0.7098f,-1.1278f,0.0912f,1.1608f,-0.0734f,0.3576f,0f,0f,0f,1f],start_interpolation: 0,interpolation_duration: 1}
$data merge entity $(bone_left_forearm) {transformation: [-0.6038f,0.7911f,-0.0975f,0.0333f,0.7933f,0.6084f,0.0239f,-0.9696f,0.0782f,-0.0629f,-0.995f,0.3309f,0f,0f,0f,1f],start_interpolation: 0,interpolation_duration: 1}
$data merge entity $(bone_left_arm) {transformation: [-0.793f,0.5541f,-0.2533f,0.09f,0.5708f,0.821f,0.0089f,-0.6674f,0.2129f,-0.1375f,-0.9673f,0.3188f,0f,0f,0f,1f],start_interpolation: 0,interpolation_duration: 1}
$data merge entity $(bone_torso) {transformation: [-0.9044f,-0.159f,0.3959f,0f,0f,0.928f,0.3726f,-0.9531f,-0.4266f,0.337f,-0.8393f,-0.0031f,0f,0f,0f,1f],start_interpolation: 0,interpolation_duration: 1}
$data merge entity $(bone_right_dress) {transformation: [-0.9754f,-0.172f,0.138f,-0.1905f,-0.1738f,0.9848f,-0.0007f,-1.1099f,-0.1357f,-0.0247f,-0.9904f,-0.0352f,0f,0f,0f,1f],start_interpolation: 0,interpolation_duration: 1}
$data merge entity $(bone_left_dress) {transformation: [-0.9664f,0.2143f,0.1417f,0.1309f,0.2164f,0.9763f,0f,-1.1099f,-0.1383f,0.0307f,-0.9899f,0.0108f,0f,0f,0f,1f],start_interpolation: 0,interpolation_duration: 1}
$data merge entity $(bone_lower_right_leg) {transformation: [-0.9929f,0.0037f,0.1185f,-0.1534f,0.0032f,1f,-0.0049f,-1.5048f,-0.1185f,-0.0045f,-0.9929f,0.2229f,0f,0f,0f,1f],start_interpolation: 0,interpolation_duration: 1}
$data merge entity $(bone_right_leg) {transformation: [-0.9929f,0.079f,0.0884f,-0.1237f,0.0032f,0.7629f,-0.6466f,-1.2187f,-0.1185f,-0.6417f,-0.7577f,-0.0177f,0f,0f,0f,1f],start_interpolation: 0,interpolation_duration: 1}
$data merge entity $(bone_lower_left_leg) {transformation: [-0.989f,-0.0978f,0.1112f,0.1604f,-0.0436f,0.91f,0.4123f,-1.56f,-0.1415f,0.4029f,-0.9042f,-0.1334f,0f,0f,0f,1f],start_interpolation: 0,interpolation_duration: 1}
$data merge entity $(bone_left_leg) {transformation: [-0.989f,-0.0978f,0.1112f,0.1237f,-0.0436f,0.91f,0.4123f,-1.2187f,-0.1415f,0.4029f,-0.9042f,0.0177f,0f,0f,0f,1f],start_interpolation: 0,interpolation_duration: 1}
$data merge entity $(bone_waist) {transformation: [-0.9899f,0f,0.1417f,0f,0f,1f,0f,-0.875f,-0.1417f,0f,-0.9899f,0f,0f,0f,0f,1f],start_interpolation: 0,interpolation_duration: 1}
$data merge entity $(bone_pony_tail) {transformation: [-0.9933f,-0.0583f,0.0995f,-0.0469f,0.0155f,0.7873f,0.6164f,-0.3309f,-0.1142f,0.6139f,-0.7811f,0.0077f,0f,0f,0f,1f],start_interpolation: 0,interpolation_duration: 1}
$data merge entity $(bone_head) {transformation: [-0.9933f,-0.0583f,0.0995f,-0.0684f,0.0155f,0.7873f,0.6164f,-0.5f,-0.1142f,0.6139f,-0.7811f,0.1716f,0f,0f,0f,1f],start_interpolation: 0,interpolation_duration: 1}
data modify entity @s data merge value {"cameras":{},"locators":{"body_hitbox":{"posx":-0.06668625083656535,"posy":-0.9256594412417363,"posz":0.13824510141589885,"roty":25.25390625,"rotx":19.375000000000007},"saber_hitbox":{"posx":-0.7518849177811787,"posy":-0.858396134768168,"posz":0.4715962328353846,"roty":87.26486527758065,"rotx":56.4894370290933},"short_sword_hitbox":{"posx":-0.11920838929138526,"posy":-1.1321323327405817,"posz":0.801725788884726,"roty":85.45354973497969,"rotx":37.47513475062793}}}
execute on vehicle unless entity @s[tag=aj.transforms_only] at @s run function animated_java:mage_hunter/animations/slash/zzz/frames/36_root_commands