# This file was generated by Animated Java via MC-Build. It is not recommended to edit this file directly.
$data merge entity $(bone_chest) {transformation: [-0.9239f,-0.1151f,0.365f,-0.0318f,0f,0.9537f,0.3007f,-0.734f,-0.3827f,0.2778f,-0.8811f,0.0736f,0f,0f,0f,1f],start_interpolation: 0,interpolation_duration: 1}
$data merge entity $(bone_cape) {transformation: [-0.9239f,-0.1617f,0.3468f,0.1843f,0f,0.9063f,0.4226f,-0.5876f,-0.3827f,0.3904f,-0.8373f,0.1236f,0f,0f,0f,1f],start_interpolation: 0,interpolation_duration: 1}
$data merge entity $(bone_saber) {transformation: [-1.1686f,-0.1122f,0.7159f,-0.6791f,0.7023f,0.1593f,1.1713f,-0.9556f,-0.1785f,1.3611f,-0.0781f,-0.1203f,0f,0f,0f,1f],start_interpolation: 0,interpolation_duration: 1}
$data merge entity $(bone_right_forearm) {transformation: [-0.8499f,0.5206f,0.0816f,-0.529f,0.5108f,0.8519f,-0.1159f,-0.6828f,-0.1298f,-0.0568f,-0.9899f,-0.1495f,0f,0f,0f,1f],start_interpolation: 0,interpolation_duration: 1}
$data merge entity $(bone_right_arm) {transformation: [-0.7652f,0.5485f,0.3372f,-0.2791f,0.6266f,0.5142f,0.5856f,-0.6165f,0.1478f,0.6594f,-0.7371f,0.0175f,0f,0f,0f,1f],start_interpolation: 0,interpolation_duration: 1}
$data merge entity $(bone_short_sword) {transformation: [-0.7477f,0.142f,0.8843f,-0.1336f,0.8929f,0.0284f,0.7504f,-1.1289f,0.0699f,1.1576f,-0.1269f,0.3702f,0f,0f,0f,1f],start_interpolation: 0,interpolation_duration: 1}
$data merge entity $(bone_left_forearm) {transformation: [-0.6409f,0.7579f,-0.1217f,0.0618f,0.7653f,0.6432f,-0.0243f,-0.9622f,0.0599f,-0.1088f,-0.9923f,0.3316f,0f,0f,0f,1f],start_interpolation: 0,interpolation_duration: 1}
$data merge entity $(bone_left_arm) {transformation: [-0.8107f,0.5281f,-0.2529f,0.109f,0.5549f,0.8307f,-0.0443f,-0.6592f,0.1867f,-0.1763f,-0.9665f,0.3054f,0f,0f,0f,1f],start_interpolation: 0,interpolation_duration: 1}
$data merge entity $(bone_torso) {transformation: [-0.9239f,-0.1309f,0.3596f,0f,0f,0.9397f,0.342f,-0.9531f,-0.3827f,0.316f,-0.8682f,-0.0031f,0f,0f,0f,1f],start_interpolation: 0,interpolation_duration: 1}
$data merge entity $(bone_right_dress) {transformation: [-0.9768f,-0.1723f,0.1268f,-0.1909f,-0.1738f,0.9848f,-0.0007f,-1.1099f,-0.1248f,-0.0228f,-0.9919f,-0.033f,0f,0f,0f,1f],start_interpolation: 0,interpolation_duration: 1}
$data merge entity $(bone_left_dress) {transformation: [-0.9679f,0.2146f,0.1305f,0.131f,0.2164f,0.9763f,0f,-1.1099f,-0.1274f,0.0283f,-0.9914f,0.0094f,0f,0f,0f,1f],start_interpolation: 0,interpolation_duration: 1}
$data merge entity $(bone_lower_right_leg) {transformation: [-0.994f,0.0162f,0.1078f,-0.1505f,0.0058f,0.9954f,-0.0953f,-1.5164f,-0.1089f,-0.0941f,-0.9896f,0.2103f,0f,0f,0f,1f],start_interpolation: 0,interpolation_duration: 1}
$data merge entity $(bone_right_leg) {transformation: [-0.994f,0.0708f,0.0829f,-0.1239f,0.0058f,0.7937f,-0.6083f,-1.2187f,-0.1089f,-0.6042f,-0.7894f,-0.0163f,0f,0f,0f,1f],start_interpolation: 0,interpolation_duration: 1}
$data merge entity $(bone_lower_left_leg) {transformation: [-0.9905f,-0.0899f,0.104f,0.1576f,-0.0436f,0.923f,0.3823f,-1.5649f,-0.1304f,0.3741f,-0.9182f,-0.124f,0f,0f,0f,1f],start_interpolation: 0,interpolation_duration: 1}
$data merge entity $(bone_left_leg) {transformation: [-0.9905f,-0.0899f,0.104f,0.1239f,-0.0436f,0.923f,0.3823f,-1.2187f,-0.1304f,0.3741f,-0.9182f,0.0163f,0f,0f,0f,1f],start_interpolation: 0,interpolation_duration: 1}
$data merge entity $(bone_waist) {transformation: [-0.9914f,0f,0.1305f,0f,0f,1f,0f,-0.875f,-0.1305f,0f,-0.9914f,0f,0f,0f,0f,1f],start_interpolation: 0,interpolation_duration: 1}
$data merge entity $(bone_pony_tail) {transformation: [-0.9944f,-0.0482f,0.0938f,-0.042f,0.0144f,0.8189f,0.5738f,-0.3399f,-0.1045f,0.5719f,-0.8136f,-0.0166f,0f,0f,0f,1f],start_interpolation: 0,interpolation_duration: 1}
$data merge entity $(bone_head) {transformation: [-0.9944f,-0.0482f,0.0938f,-0.0625f,0.0144f,0.8189f,0.5738f,-0.5f,-0.1045f,0.5719f,-0.8136f,0.1563f,0f,0f,0f,1f],start_interpolation: 0,interpolation_duration: 1}
data modify entity @s data merge value {"cameras":{},"locators":{"locator":{"posx":-0.9014425713239441,"posy":-0.6353468569528148,"posz":2.475306563042114,"roty":83.77351303386021,"rotx":58.41686804150999},"locator2":{"posx":-0.6034814382988632,"posy":-0.16340492845879306,"posz":2.3814850338723446,"roty":83.77351303386021,"rotx":58.41686804150999},"locator3":{"posx":-0.33296266155213355,"posy":0.24805320341632853,"posz":2.2293443189361772,"roty":83.77351303386021,"rotx":58.41686804150999},"locator4":{"posx":-0.05224789950142006,"posy":0.6450288870762348,"posz":1.9534647637865403,"roty":83.77351303386021,"rotx":58.41686804150999},"locator5":{"posx":-1.189207719045041,"posy":-1.1217712336620518,"posz":2.445389251998414,"roty":83.77351303386021,"rotx":58.41686804150999},"saber_hitbox":{"posx":-0.7301256185971642,"posy":-0.8678054180878997,"posz":0.5593827885436562,"roty":83.77351303386021,"rotx":58.41686804150999},"locator6":{"posx":0.15695447665301052,"posy":-1.0657752032518095,"posz":2.6731373203121853,"roty":81.8342253486217,"rotx":40.030982942882176},"locator7":{"posx":0.575682887776315,"posy":-0.7054939586499724,"posz":2.549944615551294,"roty":81.8342253486217,"rotx":40.030982942882176},"locator8":{"posx":0.9394312504021615,"posy":-0.3869325679228517,"posz":2.371532819346507,"roty":81.8342253486217,"rotx":40.030982942882176},"locator9":{"posx":1.2879612079572433,"posy":-0.07141066524985318,"posz":2.0690881175905265,"roty":81.8342253486217,"rotx":40.030982942882176},"locator10":{"posx":-0.2769923395410584,"posy":-1.4290959359077686,"posz":2.672297119521884,"roty":81.8342253486217,"rotx":40.030982942882176},"short_sword_hitbox":{"posx":-0.06371239687307158,"posy":-1.10984778003658,"posz":0.8746601898198967,"roty":81.8342253486217,"rotx":40.030982942882176}}}
execute on vehicle unless entity @s[tag=aj.transforms_only] at @s run function animated_java:mage_hunter/animations/slash/zzz/frames/37_root_commands