# This file was generated by Animated Java via MC-Build. It is not recommended to edit this file directly.
$data merge entity $(bone_chest) {transformation: [-0.9808f,-0.0255f,0.1934f,-0.0085f,0f,0.9914f,0.1305f,-0.7229f,-0.1951f,0.128f,-0.9724f,0.0398f,0f,0f,0f,1f],start_interpolation: 0,interpolation_duration: 1}
$data merge entity $(bone_cape) {transformation: [-0.9808f,-0.0505f,0.1884f,0.218f,0f,0.9659f,0.2588f,-0.5851f,-0.1951f,0.2538f,-0.9474f,0.0223f,0f,0f,0f,1f],start_interpolation: 0,interpolation_duration: 1}
$data merge entity $(bone_saber) {transformation: [-1.2698f,-0.2151f,0.4815f,-0.5795f,0.4604f,0.1601f,1.2857f,-1.0825f,-0.2572f,1.3486f,-0.0758f,-0.0538f,0f,0f,0f,1f],start_interpolation: 0,interpolation_duration: 1}
$data merge entity $(bone_right_forearm) {transformation: [-0.9235f,0.3502f,0.1565f,-0.4832f,0.3348f,0.9351f,-0.1164f,-0.7865f,-0.1871f,-0.0551f,-0.9808f,-0.0833f,0f,0f,0f,1f],start_interpolation: 0,interpolation_duration: 1}
$data merge entity $(bone_right_arm) {transformation: [-0.9052f,0.3984f,0.148f,-0.258f,0.4249f,0.8528f,0.3036f,-0.5998f,-0.0053f,0.3377f,-0.9412f,0.0123f,0f,0f,0f,1f],start_interpolation: 0,interpolation_duration: 1}
$data merge entity $(bone_short_sword) {transformation: [-1.0413f,0.0528f,0.5235f,0.1204f,0.5258f,0.06f,1.0398f,-1.1456f,0.0201f,1.1639f,-0.0773f,0.2291f,0f,0f,0f,1f],start_interpolation: 0,interpolation_duration: 1}
$data merge entity $(bone_left_forearm) {transformation: [-0.8925f,0.4487f,-0.0452f,0.2364f,0.4507f,0.8912f,-0.0514f,-0.9149f,0.0172f,-0.0663f,-0.9977f,0.2015f,0f,0f,0f,1f],start_interpolation: 0,interpolation_duration: 1}
$data merge entity $(bone_left_arm) {transformation: [-0.9495f,0.3107f,-0.044f,0.2051f,0.3137f,0.9423f,-0.1164f,-0.6106f,0.0053f,-0.1243f,-0.9922f,0.1672f,0f,0f,0f,1f],start_interpolation: 0,interpolation_duration: 1}
$data merge entity $(bone_torso) {transformation: [-0.9808f,-0.0339f,0.1921f,0f,0f,0.9848f,0.1736f,-0.9531f,-0.1951f,0.1703f,-0.9659f,-0.0031f,0f,0f,0f,1f],start_interpolation: 0,interpolation_duration: 1}
$data merge entity $(bone_right_dress) {transformation: [-0.9829f,-0.1734f,0.0617f,-0.1926f,-0.1738f,0.9848f,-0.0007f,-1.1099f,-0.0606f,-0.0115f,-0.9981f,-0.0205f,0f,0f,0f,1f],start_interpolation: 0,interpolation_duration: 1}
$data merge entity $(bone_left_dress) {transformation: [-0.9742f,0.216f,0.0654f,0.1313f,0.2164f,0.9763f,0f,-1.1099f,-0.0639f,0.0142f,-0.9979f,0.0008f,0f,0f,0f,1f],start_interpolation: 0,interpolation_duration: 1}
$data merge entity $(bone_lower_right_leg) {transformation: [-0.9982f,0.0273f,0.0533f,-0.1401f,0.0247f,0.9986f,-0.0475f,-1.5738f,-0.0545f,-0.0461f,-0.9974f,0.1115f,0f,0f,0f,1f],start_interpolation: 0,interpolation_duration: 1}
$data merge entity $(bone_right_leg) {transformation: [-0.9982f,0.0409f,0.0437f,-0.1247f,0.0247f,0.9468f,-0.3209f,-1.2187f,-0.0545f,-0.3192f,-0.9461f,-0.0082f,0f,0f,0f,1f],start_interpolation: 0,interpolation_duration: 1}
$data merge entity $(bone_lower_left_leg) {transformation: [-0.9969f,-0.0554f,0.0557f,0.1455f,-0.0436f,0.9799f,0.1949f,-1.5862f,-0.0653f,0.1919f,-0.9792f,-0.0638f,0f,0f,0f,1f],start_interpolation: 0,interpolation_duration: 1}
$data merge entity $(bone_left_leg) {transformation: [-0.9969f,-0.0554f,0.0557f,0.1247f,-0.0436f,0.9799f,0.1949f,-1.2187f,-0.0653f,0.1919f,-0.9792f,0.0082f,0f,0f,0f,1f],start_interpolation: 0,interpolation_duration: 1}
$data merge entity $(bone_waist) {transformation: [-0.9979f,0f,0.0654f,0f,0f,1f,0f,-0.875f,-0.0654f,0f,-0.9979f,0f,0f,0f,0f,1f],start_interpolation: 0,interpolation_duration: 1}
$data merge entity $(bone_pony_tail) {transformation: [-0.9986f,-0.0111f,0.0516f,-0.0195f,0.0072f,0.9395f,0.3425f,-0.3904f,-0.0523f,0.3424f,-0.9381f,-0.131f,0f,0f,0f,1f],start_interpolation: 0,interpolation_duration: 1}
$data merge entity $(bone_head) {transformation: [-0.9986f,-0.0111f,0.0516f,-0.0313f,0.0072f,0.9395f,0.3425f,-0.5f,-0.0523f,0.3424f,-0.9381f,0.0781f,0f,0f,0f,1f],start_interpolation: 0,interpolation_duration: 1}
data modify entity @s data merge value {"cameras":{},"locators":{"body_hitbox":{"posx":-0.028739185706654475,"posy":-0.8940823670601372,"posz":0.14135664327460265,"roty":11.250000000000028,"rotx":7.500000000000001},"flame":{"posx":-1.0012510969913688,"posy":-0.7627557338846908,"posz":2.5169794503011236,"roty":81.05322315552938,"rotx":69.23810237085245},"flame1":{"posx":-0.794500743749892,"posy":-0.24405958121782678,"posz":2.4246696856869843,"roty":81.05322315552938,"rotx":69.23810237085245},"flame2":{"posx":-0.5998577082288512,"posy":0.20891921161685323,"posz":2.2745054357298424,"roty":81.05322315552938,"rotx":69.23810237085245},"flame3":{"posx":-0.38565777395629985,"posy":0.6473459872869747,"posz":2.0017411592324685,"roty":81.05322315552938,"rotx":69.23810237085245},"flame4":{"posx":-1.188444551481335,"posy":-1.296003903716113,"posz":2.4866891883750313,"roty":81.05322315552938,"rotx":69.23810237085245},"saber_hitbox":{"posx":-0.6739106157755573,"posy":-1.0008196320896872,"posz":0.5583018529528915,"roty":81.05322315552938,"rotx":69.23810237085245},"flame5":{"posx":0.23010831712368657,"posy":-1.0170095965224903,"posz":2.5449947669624,"roty":81.6003569717863,"rotx":63.02682260136814},"flame6":{"posx":0.4796795490989549,"posy":-0.5189111877504673,"posz":2.445372102125902,"roty":81.6003569717863,"rotx":63.02682260136814},"flame7":{"posx":0.6983795374689199,"posy":-0.0797262195108317,"posz":2.2875371289440127,"roty":81.6003569717863,"rotx":63.02682260136814},"flame8":{"posx":0.9114255337443926,"posy":0.3530342375249105,"posz":2.004995467773121,"roty":81.6003569717863,"rotx":63.02682260136814},"flame9":{"posx":-0.02511690694607409,"posy":-1.521532516498407,"posz":2.5199107438098953,"roty":81.6003569717863,"rotx":63.02682260136814},"short_sword_hitbox":{"posx":0.1452984357063017,"posy":-1.1133772645808901,"posz":0.6743944471273592,"roty":81.6003569717863,"rotx":63.02682260136814}}}