# This file was generated by Animated Java via MC-Build. It is not recommended to edit this file directly.
$data merge entity $(bone_chest) {transformation: [-0.9542f,0.0198f,0.2985f,0.0007f,0f,0.9978f,-0.0662f,-0.7187f,-0.2992f,-0.0632f,-0.9521f,-0.0052f,0f,0f,0f,1f],start_interpolation: 0,interpolation_duration: 1}
$data merge entity $(bone_cape) {transformation: [-0.9542f,-0.0193f,0.2985f,0.2355f,0f,0.9979f,0.0646f,-0.5957f,-0.2992f,0.0616f,-0.9522f,-0.0229f,0f,0f,0f,1f],start_interpolation: 0,interpolation_duration: 1}
$data merge entity $(bone_saber) {transformation: [-1.0257f,0.1267f,0.9069f,-0.7123f,-0.4396f,1.1264f,-0.6546f,-0.5423f,-0.8033f,-0.7783f,-0.7998f,0.1586f,0f,0f,0f,1f],start_interpolation: 0,interpolation_duration: 1}
$data merge entity $(bone_right_forearm) {transformation: [-0.746f,0.6596f,-0.0921f,-0.519f,-0.3197f,-0.4761f,-0.8192f,-0.7037f,-0.5842f,-0.5817f,0.566f,-0.0266f,0f,0f,0f,1f],start_interpolation: 0,interpolation_duration: 1}
$data merge entity $(bone_right_arm) {transformation: [-0.6451f,0.7158f,0.2673f,-0.2371f,0.1339f,0.4504f,-0.8827f,-0.5938f,-0.7522f,-0.5337f,-0.3864f,-0.0827f,0f,0f,0f,1f],start_interpolation: 0,interpolation_duration: 1}
$data merge entity $(bone_short_sword) {transformation: [-0.798f,-0.8131f,0.2515f,0.2784f,0.013f,0.333f,1.118f,-1.0936f,-0.851f,0.7675f,-0.2188f,0.2634f,0f,0f,0f,1f],start_interpolation: 0,interpolation_duration: 1}
$data merge entity $(bone_left_forearm) {transformation: [-0.684f,0.2155f,0.6969f,0.3416f,0.0111f,0.9583f,-0.2855f,-0.8478f,-0.7294f,-0.1875f,-0.6579f,0.2079f,0f,0f,0f,1f],start_interpolation: 0,interpolation_duration: 1}
$data merge entity $(bone_left_arm) {transformation: [-0.9523f,0.0623f,0.2987f,0.24f,-0.0551f,0.9278f,-0.3691f,-0.5938f,-0.3001f,-0.3679f,-0.8801f,0.0669f,0f,0f,0f,1f],start_interpolation: 0,interpolation_duration: 1}
$data merge entity $(bone_torso) {transformation: [-0.9542f,0.0068f,0.2991f,0f,0f,0.9997f,-0.0226f,-0.9531f,-0.2992f,-0.0216f,-0.954f,-0.0031f,0f,0f,0f,1f],start_interpolation: 0,interpolation_duration: 1}
$data merge entity $(bone_right_dress) {transformation: [-0.9825f,-0.1861f,-0.0123f,-0.1936f,-0.1865f,0.9812f,0.0502f,-1.1099f,0.0027f,0.0516f,-0.9987f,-0.0078f,0f,0f,0f,1f],start_interpolation: 0,interpolation_duration: 1}
$data merge entity $(bone_left_dress) {transformation: [-0.975f,0.2162f,-0.052f,0.1311f,0.2224f,0.9456f,-0.2376f,-1.1099f,-0.0022f,-0.2433f,-0.97f,-0.0078f,0f,0f,0f,1f],start_interpolation: 0,interpolation_duration: 1}
$data merge entity $(bone_lower_right_leg) {transformation: [-0.999f,0.0432f,0.0061f,-0.1412f,0.0436f,0.9892f,0.14f,-1.5897f,0f,0.1401f,-0.9901f,-0.0525f,0f,0f,0f,1f],start_interpolation: 0,interpolation_duration: 1}
$data merge entity $(bone_right_leg) {transformation: [-0.999f,0.0432f,0.0061f,-0.125f,0.0436f,0.9892f,0.14f,-1.2187f,0f,0.1401f,-0.9901f,0f,0f,0f,0f,1f],start_interpolation: 0,interpolation_duration: 1}
$data merge entity $(bone_lower_left_leg) {transformation: [-0.999f,-0.0436f,0.0003f,0.141f,-0.0436f,0.999f,-0.0065f,-1.5858f,0f,-0.0065f,-1f,0.0752f,0f,0f,0f,1f],start_interpolation: 0,interpolation_duration: 1}
$data merge entity $(bone_left_leg) {transformation: [-0.999f,-0.0427f,0.0088f,0.125f,-0.0436f,0.9787f,-0.2004f,-1.2187f,0f,-0.2006f,-0.9797f,0f,0f,0f,0f,1f],start_interpolation: 0,interpolation_duration: 1}
$data merge entity $(bone_pony_tail) {transformation: [-0.9965f,-0.0008f,0.0839f,0.015f,0f,1f,0.0097f,-0.4665f,-0.0839f,0.0097f,-0.9964f,-0.257f,0f,0f,0f,1f],start_interpolation: 0,interpolation_duration: 1}
$data merge entity $(bone_head) {transformation: [-0.9965f,-0.0008f,0.0839f,-0.0046f,0f,1f,0.0097f,-0.5f,-0.0839f,0.0097f,-0.9964f,-0.0237f,0f,0f,0f,1f],start_interpolation: 0,interpolation_duration: 1}