# This file was generated by Animated Java via MC-Build. It is not recommended to edit this file directly.
$data merge entity $(bone_chest) {transformation: [-0.9803f,0.012f,0.1973f,0.0002f,0f,0.9981f,-0.0608f,-0.7187f,-0.1977f,-0.0596f,-0.9785f,-0.004f,0f,0f,0f,1f],start_interpolation: 0,interpolation_duration: 1}
$data merge entity $(bone_cape) {transformation: [-0.9803f,-0.0138f,0.1972f,0.2317f,0f,0.9975f,0.07f,-0.5952f,-0.1977f,0.0686f,-0.9779f,-0.0456f,0f,0f,0f,1f],start_interpolation: 0,interpolation_duration: 1}
$data merge entity $(bone_saber) {transformation: [-1.1038f,-0.4376f,0.6933f,-0.6159f,-0.3094f,1.2991f,0.3273f,-0.8549f,-0.7592f,0.1067f,-1.1414f,0.2836f,0f,0f,0f,1f],start_interpolation: 0,interpolation_duration: 1}
$data merge entity $(bone_right_forearm) {transformation: [-0.8028f,0.5042f,0.3182f,-0.468f,-0.225f,0.238f,-0.9448f,-0.7931f,-0.5522f,-0.8301f,-0.0776f,0.0151f,0f,0f,0f,1f],start_interpolation: 0,interpolation_duration: 1}
$data merge entity $(bone_right_arm) {transformation: [-0.8392f,0.4219f,0.343f,-0.2445f,0.1268f,0.7653f,-0.6311f,-0.5937f,-0.5288f,-0.4861f,-0.6958f,-0.0555f,0f,0f,0f,1f],start_interpolation: 0,interpolation_duration: 1}
$data merge entity $(bone_short_sword) {transformation: [-1.0376f,-0.517f,0.131f,0.3372f,0.0452f,0.2003f,1.1485f,-1.1117f,-0.5314f,1.0265f,-0.1581f,0.1835f,0f,0f,0f,1f],start_interpolation: 0,interpolation_duration: 1}
$data merge entity $(bone_left_forearm) {transformation: [-0.8894f,0.1123f,0.4431f,0.371f,0.0387f,0.9844f,-0.1717f,-0.858f,-0.4555f,-0.1356f,-0.8799f,0.1391f,0f,0f,0f,1f],start_interpolation: 0,interpolation_duration: 1}
$data merge entity $(bone_left_arm) {transformation: [-0.9781f,-0.0109f,0.2077f,0.2457f,-0.0627f,0.9675f,-0.2449f,-0.5937f,-0.1983f,-0.2525f,-0.9471f,0.0433f,0f,0f,0f,1f],start_interpolation: 0,interpolation_duration: 1}
$data merge entity $(bone_torso) {transformation: [-0.9803f,0.0034f,0.1976f,0f,0f,0.9999f,-0.0172f,-0.9531f,-0.1977f,-0.0169f,-0.9801f,-0.0031f,0f,0f,0f,1f],start_interpolation: 0,interpolation_duration: 1}
$data merge entity $(bone_right_dress) {transformation: [-0.9803f,-0.1974f,-0.0078f,-0.1936f,-0.1976f,0.9798f,0.0303f,-1.1099f,0.0017f,0.0313f,-0.9995f,-0.0078f,0f,0f,0f,1f],start_interpolation: 0,interpolation_duration: 1}
$data merge entity $(bone_left_dress) {transformation: [-0.9753f,0.2186f,-0.0324f,0.1311f,0.2209f,0.9636f,-0.1507f,-1.1099f,-0.0017f,-0.1542f,-0.988f,-0.0078f,0f,0f,0f,1f],start_interpolation: 0,interpolation_duration: 1}
$data merge entity $(bone_lower_right_leg) {transformation: [-0.999f,0.0435f,0.0038f,-0.1413f,0.0436f,0.9953f,0.0867f,-1.592f,0f,0.0868f,-0.9962f,-0.0325f,0f,0f,0f,1f],start_interpolation: 0,interpolation_duration: 1}
$data merge entity $(bone_right_leg) {transformation: [-0.999f,0.0435f,0.0038f,-0.125f,0.0436f,0.9953f,0.0867f,-1.2187f,0f,0.0868f,-0.9962f,0f,0f,0f,0f,1f],start_interpolation: 0,interpolation_duration: 1}
$data merge entity $(bone_lower_left_leg) {transformation: [-0.999f,-0.0436f,-0.0024f,0.1412f,-0.0436f,0.9975f,0.055f,-1.5904f,0f,0.0551f,-0.9985f,0.047f,0f,0f,0f,1f],start_interpolation: 0,interpolation_duration: 1}
$data merge entity $(bone_left_leg) {transformation: [-0.999f,-0.0433f,0.0055f,0.125f,-0.0436f,0.9912f,-0.1251f,-1.2187f,0f,-0.1252f,-0.9921f,0f,0f,0f,0f,1f],start_interpolation: 0,interpolation_duration: 1}
$data merge entity $(bone_pony_tail) {transformation: [-0.9984f,-0.002f,0.0558f,0.0095f,0f,0.9993f,0.0363f,-0.4603f,-0.0559f,0.0362f,-0.9978f,-0.2493f,0f,0f,0f,1f],start_interpolation: 0,interpolation_duration: 1}
$data merge entity $(bone_head) {transformation: [-0.9984f,-0.002f,0.0558f,-0.0035f,0f,0.9993f,0.0363f,-0.5f,-0.0559f,0.0362f,-0.9978f,-0.0166f,0f,0f,0f,1f],start_interpolation: 0,interpolation_duration: 1}
data modify entity @s data merge value {"cameras":{},"locators":{"body_hitbox":{"posx":-0.026362459163347507,"posy":-0.8670910017854143,"posz":0.12760407266922683,"roty":11.401202103681442,"rotx":-3.4861006761833213},"flame":{"posx":-1.4588699893251522,"posy":1.6237029153851354,"posz":0.4707528962728389,"roty":31.27620100777719,"rotx":13.770769507474208},"flame1":{"posx":-1.1553453382757846,"posy":1.6985473048495972,"posz":-0.001034771615006147,"roty":31.27620100777719,"rotx":13.770769507474208},"flame2":{"posx":-0.863446795826796,"posy":1.6994623434046692,"posz":-0.4257928246529664,"roty":31.27620100777719,"rotx":13.770769507474208},"flame3":{"posx":-0.531770318648616,"posy":1.5822734282157316,"posz":-0.8602551045387031,"roty":31.27620100777719,"rotx":13.770769507474208},"flame4":{"posx":-1.7226167056453285,"posy":1.4307545721766641,"posz":0.9328363373129074,"roty":31.27620100777719,"rotx":13.770769507474208},"saber_hitbox":{"posx":-0.8098794123605649,"posy":-0.2624445074097673,"posz":0.3241129592832294,"roty":31.27620100777719,"rotx":13.770769507474208},"flame5":{"posx":-0.6905703048171097,"posy":-0.7027697735602474,"posz":2.225110715454474,"roty":39.63505739286151,"rotx":79.86216564860308},"flame6":{"posx":-0.5997167275789699,"posy":-0.15978354355899893,"posz":2.0938701671012128,"roty":39.63505739286151,"rotx":79.86216564860308},"flame7":{"posx":-0.48818475193001504,"posy":0.3109469384879431,"posz":1.9161106900551352,"roty":39.63505739286151,"rotx":79.86216564860308},"flame8":{"posx":-0.32126094369396546,"posy":0.7602143202173821,"posz":1.628369031691337,"roty":39.63505739286151,"rotx":79.86216564860308},"flame9":{"posx":-0.7260320494681547,"posy":-1.2672191038789982,"posz":2.2463690824900135,"roty":39.63505739286151,"rotx":79.86216564860308},"short_sword_hitbox":{"posx":0.14030718398931272,"posy":-1.0247162783227834,"posz":0.5753779956886562,"roty":39.63505739286151,"rotx":79.86216564860308}}}