# This file was generated by Animated Java via MC-Build. It is not recommended to edit this file directly.
$data merge entity $(bone_chest) {transformation: [-0.958f,0.019f,0.2863f,0.0006f,0f,0.9978f,-0.0661f,-0.7187f,-0.2869f,-0.0633f,-0.9559f,-0.0052f,0f,0f,0f,1f],start_interpolation: 0,interpolation_duration: 1}
$data merge entity $(bone_cape) {transformation: [-0.958f,-0.0186f,0.2863f,0.2352f,0f,0.9979f,0.0647f,-0.5957f,-0.2869f,0.062f,-0.956f,-0.0259f,0f,0f,0f,1f],start_interpolation: 0,interpolation_duration: 1}
$data merge entity $(bone_saber) {transformation: [-1.0291f,0.0387f,0.9111f,-0.7083f,-0.4299f,1.1909f,-0.5362f,-0.5825f,-0.8042f,-0.6862f,-0.8792f,0.1844f,0f,0f,0f,1f],start_interpolation: 0,interpolation_duration: 1}
$data merge entity $(bone_right_forearm) {transformation: [-0.7484f,0.6626f,-0.0281f,-0.5135f,-0.3127f,-0.39f,-0.8661f,-0.7174f,-0.5849f,-0.6394f,0.499f,-0.0195f,0f,0f,0f,1f],start_interpolation: 0,interpolation_duration: 1}
$data merge entity $(bone_right_arm) {transformation: [-0.6726f,0.6803f,0.2914f,-0.2381f,0.1334f,0.4987f,-0.8564f,-0.5938f,-0.7279f,-0.5371f,-0.4262f,-0.0796f,0f,0f,0f,1f],start_interpolation: 0,interpolation_duration: 1}
$data merge entity $(bone_short_sword) {transformation: [-0.8346f,-0.7803f,0.2362f,0.2861f,0.0219f,0.3164f,1.1227f,-1.0964f,-0.8149f,0.8076f,-0.2116f,0.2538f,0f,0f,0f,1f],start_interpolation: 0,interpolation_duration: 1}
$data merge entity $(bone_left_forearm) {transformation: [-0.7153f,0.2024f,0.6688f,0.3456f,0.0188f,0.9623f,-0.2712f,-0.8494f,-0.6985f,-0.1814f,-0.6922f,0.1995f,0f,0f,0f,1f],start_interpolation: 0,interpolation_duration: 1}
$data merge entity $(bone_left_arm) {transformation: [-0.9561f,0.0528f,0.2883f,0.2409f,-0.0553f,0.9335f,-0.3542f,-0.5938f,-0.2879f,-0.3545f,-0.8896f,0.0638f,0f,0f,0f,1f],start_interpolation: 0,interpolation_duration: 1}
$data merge entity $(bone_torso) {transformation: [-0.958f,0.0065f,0.2868f,0f,0f,0.9997f,-0.0225f,-0.9531f,-0.2869f,-0.0215f,-0.9577f,-0.0031f,0f,0f,0f,1f],start_interpolation: 0,interpolation_duration: 1}
$data merge entity $(bone_right_dress) {transformation: [-0.9822f,-0.1877f,-0.0116f,-0.1936f,-0.188f,0.981f,0.0472f,-1.1099f,0.0025f,0.0486f,-0.9988f,-0.0078f,0f,0f,0f,1f],start_interpolation: 0,interpolation_duration: 1}
$data merge entity $(bone_left_dress) {transformation: [-0.975f,0.2168f,-0.0493f,0.1311f,0.2223f,0.9485f,-0.2258f,-1.1099f,-0.0022f,-0.2311f,-0.9729f,-0.0078f,0f,0f,0f,1f],start_interpolation: 0,interpolation_duration: 1}
$data merge entity $(bone_lower_right_leg) {transformation: [-0.999f,0.0432f,0.0058f,-0.1412f,0.0436f,0.9902f,0.1323f,-1.5901f,0f,0.1325f,-0.9912f,-0.0497f,0f,0f,0f,1f],start_interpolation: 0,interpolation_duration: 1}
$data merge entity $(bone_right_leg) {transformation: [-0.999f,0.0432f,0.0058f,-0.125f,0.0436f,0.9902f,0.1323f,-1.2187f,0f,0.1325f,-0.9912f,0f,0f,0f,0f,1f],start_interpolation: 0,interpolation_duration: 1}
$data merge entity $(bone_lower_left_leg) {transformation: [-0.999f,-0.0435f,-0.0033f,0.1411f,-0.0436f,0.9962f,0.076f,-1.5866f,0f,0.076f,-0.9971f,0.0712f,0f,0f,0f,1f],start_interpolation: 0,interpolation_duration: 1}
$data merge entity $(bone_left_leg) {transformation: [-0.999f,-0.0428f,0.0083f,0.125f,-0.0436f,0.9809f,-0.1898f,-1.2187f,0f,-0.19f,-0.9818f,0f,0f,0f,0f,1f],start_interpolation: 0,interpolation_duration: 1}
$data merge entity $(bone_pony_tail) {transformation: [-0.9967f,-0.001f,0.0807f,0.0143f,0f,0.9999f,0.0129f,-0.4657f,-0.0807f,0.0129f,-0.9967f,-0.2563f,0f,0f,0f,1f],start_interpolation: 0,interpolation_duration: 1}
$data merge entity $(bone_head) {transformation: [-0.9967f,-0.001f,0.0807f,-0.0046f,0f,0.9999f,0.0129f,-0.5f,-0.0807f,0.0129f,-0.9967f,-0.0231f,0f,0f,0f,1f],start_interpolation: 0,interpolation_duration: 1}
data modify entity @s data merge value {"cameras":{},"locators":{"locator":{"posx":-0.6398208423558835,"posy":1.6821688132558106,"posz":-1.140589641411208,"roty":46.01957190772623,"rotx":-22.95181585784877},"locator2":{"posx":-0.2688615361186799,"posy":1.4086852975689368,"posz":-1.4690838723553146,"roty":46.01957190772623,"rotx":-22.95181585784877},"locator3":{"posx":0.05892558821553662,"posy":1.1054413109890993,"posz":-1.7264235034343076,"roty":46.01957190772623,"rotx":-22.95181585784877},"locator4":{"posx":0.3831946463718169,"posy":0.6939317736645518,"posz":-1.9213837009449168,"roty":46.01957190772623,"rotx":-22.95181585784877},"locator5":{"posx":-1.014298214771023,"posy":1.8473867781979747,"posz":-0.7497159768987178,"roty":46.01957190772623,"rotx":-22.95181585784877},"saber_hitbox":{"posx":-0.6826565668631233,"posy":0.008938236036470149,"posz":-0.16456969961228585,"roty":46.01957190772623,"rotx":-22.95181585784877},"locator6":{"posx":-1.2648349064537525,"posy":-0.4566657712337383,"posz":1.8592958648739648,"roty":48.13538762119347,"rotx":74.22699859153221},"locator7":{"posx":-1.1091639887578366,"posy":0.06770546260814436,"posz":1.7139897242506146,"roty":48.13538762119347,"rotx":74.22699859153221},"locator8":{"posx":-0.9243445990283093,"posy":0.514981562136936,"posz":1.536758564545794,"roty":48.13538762119347,"rotx":74.22699859153221},"locator9":{"posx":-0.6559237760990991,"posy":0.9283606666705402,"posz":1.273001142369657,"roty":48.13538762119347,"rotx":74.22699859153221},"locator10":{"posx":-1.3369043909499854,"posy":-1.0149340000708085,"posz":1.918075743025999,"roty":48.13538762119347,"rotx":74.22699859153221},"short_sword_hitbox":{"posx":-0.052614125058346506,"posy":-0.9481721986639555,"posz":0.6046650590398757,"roty":48.13538762119347,"rotx":74.22699859153221}}}