# This file was generated by Animated Java via MC-Build. It is not recommended to edit this file directly.
$data merge entity $(bone_chest) {transformation: [-0.9394f,0.0213f,0.3422f,0.0004f,0f,0.9981f,-0.0622f,-0.7305f,-0.3428f,-0.0584f,-0.9376f,-0.0043f,0f,0f,0f,1f],start_interpolation: 0,interpolation_duration: 1}
$data merge entity $(bone_cape) {transformation: [-0.9394f,-0.0235f,0.342f,0.2356f,0f,0.9976f,0.0686f,-0.607f,-0.3428f,0.0645f,-0.9372f,-0.0107f,0f,0f,0f,1f],start_interpolation: 0,interpolation_duration: 1}
$data merge entity $(bone_saber) {transformation: [-1.0409f,0.349f,0.8278f,-0.6955f,-0.4575f,0.8846f,-0.9481f,-0.3994f,-0.7732f,-0.9932f,-0.5536f,0.0391f,0f,0f,0f,1f],start_interpolation: 0,interpolation_duration: 1}
$data merge entity $(bone_right_forearm) {transformation: [-0.757f,0.5602f,-0.3363f,-0.5357f,-0.3327f,-0.7735f,-0.5394f,-0.6512f,-0.5623f,-0.2965f,0.772f,-0.0549f,0f,0f,0f,1f],start_interpolation: 0,interpolation_duration: 1}
$data merge entity $(bone_right_arm) {transformation: [-0.5374f,0.8351f,0.1173f,-0.2336f,0.137f,0.2237f,-0.965f,-0.6055f,-0.8321f,-0.5025f,-0.2347f,-0.0922f,0f,0f,0f,1f],start_interpolation: 0,interpolation_duration: 1}
$data merge entity $(bone_short_sword) {transformation: [-0.6369f,-0.9263f,0.3122f,0.2492f,-0.0366f,0.395f,1.0971f,-1.0928f,-0.9768f,0.5891f,-0.2447f,0.2988f,0f,0f,0f,1f],start_interpolation: 0,interpolation_duration: 1}
$data merge entity $(bone_left_forearm) {transformation: [-0.5459f,0.2676f,0.794f,0.3269f,-0.0314f,0.9404f,-0.3386f,-0.8523f,-0.8373f,-0.2098f,-0.5049f,0.2391f,0f,0f,0f,1f],start_interpolation: 0,interpolation_duration: 1}
$data merge entity $(bone_left_arm) {transformation: [-0.9373f,0.0936f,0.3358f,0.2361f,-0.0608f,0.9046f,-0.422f,-0.6055f,-0.3432f,-0.4159f,-0.8421f,0.0792f,0f,0f,0f,1f],start_interpolation: 0,interpolation_duration: 1}
$data merge entity $(bone_torso) {transformation: [-0.9394f,0.0064f,0.3428f,0f,0f,0.9998f,-0.0186f,-0.9648f,-0.3428f,-0.0175f,-0.9392f,-0.0031f,0f,0f,0f,1f],start_interpolation: 0,interpolation_duration: 1}
$data merge entity $(bone_right_dress) {transformation: [-0.9837f,-0.1789f,-0.0153f,-0.1936f,-0.1796f,0.9815f,0.0658f,-1.1216f,0.0033f,0.0674f,-0.9977f,-0.0078f,0f,0f,0f,1f],start_interpolation: 0,interpolation_duration: 1}
$data merge entity $(bone_left_dress) {transformation: [-0.9752f,0.2118f,-0.0642f,0.1311f,0.2213f,0.9309f,-0.2906f,-1.1216f,-0.0018f,-0.2976f,-0.9547f,-0.0078f,0f,0f,0f,1f],start_interpolation: 0,interpolation_duration: 1}
$data merge entity $(bone_lower_right_leg) {transformation: [-0.999f,0.0429f,0.0077f,-0.1411f,0.0436f,0.9832f,0.1771f,-1.5992f,0f,0.1773f,-0.9842f,-0.0665f,0f,0f,0f,1f],start_interpolation: 0,interpolation_duration: 1}
$data merge entity $(bone_right_leg) {transformation: [-0.999f,0.0429f,0.0077f,-0.125f,0.0436f,0.9832f,0.1771f,-1.2305f,0f,0.1773f,-0.9842f,0f,0f,0f,0f,1f],start_interpolation: 0,interpolation_duration: 1}
$data merge entity $(bone_lower_left_leg) {transformation: [-0.999f,-0.0433f,-0.0055f,0.1408f,-0.0436f,0.9911f,0.1259f,-1.5931f,0f,0.126f,-0.992f,0.0941f,0f,0f,0f,1f],start_interpolation: 0,interpolation_duration: 1}
$data merge entity $(bone_left_leg) {transformation: [-0.999f,-0.0422f,0.0109f,0.125f,-0.0436f,0.9671f,-0.2508f,-1.2305f,0f,-0.251f,-0.968f,0f,0f,0f,0f,1f],start_interpolation: 0,interpolation_duration: 1}
$data merge entity $(bone_waist) {transformation: [-1f,0f,0f,0f,0f,1f,0f,-0.8867f,0f,0f,-1f,0f,0f,0f,0f,1f],start_interpolation: 0,interpolation_duration: 1}
$data merge entity $(bone_pony_tail) {transformation: [-0.9956f,0.0001f,0.094f,0.0182f,0f,1f,-0.0015f,-0.4808f,-0.094f,-0.0015f,-0.9956f,-0.2574f,0f,0f,0f,1f],start_interpolation: 0,interpolation_duration: 1}
$data merge entity $(bone_head) {transformation: [-0.9956f,0.0001f,0.094f,-0.0038f,0f,1f,-0.0015f,-0.5117f,-0.094f,-0.0015f,-0.9956f,-0.024f,0f,0f,0f,1f],start_interpolation: 0,interpolation_duration: 1}
data modify entity @s data merge value {"cameras":{},"locators":{"body_hitbox":{"posx":-0.04567818152466328,"posy":-0.8786262149084024,"posz":0.12204272314862777,"roty":20.048835462058605,"rotx":-3.564988730277986},"saber_hitbox":{"posx":-0.5312204028994041,"posy":-0.004192921269901617,"posz":-0.4159412945430684,"roty":56.23065099076115,"rotx":-43.59222080273984},"short_sword_hitbox":{"posx":-0.102995893111958,"posy":-0.9316819428389593,"posz":0.5223678833540419,"roty":51.91088594637921,"rotx":70.12087000027212}}}