# This file was generated by Animated Java via MC-Build. It is not recommended to edit this file directly.
$data merge entity $(bone_chest) {transformation: [-0.9239f,0.0167f,0.3823f,-0.0012f,0.1913f,0.8854f,0.4237f,-0.8141f,-0.3314f,0.4646f,-0.8212f,0.1166f,0f,0f,0f,1f],start_interpolation: 0,interpolation_duration: 1}
$data merge entity $(bone_cape) {transformation: [-0.9239f,-0.0334f,0.3812f,0.2332f,0.1913f,0.8225f,0.5357f,-0.7087f,-0.3314f,0.5678f,-0.7535f,0.1841f,0f,0f,0f,1f],start_interpolation: 0,interpolation_duration: 1}
$data merge entity $(bone_saber) {transformation: [-1.2678f,0.1136f,0.5201f,-0.5224f,0.5273f,0.083f,1.2672f,-1.1921f,0.0733f,1.3678f,-0.1201f,-0.0562f,0f,0f,0f,1f],start_interpolation: 0,interpolation_duration: 1}
$data merge entity $(bone_right_forearm) {transformation: [-0.922f,0.3782f,-0.0826f,-0.4195f,0.3835f,0.9216f,-0.0604f,-0.899f,0.0533f,-0.0873f,-0.9948f,-0.0921f,0f,0f,0f,1f],start_interpolation: 0,interpolation_duration: 1}
$data merge entity $(bone_right_arm) {transformation: [-0.961f,0.2391f,0.1387f,-0.2322f,0.2755f,0.787f,0.552f,-0.7121f,0.0229f,0.5687f,-0.8222f,0.065f,0f,0f,0f,1f],start_interpolation: 0,interpolation_duration: 1}
$data merge entity $(bone_short_sword) {transformation: [-0.7574f,-0.8868f,0.0338f,0.3557f,-0.5091f,0.4706f,0.9383f,-1.2163f,-0.7268f,0.5944f,-0.6925f,0.5114f,0f,0f,0f,1f],start_interpolation: 0,interpolation_duration: 1}
$data merge entity $(bone_left_forearm) {transformation: [-0.6492f,0.0289f,0.7601f,0.3712f,-0.4364f,0.8043f,-0.4033f,-1.0118f,-0.623f,-0.5935f,-0.5095f,0.3521f,0f,0f,0f,1f],start_interpolation: 0,interpolation_duration: 1}
$data merge entity $(bone_left_arm) {transformation: [-0.9287f,-0.0899f,0.3597f,0.2298f,-0.1438f,0.9816f,-0.126f,-0.7537f,-0.3417f,-0.1688f,-0.9245f,0.2619f,0f,0f,0f,1f],start_interpolation: 0,interpolation_duration: 1}
$data merge entity $(bone_torso) {transformation: [-0.9239f,0f,0.3827f,0f,0.1913f,0.866f,0.4619f,-1.0156f,-0.3314f,0.5f,-0.8001f,-0.0031f,0f,0f,0f,1f],start_interpolation: 0,interpolation_duration: 1}
$data merge entity $(bone_right_dress) {transformation: [-0.9532f,-0.2113f,0.2164f,-0.1873f,-0.2164f,0.9763f,0f,-1.1724f,-0.2113f,-0.0468f,-0.9763f,-0.0495f,0f,0f,0f,1f],start_interpolation: 0,interpolation_duration: 1}
$data merge entity $(bone_left_dress) {transformation: [-0.9679f,0.213f,0.1331f,0.1297f,0.1305f,0.8794f,-0.4578f,-1.1724f,-0.2146f,-0.4257f,-0.879f,0.0207f,0f,0f,0f,1f],start_interpolation: 0,interpolation_duration: 1}
$data merge entity $(bone_lower_right_leg) {transformation: [-0.8426f,-0.1798f,0.5076f,-0.1238f,0.1985f,0.7725f,0.6032f,-1.6308f,-0.5005f,0.609f,-0.6152f,-0.1628f,0f,0f,0f,1f],start_interpolation: 0,interpolation_duration: 1}
$data merge entity $(bone_right_leg) {transformation: [-0.8426f,0.0047f,0.5385f,-0.122f,0.1985f,0.9322f,0.3026f,-1.2812f,-0.5005f,0.3619f,-0.7864f,-0.0271f,0f,0f,0f,1f],start_interpolation: 0,interpolation_duration: 1}
$data merge entity $(bone_lower_left_leg) {transformation: [-0.9996f,-0.01f,0.0255f,0.1179f,-0.0066f,0.9913f,0.1314f,-1.579f,-0.0266f,0.1312f,-0.991f,0.255f,0f,0f,0f,1f],start_interpolation: 0,interpolation_duration: 1}
$data merge entity $(bone_left_leg) {transformation: [-0.9996f,0.011f,0.0251f,0.122f,-0.0066f,0.7939f,-0.608f,-1.2812f,-0.0266f,-0.608f,-0.7935f,0.0271f,0f,0f,0f,1f],start_interpolation: 0,interpolation_duration: 1}
$data merge entity $(bone_waist) {transformation: [-0.9763f,0f,0.2164f,0f,0f,1f,0f,-0.9375f,-0.2164f,0f,-0.9763f,0f,0f,0f,0f,1f],start_interpolation: 0,interpolation_duration: 1}
$data merge entity $(bone_pony_tail) {transformation: [-1f,0f,0f,0f,0f,0.9659f,0.2588f,-0.5498f,0f,0.2588f,-0.9659f,-0.0308f,0f,0f,0f,1f],start_interpolation: 0,interpolation_duration: 1}
$data merge entity $(bone_head) {transformation: [-1f,0f,0f,0f,0f,0.9659f,0.2588f,-0.6406f,0f,0.2588f,-0.9659f,0.1875f,0f,0f,0f,1f],start_interpolation: 0,interpolation_duration: 1}
execute on vehicle unless entity @s[tag=aj.transforms_only] at @s run function animated_java:mage_hunter/animations/thrust1/zzz/frames/10_root_commands