# This file was generated by Animated Java via MC-Build. It is not recommended to edit this file directly.
$data merge entity $(bone_chest) {transformation: [-0.9025f,0.0152f,0.4305f,-0.0022f,0.2134f,0.8839f,0.4161f,-0.8143f,-0.3742f,0.4674f,-0.801f,0.1169f,0f,0f,0f,1f],start_interpolation: 0,interpolation_duration: 1}
$data merge entity $(bone_cape) {transformation: [-0.9025f,-0.0411f,0.4288f,0.2311f,0.2134f,0.8221f,0.5279f,-0.7145f,-0.3742f,0.5679f,-0.7331f,0.1957f,0f,0f,0f,1f],start_interpolation: 0,interpolation_duration: 1}
$data merge entity $(bone_saber) {transformation: [-1.2596f,0.0956f,0.543f,-0.5148f,0.5424f,-0.0277f,1.2632f,-1.158f,0.0987f,1.3714f,-0.0123f,-0.1316f,0f,0f,0f,1f],start_interpolation: 0,interpolation_duration: 1}
$data merge entity $(bone_right_forearm) {transformation: [-0.9161f,0.3949f,-0.0695f,-0.4065f,0.3945f,0.9187f,0.0202f,-0.8649f,0.0718f,-0.0089f,-0.9974f,-0.1428f,0f,0f,0f,1f],start_interpolation: 0,interpolation_duration: 1}
$data merge entity $(bone_right_arm) {transformation: [-0.9563f,0.2166f,0.1964f,-0.226f,0.2923f,0.6921f,0.66f,-0.7068f,0.007f,0.6885f,-0.7252f,0.05f,0f,0f,0f,1f],start_interpolation: 0,interpolation_duration: 1}
$data merge entity $(bone_short_sword) {transformation: [-0.6421f,-0.9628f,0.1475f,0.312f,-0.5354f,0.4965f,0.91f,-1.2164f,-0.8138f,0.4331f,-0.7151f,0.5396f,0f,0f,0f,1f],start_interpolation: 0,interpolation_duration: 1}
$data merge entity $(bone_left_forearm) {transformation: [-0.5504f,0.1265f,0.8253f,0.3534f,-0.4589f,0.78f,-0.4255f,-1.0184f,-0.6975f,-0.6129f,-0.3712f,0.3767f,0f,0f,0f,1f],start_interpolation: 0,interpolation_duration: 1}
$data merge entity $(bone_left_arm) {transformation: [-0.9114f,-0.0585f,0.4072f,0.223f,-0.132f,0.9791f,-0.1546f,-0.7595f,-0.3897f,-0.1947f,-0.9001f,0.2732f,0f,0f,0f,1f],start_interpolation: 0,interpolation_duration: 1}
$data merge entity $(bone_torso) {transformation: [-0.9025f,-0.0036f,0.4307f,0f,0.2134f,0.8649f,0.4543f,-1.0156f,-0.3742f,0.5019f,-0.7798f,-0.0031f,0f,0f,0f,1f],start_interpolation: 0,interpolation_duration: 1}
$data merge entity $(bone_right_dress) {transformation: [-0.9478f,-0.2101f,0.24f,-0.186f,-0.2164f,0.9763f,0f,-1.1724f,-0.2343f,-0.052f,-0.9708f,-0.054f,0f,0f,0f,1f],start_interpolation: 0,interpolation_duration: 1}
$data merge entity $(bone_left_dress) {transformation: [-0.9629f,0.2308f,0.1402f,0.1291f,0.1273f,0.8459f,-0.518f,-1.1724f,-0.2381f,-0.4809f,-0.8438f,0.0239f,0f,0f,0f,1f],start_interpolation: 0,interpolation_duration: 1}
$data merge entity $(bone_lower_right_leg) {transformation: [-0.8075f,-0.2378f,0.5399f,-0.1025f,0.2161f,0.7323f,0.6458f,-1.6195f,-0.5489f,0.6382f,-0.5399f,-0.1909f,0f,0f,0f,1f],start_interpolation: 0,interpolation_duration: 1}
$data merge entity $(bone_right_leg) {transformation: [-0.8075f,-0.0502f,0.5878f,-0.1213f,0.2161f,0.9019f,0.374f,-1.2812f,-0.5489f,0.429f,-0.7174f,-0.03f,0f,0f,0f,1f],start_interpolation: 0,interpolation_duration: 1}
$data merge entity $(bone_lower_left_leg) {transformation: [-0.9995f,-0.0084f,0.0289f,0.1153f,-0.0057f,0.9958f,0.0916f,-1.5535f,-0.0296f,0.0914f,-0.9954f,0.2878f,0f,0f,0f,1f],start_interpolation: 0,interpolation_duration: 1}
$data merge entity $(bone_left_leg) {transformation: [-0.9995f,0.0162f,0.0254f,0.1213f,-0.0057f,0.726f,-0.6877f,-1.2812f,-0.0296f,-0.6875f,-0.7255f,0.03f,0f,0f,0f,1f],start_interpolation: 0,interpolation_duration: 1}
$data merge entity $(bone_waist) {transformation: [-0.9708f,0f,0.24f,0f,0f,1f,0f,-0.9375f,-0.24f,0f,-0.9708f,0f,0f,0f,0f,1f],start_interpolation: 0,interpolation_duration: 1}
$data merge entity $(bone_pony_tail) {transformation: [-1f,0f,0f,0f,0f,0.9738f,0.2275f,-0.5563f,0f,0.2275f,-0.9738f,-0.0383f,0f,0f,0f,1f],start_interpolation: 0,interpolation_duration: 1}
$data merge entity $(bone_head) {transformation: [-1f,0f,0f,0f,0f,0.9738f,0.2275f,-0.64f,0f,0.2275f,-0.9738f,0.1829f,0f,0f,0f,1f],start_interpolation: 0,interpolation_duration: 1}
data modify entity @s data merge value {"cameras":{},"locators":{"body_hitbox":{"posx":-0.05837040180026745,"posy":-1.0044519705716268,"posz":0.14403130516546178,"roty":28.254338830526734,"rotx":24.589073965037052},"saber_hitbox":{"posx":-0.4675939640132788,"posy":-1.1618764142400206,"posz":0.49132058852142746,"roty":88.7048281653123,"rotx":66.73473374266432},"short_sword_hitbox":{"posx":-0.055675594576362286,"posy":-1.018073246991162,"posz":0.6991895780508479,"roty":11.658868932246378,"rotx":51.25736785781095}}}