# This file was generated by Animated Java via MC-Build. It is not recommended to edit this file directly.
$data merge entity $(bone_chest) {transformation: [-0.9717f,0.0001f,0.2363f,-0.0031f,0.1199f,0.8619f,0.4928f,-0.8298f,-0.2036f,0.5071f,-0.8375f,0.1267f,0f,0f,0f,1f],start_interpolation: 0,interpolation_duration: 1}
$data merge entity $(bone_cape) {transformation: [-0.9717f,-0.0307f,0.2343f,0.2281f,0.1199f,0.7902f,0.601f,-0.7063f,-0.2036f,0.6121f,-0.7641f,0.1704f,0f,0f,0f,1f],start_interpolation: 0,interpolation_duration: 1}
$data merge entity $(bone_saber) {transformation: [-1.3165f,0.0813f,0.3885f,-0.4953f,0.3952f,0.1439f,1.3091f,-1.2809f,0.0367f,1.365f,-0.1611f,0.2488f,0f,0f,0f,1f],start_interpolation: 0,interpolation_duration: 1}
$data merge entity $(bone_right_forearm) {transformation: [-0.9574f,0.2528f,-0.1393f,-0.4327f,0.2874f,0.8796f,-0.379f,-1.0054f,0.0267f,-0.4029f,-0.9149f,0.1147f,0f,0f,0f,1f],start_interpolation: 0,interpolation_duration: 1}
$data merge entity $(bone_right_arm) {transformation: [-0.9746f,0.2125f,-0.07f,-0.2511f,0.2059f,0.9743f,0.0918f,-0.7571f,0.0877f,0.075f,-0.9933f,0.1249f,0f,0f,0f,1f],start_interpolation: 0,interpolation_duration: 1}
$data merge entity $(bone_short_sword) {transformation: [-0.9957f,-0.5434f,-0.2729f,0.4684f,-0.4796f,0.3799f,0.9934f,-1.2203f,-0.3738f,0.96f,-0.5476f,0.4305f,0f,0f,0f,1f],start_interpolation: 0,interpolation_duration: 1}
$data merge entity $(bone_left_forearm) {transformation: [-0.8534f,-0.2339f,0.4658f,0.4126f,-0.4111f,0.8514f,-0.3256f,-1.0027f,-0.3204f,-0.4694f,-0.8228f,0.3001f,0f,0f,0f,1f],start_interpolation: 0,interpolation_duration: 1}
$data merge entity $(bone_left_arm) {transformation: [-0.9552f,-0.1944f,0.2232f,0.2385f,-0.2119f,0.9756f,-0.0575f,-0.7548f,-0.2066f,-0.1023f,-0.9731f,0.2455f,0f,0f,0f,1f],start_interpolation: 0,interpolation_duration: 1}
$data merge entity $(bone_torso) {transformation: [-0.9717f,-0.0102f,0.2361f,0f,0.1199f,0.8396f,0.5299f,-1.0249f,-0.2036f,0.5432f,-0.8146f,-0.0031f,0f,0f,0f,1f],start_interpolation: 0,interpolation_duration: 1}
$data merge entity $(bone_right_dress) {transformation: [-0.9648f,-0.1779f,0.1936f,-0.1901f,-0.2164f,0.9555f,-0.2005f,-1.1817f,-0.1493f,-0.2354f,-0.9604f,-0.0373f,0f,0f,0f,1f],start_interpolation: 0,interpolation_duration: 1}
$data merge entity $(bone_left_dress) {transformation: [-0.9798f,0.1655f,0.1125f,0.1307f,0.1305f,0.9547f,-0.2674f,-1.1817f,-0.1516f,-0.2473f,-0.957f,0.0123f,0f,0f,0f,1f],start_interpolation: 0,interpolation_duration: 1}
$data merge entity $(bone_lower_right_leg) {transformation: [-0.9209f,-0.0604f,0.3852f,-0.1699f,0.1438f,0.8656f,0.4796f,-1.6615f,-0.3624f,0.497f,-0.7884f,-0.0485f,0f,0f,0f,1f],start_interpolation: 0,interpolation_duration: 1}
$data merge entity $(bone_right_leg) {transformation: [-0.9209f,0.1236f,0.3698f,-0.1235f,0.1438f,0.9892f,0.0273f,-1.2905f,-0.3624f,0.0783f,-0.9287f,-0.0191f,0f,0f,0f,1f],start_interpolation: 0,interpolation_duration: 1}
$data merge entity $(bone_lower_left_leg) {transformation: [-0.9998f,-0.0102f,0.0164f,0.1229f,-0.0047f,0.9515f,0.3077f,-1.6452f,-0.0187f,0.3076f,-0.9513f,0.1408f,0f,0f,0f,1f],start_interpolation: 0,interpolation_duration: 1}
$data merge entity $(bone_left_leg) {transformation: [-0.9998f,0.0017f,0.0192f,0.1235f,-0.0047f,0.9459f,-0.3244f,-1.2905f,-0.0187f,-0.3244f,-0.9457f,0.0191f,0f,0f,0f,1f],start_interpolation: 0,interpolation_duration: 1}
$data merge entity $(bone_waist) {transformation: [-0.9882f,0f,0.1529f,0f,0f,1f,0f,-0.9468f,-0.1529f,0f,-0.9882f,0f,0f,0f,0f,1f],start_interpolation: 0,interpolation_duration: 1}
$data merge entity $(bone_pony_tail) {transformation: [-1f,0f,0f,0f,0f,0.9143f,0.405f,-0.5403f,0f,0.405f,-0.9143f,0.0322f,0f,0f,0f,1f],start_interpolation: 0,interpolation_duration: 1}
$data merge entity $(bone_head) {transformation: [-1f,0f,0f,0f,0f,0.9143f,0.405f,-0.6638f,0f,0.405f,-0.9143f,0.2338f,0f,0f,0f,1f],start_interpolation: 0,interpolation_duration: 1}
execute on vehicle unless entity @s[tag=aj.transforms_only] at @s run function animated_java:mage_hunter/animations/thrust1/zzz/frames/11_root_commands