# This file was generated by Animated Java via MC-Build. It is not recommended to edit this file directly.
$data merge entity $(bone_chest) {transformation: [-0.9102f,0.0191f,0.4138f,-0.001f,0.2059f,0.8877f,0.4119f,-0.8123f,-0.3594f,0.4601f,-0.8119f,0.1154f,0f,0f,0f,1f],start_interpolation: 0,interpolation_duration: 1}
$data merge entity $(bone_cape) {transformation: [-0.9102f,-0.035f,0.4127f,0.2331f,0.2059f,0.8263f,0.5242f,-0.7108f,-0.3594f,0.5621f,-0.7449f,0.1891f,0f,0f,0f,1f],start_interpolation: 0,interpolation_duration: 1}
$data merge entity $(bone_saber) {transformation: [-1.2609f,0.0934f,0.5404f,-0.5176f,0.5414f,-0.0036f,1.2639f,-1.1652f,0.0873f,1.3718f,-0.0335f,-0.1138f,0f,0f,0f,1f],start_interpolation: 0,interpolation_duration: 1}
$data merge entity $(bone_right_forearm) {transformation: [-0.917f,0.393f,-0.068f,-0.4099f,0.3937f,0.9192f,0.0026f,-0.8721f,0.0635f,-0.0243f,-0.9977f,-0.1299f,0f,0f,0f,1f],start_interpolation: 0,interpolation_duration: 1}
$data merge entity $(bone_right_arm) {transformation: [-0.9573f,0.2247f,0.1821f,-0.227f,0.289f,0.7206f,0.6303f,-0.7055f,0.0103f,0.656f,-0.7547f,0.0533f,0f,0f,0f,1f],start_interpolation: 0,interpolation_duration: 1}
$data merge entity $(bone_short_sword) {transformation: [-0.6849f,-0.9382f,0.1091f,0.3277f,-0.5222f,0.4884f,0.9219f,-1.2151f,-0.787f,0.4924f,-0.7066f,0.527f,0f,0f,0f,1f],start_interpolation: 0,interpolation_duration: 1}
$data merge entity $(bone_left_forearm) {transformation: [-0.587f,0.0935f,0.8041f,0.3604f,-0.4476f,0.7902f,-0.4186f,-1.0144f,-0.6746f,-0.6057f,-0.422f,0.3655f,0f,0f,0f,1f],start_interpolation: 0,interpolation_duration: 1}
$data merge entity $(bone_left_arm) {transformation: [-0.9187f,-0.0672f,0.3893f,0.2266f,-0.1328f,0.9806f,-0.1443f,-0.7552f,-0.3721f,-0.1843f,-0.9097f,0.2671f,0f,0f,0f,1f],start_interpolation: 0,interpolation_duration: 1}
$data merge entity $(bone_torso) {transformation: [-0.9102f,0.0011f,0.4142f,0f,0.2059f,0.8688f,0.4502f,-1.0145f,-0.3594f,0.4951f,-0.791f,-0.0031f,0f,0f,0f,1f],start_interpolation: 0,interpolation_duration: 1}
$data merge entity $(bone_right_dress) {transformation: [-0.9498f,-0.2106f,0.2312f,-0.1865f,-0.2164f,0.9763f,0f,-1.1713f,-0.2257f,-0.05f,-0.9729f,-0.0524f,0f,0f,0f,1f],start_interpolation: 0,interpolation_duration: 1}
$data merge entity $(bone_left_dress) {transformation: [-0.9647f,0.2251f,0.1367f,0.1293f,0.1295f,0.8576f,-0.4978f,-1.1713f,-0.2293f,-0.4625f,-0.8565f,0.0227f,0f,0f,0f,1f],start_interpolation: 0,interpolation_duration: 1}
$data merge entity $(bone_lower_right_leg) {transformation: [-0.8209f,-0.2146f,0.5292f,-0.1093f,0.2101f,0.7482f,0.6293f,-1.6218f,-0.531f,0.6278f,-0.5691f,-0.1831f,0f,0f,0f,1f],start_interpolation: 0,interpolation_duration: 1}
$data merge entity $(bone_right_leg) {transformation: [-0.8209f,-0.0328f,0.5701f,-0.1216f,0.2101f,0.911f,0.3549f,-1.2802f,-0.531f,0.4111f,-0.741f,-0.0289f,0f,0f,0f,1f],start_interpolation: 0,interpolation_duration: 1}
$data merge entity $(bone_lower_left_leg) {transformation: [-0.9996f,-0.0093f,0.0277f,0.1164f,-0.0065f,0.9952f,0.0979f,-1.561f,-0.0285f,0.0977f,-0.9948f,0.2773f,0f,0f,0f,1f],start_interpolation: 0,interpolation_duration: 1}
$data merge entity $(bone_left_leg) {transformation: [-0.9996f,0.014f,0.0256f,0.1216f,-0.0065f,0.749f,-0.6625f,-1.2802f,-0.0285f,-0.6624f,-0.7486f,0.0289f,0f,0f,0f,1f],start_interpolation: 0,interpolation_duration: 1}
$data merge entity $(bone_waist) {transformation: [-0.9729f,0f,0.2312f,0f,0f,1f,0f,-0.9364f,-0.2312f,0f,-0.9729f,0f,0f,0f,0f,1f],start_interpolation: 0,interpolation_duration: 1}
$data merge entity $(bone_pony_tail) {transformation: [-1f,0f,0f,0f,0f,0.9729f,0.2314f,-0.5531f,0f,0.2314f,-0.9729f,-0.0402f,0f,0f,0f,1f],start_interpolation: 0,interpolation_duration: 1}
$data merge entity $(bone_head) {transformation: [-1f,0f,0f,0f,0f,0.9729f,0.2314f,-0.6377f,0f,0.2314f,-0.9729f,0.1806f,0f,0f,0f,1f],start_interpolation: 0,interpolation_duration: 1}
data modify entity @s data merge value {"cameras":{},"locators":{"body_hitbox":{"posx":-0.055757136750704664,"posy":-1.002495130794848,"posz":0.14497288331698113,"roty":27.006483297139027,"rotx":24.324287058062705},"saber_hitbox":{"posx":-0.471357361732228,"posy":-1.1580301260187538,"posz":0.5091494589504577,"roty":86.45604874392902,"rotx":66.81170038178607},"short_sword_hitbox":{"posx":-0.030810503872348183,"posy":-1.0197126484924477,"posz":0.7094074822647478,"roty":8.778884452363656,"rotx":52.204710223276805}}}
execute on vehicle unless entity @s[tag=aj.transforms_only] at @s run function animated_java:mage_hunter/animations/thrust1/zzz/frames/12_root_commands