# This file was generated by Animated Java via MC-Build. It is not recommended to edit this file directly.
$data merge entity $(bone_chest) {transformation: [-0.9862f,0.0105f,-0.1655f,0.0047f,-0.0883f,0.8112f,0.5781f,1.1005f,0.1403f,0.5847f,-0.799f,0.1444f,0f,0f,0f,1f],start_interpolation: 0,interpolation_duration: 1}
$data merge entity $(bone_cape) {transformation: [-0.9862f,0.032f,-0.1627f,0.2087f,-0.0883f,0.7288f,0.679f,1.2697f,0.1403f,0.684f,-0.7159f,0.1258f,0f,0f,0f,1f],start_interpolation: 0,interpolation_duration: 1}
$data merge entity $(bone_saber) {transformation: [-1.3315f,0.2909f,-0.1821f,-0.1899f,-0.1302f,0.2468f,1.3464f,0.9348f,0.3175f,1.321f,-0.2115f,0.8521f,0f,0f,0f,1f],start_interpolation: 0,interpolation_duration: 1}
$data merge entity $(bone_right_forearm) {transformation: [-0.9684f,-0.2489f,0.0181f,-0.2825f,-0.0947f,0.2996f,-0.9494f,1.0178f,0.2309f,-0.921f,-0.3136f,0.5652f,0f,0f,0f,1f],start_interpolation: 0,interpolation_duration: 1}
$data merge entity $(bone_right_arm) {transformation: [-0.9651f,-0.241f,-0.1026f,-0.2297f,0.0384f,0.2573f,-0.9656f,1.0853f,0.2591f,-0.9358f,-0.2391f,0.2697f,0f,0f,0f,1f],start_interpolation: 0,interpolation_duration: 1}
$data merge entity $(bone_short_sword) {transformation: [-0.7968f,0.7363f,-0.4292f,0.5816f,-0.4024f,0.1929f,1.078f,0.7783f,0.7513f,0.8842f,0.1222f,0.1246f,0f,0f,0f,1f],start_interpolation: 0,interpolation_duration: 1}
$data merge entity $(bone_left_forearm) {transformation: [-0.6829f,-0.3678f,-0.6311f,0.4796f,-0.3449f,0.924f,-0.1653f,1.0164f,0.6439f,0.1047f,-0.7579f,0.1439f,0f,0f,0f,1f],start_interpolation: 0,interpolation_duration: 1}
$data merge entity $(bone_left_arm) {transformation: [-0.8967f,-0.4056f,-0.1771f,0.2534f,-0.4138f,0.9103f,0.0101f,1.2207f,0.1572f,0.0823f,-0.9841f,0.1867f,0f,0f,0f,1f],start_interpolation: 0,interpolation_duration: 1}
$data merge entity $(bone_torso) {transformation: [-0.9862f,0.0177f,-0.1648f,0f,-0.0883f,0.7852f,0.6129f,0.9184f,0.1403f,0.619f,-0.7728f,-0.0031f,0f,0f,0f,1f],start_interpolation: 0,interpolation_duration: 1}
$data merge entity $(bone_right_dress) {transformation: [-0.9762f,-0.166f,0.1396f,-0.1937f,-0.2164f,0.7052f,-0.6751f,0.7616f,0.0136f,-0.6893f,-0.7244f,-0.0051f,0f,0f,0f,1f],start_interpolation: 0,interpolation_duration: 1}
$data merge entity $(bone_left_dress) {transformation: [-0.9916f,0.1275f,0.0211f,0.131f,0.1285f,0.9552f,0.2668f,0.7616f,0.0138f,0.2673f,-0.9635f,-0.0096f,0f,0f,0f,1f],start_interpolation: 0,interpolation_duration: 1}
$data merge entity $(bone_lower_right_leg) {transformation: [-0.9993f,-0.0125f,-0.0345f,-0.1123f,-0.0141f,0.9988f,0.0473f,0.3858f,0.0339f,0.0478f,-0.9983f,0.2648f,0f,0f,0f,1f],start_interpolation: 0,interpolation_duration: 1}
$data merge entity $(bone_right_leg) {transformation: [-0.9993f,-0.0339f,-0.0142f,-0.125f,-0.0141f,0.7119f,-0.7022f,0.6527f,0.0339f,-0.7015f,-0.7119f,0.0017f,0f,0f,0f,1f],start_interpolation: 0,interpolation_duration: 1}
$data merge entity $(bone_lower_left_leg) {transformation: [-1f,0.002f,-0.0004f,0.1243f,0.0011f,0.702f,0.7122f,0.326f,0.0017f,0.7122f,-0.702f,-0.1858f,0f,0f,0f,1f],start_interpolation: 0,interpolation_duration: 1}
$data merge entity $(bone_left_leg) {transformation: [-1f,0.0018f,-0.0009f,0.125f,0.0011f,0.8713f,0.4908f,0.6527f,0.0017f,0.4908f,-0.8713f,-0.0017f,0f,0f,0f,1f],start_interpolation: 0,interpolation_duration: 1}
$data merge entity $(bone_waist) {transformation: [-0.9999f,0f,-0.014f,0f,0f,1f,0f,0.9965f,0.014f,0f,-0.9999f,0f,0f,0f,0f,1f],start_interpolation: 0,interpolation_duration: 1}
$data merge entity $(bone_pony_tail) {transformation: [-1f,0f,0f,0f,0f,0.6748f,0.738f,1.4356f,0f,0.738f,-0.6748f,0.2242f,0f,0f,0f,1f],start_interpolation: 0,interpolation_duration: 1}
$data merge entity $(bone_head) {transformation: [-1f,0f,0f,0f,0f,0.6748f,0.738f,1.2415f,0f,0.738f,-0.6748f,0.3592f,0f,0f,0f,1f],start_interpolation: 0,interpolation_duration: 1}
execute on vehicle unless entity @s[tag=aj.transforms_only] at @s run function animated_java:mage_hunter/animations/thrust1/zzz/frames/14_root_commands