# This file was generated by Animated Java via MC-Build. It is not recommended to edit this file directly.
$data merge entity $(bone_chest) {transformation: [-0.9997f,-0.0034f,0.0247f,-0.0011f,0.0108f,0.8337f,0.5521f,-0.8499f,-0.0225f,0.5522f,-0.8334f,0.1372f,0f,0f,0f,1f],start_interpolation: 0,interpolation_duration: 1}
$data merge entity $(bone_cape) {transformation: [-0.9997f,-0.0066f,0.024f,0.2191f,0.0108f,0.7545f,0.6562f,-0.7015f,-0.0225f,0.6563f,-0.7542f,0.1474f,0f,0f,0f,1f],start_interpolation: 0,interpolation_duration: 1}
$data merge entity $(bone_saber) {transformation: [-1.3669f,0.1175f,0.0924f,-0.3525f,0.1084f,0.1941f,1.3569f,-1.2333f,0.1029f,1.3562f,-0.2022f,0.6342f,0f,0f,0f,1f],start_interpolation: 0,interpolation_duration: 1}
$data merge entity $(bone_right_forearm) {transformation: [-0.9941f,-0.0044f,-0.1086f,-0.3705f,0.0788f,0.6592f,-0.7478f,-1.0335f,0.0749f,-0.7519f,-0.655f,0.3944f,0f,0f,0f,1f],start_interpolation: 0,interpolation_duration: 1}
$data merge entity $(bone_right_arm) {transformation: [-0.9776f,-0.0148f,-0.2099f,-0.2524f,0.1141f,0.8008f,-0.5879f,-0.8225f,0.1767f,-0.5987f,-0.7812f,0.2039f,0f,0f,0f,1f],start_interpolation: 0,interpolation_duration: 1}
$data merge entity $(bone_short_sword) {transformation: [-1.0491f,0.1395f,-0.491f,0.5663f,-0.4526f,0.2645f,1.0423f,-1.2082f,0.236f,1.1277f,-0.1837f,0.2705f,0f,0f,0f,1f],start_interpolation: 0,interpolation_duration: 1}
$data merge entity $(bone_left_forearm) {transformation: [-0.8992f,-0.4208f,-0.1196f,0.4558f,-0.388f,0.8934f,-0.2267f,-0.9787f,0.2022f,-0.1574f,-0.9666f,0.2196f,0f,0f,0f,1f],start_interpolation: 0,interpolation_duration: 1}
$data merge entity $(bone_left_arm) {transformation: [-0.9485f,-0.3164f,0.0145f,0.2482f,-0.3164f,0.9486f,-0.0009f,-0.7515f,-0.0135f,-0.0054f,-0.9999f,0.2163f,0f,0f,0f,1f],start_interpolation: 0,interpolation_duration: 1}
$data merge entity $(bone_torso) {transformation: [-0.9997f,-0.0045f,0.0245f,0f,0.0108f,0.8088f,0.588f,-1.0376f,-0.0225f,0.588f,-0.8085f,-0.0031f,0f,0f,0f,1f],start_interpolation: 0,interpolation_duration: 1}
$data merge entity $(bone_right_dress) {transformation: [-0.9743f,-0.16f,0.1588f,-0.1927f,-0.2164f,0.8608f,-0.4606f,-1.1944f,-0.0631f,-0.4831f,-0.8733f,-0.0203f,0f,0f,0f,1f],start_interpolation: 0,interpolation_duration: 1}
$data merge entity $(bone_left_dress) {transformation: [-0.9894f,0.1295f,0.0661f,0.1313f,0.1305f,0.9914f,0.0112f,-1.1944f,-0.064f,0.0197f,-0.9978f,0.0007f,0f,0f,0f,1f],start_interpolation: 0,interpolation_duration: 1}
$data merge entity $(bone_lower_right_leg) {transformation: [-0.9858f,0.017f,0.1671f,-0.168f,0.0619f,0.9615f,0.2676f,-1.6502f,-0.1561f,0.2741f,-0.9489f,0.1276f,0f,0f,0f,1f],start_interpolation: 0,interpolation_duration: 1}
$data merge entity $(bone_right_leg) {transformation: [-0.9858f,0.1154f,0.122f,-0.1247f,0.0619f,0.9251f,-0.3746f,-1.3032f,-0.1561f,-0.3617f,-0.9191f,-0.0081f,0f,0f,0f,1f],start_interpolation: 0,interpolation_duration: 1}
$data merge entity $(bone_lower_left_leg) {transformation: [-1f,-0.0059f,0.0056f,0.1258f,-0.002f,0.8466f,0.5323f,-1.6758f,-0.0079f,0.5323f,-0.8465f,-0.0344f,0f,0f,0f,1f],start_interpolation: 0,interpolation_duration: 1}
$data merge entity $(bone_left_leg) {transformation: [-1f,-0.0029f,0.0076f,0.1247f,-0.002f,0.9935f,0.1134f,-1.3032f,-0.0079f,0.1134f,-0.9935f,0.0081f,0f,0f,0f,1f],start_interpolation: 0,interpolation_duration: 1}
$data merge entity $(bone_waist) {transformation: [-0.9979f,0f,0.0646f,0f,0f,1f,0f,-0.9595f,-0.0646f,0f,-0.9979f,0f,0f,0f,0f,1f],start_interpolation: 0,interpolation_duration: 1}
$data merge entity $(bone_pony_tail) {transformation: [-1f,0f,0f,0f,0f,0.8079f,0.5894f,-0.5322f,0f,0.5894f,-0.8079f,0.1265f,0f,0f,0f,1f],start_interpolation: 0,interpolation_duration: 1}
$data merge entity $(bone_head) {transformation: [-1f,0f,0f,0f,0f,0.8079f,0.5894f,-0.6956f,0f,0.5894f,-0.8079f,0.2975f,0f,0f,0f,1f],start_interpolation: 0,interpolation_duration: 1}
execute on vehicle unless entity @s[tag=aj.transforms_only] positioned ^-0.0036805765 ^-1.0491649022 ^0.1551152881 rotated ~1.6974501037 ~33.5121105065 run function animated_java:mage_hunter/animations/thrust1/zzz/frames/15_locator_commands
execute on vehicle unless entity @s[tag=aj.transforms_only] positioned ^-0.2984948907 ^-1.1357211609 ^1.248862489 rotated ~24.5544146743 ~80.6960057785 run function animated_java:mage_hunter/animations/thrust1/zzz/frames/15_locator_commands
data modify entity @s data merge value {"cameras":{},"locators":{"body_hitbox":{"posx":-0.0036805765369557434,"posy":-1.0491649022042355,"posz":0.1551152880707951,"roty":1.697450103659719,"rotx":33.51211050647024},"flame":{"posx":-0.1430823815877685,"posy":-0.8521879436688035,"posz":3.222615261646593,"roty":24.55441467431129,"rotx":80.69600577847808},"flame1":{"posx":-0.11063328048629759,"posy":-0.3059098623236206,"posz":3.0782552475168754,"roty":24.55441467431129,"rotx":80.69600577847808},"flame2":{"posx":-0.08772522175166675,"posy":0.16986852022167653,"posz":2.8814427693870788,"roty":24.55441467431129,"rotx":80.69600577847808},"flame3":{"posx":-0.0755012190570537,"posy":0.6280030611962157,"posz":2.5613438532311967,"roty":24.55441467431129,"rotx":80.69600577847808},"flame4":{"posx":-0.18621553872925736,"posy":-1.416109866584744,"posz":3.2436888377502258,"roty":24.55441467431129,"rotx":80.69600577847808},"saber_hitbox":{"posx":-0.2984948906637819,"posy":-1.135721160928227,"posz":1.2488624890435454,"roty":24.55441467431129,"rotx":80.69600577847808},"flame5":{"posx":0.8395953445406524,"posy":-0.6725491864517136,"posz":2.5133279115426115,"roty":290.51156391749385,"rotx":63.299262625873574},"flame6":{"posx":0.5953958515599701,"posy":-0.18419916615193532,"posz":2.364353533540272,"roty":290.51156391749385,"rotx":63.299262625873574},"flame7":{"posx":0.3700241226253935,"posy":0.23414737088810345,"posz":2.164807151103388,"roty":290.51156391749385,"rotx":63.299262625873574},"flame8":{"posx":0.1297024703776708,"posy":0.6241576421205675,"posz":1.844436285083856,"roty":290.51156391749385,"rotx":63.299262625873574},"flame9":{"posx":1.0688449142081886,"posy":-1.189235472559067,"posz":2.5414778059623035,"roty":290.51156391749385,"rotx":63.299262625873574},"short_sword_hitbox":{"posx":0.6153464948434602,"posy":-1.0975931735653401,"posz":0.7009606578028962,"roty":290.51156391749385,"rotx":63.299262625873574}}}
execute on vehicle unless entity @s[tag=aj.transforms_only] at @s run function animated_java:mage_hunter/animations/thrust1/zzz/frames/15_root_commands