# This file was generated by Animated Java via MC-Build. It is not recommended to edit this file directly.
$data merge entity $(bone_chest) {transformation: [-0.9847f,0.0148f,-0.1734f,0.0058f,-0.0926f,0.7988f,0.5944f,-0.8746f,0.1473f,0.6014f,-0.7853f,0.1481f,0f,0f,0f,1f],start_interpolation: 0,interpolation_duration: 1}
$data merge entity $(bone_cape) {transformation: [-0.9847f,0.0373f,-0.17f,0.2094f,-0.0926f,0.7144f,0.6936f,-0.7048f,0.1473f,0.6987f,-0.7f,0.1313f,0f,0f,0f,1f],start_interpolation: 0,interpolation_duration: 1}
$data merge entity $(bone_saber) {transformation: [-1.3246f,0.3127f,-0.1954f,-0.1771f,-0.1376f,0.2569f,1.3438f,-1.0179f,0.3421f,1.3141f,-0.2162f,0.864f,0f,0f,0f,1f],start_interpolation: 0,interpolation_duration: 1}
$data merge entity $(bone_right_forearm) {transformation: [-0.9634f,-0.2665f,0.0299f,-0.275f,-0.1f,0.2538f,-0.9621f,-0.9495f,0.2488f,-0.9298f,-0.2712f,0.575f,0f,0f,0f,1f],start_interpolation: 0,interpolation_duration: 1}
$data merge entity $(bone_right_arm) {transformation: [-0.9625f,-0.2569f,-0.0874f,-0.227f,0.0339f,0.2057f,-0.978f,-0.8958f,0.2693f,-0.9443f,-0.1893f,0.2758f,0f,0f,0f,1f],start_interpolation: 0,interpolation_duration: 1}
$data merge entity $(bone_short_sword) {transformation: [-0.7764f,0.7534f,-0.4367f,0.5873f,-0.4082f,0.2019f,1.0741f,-1.1933f,0.7692f,0.8676f,0.1292f,0.1255f,0f,0f,0f,1f],start_interpolation: 0,interpolation_duration: 1}
$data merge entity $(bone_left_forearm) {transformation: [-0.6655f,-0.3743f,-0.6458f,0.4834f,-0.3499f,0.9207f,-0.173f,-0.9562f,0.6593f,0.1108f,-0.7437f,0.1465f,0f,0f,0f,1f],start_interpolation: 0,interpolation_duration: 1}
$data merge entity $(bone_left_arm) {transformation: [-0.8907f,-0.4172f,-0.1807f,0.2548f,-0.4258f,0.9047f,0.0103f,-0.7549f,0.1591f,0.0861f,-0.9835f,0.1906f,0f,0f,0f,1f],start_interpolation: 0,interpolation_duration: 1}
$data merge entity $(bone_torso) {transformation: [-0.9847f,0.0224f,-0.1726f,0f,-0.0926f,0.7721f,0.6287f,-1.0536f,0.1473f,0.6351f,-0.7583f,-0.0031f,0f,0f,0f,1f],start_interpolation: 0,interpolation_duration: 1}
$data merge entity $(bone_right_dress) {transformation: [-0.9762f,-0.1641f,0.1419f,-0.1937f,-0.2164f,0.6903f,-0.6903f,-1.2104f,0.0153f,-0.7046f,-0.7094f,-0.0048f,0f,0f,0f,1f],start_interpolation: 0,interpolation_duration: 1}
$data merge entity $(bone_left_dress) {transformation: [-0.992f,0.1247f,0.0189f,0.1309f,0.1251f,0.9547f,0.2698f,-1.2104f,0.0156f,0.27f,-0.9627f,-0.0099f,0f,0f,0f,1f],start_interpolation: 0,interpolation_duration: 1}
$data merge entity $(bone_lower_right_leg) {transformation: [-0.9991f,-0.0155f,-0.0389f,-0.1102f,-0.0172f,0.9988f,0.0449f,-1.5779f,0.0381f,0.0455f,-0.9982f,0.2731f,0f,0f,0f,1f],start_interpolation: 0,interpolation_duration: 1}
$data merge entity $(bone_right_leg) {transformation: [-0.9991f,-0.0395f,-0.0138f,-0.125f,-0.0172f,0.6897f,-0.7239f,-1.3192f,0.0381f,-0.723f,-0.6898f,0.002f,0f,0f,0f,1f],start_interpolation: 0,interpolation_duration: 1}
$data merge entity $(bone_lower_left_leg) {transformation: [-1f,0.0032f,0.0006f,0.1238f,0.0026f,0.6814f,0.7319f,-1.6417f,0.0019f,0.7319f,-0.6814f,-0.1934f,0f,0f,0f,1f],start_interpolation: 0,interpolation_duration: 1}
$data merge entity $(bone_left_leg) {transformation: [-1f,0.0032f,-0.0003f,0.125f,0.0026f,0.8599f,0.5104f,-1.3192f,0.0019f,0.5104f,-0.86f,-0.002f,0f,0f,0f,1f],start_interpolation: 0,interpolation_duration: 1}
$data merge entity $(bone_waist) {transformation: [-0.9999f,0f,-0.0157f,0f,0f,1f,0f,-0.9755f,0.0157f,0f,-0.9999f,0f,0f,0f,0f,1f],start_interpolation: 0,interpolation_duration: 1}
$data merge entity $(bone_pony_tail) {transformation: [-1f,0f,0f,0f,0f,0.655f,0.7556f,-0.5373f,0f,0.7556f,-0.655f,0.2416f,0f,0f,0f,1f],start_interpolation: 0,interpolation_duration: 1}
$data merge entity $(bone_head) {transformation: [-1f,0f,0f,0f,0f,0.655f,0.7556f,-0.7349f,0f,0.7556f,-0.655f,0.3715f,0f,0f,0f,1f],start_interpolation: 0,interpolation_duration: 1}
data modify entity @s data merge value {"cameras":{},"locators":{"body_hitbox":{"posx":0.025142047662090647,"posy":-1.0737346259628273,"posz":0.15227898619686306,"roty":347.5478466688754,"rotx":36.46899275293361},"saber_hitbox":{"posx":-0.036379749454179516,"posy":-0.891897384222037,"posz":1.459429398940408,"roty":317.89531637853827,"rotx":77.7653468851795},"short_sword_hitbox":{"posx":0.8720903822723007,"posy":-1.1063789814123777,"posz":0.4591297957745523,"roty":253.51184510306314,"rotx":67.02425242452567}}}
execute on vehicle unless entity @s[tag=aj.transforms_only] at @s run function animated_java:mage_hunter/animations/thrust1/zzz/frames/18_root_commands