# This file was generated by Animated Java via MC-Build. It is not recommended to edit this file directly.
$data merge entity $(bone_chest) {transformation: [-0.9863f,0.0161f,-0.1639f,0.006f,-0.0879f,0.7903f,0.6064f,-0.8783f,0.1393f,0.6126f,-0.778f,0.1506f,0f,0f,0f,1f],start_interpolation: 0,interpolation_duration: 1}
$data merge entity $(bone_cape) {transformation: [-0.9863f,0.0373f,-0.1604f,0.2109f,-0.0879f,0.7043f,0.7044f,-0.7096f,0.1393f,0.7089f,-0.6914f,0.1375f,0f,0f,0f,1f],start_interpolation: 0,interpolation_duration: 1}
$data merge entity $(bone_saber) {transformation: [-1.3264f,0.3104f,-0.1871f,-0.1793f,-0.1292f,0.2584f,1.3443f,-1.0268f,0.3386f,1.3144f,-0.2201f,0.8633f,0f,0f,0f,1f],start_interpolation: 0,interpolation_duration: 1}
$data merge entity $(bone_right_forearm) {transformation: [-0.9646f,-0.2624f,0.0252f,-0.2761f,-0.094f,0.253f,-0.9629f,-0.9585f,0.2463f,-0.9312f,-0.2687f,0.5739f,0f,0f,0f,1f],start_interpolation: 0,interpolation_duration: 1}
$data merge entity $(bone_right_arm) {transformation: [-0.9621f,-0.2562f,-0.0936f,-0.2279f,0.0359f,0.221f,-0.9746f,-0.9008f,0.2704f,-0.941f,-0.2034f,0.2754f,0f,0f,0f,1f],start_interpolation: 0,interpolation_duration: 1}
$data merge entity $(bone_short_sword) {transformation: [-0.7927f,0.7238f,-0.4571f,0.5932f,-0.4199f,0.2141f,1.0672f,-1.1972f,0.7459f,0.8896f,0.1151f,0.1376f,0f,0f,0f,1f],start_interpolation: 0,interpolation_duration: 1}
$data merge entity $(bone_left_forearm) {transformation: [-0.6795f,-0.3918f,-0.6204f,0.485f,-0.3599f,0.9148f,-0.1835f,-0.9617f,0.6394f,0.0986f,-0.7625f,0.1553f,0f,0f,0f,1f],start_interpolation: 0,interpolation_duration: 1}
$data merge entity $(bone_left_arm) {transformation: [-0.8921f,-0.4198f,-0.1672f,0.2554f,-0.4275f,0.904f,0.0113f,-0.7609f,0.1464f,0.0815f,-0.9859f,0.1965f,0f,0f,0f,1f],start_interpolation: 0,interpolation_duration: 1}
$data merge entity $(bone_torso) {transformation: [-0.9863f,0.0232f,-0.1631f,0f,-0.0879f,0.763f,0.6403f,-1.0551f,0.1393f,0.6459f,-0.7506f,-0.0031f,0f,0f,0f,1f],start_interpolation: 0,interpolation_duration: 1}
$data merge entity $(bone_right_dress) {transformation: [-0.9762f,-0.1636f,0.1421f,-0.1936f,-0.2164f,0.7052f,-0.6751f,-1.2119f,0.0102f,-0.6898f,-0.7239f,-0.0058f,0f,0f,0f,1f],start_interpolation: 0,interpolation_duration: 1}
$data merge entity $(bone_left_dress) {transformation: [-0.9922f,0.1232f,0.0206f,0.131f,0.1244f,0.9614f,0.2454f,-1.2119f,0.0104f,0.246f,-0.9692f,-0.0092f,0f,0f,0f,1f],start_interpolation: 0,interpolation_duration: 1}
$data merge entity $(bone_lower_right_leg) {transformation: [-0.9996f,-0.0116f,-0.0262f,-0.1147f,-0.0132f,0.998f,0.0625f,-1.5819f,0.0254f,0.0629f,-0.9977f,0.2702f,0f,0f,0f,1f],start_interpolation: 0,interpolation_duration: 1}
$data merge entity $(bone_right_leg) {transformation: [-0.9996f,-0.0274f,-0.0082f,-0.125f,-0.0132f,0.6964f,-0.7175f,-1.3207f,0.0254f,-0.7171f,-0.6965f,0.0013f,0f,0f,0f,1f],start_interpolation: 0,interpolation_duration: 1}
$data merge entity $(bone_lower_left_leg) {transformation: [-1f,0.0033f,0.0017f,0.1236f,0.0035f,0.679f,0.7341f,-1.6462f,0.0013f,0.7341f,-0.679f,-0.1876f,0f,0f,0f,1f],start_interpolation: 0,interpolation_duration: 1}
$data merge entity $(bone_left_leg) {transformation: [-1f,0.0036f,0.0006f,0.125f,0.0035f,0.8678f,0.4969f,-1.3207f,0.0013f,0.4969f,-0.8678f,-0.0013f,0f,0f,0f,1f],start_interpolation: 0,interpolation_duration: 1}
$data merge entity $(bone_waist) {transformation: [-0.9999f,0f,-0.0105f,0f,0f,1f,0f,-0.977f,0.0105f,0f,-0.9999f,0f,0f,0f,0f,1f],start_interpolation: 0,interpolation_duration: 1}
$data merge entity $(bone_pony_tail) {transformation: [-1f,0f,0f,0f,0f,0.6518f,0.7584f,-0.5401f,0f,0.7584f,-0.6518f,0.2469f,0f,0f,0f,1f],start_interpolation: 0,interpolation_duration: 1}
$data merge entity $(bone_head) {transformation: [-1f,0f,0f,0f,0f,0.6518f,0.7584f,-0.7382f,0f,0.7584f,-0.6518f,0.376f,0f,0f,0f,1f],start_interpolation: 0,interpolation_duration: 1}
data modify entity @s data merge value {"cameras":{},"locators":{"body_hitbox":{"posx":0.023930740486737333,"posy":-1.077569205581828,"posz":0.15215054810220296,"roty":348.1014056967695,"rotx":37.33278127575717},"flame":{"posx":0.39673998420526374,"posy":-0.5257411079869044,"posz":3.3744953766492003,"roty":319.62623630167354,"rotx":77.87283841190765},"flame1":{"posx":0.3060841791537912,"posy":0.012462208507631578,"posz":3.2247248350705853,"roty":319.62623630167354,"rotx":77.87283841190765},"flame2":{"posx":0.20982575334634312,"posy":0.47781649443634877,"posz":3.025213672403316,"roty":319.62623630167354,"rotx":77.87283841190765},"flame3":{"posx":0.0853514491678446,"posy":0.9196831886454992,"posz":2.706215283460746,"roty":319.62623630167354,"rotx":77.87283841190765},"flame4":{"posx":0.4591799108856855,"posy":-1.087432016201007,"posz":3.4047786919525134,"roty":319.62623630167354,"rotx":77.87283841190765},"saber_hitbox":{"posx":-0.0396415873332534,"posy":-0.9000745080985026,"posz":1.4588519416103458,"roty":319.62623630167354,"rotx":77.87283841190765},"flame5":{"posx":2.029606388410717,"posy":-0.7616773195250506,"posz":1.90933110575079,"roty":255.86949918420532,"rotx":66.1716869791821},"flame6":{"posx":1.77046080309899,"posy":-0.2585919144818597,"posz":1.917150366967231,"roty":255.86949918420532,"rotx":66.1716869791821},"flame7":{"posx":1.4970279475954524,"posy":0.17585380682646834,"posz":1.8711461414214394,"roty":255.86949918420532,"rotx":66.1716869791821},"flame8":{"posx":1.146048888684311,"posy":0.5873651784206819,"posz":1.729823491946917,"roty":255.86949918420532,"rotx":66.1716869791821},"flame9":{"posx":2.21120577031484,"posy":-1.2876970742823564,"posz":1.8061934206056185,"roty":255.86949918420532,"rotx":66.1716869791821},"short_sword_hitbox":{"posx":0.8664133372966567,"posy":-1.1056925652367717,"posz":0.47955474681983234,"roty":255.86949918420532,"rotx":66.1716869791821}}}
execute on vehicle unless entity @s[tag=aj.transforms_only] at @s run function animated_java:mage_hunter/animations/thrust1/zzz/frames/19_root_commands