# This file was generated by Animated Java via MC-Build. It is not recommended to edit this file directly.
$data merge entity $(bone_chest) {transformation: [-0.9954f,0.0417f,0.0857f,0.0086f,0.0492f,0.995f,0.0873f,-0.7366f,-0.0817f,0.0911f,-0.9925f,0.0314f,0f,0f,0f,1f],start_interpolation: 0,interpolation_duration: 1}
$data merge entity $(bone_cape) {transformation: [-0.9954f,0.0302f,0.0904f,0.2385f,0.0492f,0.9751f,0.2164f,-0.6126f,-0.0817f,0.2199f,-0.9721f,-0.0172f,0f,0f,0f,1f],start_interpolation: 0,interpolation_duration: 1}
$data merge entity $(bone_saber) {transformation: [-1.3303f,-0.1781f,0.2987f,-0.46f,0.2922f,0.0679f,1.3419f,-1.1763f,-0.1886f,1.3617f,-0.0279f,0.0032f,0f,0f,0f,1f],start_interpolation: 0,interpolation_duration: 1}
$data merge entity $(bone_right_forearm) {transformation: [-0.9675f,0.2172f,0.1295f,-0.406f,0.2125f,0.9759f,-0.0494f,-0.8688f,-0.1371f,-0.0203f,-0.9903f,-0.0148f,0f,0f,0f,1f],start_interpolation: 0,interpolation_duration: 1}
$data merge entity $(bone_right_arm) {transformation: [-0.9858f,0.1662f,0.0251f,-0.2361f,0.1681f,0.9756f,0.1415f,-0.6155f,-0.001f,0.1437f,-0.9896f,0.0258f,0f,0f,0f,1f],start_interpolation: 0,interpolation_duration: 1}
$data merge entity $(bone_short_sword) {transformation: [-1.1486f,-0.0995f,-0.1785f,0.4512f,-0.1912f,0.1632f,1.1393f,-1.1454f,-0.0722f,1.1509f,-0.177f,0.1324f,0f,0f,0f,1f],start_interpolation: 0,interpolation_duration: 1}
$data merge entity $(bone_left_forearm) {transformation: [-0.9845f,-0.153f,0.0853f,0.4124f,-0.1639f,0.9765f,-0.1399f,-0.8934f,-0.0619f,-0.1517f,-0.9865f,0.0827f,0f,0f,0f,1f],start_interpolation: 0,interpolation_duration: 1}
$data merge entity $(bone_left_arm) {transformation: [-0.9936f,-0.0924f,0.0656f,0.2622f,-0.0936f,0.9955f,-0.0156f,-0.6251f,-0.0639f,-0.0217f,-0.9977f,0.0686f,0f,0f,0f,1f],start_interpolation: 0,interpolation_duration: 1}
$data merge entity $(bone_torso) {transformation: [-0.9954f,0.038f,0.0875f,0f,0.0492f,0.9902f,0.1306f,-0.9682f,-0.0817f,0.1343f,-0.9876f,-0.0031f,0f,0f,0f,1f],start_interpolation: 0,interpolation_duration: 1}
$data merge entity $(bone_right_dress) {transformation: [-0.9749f,-0.2161f,0.0528f,-0.1929f,-0.2164f,0.9763f,0f,-1.125f,-0.0515f,-0.0114f,-0.9986f,-0.018f,0f,0f,0f,1f],start_interpolation: 0,interpolation_duration: 1}
$data merge entity $(bone_left_dress) {transformation: [-0.9793f,0.2003f,0.0298f,0.1313f,0.1958f,0.974f,-0.1136f,-1.125f,-0.0517f,-0.1055f,-0.9931f,-0.0009f,0f,0f,0f,1f],start_interpolation: 0,interpolation_duration: 1}
$data merge entity $(bone_lower_right_leg) {transformation: [-0.9883f,0.0601f,0.1402f,-0.1517f,0.0836f,0.9822f,0.1685f,-1.6062f,-0.1276f,0.1782f,-0.9757f,-0.0423f,0f,0f,0f,1f],start_interpolation: 0,interpolation_duration: 1}
$data merge entity $(bone_right_leg) {transformation: [-0.9883f,0.0717f,0.1346f,-0.1248f,0.0836f,0.9929f,0.085f,-1.2339f,-0.1276f,0.0953f,-0.9872f,-0.0066f,0f,0f,0f,1f],start_interpolation: 0,interpolation_duration: 1}
$data merge entity $(bone_lower_left_leg) {transformation: [-0.9994f,-0.0348f,0.0054f,0.1373f,-0.0346f,0.9989f,0.0306f,-1.6039f,-0.0064f,0.0304f,-0.9995f,0.0662f,0f,0f,0f,1f],start_interpolation: 0,interpolation_duration: 1}
$data merge entity $(bone_left_leg) {transformation: [-0.9994f,-0.0332f,0.0118f,0.1248f,-0.0346f,0.9867f,-0.1587f,-1.2339f,-0.0064f,-0.159f,-0.9873f,0.0066f,0f,0f,0f,1f],start_interpolation: 0,interpolation_duration: 1}
$data merge entity $(bone_waist) {transformation: [-0.9986f,0f,0.0528f,0f,0f,1f,0f,-0.8901f,-0.0528f,0f,-0.9986f,0f,0f,0f,0f,1f],start_interpolation: 0,interpolation_duration: 1}
$data merge entity $(bone_pony_tail) {transformation: [-1f,0f,0f,0f,0f,0.9916f,0.1291f,-0.4728f,0f,0.1291f,-0.9916f,-0.183f,0f,0f,0f,1f],start_interpolation: 0,interpolation_duration: 1}
$data merge entity $(bone_head) {transformation: [-1f,0f,0f,0f,0f,0.9916f,0.1291f,-0.534f,0f,0.1291f,-0.9916f,0.0454f,0f,0f,0f,1f],start_interpolation: 0,interpolation_duration: 1}
data modify entity @s data merge value {"cameras":{},"locators":{"body_hitbox":{"posx":-0.008613901434014939,"posy":-0.9029477947117247,"posz":0.1412650412678755,"roty":4.936583893764578,"rotx":5.006470179279512},"flame":{"posx":-0.8129941310679722,"posy":-1.0340268215552781,"posz":2.600122269513136,"roty":84.67235617916367,"rotx":77.39860091235518},"flame1":{"posx":-0.682709004422297,"posy":-0.4881635508385771,"posz":2.5268312369280648,"roty":84.67235617916367,"rotx":77.39860091235518},"flame2":{"posx":-0.5579041221417544,"posy":-0.006381656202983255,"posz":2.392909814592885,"roty":84.67235617916367,"rotx":77.39860091235518},"flame3":{"posx":-0.4169066543893158,"posy":0.4692264156299575,"posz":2.1351954841904943,"roty":84.67235617916367,"rotx":77.39860091235518},"flame4":{"posx":-0.9270866722417512,"posy":-1.5860639150746323,"posz":2.5496203940309967,"roty":84.67235617916367,"rotx":77.39860091235518},"saber_hitbox":{"posx":-0.5387957662871214,"posy":-1.1361283427079298,"posz":0.6215786948717222,"roty":84.67235617916367,"rotx":77.39860091235518},"flame5":{"posx":0.2516217885699414,"posy":-0.8103712300386463,"posz":2.4214576688819682,"roty":314.7570405249895,"rotx":77.55770137633864},"flame6":{"posx":0.17089190585862052,"posy":-0.269825618286738,"posz":2.2744691398969765,"roty":314.7570405249895,"rotx":77.55770137633864},"flame7":{"posx":0.10505418489107327,"posy":0.20094467784867898,"posz":2.0753065862520423,"roty":314.7570405249895,"rotx":77.55770137633864},"flame8":{"posx":0.049876378520054276,"posy":0.654228528224793,"posz":1.7528330824222131,"roty":314.7570405249895,"rotx":77.55770137633864},"flame9":{"posx":0.3430115858777905,"posy":-1.3684032875498573,"posz":2.4451352476820647,"roty":314.7570405249895,"rotx":77.55770137633864},"short_sword_hitbox":{"posx":0.4115205075178653,"posy":-1.0726679164281878,"posz":0.5717934161085416,"roty":314.7570405249895,"rotx":77.55770137633864}}}