# This file was generated by Animated Java via MC-Build. It is not recommended to edit this file directly.
$data merge entity $(bone_chest) {transformation: [-0.9969f,-0.017f,-0.0766f,-0.003f,-0.0423f,0.939f,0.3413f,-0.7942f,0.0661f,0.3435f,-0.9368f,0.0898f,0f,0f,0f,1f],start_interpolation: 0,interpolation_duration: 1}
$data merge entity $(bone_cape) {transformation: [-0.9969f,-0.0069f,-0.0782f,0.2069f,-0.0423f,0.8864f,0.4609f,-0.6373f,0.0661f,0.4628f,-0.884f,0.0456f,0f,0f,0f,1f],start_interpolation: 0,interpolation_duration: 1}
$data merge entity $(bone_saber) {transformation: [-1.3744f,0.0326f,-0.0225f,-0.3421f,-0.0199f,0.107f,1.3707f,-1.1739f,0.0343f,1.3704f,-0.1065f,0.5823f,0f,0f,0f,1f],start_interpolation: 0,interpolation_duration: 1}
$data merge entity $(bone_right_forearm) {transformation: [-0.9996f,-0.0272f,-0.0096f,-0.3662f,-0.0145f,0.7621f,-0.6473f,-0.9425f,0.0249f,-0.6469f,-0.7622f,0.3735f,0f,0f,0f,1f],start_interpolation: 0,interpolation_duration: 1}
$data merge entity $(bone_right_arm) {transformation: [-0.9872f,-0.0272f,-0.1573f,-0.2505f,0.0814f,0.7621f,-0.6423f,-0.7383f,0.1373f,-0.6469f,-0.7501f,0.1744f,0f,0f,0f,1f],start_interpolation: 0,interpolation_duration: 1}
$data merge entity $(bone_short_sword) {transformation: [-1.0063f,0.5074f,-0.3018f,0.5088f,-0.2912f,0.0922f,1.126f,-1.1566f,0.5135f,1.0465f,0.0472f,0.0943f,0f,0f,0f,1f],start_interpolation: 0,interpolation_duration: 1}
$data merge entity $(bone_left_forearm) {transformation: [-0.8625f,-0.2587f,-0.4349f,0.4371f,-0.2496f,0.9651f,-0.079f,-0.9069f,0.4402f,0.0404f,-0.897f,0.0954f,0f,0f,0f,1f],start_interpolation: 0,interpolation_duration: 1}
$data merge entity $(bone_left_arm) {transformation: [-0.9582f,-0.2587f,-0.1221f,0.2446f,-0.2617f,0.9651f,0.0089f,-0.6682f,0.1155f,0.0404f,-0.9925f,0.1212f,0f,0f,0f,1f],start_interpolation: 0,interpolation_duration: 1}
$data merge entity $(bone_torso) {transformation: [-0.9969f,-0.0137f,-0.0773f,0f,-0.0423f,0.9232f,0.3819f,-1.0094f,0.0661f,0.384f,-0.921f,-0.0031f,0f,0f,0f,1f],start_interpolation: 0,interpolation_duration: 1}
$data merge entity $(bone_right_dress) {transformation: [-0.9763f,-0.209f,0.0562f,-0.1936f,-0.2164f,0.9429f,-0.2533f,-1.1662f,0f,-0.2595f,-0.9657f,-0.0078f,0f,0f,0f,1f],start_interpolation: 0,interpolation_duration: 1}
$data merge entity $(bone_left_dress) {transformation: [-0.9833f,0.1815f,0.0159f,0.1311f,0.1822f,0.9795f,0.0857f,-1.1662f,0f,0.0872f,-0.9962f,-0.0078f,0f,0f,0f,1f],start_interpolation: 0,interpolation_duration: 1}
$data merge entity $(bone_lower_right_leg) {transformation: [-0.9998f,0.0174f,0.0009f,-0.131f,0.0175f,0.9985f,0.0523f,-1.6175f,0f,0.0523f,-0.9986f,0.1525f,0f,0f,0f,1f],start_interpolation: 0,interpolation_duration: 1}
$data merge entity $(bone_right_leg) {transformation: [-0.9998f,0.0159f,-0.0071f,-0.125f,0.0175f,0.9134f,-0.4067f,-1.275f,0f,-0.4067f,-0.9135f,0f,0f,0f,0f,1f],start_interpolation: 0,interpolation_duration: 1}
$data merge entity $(bone_lower_left_leg) {transformation: [-0.9998f,-0.0158f,-0.0075f,0.1313f,-0.0175f,0.9024f,0.4304f,-1.6372f,0f,0.4305f,-0.9026f,-0.0971f,0f,0f,0f,1f],start_interpolation: 0,interpolation_duration: 1}
$data merge entity $(bone_left_leg) {transformation: [-0.9998f,-0.0169f,-0.0045f,0.125f,-0.0175f,0.9658f,0.2588f,-1.275f,0f,0.2588f,-0.9659f,0f,0f,0f,0f,1f],start_interpolation: 0,interpolation_duration: 1}
$data merge entity $(bone_waist) {transformation: [-1f,0f,0f,0f,0f,1f,0f,-0.9312f,0f,0f,-1f,0f,0f,0f,0f,1f],start_interpolation: 0,interpolation_duration: 1}
$data merge entity $(bone_pony_tail) {transformation: [-1f,0f,0f,0f,0f,0.8746f,0.4848f,-0.4903f,0f,0.4848f,-0.8746f,0.0164f,0f,0f,0f,1f],start_interpolation: 0,interpolation_duration: 1}
$data merge entity $(bone_head) {transformation: [-1f,0f,0f,0f,0f,0.8746f,0.4848f,-0.6312f,0f,0.4848f,-0.8746f,0.2062f,0f,0f,0f,1f],start_interpolation: 0,interpolation_duration: 1}
execute on vehicle unless entity @s[tag=aj.transforms_only] at @s run function animated_java:mage_hunter/animations/thrust1/zzz/frames/20_root_commands