# This file was generated by Animated Java via MC-Build. It is not recommended to edit this file directly.
$data merge entity $(bone_chest) {transformation: [-0.9997f,-0.0121f,-0.0232f,-0.0025f,-0.0141f,0.9961f,0.0876f,1.2288f,0.0221f,0.0879f,-0.9959f,0.0307f,0f,0f,0f,1f],start_interpolation: 0,interpolation_duration: 1}
$data merge entity $(bone_cape) {transformation: [-0.9997f,-0.009f,-0.0246f,0.2128f,-0.0141f,0.9761f,0.2169f,1.3668f,0.0221f,0.2171f,-0.9759f,-0.0413f,0f,0f,0f,1f],start_interpolation: 0,interpolation_duration: 1}
$data merge entity $(bone_saber) {transformation: [-1.3635f,-0.1566f,0.0834f,-0.4091f,0.0692f,0.1254f,1.3675f,0.7728f,-0.1634f,1.3603f,-0.1164f,0.2186f,0f,0f,0f,1f],start_interpolation: 0,interpolation_duration: 1}
$data merge entity $(bone_right_forearm) {transformation: [-0.9916f,0.0772f,0.1034f,-0.3995f,0.0503f,0.9692f,-0.2412f,1.0738f,-0.1188f,-0.234f,-0.9649f,0.1345f,0f,0f,0f,1f],start_interpolation: 0,interpolation_duration: 1}
$data merge entity $(bone_right_arm) {transformation: [-0.9951f,0.0772f,-0.0617f,-0.2534f,0.0895f,0.9692f,-0.2296f,1.3352f,0.0421f,-0.234f,-0.9713f,0.0634f,0f,0f,0f,1f],start_interpolation: 0,interpolation_duration: 1}
$data merge entity $(bone_short_sword) {transformation: [-1.1188f,0.2886f,-0.1614f,0.447f,-0.16f,0.0258f,1.1554f,0.8383f,0.2894f,1.1301f,0.0149f,0.0386f,0f,0f,0f,1f],start_interpolation: 0,interpolation_duration: 1}
$data merge entity $(bone_left_forearm) {transformation: [-0.959f,-0.1383f,-0.2474f,0.4085f,-0.1372f,0.9903f,-0.0221f,1.0951f,0.248f,0.0127f,-0.9687f,0.0318f,0f,0f,0f,1f],start_interpolation: 0,interpolation_duration: 1}
$data merge entity $(bone_left_arm) {transformation: [-0.9891f,-0.1383f,-0.0512f,0.246f,-0.1388f,0.9903f,0.0057f,1.3562f,0.0499f,0.0127f,-0.9987f,0.0416f,0f,0f,0f,1f],start_interpolation: 0,interpolation_duration: 1}
$data merge entity $(bone_torso) {transformation: [-0.9997f,-0.0111f,-0.0237f,0f,-0.0141f,0.9913f,0.131f,0.9969f,0.0221f,0.1313f,-0.9911f,-0.0031f,0f,0f,0f,1f],start_interpolation: 0,interpolation_duration: 1}
$data merge entity $(bone_right_dress) {transformation: [-0.9763f,-0.2164f,0f,-0.1936f,-0.2164f,0.9763f,0f,0.8401f,0f,0f,-1f,-0.0078f,0f,0f,0f,1f],start_interpolation: 0,interpolation_duration: 1}
$data merge entity $(bone_left_dress) {transformation: [-0.9763f,0.2164f,0f,0.1311f,0.2164f,0.9763f,0f,0.8401f,0f,0f,-1f,-0.0078f,0f,0f,0f,1f],start_interpolation: 0,interpolation_duration: 1}
$data merge entity $(bone_lower_right_leg) {transformation: [-0.9994f,0.0349f,0.0006f,-0.138f,0.0349f,0.9992f,0.0174f,0.3601f,0f,0.0175f,-0.9998f,0.0522f,0f,0f,0f,1f],start_interpolation: 0,interpolation_duration: 1}
$data merge entity $(bone_right_leg) {transformation: [-0.9994f,0.0346f,-0.0049f,-0.125f,0.0349f,0.9897f,-0.1391f,0.7313f,0f,-0.1392f,-0.9903f,0f,0f,0f,0f,1f],start_interpolation: 0,interpolation_duration: 1}
$data merge entity $(bone_lower_left_leg) {transformation: [-0.9994f,-0.0345f,-0.0052f,0.138f,-0.0349f,0.9884f,0.1477f,0.3579f,0f,0.1478f,-0.989f,-0.0327f,0f,0f,0f,1f],start_interpolation: 0,interpolation_duration: 1}
$data merge entity $(bone_left_leg) {transformation: [-0.9994f,-0.0348f,-0.003f,0.125f,-0.0349f,0.9956f,0.0871f,0.7313f,0f,0.0872f,-0.9962f,0f,0f,0f,0f,1f],start_interpolation: 0,interpolation_duration: 1}
$data merge entity $(bone_waist) {transformation: [-1f,0f,0f,0f,0f,1f,0f,1.075f,0f,0f,-1f,0f,0f,0f,0f,1f],start_interpolation: 0,interpolation_duration: 1}
$data merge entity $(bone_pony_tail) {transformation: [-1f,0f,0f,0f,0f,0.9744f,0.225f,1.5082f,0f,0.225f,-0.9744f,-0.1526f,0f,0f,0f,1f],start_interpolation: 0,interpolation_duration: 1}
$data merge entity $(bone_head) {transformation: [-1f,0f,0f,0f,0f,0.9744f,0.225f,1.425f,0f,0.225f,-0.9744f,0.0687f,0f,0f,0f,1f],start_interpolation: 0,interpolation_duration: 1}