# This file was generated by Animated Java via MC-Build. It is not recommended to edit this file directly.
$data merge entity $(bone_chest) {transformation: [-0.9619f,0.0548f,0.268f,0.0092f,0.1392f,0.9414f,0.3071f,-0.7809f,-0.2355f,0.3327f,-0.9132f,0.0869f,0f,0f,0f,1f],start_interpolation: 0,interpolation_duration: 1}
$data merge entity $(bone_cape) {transformation: [-0.9619f,0.0193f,0.2729f,0.2478f,0.1392f,0.8933f,0.4274f,-0.6661f,-0.2355f,0.4491f,-0.8619f,0.1092f,0f,0f,0f,1f],start_interpolation: 0,interpolation_duration: 1}
$data merge entity $(bone_saber) {transformation: [-1.2826f,-0.0039f,0.4956f,-0.5146f,0.4943f,0.089f,1.28f,-1.1809f,-0.0357f,1.3721f,-0.0816f,-0.0277f,0f,0f,0f,1f],start_interpolation: 0,interpolation_duration: 1}
$data merge entity $(bone_right_forearm) {transformation: [-0.9328f,0.3604f,0.0028f,-0.4167f,0.3595f,0.9309f,-0.0647f,-0.8853f,-0.026f,-0.0593f,-0.9979f,-0.0562f,0f,0f,0f,1f],start_interpolation: 0,interpolation_duration: 1}
$data merge entity $(bone_right_arm) {transformation: [-0.9655f,0.2427f,0.0949f,-0.2277f,0.2602f,0.8777f,0.4024f,-0.671f,0.0144f,0.4132f,-0.9105f,0.0582f,0f,0f,0f,1f],start_interpolation: 0,interpolation_duration: 1}
$data merge entity $(bone_short_sword) {transformation: [-0.9814f,-0.6165f,-0.1339f,0.4288f,-0.3829f,0.3854f,1.0325f,-1.1895f,-0.5014f,0.9124f,-0.5265f,0.3725f,0f,0f,0f,1f],start_interpolation: 0,interpolation_duration: 1}
$data merge entity $(bone_left_forearm) {transformation: [-0.8412f,-0.1147f,0.5284f,0.4045f,-0.3282f,0.885f,-0.3303f,-0.9632f,-0.4298f,-0.4513f,-0.7821f,0.2472f,0f,0f,0f,1f],start_interpolation: 0,interpolation_duration: 1}
$data merge entity $(bone_left_arm) {transformation: [-0.9677f,-0.1011f,0.2308f,0.2551f,-0.1205f,0.9901f,-0.0714f,-0.6998f,-0.2213f,-0.0969f,-0.9704f,0.1923f,0f,0f,0f,1f],start_interpolation: 0,interpolation_duration: 1}
$data merge entity $(bone_torso) {transformation: [-0.9619f,0.043f,0.2701f,0f,0.1392f,0.9271f,0.3479f,-0.9971f,-0.2355f,0.3722f,-0.8978f,-0.0031f,0f,0f,0f,1f],start_interpolation: 0,interpolation_duration: 1}
$data merge entity $(bone_right_dress) {transformation: [-0.9648f,-0.2139f,0.1529f,-0.1901f,-0.2164f,0.9763f,0f,-1.1539f,-0.1493f,-0.0331f,-0.9882f,-0.0373f,0f,0f,0f,1f],start_interpolation: 0,interpolation_duration: 1}
$data merge entity $(bone_left_dress) {transformation: [-0.9761f,0.1962f,0.0932f,0.1307f,0.1561f,0.9319f,-0.3273f,-1.1539f,-0.151f,-0.3049f,-0.9403f,0.0123f,0f,0f,0f,1f],start_interpolation: 0,interpolation_duration: 1}
$data merge entity $(bone_lower_right_leg) {transformation: [-0.9189f,-0.0392f,0.3924f,-0.145f,0.1563f,0.8774f,0.4536f,-1.6232f,-0.3621f,0.4782f,-0.8001f,-0.1201f,0f,0f,0f,1f],start_interpolation: 0,interpolation_duration: 1}
$data merge entity $(bone_right_leg) {transformation: [-0.9189f,0.0574f,0.3902f,-0.1235f,0.1563f,0.9614f,0.2267f,-1.2627f,-0.3621f,0.2693f,-0.8924f,-0.0191f,0f,0f,0f,1f],start_interpolation: 0,interpolation_duration: 1}
$data merge entity $(bone_lower_left_leg) {transformation: [-0.9997f,-0.0191f,0.017f,0.1263f,-0.0175f,0.9957f,0.0911f,-1.5985f,-0.0187f,0.0908f,-0.9957f,0.1861f,0f,0f,0f,1f],start_interpolation: 0,interpolation_duration: 1}
$data merge entity $(bone_left_leg) {transformation: [-0.9997f,-0.0073f,0.0245f,0.1235f,-0.0175f,0.8953f,-0.4451f,-1.2627f,-0.0187f,-0.4454f,-0.8951f,0.0191f,0f,0f,0f,1f],start_interpolation: 0,interpolation_duration: 1}
$data merge entity $(bone_waist) {transformation: [-0.9882f,0f,0.1529f,0f,0f,1f,0f,-0.919f,-0.1529f,0f,-0.9882f,0f,0f,0f,0f,1f],start_interpolation: 0,interpolation_duration: 1}
$data merge entity $(bone_pony_tail) {transformation: [-1f,0f,0f,0f,0f,0.978f,0.2085f,-0.5195f,0f,0.2085f,-0.978f,-0.0908f,0f,0f,0f,1f],start_interpolation: 0,interpolation_duration: 1}
$data merge entity $(bone_head) {transformation: [-1f,0f,0f,0f,0f,0.978f,0.2085f,-0.599f,0f,0.2085f,-0.978f,0.1319f,0f,0f,0f,1f],start_interpolation: 0,interpolation_duration: 1}