# This file was generated by Animated Java via MC-Build. It is not recommended to edit this file directly.
$data merge entity $(bone_chest) {transformation: [-0.9558f,0.0504f,0.2896f,0.0079f,0.1492f,0.9321f,0.33f,-0.7868f,-0.2533f,0.3586f,-0.8985f,0.0928f,0f,0f,0f,1f],start_interpolation: 0,interpolation_duration: 1}
$data merge entity $(bone_cape) {transformation: [-0.9558f,0.0122f,0.2937f,0.2463f,0.1492f,0.8811f,0.4488f,-0.6735f,-0.2533f,0.4728f,-0.844f,0.1235f,0f,0f,0f,1f],start_interpolation: 0,interpolation_duration: 1}
$data merge entity $(bone_saber) {transformation: [-1.2784f,0.0182f,0.5059f,-0.5177f,0.506f,0.0879f,1.2755f,-1.1824f,-0.0154f,1.3721f,-0.0884f,-0.0325f,0f,0f,0f,1f],start_interpolation: 0,interpolation_duration: 1}
$data merge entity $(bone_right_forearm) {transformation: [-0.9298f,0.3679f,-0.0132f,-0.4175f,0.368f,0.9276f,-0.0639f,-0.8877f,-0.0112f,-0.0643f,-0.9979f,-0.0622f,0f,0f,0f,1f],start_interpolation: 0,interpolation_duration: 1}
$data merge entity $(bone_right_arm) {transformation: [-0.964f,0.245f,0.1035f,-0.2281f,0.2655f,0.8623f,0.4311f,-0.6783f,0.0164f,0.4431f,-0.8963f,0.0603f,0f,0f,0f,1f],start_interpolation: 0,interpolation_duration: 1}
$data merge entity $(bone_short_sword) {transformation: [-0.9469f,-0.6725f,-0.1107f,0.4188f,-0.4062f,0.4046f,1.0161f,-1.1945f,-0.5473f,0.8632f,-0.5625f,0.3995f,0f,0f,0f,1f],start_interpolation: 0,interpolation_duration: 1}
$data merge entity $(bone_left_forearm) {transformation: [-0.8116f,-0.0949f,0.5765f,0.4002f,-0.3481f,0.8709f,-0.3468f,-0.972f,-0.4691f,-0.4822f,-0.7399f,0.2667f,0f,0f,0f,1f],start_interpolation: 0,interpolation_duration: 1}
$data merge entity $(bone_left_arm) {transformation: [-0.9621f,-0.1005f,0.2533f,0.2516f,-0.1245f,0.989f,-0.0803f,-0.7095f,-0.2425f,-0.1088f,-0.964f,0.2058f,0f,0f,0f,1f],start_interpolation: 0,interpolation_duration: 1}
$data merge entity $(bone_torso) {transformation: [-0.9558f,0.0378f,0.2915f,0f,0.1492f,0.9168f,0.3703f,-1.0005f,-0.2533f,0.3975f,-0.882f,-0.0031f,0f,0f,0f,1f],start_interpolation: 0,interpolation_duration: 1}
$data merge entity $(bone_right_dress) {transformation: [-0.963f,-0.2135f,0.1646f,-0.1896f,-0.2164f,0.9763f,0f,-1.1573f,-0.1607f,-0.0356f,-0.9864f,-0.0396f,0f,0f,0f,1f],start_interpolation: 0,interpolation_duration: 1}
$data merge entity $(bone_left_dress) {transformation: [-0.975f,0.1982f,0.1007f,0.1306f,0.1514f,0.9238f,-0.3517f,-1.1573f,-0.1627f,-0.3277f,-0.9307f,0.0139f,0f,0f,0f,1f],start_interpolation: 0,interpolation_duration: 1}
$data merge entity $(bone_lower_right_leg) {transformation: [-0.9067f,-0.0612f,0.4172f,-0.1421f,0.1643f,0.86f,0.4832f,-1.6248f,-0.3884f,0.5067f,-0.7697f,-0.1285f,0f,0f,0f,1f],start_interpolation: 0,interpolation_duration: 1}
$data merge entity $(bone_right_leg) {transformation: [-0.9067f,0.0501f,0.4187f,-0.1233f,0.1643f,0.9564f,0.2415f,-1.2661f,-0.3884f,0.2877f,-0.8754f,-0.0206f,0f,0f,0f,1f],start_interpolation: 0,interpolation_duration: 1}
$data merge entity $(bone_lower_left_leg) {transformation: [-0.9997f,-0.0174f,0.0185f,0.1248f,-0.0155f,0.995f,0.0984f,-1.5958f,-0.0202f,0.0981f,-0.995f,0.1994f,0f,0f,0f,1f],start_interpolation: 0,interpolation_duration: 1}
$data merge entity $(bone_left_leg) {transformation: [-0.9997f,-0.004f,0.0251f,0.1233f,-0.0155f,0.879f,-0.4765f,-1.2661f,-0.0202f,-0.4767f,-0.8788f,0.0206f,0f,0f,0f,1f],start_interpolation: 0,interpolation_duration: 1}
$data merge entity $(bone_waist) {transformation: [-0.9864f,0f,0.1646f,0f,0f,1f,0f,-0.9224f,-0.1646f,0f,-0.9864f,0f,0f,0f,0f,1f],start_interpolation: 0,interpolation_duration: 1}
$data merge entity $(bone_pony_tail) {transformation: [-1f,0f,0f,0f,0f,0.976f,0.2178f,-0.525f,0f,0.2178f,-0.976f,-0.0798f,0f,0f,0f,1f],start_interpolation: 0,interpolation_duration: 1}
$data merge entity $(bone_head) {transformation: [-1f,0f,0f,0f,0f,0.976f,0.2178f,-0.6066f,0f,0.2178f,-0.976f,0.1421f,0f,0f,0f,1f],start_interpolation: 0,interpolation_duration: 1}
data modify entity @s data merge value {"cameras":{},"locators":{"body_hitbox":{"posx":-0.036138083761888526,"posy":-0.9736660151022305,"posz":0.14906184576308856,"roty":17.863538119721767,"rotx":19.268056663581365},"flame":{"posx":-0.4939319319638519,"posy":-0.9999797569449735,"posz":2.585786600178177,"roty":80.08622519338695,"rotx":68.06867342372142},"flame1":{"posx":-0.2878060053548558,"posy":-0.48218151318724867,"posz":2.487249393291648,"roty":80.08622519338695,"rotx":68.06867342372142},"flame2":{"posx":-0.10550289064666452,"posy":-0.02635514032673858,"posz":2.330364428516424,"roty":80.08622519338695,"rotx":68.06867342372142},"flame3":{"posx":0.07514434796187741,"posy":0.4214815136703298,"posz":2.0487460581642423,"roty":80.08622519338695,"rotx":68.06867342372142},"flame4":{"posx":-0.7017137346724974,"posy":-1.5257677195661399,"posz":2.559590401487748,"roty":80.08622519338695,"rotx":68.06867342372142},"saber_hitbox":{"posx":-0.5058983889079574,"posy":-1.1335650263621402,"posz":0.5902275506063661,"roty":80.08622519338695,"rotx":68.06867342372142},"flame5":{"posx":-0.9207495485770055,"posy":-0.3801224627046914,"posz":2.1125723369481024,"roty":348.86630356872445,"rotx":60.56739456144156},"flame6":{"posx":-0.9380963361516589,"posy":0.08810313133232262,"posz":1.795119376575191,"roty":348.86630356872445,"rotx":60.56739456144156},"flame7":{"posx":-0.9134844326048371,"posy":0.4802203754313936,"posz":1.461557806420667,"roty":348.86630356872445,"rotx":60.56739456144156},"flame8":{"posx":-0.8168162425542916,"posy":0.82898770844957,"posz":1.0355101465846572,"roty":348.86630356872445,"rotx":60.56739456144156},"flame9":{"posx":-0.8313464744986286,"posy":-0.8916979678226,"posz":2.3375392076395283,"roty":348.86630356872445,"rotx":60.56739456144156},"short_sword_hitbox":{"posx":0.16009474897885517,"posy":-1.030371128918112,"posz":0.7252809917258218,"roty":348.86630356872445,"rotx":60.56739456144156}}}