# This file was generated by Animated Java via MC-Build. It is not recommended to edit this file directly.
$data merge entity $(bone_chest) {transformation: [-0.9081f,0.0042f,0.4187f,-0.0046f,0.2079f,0.8726f,0.442f,-0.821f,-0.3635f,0.4884f,-0.7933f,0.1218f,0f,0f,0f,1f],start_interpolation: 0,interpolation_duration: 1}
$data merge entity $(bone_cape) {transformation: [-0.9081f,-0.0505f,0.4157f,0.2276f,0.2079f,0.8075f,0.5521f,-0.7194f,-0.3635f,0.5878f,-0.7228f,0.2015f,0f,0f,0f,1f],start_interpolation: 0,interpolation_duration: 1}
$data merge entity $(bone_saber) {transformation: [-1.2649f,0.1298f,0.5232f,-0.5192f,0.5294f,0.048f,1.2681f,-1.1849f,0.1015f,1.368f,-0.0941f,-0.0866f,0f,0f,0f,1f],start_interpolation: 0,interpolation_duration: 1}
$data merge entity $(bone_right_forearm) {transformation: [-0.9199f,0.3805f,-0.0944f,-0.4157f,0.385f,0.9222f,-0.0349f,-0.8914f,0.0738f,-0.0684f,-0.9949f,-0.1163f,0f,0f,0f,1f],start_interpolation: 0,interpolation_duration: 1}
$data merge entity $(bone_right_arm) {transformation: [-0.9599f,0.2272f,0.1642f,-0.2318f,0.2797f,0.738f,0.6141f,-0.7188f,0.0183f,0.6354f,-0.7719f,0.0601f,0f,0f,0f,1f],start_interpolation: 0,interpolation_duration: 1}
$data merge entity $(bone_short_sword) {transformation: [-0.6666f,-0.9506f,0.1141f,0.3219f,-0.5418f,0.4892f,0.9101f,-1.2215f,-0.7894f,0.467f,-0.721f,0.5445f,0f,0f,0f,1f],start_interpolation: 0,interpolation_duration: 1}
$data merge entity $(bone_left_forearm) {transformation: [-0.5714f,0.0978f,0.8148f,0.3558f,-0.4644f,0.7801f,-0.4193f,-1.0234f,-0.6766f,-0.618f,-0.4003f,0.38f,0f,0f,0f,1f],start_interpolation: 0,interpolation_duration: 1}
$data merge entity $(bone_left_arm) {transformation: [-0.9128f,-0.0748f,0.4015f,0.2207f,-0.1451f,0.9783f,-0.1477f,-0.7664f,-0.3818f,-0.193f,-0.9039f,0.278f,0f,0f,0f,1f],start_interpolation: 0,interpolation_duration: 1}
$data merge entity $(bone_torso) {transformation: [-0.9081f,-0.014f,0.4185f,0f,0.2079f,0.8525f,0.4796f,-1.0193f,-0.3635f,0.5225f,-0.7712f,-0.0031f,0f,0f,0f,1f],start_interpolation: 0,interpolation_duration: 1}
$data merge entity $(bone_right_dress) {transformation: [-0.9486f,-0.2103f,0.2364f,-0.1862f,-0.2164f,0.9763f,0f,-1.1761f,-0.2308f,-0.0512f,-0.9717f,-0.0533f,0f,0f,0f,1f],start_interpolation: 0,interpolation_duration: 1}
$data merge entity $(bone_left_dress) {transformation: [-0.9641f,0.2238f,0.1428f,0.1292f,0.1244f,0.8561f,-0.5017f,-1.1761f,-0.2345f,-0.4659f,-0.8532f,0.0234f,0f,0f,0f,1f],start_interpolation: 0,interpolation_duration: 1}
$data merge entity $(bone_lower_right_leg) {transformation: [-0.8135f,-0.2315f,0.5335f,-0.1114f,0.2119f,0.7363f,0.6426f,-1.6287f,-0.5416f,0.6358f,-0.55f,-0.1791f,0f,0f,0f,1f],start_interpolation: 0,interpolation_duration: 1}
$data merge entity $(bone_right_leg) {transformation: [-0.8135f,-0.0267f,0.5809f,-0.1215f,0.2119f,0.9167f,0.3389f,-1.2849f,-0.5416f,0.3988f,-0.74f,-0.0295f,0f,0f,0f,1f],start_interpolation: 0,interpolation_duration: 1}
$data merge entity $(bone_lower_left_leg) {transformation: [-0.9996f,-0.0078f,0.0284f,0.1154f,-0.0041f,0.9919f,0.1269f,-1.5657f,-0.0291f,0.1268f,-0.9915f,0.278f,0f,0f,0f,1f],start_interpolation: 0,interpolation_duration: 1}
$data merge entity $(bone_left_leg) {transformation: [-0.9996f,0.0162f,0.0245f,0.1215f,-0.0041f,0.7488f,-0.6628f,-1.2849f,-0.0291f,-0.6626f,-0.7484f,0.0295f,0f,0f,0f,1f],start_interpolation: 0,interpolation_duration: 1}
$data merge entity $(bone_waist) {transformation: [-0.9717f,0f,0.2364f,0f,0f,1f,0f,-0.9412f,-0.2364f,0f,-0.9717f,0f,0f,0f,0f,1f],start_interpolation: 0,interpolation_duration: 1}
$data merge entity $(bone_pony_tail) {transformation: [-1f,0f,0f,0f,0f,0.9659f,0.2588f,-0.5578f,0f,0.2588f,-0.9659f,-0.0213f,0f,0f,0f,1f],start_interpolation: 0,interpolation_duration: 1}
$data merge entity $(bone_head) {transformation: [-1f,0f,0f,0f,0f,0.9659f,0.2588f,-0.6487f,0f,0.2588f,-0.9659f,0.197f,0f,0f,0f,1f],start_interpolation: 0,interpolation_duration: 1}