# This file was generated by Animated Java via MC-Build. It is not recommended to edit this file directly.
$data merge entity $(bone_chest) {transformation: [-0.9126f,0.0061f,0.4088f,-0.004f,0.2033f,0.8742f,0.441f,-0.8202f,-0.3546f,0.4856f,-0.799f,0.1212f,0f,0f,0f,1f],start_interpolation: 0,interpolation_duration: 1}
$data merge entity $(bone_cape) {transformation: [-0.9126f,-0.0473f,0.4061f,0.2286f,0.2033f,0.8091f,0.5513f,-0.7175f,-0.3546f,0.5857f,-0.7288f,0.1982f,0f,0f,0f,1f],start_interpolation: 0,interpolation_duration: 1}
$data merge entity $(bone_saber) {transformation: [-1.2661f,0.1302f,0.5203f,-0.5206f,0.5278f,0.0656f,1.268f,-1.1899f,0.0953f,1.3672f,-0.1104f,-0.0738f,0f,0f,0f,1f],start_interpolation: 0,interpolation_duration: 1}
$data merge entity $(bone_right_forearm) {transformation: [-0.9208f,0.3784f,-0.0947f,-0.4177f,0.3839f,0.9221f,-0.0477f,-0.8965f,0.0693f,-0.0803f,-0.9944f,-0.1073f,0f,0f,0f,1f],start_interpolation: 0,interpolation_duration: 1}
$data merge entity $(bone_right_arm) {transformation: [-0.9605f,0.2314f,0.1543f,-0.2326f,0.2773f,0.7553f,0.5938f,-0.7187f,0.0209f,0.6131f,-0.7897f,0.0626f,0f,0f,0f,1f],start_interpolation: 0,interpolation_duration: 1}
$data merge entity $(bone_short_sword) {transformation: [-0.6916f,-0.9352f,0.0905f,0.3314f,-0.5349f,0.4843f,0.9167f,-1.2209f,-0.7724f,0.502f,-0.7159f,0.5376f,0f,0f,0f,1f],start_interpolation: 0,interpolation_duration: 1}
$data merge entity $(bone_left_forearm) {transformation: [-0.5928f,0.0776f,0.8016f,0.3599f,-0.4585f,0.7858f,-0.4151f,-1.0213f,-0.6621f,-0.6137f,-0.4302f,0.3739f,0f,0f,0f,1f],start_interpolation: 0,interpolation_duration: 1}
$data merge entity $(bone_left_arm) {transformation: [-0.9169f,-0.0806f,0.391f,0.2226f,-0.1464f,0.979f,-0.1416f,-0.7643f,-0.3714f,-0.187f,-0.9094f,0.2748f,0f,0f,0f,1f],start_interpolation: 0,interpolation_duration: 1}
$data merge entity $(bone_torso) {transformation: [-0.9126f,-0.0118f,0.4086f,0f,0.2033f,0.8541f,0.4787f,-1.0189f,-0.3546f,0.52f,-0.7771f,-0.0031f,0f,0f,0f,1f],start_interpolation: 0,interpolation_duration: 1}
$data merge entity $(bone_right_dress) {transformation: [-0.9498f,-0.2106f,0.2312f,-0.1865f,-0.2164f,0.9763f,0f,-1.1757f,-0.2257f,-0.05f,-0.9729f,-0.0524f,0f,0f,0f,1f],start_interpolation: 0,interpolation_duration: 1}
$data merge entity $(bone_left_dress) {transformation: [-0.9652f,0.2203f,0.1409f,0.1293f,0.1255f,0.863f,-0.4893f,-1.1757f,-0.2294f,-0.4546f,-0.8606f,0.0227f,0f,0f,0f,1f],start_interpolation: 0,interpolation_duration: 1}
$data merge entity $(bone_lower_right_leg) {transformation: [-0.8213f,-0.2182f,0.5271f,-0.1156f,0.2082f,0.7455f,0.6331f,-1.6303f,-0.5311f,0.6298f,-0.5669f,-0.1738f,0f,0f,0f,1f],start_interpolation: 0,interpolation_duration: 1}
$data merge entity $(bone_right_leg) {transformation: [-0.8213f,-0.0161f,0.5702f,-0.1216f,0.2082f,0.9221f,0.326f,-1.2845f,-0.5311f,0.3865f,-0.754f,-0.0289f,0f,0f,0f,1f],start_interpolation: 0,interpolation_duration: 1}
$data merge entity $(bone_lower_left_leg) {transformation: [-0.9996f,-0.0082f,0.0276f,0.116f,-0.0045f,0.9912f,0.1324f,-1.5704f,-0.0285f,0.1322f,-0.9908f,0.2715f,0f,0f,0f,1f],start_interpolation: 0,interpolation_duration: 1}
$data merge entity $(bone_left_leg) {transformation: [-0.9996f,0.015f,0.0246f,0.1216f,-0.0045f,0.7625f,-0.647f,-1.2845f,-0.0285f,-0.6468f,-0.7621f,0.0289f,0f,0f,0f,1f],start_interpolation: 0,interpolation_duration: 1}
$data merge entity $(bone_waist) {transformation: [-0.9729f,0f,0.2312f,0f,0f,1f,0f,-0.9408f,-0.2312f,0f,-0.9729f,0f,0f,0f,0f,1f],start_interpolation: 0,interpolation_duration: 1}
$data merge entity $(bone_pony_tail) {transformation: [-1f,0f,0f,0f,0f,0.9649f,0.2627f,-0.5561f,0f,0.2627f,-0.9649f,-0.0214f,0f,0f,0f,1f],start_interpolation: 0,interpolation_duration: 1}
$data merge entity $(bone_head) {transformation: [-1f,0f,0f,0f,0f,0.9649f,0.2627f,-0.6479f,0f,0.2627f,-0.9649f,0.1965f,0f,0f,0f,1f],start_interpolation: 0,interpolation_duration: 1}
data modify entity @s data merge value {"cameras":{},"locators":{"body_hitbox":{"posx":-0.05607767942130282,"posy":-1.0119101276317146,"posz":0.1451774962319144,"roty":27.092935253890573,"rotx":26.167734415562034},"saber_hitbox":{"posx":-0.45777968283561715,"posy":-1.1512598474851718,"posz":0.5465632591357946,"roty":78.01929214500413,"rotx":67.24214018219962},"short_sword_hitbox":{"posx":-0.02610886487347358,"posy":-1.0271654851798033,"posz":0.7235606837171075,"roty":7.204402853038232,"rotx":51.79057302059292}}}