# This file was generated by Animated Java via MC-Build. It is not recommended to edit this file directly.
$data merge entity $(bone_hair_side) {transformation: [-1f,-0.0012f,-0.0066f,-0.2954f,-0.0012f,1f,0.0001f,-0.5261f,0.0066f,0.0001f,-1f,0.2554f,0f,0f,0f,1f],start_interpolation: 0,interpolation_duration: 1}
$data merge entity $(bone_hair_side1) {transformation: [-1f,-0.0012f,-0.0066f,0.2983f,-0.0012f,1f,0.0001f,-0.5254f,0.0066f,0.0001f,-1f,0.2514f,0f,0f,0f,1f],start_interpolation: 0,interpolation_duration: 1}
$data merge entity $(bone_beard) {transformation: [-1f,-0.0012f,-0.0066f,0.0019f,-0.0012f,1f,0.0001f,-0.8443f,0.0066f,0.0001f,-1f,0.2607f,0f,0f,0f,1f],start_interpolation: 0,interpolation_duration: 1}
$data merge entity $(bone_head) {transformation: [-1f,0f,-0.0067f,0f,-0.0012f,0.9848f,0.1737f,-0.7031f,0.0066f,0.1737f,-0.9848f,0f,0f,0f,0f,1f],start_interpolation: 0,interpolation_duration: 1}
$data merge entity $(bone_body) {transformation: [-1.1247f,0f,-0.0278f,0f,0f,1.125f,0f,-1.375f,0.0278f,0f,-1.1247f,0f,0f,0f,0f,1f],start_interpolation: 0,interpolation_duration: 1}
$data merge entity $(bone_left4) {transformation: [-0.9743f,-0.2236f,-0.0275f,0.3619f,-0.2238f,0.9746f,0.0044f,-1.2757f,0.0258f,0.0105f,-0.9996f,-0.0122f,0f,0f,0f,1f],start_interpolation: 0,interpolation_duration: 1}
$data merge entity $(bone_left3) {transformation: [-0.9743f,-0.2236f,-0.0275f,0.302f,-0.2238f,0.9746f,0.0044f,-2.4116f,0.0258f,0.0105f,-0.9996f,-0.0156f,0f,0f,0f,1f],start_interpolation: 0,interpolation_duration: 1}
$data merge entity $(bone_aura) {transformation: [-2.3619f,0.1089f,-0.224f,-2.117f,0.1249f,2.3658f,-0.1673f,-0.1519f,0.2154f,-0.1782f,-2.3585f,0.111f,0f,0f,0f,1f],start_interpolation: 0,interpolation_duration: 1}
$data merge entity $(bone_scythe) {transformation: [-1.6989f,0.0783f,-0.1611f,-0.8576f,0.0899f,1.7017f,-0.1204f,-1.2171f,0.1549f,-0.1282f,-1.6965f,0.067f,0f,0f,0f,1f],start_interpolation: 0,interpolation_duration: 1}
$data merge entity $(bone_right2) {transformation: [-0.0943f,0.9955f,-0.0024f,-0.5294f,-0.0705f,-0.0091f,-0.9975f,-1.219f,-0.993f,-0.0939f,0.071f,0.0517f,0f,0f,0f,1f],start_interpolation: 0,interpolation_duration: 1}
$data merge entity $(bone_right1) {transformation: [-0.706f,0.7026f,-0.0891f,-1.0547f,0.7081f,0.6988f,-0.1009f,-2.1822f,-0.0086f,-0.1343f,-0.9909f,0.197f,0f,0f,0f,1f],start_interpolation: 0,interpolation_duration: 1}
data modify entity @s data merge value {"cameras":{},"locators":{"scythe_blade":{"posx":-1.473448811240532,"posy":-0.045555491331909614,"posz":0.0423916596879977,"roty":354.5756947793378,"rotx":-4.040158412299922},"scythe_pole":{"posx":-0.8327229925287536,"posy":-1.0155911650837048,"posz":0.0503739453896013,"roty":354.5756947793378,"rotx":-4.040158412299922}}}