# This file was generated by Animated Java via MC-Build. It is not recommended to edit this file directly.
$data merge entity $(bone_hair_side) {transformation: [-0.9928f,-0.0208f,-0.1179f,-0.2686f,-0.0208f,0.9998f,-0.0011f,1.9059f,0.1179f,0.0013f,-0.993f,0.2869f,0f,0f,0f,1f],start_interpolation: 0,interpolation_duration: 1}
$data merge entity $(bone_hair_side1) {transformation: [-0.9928f,-0.0208f,-0.1179f,0.3209f,-0.0208f,0.9998f,-0.0011f,1.9182f,0.1179f,0.0013f,-0.993f,0.2169f,0f,0f,0f,1f],start_interpolation: 0,interpolation_duration: 1}
$data merge entity $(bone_beard) {transformation: [-0.9928f,-0.0208f,-0.1179f,0.0337f,-0.0208f,0.9998f,-0.0011f,1.5935f,0.1179f,0.0013f,-0.993f,0.2587f,0f,0f,0f,1f],start_interpolation: 0,interpolation_duration: 1}
$data merge entity $(bone_head) {transformation: [-0.9928f,0f,-0.1197f,0f,-0.0208f,0.9848f,0.1725f,1.7344f,0.1179f,0.1738f,-0.9777f,0f,0f,0f,0f,1f],start_interpolation: 0,interpolation_duration: 1}
$data merge entity $(bone_body) {transformation: [-1.0179f,0f,-0.4791f,0f,0f,1.125f,0f,1.0625f,0.4791f,0f,-1.0179f,0f,0f,0f,0f,1f],start_interpolation: 0,interpolation_duration: 1}
$data merge entity $(bone_left4) {transformation: [-0.9483f,-0.2164f,-0.2321f,0.3602f,-0.2102f,0.9763f,-0.0514f,1.1615f,0.2377f,0f,-0.9713f,-0.1687f,0f,0f,0f,1f],start_interpolation: 0,interpolation_duration: 1}
$data merge entity $(bone_left3) {transformation: [-0.9483f,-0.2164f,-0.2321f,0.3006f,-0.2102f,0.9763f,-0.0514f,0.028f,0.2377f,0f,-0.9713f,-0.0944f,0f,0f,0f,1f],start_interpolation: 0,interpolation_duration: 1}
$data merge entity $(bone_scythe) {transformation: [0.9028f,-1.4131f,-0.3261f,0.1834f,1.3697f,0.9571f,-0.3554f,1.7172f,0.4767f,-0.0736f,1.6388f,0.4802f,0f,0f,0f,1f],start_interpolation: 0,interpolation_duration: 1}
$data merge entity $(bone_right2) {transformation: [-0.1909f,-0.5641f,0.8034f,0.0013f,-0.2081f,-0.7766f,-0.5947f,1.4656f,0.9593f,-0.2807f,0.0309f,0.3731f,0f,0f,0f,1f],start_interpolation: 0,interpolation_duration: 1}
$data merge entity $(bone_right1) {transformation: [0.0071f,-0.7903f,-0.6126f,0.8313f,0.9884f,-0.0874f,0.1242f,1.2488f,-0.1517f,-0.6064f,0.7805f,1.0591f,0f,0f,0f,1f],start_interpolation: 0,interpolation_duration: 1}
data modify entity @s data merge value {"cameras":{},"locators":{"hitbox":{"posx":-0.7353476611626439,"posy":2.3938233577405974,"posz":0.44414075887843896,"roty":191.2545866661425,"rotx":-12.008558503613958},"hitbox2":{"posx":-0.3389847495794145,"posy":2.995149584809405,"posz":0.6534329253836793,"roty":191.2545866661425,"rotx":-12.008558503613958}}}