# This file was generated by Animated Java via MC-Build. It is not recommended to edit this file directly.
$data merge entity $(bone_hair_side) {transformation: [-0.9914f,-0.0227f,-0.1285f,-0.2658f,-0.0227f,0.9997f,-0.0015f,1.9054f,0.1285f,0.0015f,-0.9917f,0.2897f,0f,0f,0f,1f],start_interpolation: 0,interpolation_duration: 1}
$data merge entity $(bone_hair_side1) {transformation: [-0.9914f,-0.0227f,-0.1285f,0.3229f,-0.0227f,0.9997f,-0.0015f,1.9189f,0.1285f,0.0015f,-0.9917f,0.2134f,0f,0f,0f,1f],start_interpolation: 0,interpolation_duration: 1}
$data merge entity $(bone_beard) {transformation: [-0.9914f,-0.0227f,-0.1285f,0.0367f,-0.0227f,0.9997f,-0.0015f,1.5936f,0.1285f,0.0015f,-0.9917f,0.2583f,0f,0f,0f,1f],start_interpolation: 0,interpolation_duration: 1}
$data merge entity $(bone_head) {transformation: [-0.9914f,0f,-0.1305f,0f,-0.0227f,0.9848f,0.1722f,1.7344f,0.1285f,0.1736f,-0.9764f,0f,0f,0f,0f,1f],start_interpolation: 0,interpolation_duration: 1}
$data merge entity $(bone_body) {transformation: [-0.9979f,0f,-0.5195f,0f,0f,1.125f,0f,1.0625f,0.5195f,0f,-0.9979f,0f,0f,0f,0f,1f],start_interpolation: 0,interpolation_duration: 1}
$data merge entity $(bone_left4) {transformation: [-0.943f,-0.2164f,-0.2527f,0.3603f,-0.2091f,0.9763f,-0.056f,1.1615f,0.2588f,0f,-0.9659f,-0.184f,0f,0f,0f,1f],start_interpolation: 0,interpolation_duration: 1}
$data merge entity $(bone_left3) {transformation: [-0.943f,-0.2164f,-0.2527f,0.3023f,-0.2091f,0.9763f,-0.056f,0.0284f,0.2588f,0f,-0.9659f,-0.1031f,0f,0f,0f,1f],start_interpolation: 0,interpolation_duration: 1}
$data merge entity $(bone_aura) {transformation: [1.48f,-1.8487f,-0.1801f,0.2841f,1.7604f,1.4695f,-0.6184f,3.2663f,0.5928f,0.2519f,2.286f,0.8766f,0f,0f,0f,1f],start_interpolation: 0,interpolation_duration: 1}
$data merge entity $(bone_scythe) {transformation: [1.0645f,-1.3298f,-0.1295f,0.2446f,1.2662f,1.057f,-0.4448f,1.6747f,0.4264f,0.1812f,1.6443f,0.4429f,0f,0f,0f,1f],start_interpolation: 0,interpolation_duration: 1}
$data merge entity $(bone_right2) {transformation: [-0.0758f,-0.6565f,0.7505f,0.0303f,-0.2604f,-0.7135f,-0.6505f,1.4447f,0.9625f,-0.2447f,-0.1168f,0.3476f,0f,0f,0f,1f],start_interpolation: 0,interpolation_duration: 1}
$data merge entity $(bone_right1) {transformation: [0.0603f,-0.8682f,-0.4926f,0.9249f,0.9869f,-0.0221f,0.1598f,1.1595f,-0.1496f,-0.4958f,0.8555f,0.9159f,0f,0f,0f,1f],start_interpolation: 0,interpolation_duration: 1}
data modify entity @s data merge value {"cameras":{},"locators":{"scythe_blade":{"posx":-0.22462048547112834,"posy":2.8784299845079078,"posz":0.7316106570618508,"roty":184.50466366730925,"rotx":-15.093061195336418},"scythe_pole":{"posx":0.0767289258542656,"posy":1.7888004324149267,"posz":0.4605784237398939,"roty":184.50466366730925,"rotx":-15.093061195336418}}}