# This file was generated by Animated Java via MC-Build. It is not recommended to edit this file directly.
$data merge entity $(bone_hair_side) {transformation: [-0.9894f,-0.0252f,-0.1427f,-0.262f,-0.0251f,0.9997f,-0.002f,1.9048f,0.1427f,0.0016f,-0.9898f,0.2935f,0f,0f,0f,1f],start_interpolation: 0,interpolation_duration: 1}
$data merge entity $(bone_hair_side1) {transformation: [-0.9894f,-0.0252f,-0.1427f,0.3254f,-0.0251f,0.9997f,-0.002f,1.9197f,0.1427f,0.0016f,-0.9898f,0.2087f,0f,0f,0f,1f],start_interpolation: 0,interpolation_duration: 1}
$data merge entity $(bone_beard) {transformation: [-0.9894f,-0.0252f,-0.1427f,0.0408f,-0.0251f,0.9997f,-0.002f,1.5938f,0.1427f,0.0016f,-0.9898f,0.2578f,0f,0f,0f,1f],start_interpolation: 0,interpolation_duration: 1}
$data merge entity $(bone_head) {transformation: [-0.9894f,0f,-0.1449f,0f,-0.0251f,0.9848f,0.1716f,1.7344f,0.1427f,0.1735f,-0.9744f,0f,0f,0f,0f,1f],start_interpolation: 0,interpolation_duration: 1}
$data merge entity $(bone_body) {transformation: [-0.9632f,0f,-0.5813f,0f,0f,1.125f,0f,1.0625f,0.5813f,0f,-0.9632f,0f,0f,0f,0f,1f],start_interpolation: 0,interpolation_duration: 1}
$data merge entity $(bone_left4) {transformation: [-0.784f,-0.2527f,-0.567f,0.3726f,-0.3157f,0.9488f,0.0136f,1.1678f,0.5345f,0.1896f,-0.8236f,-0.2588f,0f,0f,0f,1f],start_interpolation: 0,interpolation_duration: 1}
$data merge entity $(bone_left3) {transformation: [-0.784f,-0.2527f,-0.567f,0.404f,-0.3157f,0.9488f,0.0136f,0.0314f,0.5345f,0.1896f,-0.8236f,-0.2991f,0f,0f,0f,1f],start_interpolation: 0,interpolation_duration: 1}
$data merge entity $(bone_aura) {transformation: [2.1609f,0.4021f,0.8996f,1.7302f,-0.7128f,2.1351f,0.7577f,1.8448f,-0.6805f,-0.9594f,2.0633f,-0.6162f,0f,0f,0f,1f],start_interpolation: 0,interpolation_duration: 1}
$data merge entity $(bone_scythe) {transformation: [1.5543f,0.2893f,0.6471f,0.3667f,-0.5127f,1.5358f,0.545f,1.3397f,-0.4895f,-0.6901f,1.4841f,0.1638f,0f,0f,0f,1f],start_interpolation: 0,interpolation_duration: 1}
$data merge entity $(bone_right2) {transformation: [0.3754f,-0.9229f,0.0854f,0.058f,0.3199f,0.0425f,-0.9465f,1.3487f,0.8699f,0.3827f,0.3112f,0.2758f,0f,0f,0f,1f],start_interpolation: 0,interpolation_duration: 1}
$data merge entity $(bone_right1) {transformation: [0.2675f,-0.9366f,-0.2264f,0.9565f,0.9622f,0.2721f,0.0112f,0.7627f,0.0511f,-0.2208f,0.974f,0.4913f,0f,0f,0f,1f],start_interpolation: 0,interpolation_duration: 1}
data modify entity @s data merge value {"cameras":{},"locators":{"scythe_blade":{"posx":1.1711471148874781,"posy":2.1635000238838265,"posz":-0.4894523481777485,"roty":156.4419497879692,"rotx":18.603932104608173},"scythe_pole":{"posx":0.38688164331175007,"posy":1.52703509260952,"posz":0.08622339505978978,"roty":156.4419497879692,"rotx":18.603932104608173}}}