# This file was generated by Animated Java via MC-Build. It is not recommended to edit this file directly.
$data merge entity $(bone_hair_side) {transformation: [-0.9945f,-0.0182f,-0.1029f,-0.2724f,-0.0182f,0.9998f,-0.0007f,1.9066f,0.1029f,0.0012f,-0.9947f,0.2828f,0f,0f,0f,1f],start_interpolation: 0,interpolation_duration: 1}
$data merge entity $(bone_hair_side1) {transformation: [-0.9945f,-0.0182f,-0.1029f,0.3181f,-0.0182f,0.9998f,-0.0007f,1.9174f,0.1029f,0.0012f,-0.9947f,0.2217f,0f,0f,0f,1f],start_interpolation: 0,interpolation_duration: 1}
$data merge entity $(bone_beard) {transformation: [-0.9945f,-0.0182f,-0.1029f,0.0294f,-0.0182f,0.9998f,-0.0007f,1.5934f,0.1029f,0.0012f,-0.9947f,0.2591f,0f,0f,0f,1f],start_interpolation: 0,interpolation_duration: 1}
$data merge entity $(bone_head) {transformation: [-0.9945f,0f,-0.1045f,0f,-0.0182f,0.9848f,0.1729f,1.7344f,0.1029f,0.1739f,-0.9794f,0f,0f,0f,0f,1f],start_interpolation: 0,interpolation_duration: 1}
$data merge entity $(bone_body) {transformation: [-1.0538f,0f,-0.394f,0f,0f,1.125f,0f,1.0625f,0.394f,0f,-1.0538f,0f,0f,0f,0f,1f],start_interpolation: 0,interpolation_duration: 1}
$data merge entity $(bone_left4) {transformation: [-0.9584f,-0.2164f,-0.1863f,0.3601f,-0.2125f,0.9763f,-0.0413f,1.1615f,0.1908f,0f,-0.9816f,-0.1349f,0f,0f,0f,1f],start_interpolation: 0,interpolation_duration: 1}
$data merge entity $(bone_left3) {transformation: [-0.9584f,-0.2164f,-0.1863f,0.2973f,-0.2125f,0.9763f,-0.0413f,0.0273f,0.1908f,0f,-0.9816f,-0.0753f,0f,0f,0f,1f],start_interpolation: 0,interpolation_duration: 1}
$data merge entity $(bone_scythe) {transformation: [0.1136f,1.6241f,-0.5175f,0.0818f,-0.5932f,0.5239f,1.514f,1.3067f,1.598f,0.079f,0.5987f,0.7159f,0f,0f,0f,1f],start_interpolation: 0,interpolation_duration: 1}
$data merge entity $(bone_right2) {transformation: [-0.3044f,-0.4602f,-0.834f,-0.0645f,0.8876f,0.1806f,-0.4237f,1.352f,0.3456f,-0.8693f,0.3535f,0.4253f,0f,0f,0f,1f],start_interpolation: 0,interpolation_duration: 1}
$data merge entity $(bone_right1) {transformation: [0.2634f,-0.5654f,-0.7816f,0.4452f,0.9562f,0.2605f,0.1338f,0.7806f,0.1279f,-0.7826f,0.6092f,1.2046f,0f,0f,0f,1f],start_interpolation: 0,interpolation_duration: 1}