# This file was generated by Animated Java via MC-Build. It is not recommended to edit this file directly.
$data merge entity $(bone_hair_side) {transformation: [-0.9969f,-0.0136f,-0.0773f,-0.2788f,-0.0137f,0.9999f,-0.0002f,1.9078f,0.0773f,0.0009f,-0.997f,0.2757f,0f,0f,0f,1f],start_interpolation: 0,interpolation_duration: 1}
$data merge entity $(bone_hair_side1) {transformation: [-0.9969f,-0.0136f,-0.0773f,0.3131f,-0.0137f,0.9999f,-0.0002f,1.9159f,0.0773f,0.0009f,-0.997f,0.2299f,0f,0f,0f,1f],start_interpolation: 0,interpolation_duration: 1}
$data merge entity $(bone_beard) {transformation: [-0.9969f,-0.0136f,-0.0773f,0.0221f,-0.0137f,0.9999f,-0.0002f,1.5933f,0.0773f,0.0009f,-0.997f,0.2598f,0f,0f,0f,1f],start_interpolation: 0,interpolation_duration: 1}
$data merge entity $(bone_head) {transformation: [-0.9969f,0f,-0.0785f,0f,-0.0137f,0.9847f,0.1735f,1.7344f,0.0773f,0.174f,-0.9817f,0f,0f,0f,0f,1f],start_interpolation: 0,interpolation_duration: 1}
$data merge entity $(bone_body) {transformation: [-1.0939f,0f,-0.2626f,0f,0f,1.125f,0f,1.0625f,0.2626f,0f,-1.0939f,0f,0f,0f,0f,1f],start_interpolation: 0,interpolation_duration: 1}
$data merge entity $(bone_left4) {transformation: [-0.969f,-0.2164f,-0.119f,0.3599f,-0.2148f,0.9763f,-0.0264f,1.1615f,0.1219f,0f,-0.9925f,-0.0859f,0f,0f,0f,1f],start_interpolation: 0,interpolation_duration: 1}
$data merge entity $(bone_left3) {transformation: [-0.969f,-0.2164f,-0.119f,0.2939f,-0.2148f,0.9763f,-0.0264f,0.0265f,0.1219f,0f,-0.9925f,-0.0478f,0f,0f,0f,1f],start_interpolation: 0,interpolation_duration: 1}
$data merge entity $(bone_scythe) {transformation: [-0.8422f,1.468f,-0.2326f,-0.264f,-0.2686f,0.1126f,1.6833f,1.3795f,1.4619f,0.8664f,0.1753f,0.7926f,0f,0f,0f,1f],start_interpolation: 0,interpolation_duration: 1}
$data merge entity $(bone_right2) {transformation: [-0.1347f,0.0846f,-0.9873f,-0.2341f,0.9861f,0.1095f,-0.1251f,1.4f,0.0976f,-0.9904f,-0.0982f,0.4661f,0f,0f,0f,1f],start_interpolation: 0,interpolation_duration: 1}
$data merge entity $(bone_right1) {transformation: [0.2167f,-0.0484f,-0.975f,-0.2511f,0.971f,0.1142f,0.2101f,0.977f,0.1012f,-0.9923f,0.0718f,1.4732f,0f,0f,0f,1f],start_interpolation: 0,interpolation_duration: 1}