# This file was generated by Animated Java via MC-Build. It is not recommended to edit this file directly.
$data merge entity $(bone_hair_side) {transformation: [-0.9986f,-0.0091f,-0.0515f,-0.285f,-0.0091f,1f,0.0001f,1.9091f,0.0515f,0.0006f,-0.9987f,0.2685f,0f,0f,0f,1f],start_interpolation: 0,interpolation_duration: 1}
$data merge entity $(bone_hair_side1) {transformation: [-0.9986f,-0.0091f,-0.0515f,0.3079f,-0.0091f,1f,0.0001f,1.9145f,0.0515f,0.0006f,-0.9987f,0.2379f,0f,0f,0f,1f],start_interpolation: 0,interpolation_duration: 1}
$data merge entity $(bone_beard) {transformation: [-0.9986f,-0.0091f,-0.0515f,0.0147f,-0.0091f,1f,0.0001f,1.5932f,0.0515f,0.0006f,-0.9987f,0.2603f,0f,0f,0f,1f],start_interpolation: 0,interpolation_duration: 1}
$data merge entity $(bone_head) {transformation: [-0.9986f,0f,-0.0523f,0f,-0.0091f,0.9847f,0.1738f,1.7344f,0.0515f,0.174f,-0.9834f,0f,0f,0f,0f,1f],start_interpolation: 0,interpolation_duration: 1}
$data merge entity $(bone_body) {transformation: [-1.1178f,0f,-0.1274f,0f,0f,1.125f,0f,1.0625f,0.1274f,0f,-1.1178f,0f,0f,0f,0f,1f],start_interpolation: 0,interpolation_duration: 1}
$data merge entity $(bone_left4) {transformation: [-0.975f,-0.2164f,-0.0511f,0.3599f,-0.2161f,0.9763f,-0.0113f,1.1614f,0.0523f,0f,-0.9986f,-0.0368f,0f,0f,0f,1f],start_interpolation: 0,interpolation_duration: 1}
$data merge entity $(bone_left3) {transformation: [-0.975f,-0.2164f,-0.0511f,0.2919f,-0.2161f,0.9763f,-0.0113f,0.0261f,0.0523f,0f,-0.9986f,-0.0204f,0f,0f,0f,1f],start_interpolation: 0,interpolation_duration: 1}
$data merge entity $(bone_aura) {transformation: [-2.1221f,1.0664f,0.0094f,-1.3576f,-0.0541f,-0.1286f,2.3709f,1.3678f,1.0651f,2.1182f,0.1392f,2.1217f,0f,0f,0f,1f],start_interpolation: 0,interpolation_duration: 1}
$data merge entity $(bone_scythe) {transformation: [-1.5264f,0.7671f,0.0067f,-0.6339f,-0.0389f,-0.0925f,1.7054f,1.4519f,0.7661f,1.5236f,0.1001f,0.6412f,0f,0f,0f,1f],start_interpolation: 0,interpolation_duration: 1}
$data merge entity $(bone_right2) {transformation: [0.008f,0.6203f,-0.7844f,-0.4305f,0.9984f,0.0383f,0.0405f,1.4489f,0.0552f,-0.7835f,-0.619f,0.3833f,0f,0f,0f,1f],start_interpolation: 0,interpolation_duration: 1}
$data merge entity $(bone_right1) {transformation: [0.1566f,0.55f,-0.8203f,-1.0552f,0.9857f,-0.0346f,0.165f,1.1771f,0.0623f,-0.8344f,-0.5476f,1.2374f,0f,0f,0f,1f],start_interpolation: 0,interpolation_duration: 1}
execute on vehicle unless entity @s[tag=aj.transforms_only] positioned ^-0.7220261709 ^1.3748309437 ^1.9598469889 rotated ~176.144086677 ~86.6328434601 run function animated_java:lich/animations/shotgun/zzz/frames/21_locator_commands
execute on vehicle unless entity @s[tag=aj.transforms_only] positioned ^-0.5286982831 ^1.4412483924 ^0.8153927302 rotated ~176.144086677 ~86.6328434601 run function animated_java:lich/animations/shotgun/zzz/frames/21_locator_commands
data modify entity @s data merge value {"cameras":{},"locators":{"scythe_blade":{"posx":-0.7220261709331615,"posy":1.3748309437350874,"posz":1.9598469889311962,"roty":176.1440866769587,"rotx":86.6328434601437},"scythe_pole":{"posx":-0.5286982831145701,"posy":1.4412483923770871,"posz":0.8153927302089491,"roty":176.1440866769587,"rotx":86.6328434601437}}}