# This file was generated by Animated Java via MC-Build. It is not recommended to edit this file directly.
$data merge entity $(bone_hair_side) {transformation: [-0.9988f,-0.0086f,-0.0485f,-0.2858f,-0.0086f,1f,0.0001f,-0.5283f,0.0484f,0.0006f,-0.9988f,0.2676f,0f,0f,0f,1f],start_interpolation: 0,interpolation_duration: 1}
$data merge entity $(bone_hair_side1) {transformation: [-0.9988f,-0.0086f,-0.0485f,0.3073f,-0.0086f,1f,0.0001f,-0.5232f,0.0484f,0.0006f,-0.9988f,0.2388f,0f,0f,0f,1f],start_interpolation: 0,interpolation_duration: 1}
$data merge entity $(bone_beard) {transformation: [-0.9988f,-0.0086f,-0.0485f,0.0138f,-0.0086f,1f,0.0001f,-0.8443f,0.0484f,0.0006f,-0.9988f,0.2603f,0f,0f,0f,1f],start_interpolation: 0,interpolation_duration: 1}
$data merge entity $(bone_head) {transformation: [-0.9988f,0f,-0.0492f,0f,-0.0086f,0.9847f,0.1738f,-0.7031f,0.0484f,0.174f,-0.9836f,0f,0f,0f,0f,1f],start_interpolation: 0,interpolation_duration: 1}
$data merge entity $(bone_body) {transformation: [-1.1195f,0f,-0.111f,0f,0f,1.125f,0f,-1.375f,0.111f,0f,-1.1195f,0f,0f,0f,0f,1f],start_interpolation: 0,interpolation_duration: 1}
$data merge entity $(bone_left4) {transformation: [-0.9541f,-0.2598f,-0.1491f,0.3723f,-0.268f,0.9627f,0.0376f,-1.273f,0.1338f,0.0758f,-0.9881f,-0.0509f,0f,0f,0f,1f],start_interpolation: 0,interpolation_duration: 1}
$data merge entity $(bone_left3) {transformation: [-0.9541f,-0.2598f,-0.1491f,0.3583f,-0.268f,0.9627f,0.0376f,-2.4096f,0.1338f,0.0758f,-0.9881f,-0.092f,0f,0f,0f,1f],start_interpolation: 0,interpolation_duration: 1}
$data merge entity $(bone_aura) {transformation: [-2.1221f,1.0664f,0.0094f,-1.3576f,-0.0541f,-0.1286f,2.3709f,-1.0697f,1.0651f,2.1182f,0.1392f,2.1217f,0f,0f,0f,1f],start_interpolation: 0,interpolation_duration: 1}
$data merge entity $(bone_scythe) {transformation: [-1.5264f,0.7671f,0.0067f,-0.6339f,-0.0389f,-0.0925f,1.7054f,-0.9856f,0.7661f,1.5236f,0.1001f,0.6412f,0f,0f,0f,1f],start_interpolation: 0,interpolation_duration: 1}
$data merge entity $(bone_right2) {transformation: [0.008f,0.6203f,-0.7844f,-0.4305f,0.9984f,0.0383f,0.0405f,-0.9886f,0.0552f,-0.7835f,-0.619f,0.3833f,0f,0f,0f,1f],start_interpolation: 0,interpolation_duration: 1}
$data merge entity $(bone_right1) {transformation: [0.1566f,0.55f,-0.8203f,-1.0552f,0.9857f,-0.0346f,0.165f,-1.2604f,0.0623f,-0.8344f,-0.5476f,1.2374f,0f,0f,0f,1f],start_interpolation: 0,interpolation_duration: 1}
execute on vehicle unless entity @s[tag=aj.transforms_only] positioned ^-0.7220261709 ^-1.0626690563 ^1.9598469889 rotated ~176.144086677 ~86.6328434601 run function animated_java:lich/animations/shotgun/zzz/frames/21_locator_commands
execute on vehicle unless entity @s[tag=aj.transforms_only] positioned ^-0.5286982831 ^-0.9962516076 ^0.8153927302 rotated ~176.144086677 ~86.6328434601 run function animated_java:lich/animations/shotgun/zzz/frames/21_locator_commands
data modify entity @s data merge value {"cameras":{},"locators":{"scythe_blade":{"posx":-0.7220261709331615,"posy":-1.0626690562649126,"posz":1.9598469889311962,"roty":176.1440866769587,"rotx":86.6328434601437},"scythe_pole":{"posx":-0.5286982831145701,"posy":-0.9962516076229131,"posz":0.8153927302089491,"roty":176.1440866769587,"rotx":86.6328434601437}}}