# This file was generated by Animated Java via MC-Build. It is not recommended to edit this file directly.
$data merge entity $(bone_hair_side) {transformation: [-0.9997f,-0.0046f,-0.0258f,-0.2911f,-0.0046f,1f,0.0002f,1.9104f,0.0258f,0.0003f,-0.9997f,0.261f,0f,0f,0f,1f],start_interpolation: 0,interpolation_duration: 1}
$data merge entity $(bone_hair_side1) {transformation: [-0.9997f,-0.0046f,-0.0258f,0.3025f,-0.0046f,1f,0.0002f,1.9131f,0.0258f,0.0003f,-0.9997f,0.2457f,0f,0f,0f,1f],start_interpolation: 0,interpolation_duration: 1}
$data merge entity $(bone_beard) {transformation: [-0.9997f,-0.0046f,-0.0258f,0.0074f,-0.0046f,1f,0.0002f,1.5932f,0.0258f,0.0003f,-0.9997f,0.2606f,0f,0f,0f,1f],start_interpolation: 0,interpolation_duration: 1}
$data merge entity $(bone_head) {transformation: [-0.9997f,0f,-0.0262f,0f,-0.0046f,0.9848f,0.1738f,1.7344f,0.0258f,0.1739f,-0.9844f,0f,0f,0f,0f,1f],start_interpolation: 0,interpolation_duration: 1}
$data merge entity $(bone_body) {transformation: [-1.125f,0f,0.0098f,0f,0f,1.125f,0f,1.0625f,-0.0098f,0f,-1.125f,0f,0f,0f,0f,1f],start_interpolation: 0,interpolation_duration: 1}
$data merge entity $(bone_left4) {transformation: [-0.9761f,-0.2164f,0.017f,0.3598f,-0.2164f,0.9763f,0.0038f,1.1614f,-0.0175f,0f,-0.9998f,0.0123f,0f,0f,0f,1f],start_interpolation: 0,interpolation_duration: 1}
$data merge entity $(bone_left3) {transformation: [-0.9761f,-0.2164f,0.017f,0.2915f,-0.2164f,0.9763f,0.0038f,0.026f,-0.0175f,0f,-0.9998f,0.0068f,0f,0f,0f,1f],start_interpolation: 0,interpolation_duration: 1}
$data merge entity $(bone_scythe) {transformation: [-1.6723f,-0.1798f,0.2989f,-0.8536f,0.319f,-0.196f,1.6668f,1.5209f,-0.1411f,1.6875f,0.2255f,0.3239f,0f,0f,0f,1f],start_interpolation: 0,interpolation_duration: 1}
$data merge entity $(bone_right2) {transformation: [0.1802f,0.9309f,-0.3179f,-0.551f,0.9749f,-0.1259f,0.1839f,1.4644f,0.1312f,-0.343f,-0.9301f,0.2093f,0f,0f,0f,1f],start_interpolation: 0,interpolation_duration: 1}
$data merge entity $(bone_right1) {transformation: [0.0991f,0.9174f,-0.3855f,-1.5424f,0.9948f,-0.0819f,0.0608f,1.2392f,0.0243f,-0.3895f,-0.9207f,0.6095f,0f,0f,0f,1f],start_interpolation: 0,interpolation_duration: 1}
data modify entity @s data merge value {"cameras":{},"locators":{"hitbox":{"posx":-1.0195579215909882,"posy":1.3987623624850885,"posz":1.4467362479948846,"roty":127.02712365272473,"rotx":77.33915592667756},"hitbox2":{"posx":-1.7537569519494824,"posy":1.5388152526956127,"posz":1.3847929532461767,"roty":127.02712365272473,"rotx":77.33915592667756}}}