# This file was generated by Animated Java via MC-Build. It is not recommended to edit this file directly.
$data merge entity $(bone_hair_side) {transformation: [-0.9998f,-0.0035f,-0.0196f,-0.2925f,-0.0035f,1f,0.0002f,-0.5268f,0.0196f,0.0002f,-0.9998f,0.2592f,0f,0f,0f,1f],start_interpolation: 0,interpolation_duration: 1}
$data merge entity $(bone_hair_side1) {transformation: [-0.9998f,-0.0035f,-0.0196f,0.3012f,-0.0035f,1f,0.0002f,-0.5247f,0.0196f,0.0002f,-0.9998f,0.2476f,0f,0f,0f,1f],start_interpolation: 0,interpolation_duration: 1}
$data merge entity $(bone_beard) {transformation: [-0.9998f,-0.0035f,-0.0196f,0.0056f,-0.0035f,1f,0.0002f,-0.8443f,0.0196f,0.0002f,-0.9998f,0.2606f,0f,0f,0f,1f],start_interpolation: 0,interpolation_duration: 1}
$data merge entity $(bone_head) {transformation: [-0.9998f,0f,-0.0199f,0f,-0.0035f,0.9848f,0.1738f,-0.7031f,0.0196f,0.1738f,-0.9846f,0f,0f,0f,0f,1f],start_interpolation: 0,interpolation_duration: 1}
$data merge entity $(bone_body) {transformation: [-1.1242f,0f,0.0428f,0f,0f,1.125f,0f,-1.375f,-0.0428f,0f,-1.1242f,0f,0f,0f,0f,1f],start_interpolation: 0,interpolation_duration: 1}
$data merge entity $(bone_left4) {transformation: [-0.9712f,-0.2382f,-0.0096f,0.366f,-0.2384f,0.9707f,0.0295f,-1.2748f,0.0023f,0.031f,-0.9995f,0.0159f,0f,0f,0f,1f],start_interpolation: 0,interpolation_duration: 1}
$data merge entity $(bone_left3) {transformation: [-0.9712f,-0.2382f,-0.0096f,0.323f,-0.2384f,0.9707f,0.0295f,-2.411f,0.0023f,0.031f,-0.9995f,-0.0173f,0f,0f,0f,1f],start_interpolation: 0,interpolation_duration: 1}
$data merge entity $(bone_aura) {transformation: [-2.325f,-0.2499f,0.4156f,-2.2437f,0.4435f,-0.2725f,2.3173f,-0.7863f,-0.1962f,2.346f,0.3135f,1.2033f,0f,0f,0f,1f],start_interpolation: 0,interpolation_duration: 1}
$data merge entity $(bone_scythe) {transformation: [-1.6723f,-0.1798f,0.2989f,-0.8536f,0.319f,-0.196f,1.6668f,-0.9166f,-0.1411f,1.6875f,0.2255f,0.3239f,0f,0f,0f,1f],start_interpolation: 0,interpolation_duration: 1}
$data merge entity $(bone_right2) {transformation: [0.1802f,0.9309f,-0.3179f,-0.551f,0.9749f,-0.1259f,0.1839f,-0.9731f,0.1312f,-0.343f,-0.9301f,0.2093f,0f,0f,0f,1f],start_interpolation: 0,interpolation_duration: 1}
$data merge entity $(bone_right1) {transformation: [0.0991f,0.9174f,-0.3855f,-1.5424f,0.9948f,-0.0819f,0.0608f,-1.1983f,0.0243f,-0.3895f,-0.9207f,0.6095f,0f,0f,0f,1f],start_interpolation: 0,interpolation_duration: 1}
execute on vehicle unless entity @s[tag=aj.transforms_only] positioned ^-1.6313904469 ^-0.9220268957 ^1.3951168357 rotated ~127.0271236527 ~77.3391559267 run function animated_java:lich/animations/shotgun/zzz/frames/22_locator_commands
execute on vehicle unless entity @s[tag=aj.transforms_only] positioned ^-0.8597215864 ^-0.9428252688 ^0.525831441 rotated ~127.0271236527 ~77.3391559267 run function animated_java:lich/animations/shotgun/zzz/frames/22_locator_commands
data modify entity @s data merge value {"cameras":{},"locators":{"scythe_blade":{"posx":-1.6313904468897333,"posy":-0.922026895672808,"posz":1.3951168357042945,"roty":127.02712365272473,"rotx":77.33915592667756},"scythe_pole":{"posx":-0.8597215863635432,"posy":-0.9428252687849372,"posz":0.5258314410437729,"roty":127.02712365272473,"rotx":77.33915592667756}}}