# This file was generated by Animated Java via MC-Build. It is not recommended to edit this file directly.
$data merge entity $(bone_hair_side) {transformation: [-1f,0.0017f,0.0095f,-0.299f,0.0017f,1f,-0.0001f,1.9124f,-0.0095f,-0.0001f,-1f,0.2505f,0f,0f,0f,1f],start_interpolation: 0,interpolation_duration: 1}
$data merge entity $(bone_hair_side1) {transformation: [-1f,0.0017f,0.0095f,0.2947f,0.0017f,1f,-0.0001f,1.9113f,-0.0095f,-0.0001f,-1f,0.2562f,0f,0f,0f,1f],start_interpolation: 0,interpolation_duration: 1}
$data merge entity $(bone_beard) {transformation: [-1f,0.0017f,0.0095f,-0.0027f,0.0017f,1f,-0.0001f,1.5932f,-0.0095f,-0.0001f,-1f,0.2607f,0f,0f,0f,1f],start_interpolation: 0,interpolation_duration: 1}
$data merge entity $(bone_head) {transformation: [-1f,0f,0.0097f,0f,0.0017f,0.9848f,0.1735f,1.7344f,-0.0095f,0.1735f,-0.9848f,0f,0f,0f,0f,1f],start_interpolation: 0,interpolation_duration: 1}
$data merge entity $(bone_body) {transformation: [-1.1066f,0f,0.2025f,0f,0f,1.125f,0f,1.0625f,-0.2025f,0f,-1.1066f,0f,0f,0f,0f,1f],start_interpolation: 0,interpolation_duration: 1}
$data merge entity $(bone_left4) {transformation: [-0.9698f,-0.2037f,0.134f,0.3564f,-0.2039f,0.9789f,0.0127f,1.1609f,-0.1337f,-0.015f,-0.9909f,0.0857f,0f,0f,0f,1f],start_interpolation: 0,interpolation_duration: 1}
$data merge entity $(bone_left3) {transformation: [-0.9698f,-0.2037f,0.134f,0.2761f,-0.2039f,0.9789f,0.0127f,0.0265f,-0.1337f,-0.015f,-0.9909f,0.0603f,0f,0f,0f,1f],start_interpolation: 0,interpolation_duration: 1}
$data merge entity $(bone_aura) {transformation: [-1.7888f,-1.5336f,0.2983f,-2.5142f,0.8402f,-0.562f,2.1492f,1.7775f,-1.3172f,1.7242f,0.9658f,-0.0672f,0f,0f,0f,1f],start_interpolation: 0,interpolation_duration: 1}
$data merge entity $(bone_scythe) {transformation: [-1.2867f,-1.1031f,0.2146f,-0.8799f,0.6043f,-0.4042f,1.5459f,1.5498f,-0.9474f,1.2402f,0.6947f,-0.0653f,0f,0f,0f,1f],start_interpolation: 0,interpolation_duration: 1}
$data merge entity $(bone_right2) {transformation: [0.1303f,0.9547f,0.2674f,-0.5687f,0.9034f,-0.2254f,0.3648f,1.4617f,0.4086f,0.194f,-0.8919f,-0.008f,0f,0f,0f,1f],start_interpolation: 0,interpolation_duration: 1}
$data merge entity $(bone_right1) {transformation: [0.077f,0.9783f,0.1924f,-1.6169f,0.997f,-0.0737f,-0.0243f,1.2273f,-0.0096f,0.1937f,-0.981f,-0.2077f,0f,0f,0f,1f],start_interpolation: 0,interpolation_duration: 1}
data modify entity @s data merge value {"cameras":{},"locators":{"scythe_blade":{"posx":-2.122489958412532,"posy":1.5175554435486447,"posz":0.390204446287871,"roty":162.8362361558069,"rotx":64.81118536810986},"scythe_pole":{"posx":-0.9993217699073023,"posy":1.496178489235783,"posz":0.09087394975571719,"roty":162.8362361558069,"rotx":64.81118536810986}}}