# This file was generated by Animated Java via MC-Build. It is not recommended to edit this file directly.
$data merge entity $(bone_body) {transformation: [-1.1202f,0f,0.1035f,0f,0f,1.125f,0f,-1.375f,-0.1035f,0f,-1.1202f,0f,0f,0f,0f,1f],start_interpolation: 0,interpolation_duration: 1}
$data merge entity $(bone_left4) {transformation: [-0.9745f,-0.2164f,0.0599f,0.3599f,-0.216f,0.9763f,0.0133f,-1.2761f,-0.0614f,0f,-0.9981f,0.0432f,0f,0f,0f,1f],start_interpolation: 0,interpolation_duration: 1}
$data merge entity $(bone_left3) {transformation: [-0.9745f,-0.2164f,0.0599f,0.2921f,-0.216f,0.9763f,0.0133f,-2.4114f,-0.0614f,0f,-0.9981f,0.024f,0f,0f,0f,1f],start_interpolation: 0,interpolation_duration: 1}
$data merge entity $(bone_aura) {transformation: [-2.2834f,-0.5712f,0.3169f,-2.4099f,0.1539f,0.6495f,2.2793f,-0.6455f,-0.6348f,2.2119f,-0.5875f,0.6193f,0f,0f,0f,1f],start_interpolation: 0,interpolation_duration: 1}
$data merge entity $(bone_scythe) {transformation: [-1.6425f,-0.4108f,0.2279f,-0.9076f,0.1107f,0.4672f,1.6395f,-1.004f,-0.4566f,1.591f,-0.4226f,0.0388f,0f,0f,0f,1f],start_interpolation: 0,interpolation_duration: 1}
$data merge entity $(bone_right2) {transformation: [0.137f,0.9901f,-0.0306f,-0.5848f,0.9594f,-0.1403f,-0.2448f,-1.065f,-0.2466f,0.0041f,-0.9691f,0.044f,0f,0f,0f,1f],start_interpolation: 0,interpolation_duration: 1}
$data merge entity $(bone_right1) {transformation: [-0.2013f,0.9795f,0f,-1.5524f,0.9795f,0.2013f,0f,-1.5829f,0f,0f,-1f,0.044f,0f,0f,0f,1f],start_interpolation: 0,interpolation_duration: 1}
data modify entity @s data merge value {"cameras":{},"locators":{"scythe_blade":{"posx":-1.8278274411123023,"posy":-0.6485051162167781,"posz":0.9214849151466157,"roty":28.34376038299618,"rotx":73.67693576818778},"scythe_pole":{"posx":-0.941383478687214,"posy":-0.9494357204327545,"posz":0.23212262075685472,"roty":28.34376038299618,"rotx":73.67693576818778}}}