# This file was generated by Animated Java via MC-Build. It is not recommended to edit this file directly.
$data merge entity $(bone_body) {transformation: [-1.1207f,0f,0.0981f,0f,0f,1.125f,0f,1.0625f,-0.0981f,0f,-1.1207f,0f,0f,0f,0f,1f],start_interpolation: 0,interpolation_duration: 1}
$data merge entity $(bone_left4) {transformation: [-0.9746f,-0.2164f,0.0568f,0.3599f,-0.2161f,0.9763f,0.0126f,1.1614f,-0.0581f,0f,-0.9983f,0.0409f,0f,0f,0f,1f],start_interpolation: 0,interpolation_duration: 1}
$data merge entity $(bone_left3) {transformation: [-0.9746f,-0.2164f,0.0568f,0.292f,-0.2161f,0.9763f,0.0126f,0.0261f,-0.0581f,0f,-0.9983f,0.0227f,0f,0f,0f,1f],start_interpolation: 0,interpolation_duration: 1}
$data merge entity $(bone_scythe) {transformation: [-2.2834f,-0.5712f,0.3169f,-0.9076f,0.1539f,0.6495f,2.2793f,1.4335f,-0.6348f,2.2119f,-0.5875f,0.0388f,0f,0f,0f,1f],start_interpolation: 0,interpolation_duration: 1}
$data merge entity $(bone_right2) {transformation: [0.137f,0.9901f,-0.0306f,-0.5848f,0.9594f,-0.1403f,-0.2448f,1.3725f,-0.2466f,0.0041f,-0.9691f,0.044f,0f,0f,0f,1f],start_interpolation: 0,interpolation_duration: 1}
$data merge entity $(bone_right1) {transformation: [-0.2013f,0.9795f,0f,-1.5524f,0.9795f,0.2013f,0f,0.8546f,0f,0f,-1f,0.044f,0f,0f,0f,1f],start_interpolation: 0,interpolation_duration: 1}
data modify entity @s data merge value {"cameras":{},"locators":{"scythe_blade":{"posx":-1.8278274411123023,"posy":1.788994883783222,"posz":0.9214849151466157,"roty":28.34376038299618,"rotx":73.67693576818778},"scythe_pole":{"posx":-0.941383478687214,"posy":1.4880642795672454,"posz":0.23212262075685472,"roty":28.34376038299618,"rotx":73.67693576818778}}}