# This file was generated by Animated Java via MC-Build. It is not recommended to edit this file directly.
$data merge entity $(bone_hair_side) {transformation: [-0.9996f,-0.0046f,-0.0262f,-0.291f,-0.0046f,1f,0.0002f,-0.5271f,0.0262f,0.0003f,-0.9997f,0.2612f,0f,0f,0f,1f],start_interpolation: 0,interpolation_duration: 1}
$data merge entity $(bone_hair_side1) {transformation: [-0.9996f,-0.0046f,-0.0262f,0.3026f,-0.0046f,1f,0.0002f,-0.5244f,0.0262f,0.0003f,-0.9997f,0.2456f,0f,0f,0f,1f],start_interpolation: 0,interpolation_duration: 1}
$data merge entity $(bone_beard) {transformation: [-0.9996f,-0.0046f,-0.0262f,0.0075f,-0.0046f,1f,0.0002f,-0.8443f,0.0262f,0.0003f,-0.9997f,0.2606f,0f,0f,0f,1f],start_interpolation: 0,interpolation_duration: 1}
$data merge entity $(bone_head) {transformation: [-0.9996f,0f,-0.0266f,0f,-0.0046f,0.9848f,0.1738f,-0.7031f,0.0262f,0.1739f,-0.9844f,0f,0f,0f,0f,1f],start_interpolation: 0,interpolation_duration: 1}
$data merge entity $(bone_body) {transformation: [-1.1197f,0f,-0.1095f,0f,0f,1.125f,0f,-1.375f,0.1095f,0f,-1.1197f,0f,0f,0f,0f,1f],start_interpolation: 0,interpolation_duration: 1}
$data merge entity $(bone_left4) {transformation: [-0.9643f,-0.2414f,-0.1087f,0.367f,-0.2444f,0.9695f,0.0151f,-1.2746f,0.1017f,0.0411f,-0.994f,-0.0482f,0f,0f,0f,1f],start_interpolation: 0,interpolation_duration: 1}
$data merge entity $(bone_left3) {transformation: [-0.9643f,-0.2414f,-0.1087f,0.3297f,-0.2444f,0.9695f,0.0151f,-2.4114f,0.1017f,0.0411f,-0.994f,-0.0614f,0f,0f,0f,1f],start_interpolation: 0,interpolation_duration: 1}
$data merge entity $(bone_aura) {transformation: [-2.0957f,0.3637f,-1.0566f,-1.8225f,0.6604f,2.2146f,-0.5476f,0.2111f,0.9014f,-0.777f,-2.0553f,0.4841f,0f,0f,0f,1f],start_interpolation: 0,interpolation_duration: 1}
$data merge entity $(bone_scythe) {transformation: [-1.5074f,0.2616f,-0.76f,-0.8175f,0.475f,1.593f,-0.3939f,-1.0863f,0.6484f,-0.5589f,-1.4784f,0.3131f,0f,0f,0f,1f],start_interpolation: 0,interpolation_duration: 1}
$data merge entity $(bone_right2) {transformation: [-0.4449f,0.8882f,-0.1145f,-0.5191f,-0.2306f,-0.2371f,-0.9437f,-1.1605f,-0.8654f,-0.3934f,0.3103f,0.1976f,0f,0f,0f,1f],start_interpolation: 0,interpolation_duration: 1}
$data merge entity $(bone_right1) {transformation: [-0.6076f,0.696f,-0.3827f,-1.0669f,0.7934f,0.5094f,-0.3333f,-1.9483f,-0.0371f,-0.5061f,-0.8617f,0.7456f,0f,0f,0f,1f],start_interpolation: 0,interpolation_duration: 1}
data modify entity @s data merge value {"cameras":{},"locators":{"scythe_blade":{"posx":-1.2357034717877977,"posy":0.1641385891764584,"posz":0.1949846118018731,"roty":332.79418469677665,"rotx":-13.329890585325657},"scythe_pole":{"posx":-0.7726187440260688,"posy":-0.901234309993048,"posz":0.24076256095870807,"roty":332.79418469677665,"rotx":-13.329890585325657}}}