# This file was generated by Animated Java via MC-Build. It is not recommended to edit this file directly.
$data merge entity $(bone_body) {transformation: [-1.122f,0f,0.0817f,0f,0f,1.125f,0f,1.0625f,-0.0817f,0f,-1.122f,0f,0f,0f,0f,1f],start_interpolation: 0,interpolation_duration: 1}
$data merge entity $(bone_left4) {transformation: [-0.9751f,-0.2164f,0.0473f,0.3599f,-0.2162f,0.9763f,0.0105f,1.1614f,-0.0485f,0f,-0.9988f,0.0341f,0f,0f,0f,1f],start_interpolation: 0,interpolation_duration: 1}
$data merge entity $(bone_left3) {transformation: [-0.9751f,-0.2164f,0.0473f,0.2919f,-0.2162f,0.9763f,0.0105f,0.0261f,-0.0485f,0f,-0.9988f,0.0189f,0f,0f,0f,1f],start_interpolation: 0,interpolation_duration: 1}
$data merge entity $(bone_scythe) {transformation: [-1.6754f,-0.2961f,0.1539f,-0.9064f,-0.011f,0.8367f,1.4894f,1.3837f,-0.3335f,1.4597f,-0.8225f,0.0271f,0f,0f,0f,1f],start_interpolation: 0,interpolation_duration: 1}
$data merge entity $(bone_right2) {transformation: [0.0931f,0.9945f,-0.0476f,-0.5816f,0.8718f,-0.1046f,-0.4785f,1.3357f,-0.4809f,0.003f,-0.8768f,0.0356f,0f,0f,0f,1f],start_interpolation: 0,interpolation_duration: 1}
$data merge entity $(bone_right1) {transformation: [-0.3168f,0.9485f,0f,-1.4821f,0.9485f,0.3168f,0f,0.7055f,0f,0f,-1f,0.0356f,0f,0f,0f,1f],start_interpolation: 0,interpolation_duration: 1}
data modify entity @s data merge value {"cameras":{},"locators":{"hitbox":{"posx":-1.1500904783832213,"posy":1.942008071366181,"posz":0.9925360333218066,"roty":10.599132392518811,"rotx":60.67250510780719},"hitbox2":{"posx":-1.8856427705658032,"posy":1.9371604676554195,"posz":0.8461142924387902,"roty":10.599132392518811,"rotx":60.67250510780719}}}