# This file was generated by Animated Java via MC-Build. It is not recommended to edit this file directly.
$data merge entity $(bone_body) {transformation: [-1.1231f,0f,0.0654f,0f,0f,1.125f,0f,1.0625f,-0.0654f,0f,-1.1231f,0f,0f,0f,0f,1f],start_interpolation: 0,interpolation_duration: 1}
$data merge entity $(bone_left4) {transformation: [-0.9756f,-0.2164f,0.0379f,0.3599f,-0.2163f,0.9763f,0.0084f,1.1614f,-0.0388f,0f,-0.9992f,0.0273f,0f,0f,0f,1f],start_interpolation: 0,interpolation_duration: 1}
$data merge entity $(bone_left3) {transformation: [-0.9756f,-0.2164f,0.0379f,0.2917f,-0.2163f,0.9763f,0.0084f,0.026f,-0.0388f,0f,-0.9992f,0.0151f,0f,0f,0f,1f],start_interpolation: 0,interpolation_duration: 1}
$data merge entity $(bone_scythe) {transformation: [-2.3541f,-0.293f,0.1142f,-0.9004f,-0.121f,1.6398f,1.7138f,1.3334f,-0.2903f,1.6929f,-1.6403f,0.0155f,0f,0f,0f,1f],start_interpolation: 0,interpolation_duration: 1}
$data merge entity $(bone_right2) {transformation: [0.0505f,0.9977f,-0.0456f,-0.5738f,0.7218f,-0.068f,-0.6888f,1.2998f,-0.6903f,0.0019f,-0.7235f,0.0269f,0f,0f,0f,1f],start_interpolation: 0,interpolation_duration: 1}
$data merge entity $(bone_right1) {transformation: [-0.4311f,0.9023f,0f,-1.3916f,0.9023f,0.4311f,0f,0.5628f,0f,0f,-1f,0.0269f,0f,0f,0f,1f],start_interpolation: 0,interpolation_duration: 1}
data modify entity @s data merge value {"cameras":{},"locators":{"scythe_blade":{"posx":-1.7070868767921037,"posy":2.086699846829177,"posz":0.746428274473759,"roty":3.9816008283854956,"rotx":46.186632040024506},"scythe_pole":{"posx":-0.9099699242519127,"posy":1.4744442138795135,"posz":0.16221076027682366,"roty":3.9816008283854956,"rotx":46.186632040024506}}}