# This file was generated by Animated Java via MC-Build. It is not recommended to edit this file directly.
$data merge entity $(bone_body) {transformation: [-1.1242f,0f,0.0436f,0f,0f,1.125f,0f,-1.375f,-0.0436f,0f,-1.1242f,0f,0f,0f,0f,1f],start_interpolation: 0,interpolation_duration: 1}
$data merge entity $(bone_left4) {transformation: [-0.976f,-0.2164f,0.0252f,0.3599f,-0.2164f,0.9763f,0.0056f,-1.2761f,-0.0259f,0f,-0.9997f,0.0182f,0f,0f,0f,1f],start_interpolation: 0,interpolation_duration: 1}
$data merge entity $(bone_left3) {transformation: [-0.976f,-0.2164f,0.0252f,0.2916f,-0.2164f,0.9763f,0.0056f,-2.4115f,-0.0259f,0f,-0.9997f,0.0101f,0f,0f,0f,1f],start_interpolation: 0,interpolation_duration: 1}
$data merge entity $(bone_aura) {transformation: [-2.3653f,-0.2105f,0.0388f,-2.2857f,-0.1585f,2.0113f,1.2531f,-0.3918f,-0.1439f,1.2454f,-2.0172f,0.4498f,0f,0f,0f,1f],start_interpolation: 0,interpolation_duration: 1}
$data merge entity $(bone_scythe) {transformation: [-1.7014f,-0.1514f,0.0279f,-0.8899f,-0.114f,1.4467f,0.9013f,-1.1511f,-0.1035f,0.8958f,-1.4509f,0.0049f,0f,0f,0f,1f],start_interpolation: 0,interpolation_duration: 1}
$data merge entity $(bone_right2) {transformation: [0.0182f,0.9995f,-0.0275f,-0.5623f,0.5279f,-0.0329f,-0.8487f,-1.1702f,-0.8491f,0.0009f,-0.5282f,0.0185f,0f,0f,0f,1f],start_interpolation: 0,interpolation_duration: 1}
$data merge entity $(bone_right1) {transformation: [-0.5357f,0.8444f,0f,-1.2877f,0.8444f,0.5357f,0f,-2.0004f,0f,0f,-1f,0.0185f,0f,0f,0f,1f],start_interpolation: 0,interpolation_duration: 1}
data modify entity @s data merge value {"cameras":{},"locators":{"scythe_blade":{"posx":-1.6601675394317394,"posy":-0.2300091822140603,"posz":0.5623323251285807,"roty":1.1019287718895612,"rotx":31.843965354196353},"scythe_pole":{"posx":-0.8923659810017758,"posy":-0.9780755021115195,"posz":0.1123989434957096,"roty":1.1019287718895612,"rotx":31.843965354196353}}}