# This file was generated by Animated Java via MC-Build. It is not recommended to edit this file directly.
$data merge entity $(bone_body) {transformation: [-1.1239f,0f,0.0491f,0f,0f,1.125f,0f,1.0625f,-0.0491f,0f,-1.1239f,0f,0f,0f,0f,1f],start_interpolation: 0,interpolation_duration: 1}
$data merge entity $(bone_left4) {transformation: [-0.9759f,-0.2164f,0.0284f,0.3599f,-0.2163f,0.9763f,0.0063f,1.1614f,-0.0291f,0f,-0.9996f,0.0204f,0f,0f,0f,1f],start_interpolation: 0,interpolation_duration: 1}
$data merge entity $(bone_left3) {transformation: [-0.9759f,-0.2164f,0.0284f,0.2916f,-0.2163f,0.9763f,0.0063f,0.026f,-0.0291f,0f,-0.9996f,0.0114f,0f,0f,0f,1f],start_interpolation: 0,interpolation_duration: 1}
$data merge entity $(bone_scythe) {transformation: [-1.7014f,-0.1514f,0.0279f,-0.8899f,-0.114f,1.4467f,0.9013f,1.2864f,-0.1035f,0.8958f,-1.4509f,0.0049f,0f,0f,0f,1f],start_interpolation: 0,interpolation_duration: 1}
$data merge entity $(bone_right2) {transformation: [0.0182f,0.9995f,-0.0275f,-0.5623f,0.5279f,-0.0329f,-0.8487f,1.2673f,-0.8491f,0.0009f,-0.5282f,0.0185f,0f,0f,0f,1f],start_interpolation: 0,interpolation_duration: 1}
$data merge entity $(bone_right1) {transformation: [-0.5357f,0.8444f,0f,-1.2877f,0.8444f,0.5357f,0f,0.4371f,0f,0f,-1f,0.0185f,0f,0f,0f,1f],start_interpolation: 0,interpolation_duration: 1}
data modify entity @s data merge value {"cameras":{},"locators":{"hitbox":{"posx":-1.0377114367349,"posy":2.2491896522808266,"posz":0.6002085368878071,"roty":1.1019287718895612,"rotx":31.843965354196353},"hitbox2":{"posx":-1.7846587599711072,"posy":2.1991510508869623,"posz":0.5547570827767354,"roty":1.1019287718895612,"rotx":31.843965354196353}}}