# This file was generated by Animated Java via MC-Build. It is not recommended to edit this file directly.
$data merge entity $(bone_hair_side) {transformation: [-0.9992f,-0.0068f,-0.0382f,-0.2882f,-0.0068f,1f,0.0002f,1.9098f,0.0382f,0.0004f,-0.9993f,0.2646f,0f,0f,0f,1f],start_interpolation: 0,interpolation_duration: 1}
$data merge entity $(bone_hair_side1) {transformation: [-0.9992f,-0.0068f,-0.0382f,0.3051f,-0.0068f,1f,0.0002f,1.9138f,0.0382f,0.0004f,-0.9993f,0.242f,0f,0f,0f,1f],start_interpolation: 0,interpolation_duration: 1}
$data merge entity $(bone_beard) {transformation: [-0.9992f,-0.0068f,-0.0382f,0.0109f,-0.0068f,1f,0.0002f,1.5932f,0.0382f,0.0004f,-0.9993f,0.2604f,0f,0f,0f,1f],start_interpolation: 0,interpolation_duration: 1}
$data merge entity $(bone_head) {transformation: [-0.9992f,0f,-0.0388f,0f,-0.0068f,0.9848f,0.1738f,1.7344f,0.0382f,0.174f,-0.984f,0f,0f,0f,0f,1f],start_interpolation: 0,interpolation_duration: 1}
$data merge entity $(bone_body) {transformation: [-1.1136f,0f,-0.1594f,0f,0f,1.125f,0f,1.0625f,0.1594f,0f,-1.1136f,0f,0f,0f,0f,1f],start_interpolation: 0,interpolation_duration: 1}
$data merge entity $(bone_left4) {transformation: [-0.9552f,-0.25f,-0.1584f,0.3695f,-0.2562f,0.9664f,0.0199f,1.1637f,0.1481f,0.0596f,-0.9872f,-0.0702f,0f,0f,0f,1f],start_interpolation: 0,interpolation_duration: 1}
$data merge entity $(bone_left3) {transformation: [-0.9552f,-0.25f,-0.1584f,0.3444f,-0.2562f,0.9664f,0.0199f,0.0266f,0.1481f,0.0596f,-0.9872f,-0.0892f,0f,0f,0f,1f],start_interpolation: 0,interpolation_duration: 1}
$data merge entity $(bone_aura) {transformation: [-1.7108f,0.3855f,-1.6016f,-1.5224f,1.073f,2.0128f,-0.6617f,2.8972f,1.25f,-1.2002f,-1.6241f,0.6307f,0f,0f,0f,1f],start_interpolation: 0,interpolation_duration: 1}
$data merge entity $(bone_scythe) {transformation: [-1.2306f,0.2773f,-1.152f,-0.7392f,0.7718f,1.4478f,-0.476f,1.4567f,0.8991f,-0.8633f,-1.1682f,0.4453f,0f,0f,0f,1f],start_interpolation: 0,interpolation_duration: 1}
$data merge entity $(bone_right2) {transformation: [-0.6744f,0.7267f,-0.1307f,-0.4902f,-0.2786f,-0.4144f,-0.8664f,1.3251f,-0.6838f,-0.5478f,0.4819f,0.2762f,0f,0f,0f,1f],start_interpolation: 0,interpolation_duration: 1}
$data merge entity $(bone_right1) {transformation: [-0.542f,0.621f,-0.5662f,-0.9785f,0.8386f,0.3557f,-0.4126f,0.6864f,-0.0549f,-0.6984f,-0.7136f,1.033f,0f,0f,0f,1f],start_interpolation: 0,interpolation_duration: 1}
data modify entity @s data merge value {"cameras":{},"locators":{"scythe_blade":{"posx":-1.0380776450796558,"posy":2.726956305611849,"posz":0.22250887638340938,"roty":315.39951924098915,"rotx":-16.177475470423683},"scythe_pole":{"posx":-0.6949912555349703,"posy":1.6218205725659947,"posz":0.334442967948017,"roty":315.39951924098915,"rotx":-16.177475470423683}}}