# This file was generated by Animated Java via MC-Build. It is not recommended to edit this file directly.
$data merge entity $(bone_hair_side) {transformation: [-0.9985f,-0.0095f,-0.0537f,-0.2845f,-0.0095f,1f,0.0001f,1.909f,0.0537f,0.0006f,-0.9986f,0.2691f,0f,0f,0f,1f],start_interpolation: 0,interpolation_duration: 1}
$data merge entity $(bone_hair_side1) {transformation: [-0.9985f,-0.0095f,-0.0537f,0.3084f,-0.0095f,1f,0.0001f,1.9146f,0.0537f,0.0006f,-0.9986f,0.2372f,0f,0f,0f,1f],start_interpolation: 0,interpolation_duration: 1}
$data merge entity $(bone_beard) {transformation: [-0.9985f,-0.0095f,-0.0537f,0.0153f,-0.0095f,1f,0.0001f,1.5932f,0.0537f,0.0006f,-0.9986f,0.2602f,0f,0f,0f,1f],start_interpolation: 0,interpolation_duration: 1}
$data merge entity $(bone_head) {transformation: [-0.9985f,0f,-0.0545f,0f,-0.0095f,0.9847f,0.1737f,1.7344f,0.0537f,0.174f,-0.9833f,0f,0f,0f,0f,1f],start_interpolation: 0,interpolation_duration: 1}
$data merge entity $(bone_body) {transformation: [-1.1026f,0f,-0.2235f,0f,0f,1.125f,0f,1.0625f,0.2235f,0f,-1.1026f,0f,0f,0f,0f,1f],start_interpolation: 0,interpolation_duration: 1}
$data merge entity $(bone_left4) {transformation: [-0.9705f,-0.2164f,-0.1063f,0.3599f,-0.2152f,0.9763f,-0.0236f,1.1615f,0.1089f,0f,-0.9941f,-0.0767f,0f,0f,0f,1f],start_interpolation: 0,interpolation_duration: 1}
$data merge entity $(bone_left3) {transformation: [-0.9705f,-0.2164f,-0.1063f,0.2934f,-0.2152f,0.9763f,-0.0236f,0.0264f,0.1089f,0f,-0.9941f,-0.0426f,0f,0f,0f,1f],start_interpolation: 0,interpolation_duration: 1}
$data merge entity $(bone_aura) {transformation: [-1.1366f,0.2004f,-2.0757f,-1.1552f,1.5041f,1.7162f,-0.658f,3.1264f,1.4444f,-1.6295f,-0.9483f,0.6613f,0f,0f,0f,1f],start_interpolation: 0,interpolation_duration: 1}
$data merge entity $(bone_scythe) {transformation: [-0.8176f,0.1442f,-1.493f,-0.6114f,1.0819f,1.2345f,-0.4733f,1.5726f,1.0389f,-1.1721f,-0.6821f,0.5492f,0f,0f,0f,1f],start_interpolation: 0,interpolation_duration: 1}
$data merge entity $(bone_right2) {transformation: [-0.874f,0.4818f,-0.0634f,-0.4397f,-0.277f,-0.6012f,-0.7495f,1.3796f,-0.3993f,-0.6375f,0.6589f,0.3463f,0f,0f,0f,1f],start_interpolation: 0,interpolation_duration: 1}
$data merge entity $(bone_right1) {transformation: [-0.4674f,0.4796f,-0.7426f,-0.8012f,0.881f,0.1827f,-0.4364f,0.911f,-0.0737f,-0.8582f,-0.5079f,1.2774f,0f,0f,0f,1f],start_interpolation: 0,interpolation_duration: 1}
data modify entity @s data merge value {"cameras":{},"locators":{"scythe_blade":{"posx":-0.8367399659972443,"posy":2.8222932070850266,"posz":0.1752345417813897,"roty":294.5532198242102,"rotx":-16.083175728355265},"scythe_pole":{"posx":-0.5868244148111126,"posy":1.7094429008709413,"posz":0.4003321055943892,"roty":294.5532198242102,"rotx":-16.083175728355265}}}