# This file was generated by Animated Java via MC-Build. It is not recommended to edit this file directly.
$data merge entity $(bone_hair_side) {transformation: [-0.9979f,-0.0114f,-0.0644f,-0.2819f,-0.0114f,0.9999f,0f,1.9084f,0.0644f,0.0007f,-0.9979f,0.2721f,0f,0f,0f,1f],start_interpolation: 0,interpolation_duration: 1}
$data merge entity $(bone_hair_side1) {transformation: [-0.9979f,-0.0114f,-0.0644f,0.3105f,-0.0114f,0.9999f,0f,1.9152f,0.0644f,0.0007f,-0.9979f,0.2339f,0f,0f,0f,1f],start_interpolation: 0,interpolation_duration: 1}
$data merge entity $(bone_beard) {transformation: [-0.9979f,-0.0114f,-0.0644f,0.0184f,-0.0114f,0.9999f,0f,1.5932f,0.0644f,0.0007f,-0.9979f,0.2601f,0f,0f,0f,1f],start_interpolation: 0,interpolation_duration: 1}
$data merge entity $(bone_head) {transformation: [-0.9979f,0f,-0.0654f,0f,-0.0114f,0.9847f,0.1736f,1.7344f,0.0644f,0.174f,-0.9826f,0f,0f,0f,0f,1f],start_interpolation: 0,interpolation_duration: 1}
$data merge entity $(bone_body) {transformation: [-1.0928f,0f,-0.2674f,0f,0f,1.125f,0f,1.0625f,0.2674f,0f,-1.0928f,0f,0f,0f,0f,1f],start_interpolation: 0,interpolation_duration: 1}
$data merge entity $(bone_left4) {transformation: [-0.9679f,-0.2164f,-0.1274f,0.36f,-0.2146f,0.9763f,-0.0283f,1.1615f,0.1305f,0f,-0.9914f,-0.092f,0f,0f,0f,1f],start_interpolation: 0,interpolation_duration: 1}
$data merge entity $(bone_left3) {transformation: [-0.9679f,-0.2164f,-0.1274f,0.2942f,-0.2146f,0.9763f,-0.0283f,0.0266f,0.1305f,0f,-0.9914f,-0.0512f,0f,0f,0f,1f],start_interpolation: 0,interpolation_duration: 1}
$data merge entity $(bone_scythe) {transformation: [-0.3486f,-0.1755f,-1.6631f,-0.4492f,1.3316f,0.9986f,-0.3845f,1.6752f,1.0117f,-1.3749f,-0.067f,0.6042f,0f,0f,0f,1f],start_interpolation: 0,interpolation_duration: 1}
$data merge entity $(bone_right2) {transformation: [-0.9736f,0.1994f,0.1115f,-0.3685f,-0.2251f,-0.7533f,-0.618f,1.4316f,-0.0392f,-0.6268f,0.7782f,0.3992f,0f,0f,0f,1f],start_interpolation: 0,interpolation_duration: 1}
$data merge entity $(bone_right1) {transformation: [-0.3861f,0.2747f,-0.8806f,-0.5384f,0.9178f,0.0187f,-0.3966f,1.125f,-0.0925f,-0.9613f,-0.2594f,1.4445f,0f,0f,0f,1f],start_interpolation: 0,interpolation_duration: 1}