# This file was generated by Animated Java via MC-Build. It is not recommended to edit this file directly.
$data merge entity $(bone_hair_side) {transformation: [-0.9969f,-0.0137f,-0.0777f,-0.2787f,-0.0138f,0.9999f,-0.0002f,1.9078f,0.0777f,0.0009f,-0.997f,0.2759f,0f,0f,0f,1f],start_interpolation: 0,interpolation_duration: 1}
$data merge entity $(bone_hair_side1) {transformation: [-0.9969f,-0.0137f,-0.0777f,0.3132f,-0.0138f,0.9999f,-0.0002f,1.9159f,0.0777f,0.0009f,-0.997f,0.2297f,0f,0f,0f,1f],start_interpolation: 0,interpolation_duration: 1}
$data merge entity $(bone_beard) {transformation: [-0.9969f,-0.0137f,-0.0777f,0.0222f,-0.0138f,0.9999f,-0.0002f,1.5933f,0.0777f,0.0009f,-0.997f,0.2598f,0f,0f,0f,1f],start_interpolation: 0,interpolation_duration: 1}
$data merge entity $(bone_head) {transformation: [-0.9969f,0f,-0.0789f,0f,-0.0138f,0.9847f,0.1735f,1.7344f,0.0777f,0.174f,-0.9817f,0f,0f,0f,0f,1f],start_interpolation: 0,interpolation_duration: 1}
$data merge entity $(bone_body) {transformation: [-1.0781f,0f,-0.3214f,0f,0f,1.125f,0f,1.0625f,0.3214f,0f,-1.0781f,0f,0f,0f,0f,1f],start_interpolation: 0,interpolation_duration: 1}
$data merge entity $(bone_left4) {transformation: [-0.9097f,-0.2656f,-0.3192f,0.3745f,-0.289f,0.9569f,0.0273f,1.1659f,0.2982f,0.117f,-0.9473f,-0.1419f,0f,0f,0f,1f],start_interpolation: 0,interpolation_duration: 1}
$data merge entity $(bone_left3) {transformation: [-0.9097f,-0.2656f,-0.3192f,0.3807f,-0.289f,0.9569f,0.0273f,0.0289f,0.2982f,0.117f,-0.9473f,-0.1767f,0f,0f,0f,1f],start_interpolation: 0,interpolation_duration: 1}
$data merge entity $(bone_aura) {transformation: [0.0843f,-0.856f,-2.2138f,-0.5948f,2.0534f,1.1373f,-0.3616f,3.3595f,1.1904f,-1.9012f,0.7805f,0.468f,0f,0f,0f,1f],start_interpolation: 0,interpolation_duration: 1}
$data merge entity $(bone_scythe) {transformation: [0.0606f,-0.6158f,-1.5923f,-0.281f,1.477f,0.818f,-0.2601f,1.7459f,0.8562f,-1.3675f,0.5614f,0.6107f,0f,0f,0f,1f],start_interpolation: 0,interpolation_duration: 1}
$data merge entity $(bone_right2) {transformation: [-0.9321f,-0.0512f,0.3585f,-0.2832f,-0.1522f,-0.8429f,-0.5161f,1.4717f,0.3286f,-0.5356f,0.7779f,0.4298f,0f,0f,0f,1f],start_interpolation: 0,interpolation_duration: 1}
$data merge entity $(bone_right1) {transformation: [-0.3013f,0.0264f,-0.9532f,-0.217f,0.9471f,-0.1073f,-0.3023f,1.2891f,-0.1103f,-0.9939f,0.0073f,1.5142f,0f,0f,0f,1f],start_interpolation: 0,interpolation_duration: 1}
data modify entity @s data merge value {"cameras":{},"locators":{"scythe_blade":{"posx":-0.6682390264310929,"posy":2.872976643227917,"posz":0.03437296147354241,"roty":250.57869681021936,"rotx":-8.756584582650047},"scythe_pole":{"posx":-0.35473233209250926,"posy":1.829648639945717,"posz":0.44025808090029744,"roty":250.57869681021936,"rotx":-8.756584582650047}}}