# This file was generated by Animated Java via MC-Build. It is not recommended to edit this file directly.
$data merge entity $(bone_hair_side) {transformation: [-0.9962f,-0.0152f,-0.0858f,-0.2767f,-0.0152f,0.9999f,-0.0003f,1.9074f,0.0858f,0.001f,-0.9963f,0.2781f,0f,0f,0f,1f],start_interpolation: 0,interpolation_duration: 1}
$data merge entity $(bone_hair_side1) {transformation: [-0.9962f,-0.0152f,-0.0858f,0.3148f,-0.0152f,0.9999f,-0.0003f,1.9164f,0.0858f,0.001f,-0.9963f,0.2272f,0f,0f,0f,1f],start_interpolation: 0,interpolation_duration: 1}
$data merge entity $(bone_beard) {transformation: [-0.9962f,-0.0152f,-0.0858f,0.0245f,-0.0152f,0.9999f,-0.0003f,1.5933f,0.0858f,0.001f,-0.9963f,0.2596f,0f,0f,0f,1f],start_interpolation: 0,interpolation_duration: 1}
$data merge entity $(bone_head) {transformation: [-0.9962f,0f,-0.0872f,0f,-0.0152f,0.9848f,0.1733f,1.7344f,0.0858f,0.174f,-0.981f,0f,0f,0f,0f,1f],start_interpolation: 0,interpolation_duration: 1}
$data merge entity $(bone_body) {transformation: [-1.0679f,0f,-0.3539f,0f,0f,1.125f,0f,1.0625f,0.3539f,0f,-1.0679f,0f,0f,0f,0f,1f],start_interpolation: 0,interpolation_duration: 1}
$data merge entity $(bone_left4) {transformation: [-0.9615f,-0.2164f,-0.1695f,0.36f,-0.2132f,0.9763f,-0.0376f,1.1615f,0.1736f,0f,-0.9848f,-0.1227f,0f,0f,0f,1f],start_interpolation: 0,interpolation_duration: 1}
$data merge entity $(bone_left3) {transformation: [-0.9615f,-0.2164f,-0.1695f,0.2963f,-0.2132f,0.9763f,-0.0376f,0.027f,0.1736f,0f,-0.9848f,-0.0684f,0f,0f,0f,1f],start_interpolation: 0,interpolation_duration: 1}
$data merge entity $(bone_scythe) {transformation: [0.3528f,-1.0328f,-1.3142f,-0.1297f,1.5275f,0.7446f,-0.1751f,1.7792f,0.6787f,-1.139f,1.0773f,0.587f,0f,0f,0f,1f],start_interpolation: 0,interpolation_duration: 1}
$data merge entity $(bone_right2) {transformation: [-0.7693f,-0.2327f,0.595f,-0.194f,-0.1025f,-0.8743f,-0.4744f,1.4939f,0.6306f,-0.426f,0.6488f,0.4374f,0f,0f,0f,1f],start_interpolation: 0,interpolation_duration: 1}
$data merge entity $(bone_right1) {transformation: [-0.2161f,-0.2331f,-0.9481f,0.1196f,0.9682f,-0.1766f,-0.1772f,1.3778f,-0.1261f,-0.9563f,0.2639f,1.4862f,0f,0f,0f,1f],start_interpolation: 0,interpolation_duration: 1}
data modify entity @s data merge value {"cameras":{},"locators":{"hitbox":{"posx":-0.8096410439777312,"posy":2.3182434458218037,"posz":-0.154814455541757,"roty":230.6585226848317,"rotx":-5.883124835994194},"hitbox2":{"posx":-0.6547629129574745,"posy":2.9888689648706106,"posz":0.14313550289454036,"roty":230.6585226848317,"rotx":-5.883124835994194}}}