# This file was generated by Animated Java via MC-Build. It is not recommended to edit this file directly.
$data merge entity $(bone_hair_side) {transformation: [-0.9946f,-0.0181f,-0.1025f,-0.2725f,-0.0181f,0.9998f,-0.0007f,-0.5309f,0.1025f,0.0012f,-0.9947f,0.2827f,0f,0f,0f,1f],start_interpolation: 0,interpolation_duration: 1}
$data merge entity $(bone_hair_side1) {transformation: [-0.9946f,-0.0181f,-0.1025f,0.318f,-0.0181f,0.9998f,-0.0007f,-0.5202f,0.1025f,0.0012f,-0.9947f,0.2218f,0f,0f,0f,1f],start_interpolation: 0,interpolation_duration: 1}
$data merge entity $(bone_beard) {transformation: [-0.9946f,-0.0181f,-0.1025f,0.0293f,-0.0181f,0.9998f,-0.0007f,-0.8441f,0.1025f,0.0012f,-0.9947f,0.2592f,0f,0f,0f,1f],start_interpolation: 0,interpolation_duration: 1}
$data merge entity $(bone_head) {transformation: [-0.9946f,0f,-0.1041f,0f,-0.0181f,0.9848f,0.1729f,-0.7031f,0.1025f,0.1739f,-0.9794f,0f,0f,0f,0f,1f],start_interpolation: 0,interpolation_duration: 1}
$data merge entity $(bone_body) {transformation: [-1.0437f,0f,-0.4199f,0f,0f,1.125f,0f,-1.375f,0.4199f,0f,-1.0437f,0f,0f,0f,0f,1f],start_interpolation: 0,interpolation_duration: 1}
$data merge entity $(bone_left4) {transformation: [-0.8695f,-0.2662f,-0.416f,0.3752f,-0.3039f,0.9524f,0.0258f,-1.2706f,0.3893f,0.1488f,-0.909f,-0.1858f,0f,0f,0f,1f],start_interpolation: 0,interpolation_duration: 1}
$data merge entity $(bone_left3) {transformation: [-0.8695f,-0.2662f,-0.416f,0.3946f,-0.3039f,0.9524f,0.0258f,-2.4072f,0.3893f,0.1488f,-0.909f,-0.2269f,0f,0f,0f,1f],start_interpolation: 0,interpolation_duration: 1}
$data merge entity $(bone_aura) {transformation: [0.7753f,-1.8219f,-1.3115f,-0.3415f,2.1055f,1.0714f,-0.2438f,0.957f,0.7787f,-1.0832f,1.965f,0.527f,0f,0f,0f,1f],start_interpolation: 0,interpolation_duration: 1}
$data merge entity $(bone_scythe) {transformation: [0.5576f,-1.3105f,-0.9434f,-0.0028f,1.5145f,0.7707f,-0.1753f,-0.6577f,0.5601f,-0.7791f,1.4134f,0.5527f,0f,0f,0f,1f],start_interpolation: 0,interpolation_duration: 1}
$data merge entity $(bone_right2) {transformation: [-0.5522f,-0.3596f,0.7522f,-0.1122f,-0.1026f,-0.866f,-0.4894f,-0.9403f,0.8274f,-0.3474f,0.4413f,0.4258f,0f,0f,0f,1f],start_interpolation: 0,interpolation_duration: 1}
$data merge entity $(bone_right1) {transformation: [-0.1341f,-0.4699f,-0.8725f,0.4254f,0.9812f,-0.1864f,-0.0504f,-1.0503f,-0.139f,-0.8628f,0.4861f,1.3792f,0f,0f,0f,1f],start_interpolation: 0,interpolation_duration: 1}
data modify entity @s data merge value {"cameras":{},"locators":{"scythe_blade":{"posx":-0.6584966444913076,"posy":0.45247505939175703,"posz":0.2527952794493803,"roty":213.72171572195765,"rotx":-5.891416038146151},"scythe_pole":{"posx":-0.1637310262986978,"posy":-0.5799510615561755,"posz":0.45494816179066633,"roty":213.72171572195765,"rotx":-5.891416038146151}}}