# This file was generated by Animated Java via MC-Build. It is not recommended to edit this file directly.
$data merge entity $(bone_hair_side) {transformation: [-1f,0f,0f,-0.2969f,0f,0.9511f,-0.309f,1.9341f,0f,-0.309f,-0.9511f,-0.3498f,0f,0f,0f,1f],start_interpolation: 0,interpolation_duration: 1}
$data merge entity $(bone_hair_side1) {transformation: [-1f,0f,0f,0.2969f,0f,0.9511f,-0.309f,1.9341f,0f,-0.309f,-0.9511f,-0.3498f,0f,0f,0f,1f],start_interpolation: 0,interpolation_duration: 1}
$data merge entity $(bone_beard) {transformation: [-1f,0f,0f,0f,0f,0.9511f,-0.309f,1.6333f,0f,-0.309f,-0.9511f,-0.2444f,0f,0f,0f,1f],start_interpolation: 0,interpolation_duration: 1}
$data merge entity $(bone_head) {transformation: [-1f,0f,0f,0f,0f,0.9903f,-0.1392f,1.687f,0f,-0.1392f,-0.9903f,-0.536f,0f,0f,0f,1f],start_interpolation: 0,interpolation_duration: 1}
$data merge entity $(bone_body) {transformation: [-1.125f,0f,0f,0f,0f,1.0699f,-0.3476f,1.048f,0f,-0.3476f,-1.0699f,-0.3283f,0f,0f,0f,1f],start_interpolation: 0,interpolation_duration: 1}
$data merge entity $(bone_left4) {transformation: [-0.9763f,-0.2164f,0f,0.3598f,-0.2058f,0.9285f,-0.309f,1.1421f,0.0669f,-0.3017f,-0.9511f,-0.3589f,0f,0f,0f,1f],start_interpolation: 0,interpolation_duration: 1}
$data merge entity $(bone_left3) {transformation: [-0.9763f,-0.2164f,0f,0.2915f,-0.2058f,0.9285f,-0.309f,0.0622f,0.0669f,-0.3017f,-0.9511f,-0.008f,0f,0f,0f,1f],start_interpolation: 0,interpolation_duration: 1}
$data merge entity $(bone_scythe) {transformation: [-1.7083f,0f,0f,-0.8514f,0f,1.6247f,-0.5279f,1.1671f,0f,-0.5279f,-1.6247f,-0.3835f,0f,0f,0f,1f],start_interpolation: 0,interpolation_duration: 1}
$data merge entity $(bone_right2) {transformation: [0f,0.999f,0.0436f,-0.5236f,-0.309f,0.0415f,-0.9502f,1.1855f,-0.9511f,-0.0135f,0.3087f,-0.373f,0f,0f,0f,1f],start_interpolation: 0,interpolation_duration: 1}
$data merge entity $(bone_right1) {transformation: [-0.7373f,0.6756f,0f,-1.011f,0.6425f,0.7012f,-0.309f,0.2397f,-0.2088f,-0.2278f,-0.9511f,-0.0657f,0f,0f,0f,1f],start_interpolation: 0,interpolation_duration: 1}
$data merge entity $(bone_left_leg) {transformation: [-1f,0f,0f,0.125f,0f,0.9511f,-0.309f,0.7489f,0f,-0.309f,-0.9511f,-0.2377f,0f,0f,0f,1f],start_interpolation: 0,interpolation_duration: 1}
$data merge entity $(bone_right_leg) {transformation: [-1f,0f,0f,-0.125f,0f,0.9511f,-0.309f,0.7489f,0f,-0.309f,-0.9511f,-0.2377f,0f,0f,0f,1f],start_interpolation: 0,interpolation_duration: 1}
data modify entity @s data merge value {"cameras":{},"locators":{"hitbox":{"posx":-0.8983096375864408,"posy":2.251879458283165,"posz":-0.7359245981834766,"roty":2.842170943040401e-14,"rotx":-18.000000000000004},"hitbox2":{"posx":-1.6483096375864408,"posy":2.251879458283165,"posz":-0.7359245981834769,"roty":2.842170943040401e-14,"rotx":-18.000000000000004}}}