# This file was generated by Animated Java via MC-Build. It is not recommended to edit this file directly.
$data merge entity $(bone_hair_side) {transformation: [-0.9914f,0.1305f,0f,-0.2969f,0.0057f,0.0432f,-0.999f,-2.0219f,-0.1304f,-0.9905f,-0.0436f,-1.9434f,0f,0f,0f,1f],start_interpolation: 0,interpolation_duration: 1}
$data merge entity $(bone_hair_side1) {transformation: [-0.9848f,-0.1722f,-0.0227f,0.2969f,0.0227f,0.002f,-0.9997f,-2.0219f,0.1722f,-0.9851f,0.002f,-1.9434f,0f,0f,0f,1f],start_interpolation: 0,interpolation_duration: 1}
$data merge entity $(bone_beard) {transformation: [-1f,0f,0f,0f,0f,-0.1305f,-0.9914f,-1.9731f,0f,-0.9914f,0.1305f,-1.6284f,0f,0f,0f,1f],start_interpolation: 0,interpolation_duration: 1}
$data merge entity $(bone_head) {transformation: [-1f,0f,0f,0f,0f,0.0436f,-0.999f,-2.25f,0f,-0.999f,-0.0436f,-1.7344f,0f,0f,0f,1f],start_interpolation: 0,interpolation_duration: 1}
$data merge entity $(bone_left4) {transformation: [-0.4987f,-0.8625f,-0.0861f,0.547f,-0.0039f,0.1015f,-0.9948f,-2.2785f,0.8667f,-0.4958f,-0.054f,-1.2871f,0f,0f,0f,1f],start_interpolation: 0,interpolation_duration: 1}
$data merge entity $(bone_left3) {transformation: [-0.4987f,-0.8625f,-0.0861f,1.3345f,-0.0039f,0.1015f,-0.9948f,-2.3908f,0.8667f,-0.4958f,-0.054f,-0.4739f,0f,0f,0f,1f],start_interpolation: 0,interpolation_duration: 1}
$data merge entity $(bone_aura) {transformation: [-2.2657f,-0.7121f,-0.0106f,-2.468f,-0.0305f,0.1324f,-2.3711f,-2.2202f,0.7115f,-2.2619f,-0.1354f,-1.7948f,0f,0f,0f,1f],start_interpolation: 0,interpolation_duration: 1}
$data merge entity $(bone_scythe) {transformation: [-1.6297f,-0.5122f,-0.0076f,-0.9161f,-0.022f,0.0952f,-1.7055f,-2.2591f,0.5118f,-1.6269f,-0.0974f,-1.2357f,0f,0f,0f,1f],start_interpolation: 0,interpolation_duration: 1}
$data merge entity $(bone_right2) {transformation: [-0.0045f,0.9765f,0.2156f,-0.5956f,-0.9984f,0.0079f,-0.0566f,-2.2409f,-0.057f,-0.2155f,0.9748f,-1.3055f,0f,0f,0f,1f],start_interpolation: 0,interpolation_duration: 1}
$data merge entity $(bone_right1) {transformation: [-0.4226f,0.9059f,-0.0264f,-1.4261f,0f,-0.0291f,-0.9996f,-2.21f,-0.9063f,-0.4224f,0.0123f,-0.5734f,0f,0f,0f,1f],start_interpolation: 0,interpolation_duration: 1}
data modify entity @s data merge value {"cameras":{},"locators":{"scythe_blade":{"posx":-1.8990366304299646,"posy":-2.2041742759934912,"posz":-2.120679523919061,"roty":355.52790953350325,"rotx":-86.72081878527025},"scythe_pole":{"posx":-0.9620778446955013,"posy":-2.2475943847237105,"posz":-1.4338131409937822,"roty":355.52790953350325,"rotx":-86.72081878527025}}}