# This file was generated by Animated Java via MC-Build. It is not recommended to edit this file directly.
$data merge entity $(bone_hair_side) {transformation: [-0.9914f,0.1305f,0f,-0.2969f,-0.001f,-0.0075f,-1f,0.4046f,-0.1305f,-0.9914f,0.0076f,-1.9548f,0f,0f,0f,1f],start_interpolation: 0,interpolation_duration: 1}
$data merge entity $(bone_hair_side1) {transformation: [-0.9848f,-0.1722f,-0.0227f,0.2969f,0.0314f,-0.0485f,-0.9983f,0.4046f,0.1708f,-0.9839f,0.0531f,-1.9548f,0f,0f,0f,1f],start_interpolation: 0,interpolation_duration: 1}
$data merge entity $(bone_beard) {transformation: [-1f,0f,0f,0f,0f,-0.1811f,-0.9835f,0.4695f,0f,-0.9835f,0.1811f,-1.6428f,0f,0f,0f,1f],start_interpolation: 0,interpolation_duration: 1}
$data merge entity $(bone_head) {transformation: [-1f,0f,0f,0f,0f,-0.0076f,-1f,0.1875f,0f,-1f,0.0076f,-1.7344f,0f,0f,0f,1f],start_interpolation: 0,interpolation_duration: 1}
$data merge entity $(bone_left4) {transformation: [-0.5001f,-0.8582f,-0.1154f,0.5458f,-0.0038f,0.1354f,-0.9908f,0.1496f,0.8659f,-0.4951f,-0.071f,-1.2873f,0f,0f,0f,1f],start_interpolation: 0,interpolation_duration: 1}
$data merge entity $(bone_left3) {transformation: [-0.5001f,-0.8582f,-0.1154f,1.3282f,-0.0038f,0.1354f,-0.9908f,0.0002f,0.8659f,-0.4951f,-0.071f,-0.4752f,0f,0f,0f,1f],start_interpolation: 0,interpolation_duration: 1}
$data merge entity $(bone_scythe) {transformation: [-2.2549f,-0.7114f,0.2237f,-0.9132f,-0.2172f,-0.055f,-2.3644f,0.1398f,0.7134f,-2.2653f,-0.0128f,-1.2346f,0f,0f,0f,1f],start_interpolation: 0,interpolation_duration: 1}
$data merge entity $(bone_right2) {transformation: [0.0942f,0.9719f,0.2156f,-0.5957f,-0.9955f,0.0931f,0.0151f,0.1859f,-0.0054f,-0.2161f,0.9764f,-1.3054f,0f,0f,0f,1f],start_interpolation: 0,interpolation_duration: 1}
$data merge entity $(bone_right1) {transformation: [-0.4226f,0.9063f,0.0046f,-1.4266f,0f,0.0051f,-1f,0.1806f,-0.9063f,-0.4226f,-0.0021f,-0.5732f,0f,0f,0f,1f],start_interpolation: 0,interpolation_duration: 1}
data modify entity @s data merge value {"cameras":{},"locators":{"scythe_blade":{"posx":-1.8927045621541658,"posy":0.05195373411870492,"posz":-2.120729826562493,"roty":86.72710055268453,"rotx":-84.58764035714012},"scythe_pole":{"posx":-0.9591647398486232,"posy":0.1365383243233114,"posz":-1.4330443263011783,"roty":86.72710055268453,"rotx":-84.58764035714012}}}