# This file was generated by Animated Java via MC-Build. It is not recommended to edit this file directly.
$data merge entity $(bone_hair_side) {transformation: [-0.9914f,0.1305f,0f,-0.2969f,-0.0013f,-0.0096f,-1f,-2.0334f,-0.1305f,-0.9914f,0.0097f,-1.9552f,0f,0f,0f,1f],start_interpolation: 0,interpolation_duration: 1}
$data merge entity $(bone_hair_side1) {transformation: [-0.9848f,-0.1722f,-0.0227f,0.2969f,0.0318f,-0.0505f,-0.9982f,-2.0334f,0.1707f,-0.9838f,0.0553f,-1.9552f,0f,0f,0f,1f],start_interpolation: 0,interpolation_duration: 1}
$data merge entity $(bone_beard) {transformation: [-1f,0f,0f,0f,0f,-0.1832f,-0.9831f,-1.9679f,0f,-0.9831f,0.1832f,-1.6434f,0f,0f,0f,1f],start_interpolation: 0,interpolation_duration: 1}
$data merge entity $(bone_head) {transformation: [-1f,0f,0f,0f,0f,-0.0097f,-1f,-2.25f,0f,-1f,0.0097f,-1.7344f,0f,0f,0f,1f],start_interpolation: 0,interpolation_duration: 1}
$data merge entity $(bone_left4) {transformation: [-0.5001f,-0.8581f,-0.1166f,0.5458f,-0.0038f,0.1368f,-0.9906f,-2.2883f,0.8659f,-0.495f,-0.0717f,-1.2873f,0f,0f,0f,1f],start_interpolation: 0,interpolation_duration: 1}
$data merge entity $(bone_left3) {transformation: [-0.5001f,-0.8581f,-0.1166f,1.328f,-0.0038f,0.1368f,-0.9906f,-2.4392f,0.8659f,-0.495f,-0.0717f,-0.4753f,0f,0f,0f,1f],start_interpolation: 0,interpolation_duration: 1}
$data merge entity $(bone_aura) {transformation: [-2.2546f,-0.7107f,0.2285f,-2.4583f,-0.2189f,-0.0655f,-2.364f,-2.447f,0.7137f,-2.2652f,-0.0033f,-1.7938f,0f,0f,0f,1f],start_interpolation: 0,interpolation_duration: 1}
$data merge entity $(bone_scythe) {transformation: [-1.6217f,-0.5112f,0.1643f,-0.9131f,-0.1575f,-0.0471f,-1.7004f,-2.2985f,0.5134f,-1.6294f,-0.0024f,-1.2345f,0f,0f,0f,1f],start_interpolation: 0,interpolation_duration: 1}
$data merge entity $(bone_right2) {transformation: [0.0962f,0.9718f,0.2154f,-0.5957f,-0.9954f,0.0942f,0.0194f,-2.252f,-0.0014f,-0.2162f,0.9763f,-1.3054f,0f,0f,0f,1f],start_interpolation: 0,interpolation_duration: 1}
$data merge entity $(bone_right1) {transformation: [-0.4226f,0.9063f,0.0059f,-1.4266f,0f,0.0065f,-1f,-2.2589f,-0.9063f,-0.4226f,-0.0027f,-0.5732f,0f,0f,0f,1f],start_interpolation: 0,interpolation_duration: 1}
data modify entity @s data merge value {"cameras":{},"locators":{"scythe_blade":{"posx":-1.8922338988919951,"posy":-2.39187129837359,"posz":-2.120487866164465,"roty":89.16288650662675,"rotx":-84.47910419149956},"scythe_pole":{"posx":-0.9590309001748316,"posy":-2.3026511216733123,"posz":-1.432931015238765,"roty":89.16288650662675,"rotx":-84.47910419149956}}}