# This file was generated by Animated Java via MC-Build. It is not recommended to edit this file directly.
$data merge entity $(bone_hair_side) {transformation: [-0.9914f,0.1305f,0f,-0.2969f,-0.0013f,-0.0096f,-1f,0.4041f,-0.1305f,-0.9914f,0.0097f,-1.9552f,0f,0f,0f,1f],start_interpolation: 0,interpolation_duration: 1}
$data merge entity $(bone_hair_side1) {transformation: [-0.9848f,-0.1722f,-0.0227f,0.2969f,0.0318f,-0.0505f,-0.9982f,0.4041f,0.1707f,-0.9838f,0.0553f,-1.9552f,0f,0f,0f,1f],start_interpolation: 0,interpolation_duration: 1}
$data merge entity $(bone_beard) {transformation: [-1f,0f,0f,0f,0f,-0.1832f,-0.9831f,0.4696f,0f,-0.9831f,0.1832f,-1.6434f,0f,0f,0f,1f],start_interpolation: 0,interpolation_duration: 1}
$data merge entity $(bone_head) {transformation: [-1f,0f,0f,0f,0f,-0.0097f,-1f,0.1875f,0f,-1f,0.0097f,-1.7344f,0f,0f,0f,1f],start_interpolation: 0,interpolation_duration: 1}
$data merge entity $(bone_left4) {transformation: [-0.5001f,-0.8581f,-0.1166f,0.5458f,-0.0038f,0.1368f,-0.9906f,0.1492f,0.8659f,-0.495f,-0.0717f,-1.2873f,0f,0f,0f,1f],start_interpolation: 0,interpolation_duration: 1}
$data merge entity $(bone_left3) {transformation: [-0.5001f,-0.8581f,-0.1166f,1.328f,-0.0038f,0.1368f,-0.9906f,-0.0017f,0.8659f,-0.495f,-0.0717f,-0.4753f,0f,0f,0f,1f],start_interpolation: 0,interpolation_duration: 1}
$data merge entity $(bone_scythe) {transformation: [-2.2546f,-0.7107f,0.2285f,-0.9131f,-0.2189f,-0.0655f,-2.364f,0.139f,0.7137f,-2.2652f,-0.0033f,-1.2345f,0f,0f,0f,1f],start_interpolation: 0,interpolation_duration: 1}
$data merge entity $(bone_right2) {transformation: [0.0962f,0.9718f,0.2154f,-0.5957f,-0.9954f,0.0942f,0.0194f,0.1855f,-0.0014f,-0.2162f,0.9763f,-1.3054f,0f,0f,0f,1f],start_interpolation: 0,interpolation_duration: 1}
$data merge entity $(bone_right1) {transformation: [-0.4226f,0.9063f,0.0059f,-1.4266f,0f,0.0065f,-1f,0.1786f,-0.9063f,-0.4226f,-0.0027f,-0.5732f,0f,0f,0f,1f],start_interpolation: 0,interpolation_duration: 1}
data modify entity @s data merge value {"cameras":{},"locators":{"scythe_blade":{"posx":-1.8922338988919951,"posy":0.04562870162640964,"posz":-2.120487866164465,"roty":89.16288650662675,"rotx":-84.47910419149956},"scythe_pole":{"posx":-0.9590309001748316,"posy":0.13484887832668735,"posz":-1.432931015238765,"roty":89.16288650662675,"rotx":-84.47910419149956}}}