# This file was generated by Animated Java via MC-Build. It is not recommended to edit this file directly.
$data merge entity $(bone_hair_side) {transformation: [-0.9914f,0.1305f,0f,-0.2969f,-0.0006f,-0.0048f,-1f,0.4052f,-0.1305f,-0.9914f,0.0048f,-1.9542f,0f,0f,0f,1f],start_interpolation: 0,interpolation_duration: 1}
$data merge entity $(bone_hair_side1) {transformation: [-0.9848f,-0.1722f,-0.0227f,0.2969f,0.031f,-0.0458f,-0.9985f,0.4052f,0.1709f,-0.984f,0.0504f,-1.9542f,0f,0f,0f,1f],start_interpolation: 0,interpolation_duration: 1}
$data merge entity $(bone_beard) {transformation: [-1f,0f,0f,0f,0f,-0.1784f,-0.984f,0.4692f,0f,-0.984f,0.1784f,-1.642f,0f,0f,0f,1f],start_interpolation: 0,interpolation_duration: 1}
$data merge entity $(bone_head) {transformation: [-1f,0f,0f,0f,0f,-0.0048f,-1f,0.1875f,0f,-1f,0.0048f,-1.7344f,0f,0f,0f,1f],start_interpolation: 0,interpolation_duration: 1}
$data merge entity $(bone_left4) {transformation: [-0.5001f,-0.8584f,-0.1138f,0.5459f,-0.0038f,0.1336f,-0.991f,0.1501f,0.8659f,-0.4952f,-0.0701f,-1.2872f,0f,0f,0f,1f],start_interpolation: 0,interpolation_duration: 1}
$data merge entity $(bone_left3) {transformation: [-0.5001f,-0.8584f,-0.1138f,1.3285f,-0.0038f,0.1336f,-0.991f,0.0027f,0.8659f,-0.4952f,-0.0701f,-0.475f,0f,0f,0f,1f],start_interpolation: 0,interpolation_duration: 1}
$data merge entity $(bone_aura) {transformation: [-2.2553f,-0.7122f,0.2167f,-2.4595f,-0.214f,-0.0416f,-2.365f,0.0052f,0.713f,-2.2653f,-0.0247f,-1.7946f,0f,0f,0f,1f],start_interpolation: 0,interpolation_duration: 1}
$data merge entity $(bone_scythe) {transformation: [-1.6223f,-0.5123f,0.1558f,-0.9133f,-0.154f,-0.0299f,-1.7011f,0.141f,0.5128f,-1.6294f,-0.0177f,-1.2347f,0f,0f,0f,1f],start_interpolation: 0,interpolation_duration: 1}
$data merge entity $(bone_right2) {transformation: [0.0912f,0.9721f,0.216f,-0.5957f,-0.9958f,0.0913f,0.0096f,0.1865f,-0.0104f,-0.2159f,0.9764f,-1.3054f,0f,0f,0f,1f],start_interpolation: 0,interpolation_duration: 1}
$data merge entity $(bone_right1) {transformation: [-0.4226f,0.9063f,0.0029f,-1.4266f,0f,0.0032f,-1f,0.1831f,-0.9063f,-0.4226f,-0.0014f,-0.5732f,0f,0f,0f,1f],start_interpolation: 0,interpolation_duration: 1}
data modify entity @s data merge value {"cameras":{},"locators":{"scythe_blade":{"posx":-1.8933232794795507,"posy":0.060428396324778644,"posz":-2.121008526587323,"roty":83.50711927724643,"rotx":-84.73213752241517},"scythe_pole":{"posx":-0.9593467042916091,"posy":0.13881872463243017,"posz":-1.4331820852316404,"roty":83.50711927724643,"rotx":-84.73213752241517}}}