# This file was generated by Animated Java via MC-Build. It is not recommended to edit this file directly.
$data merge entity $(bone_hair_side) {transformation: [-1f,0f,0f,-0.2969f,0f,0.5878f,-0.809f,1.4413f,0f,-0.809f,-0.5878f,-1.3977f,0f,0f,0f,1f],start_interpolation: 0,interpolation_duration: 1}
$data merge entity $(bone_hair_side1) {transformation: [-1f,0f,0f,0.2969f,0f,0.5878f,-0.809f,1.4413f,0f,-0.809f,-0.5878f,-1.3977f,0f,0f,0f,1f],start_interpolation: 0,interpolation_duration: 1}
$data merge entity $(bone_beard) {transformation: [-1f,0f,0f,0f,0f,0.5878f,-0.809f,1.2599f,0f,-0.809f,-0.5878f,-1.1357f,0f,0f,0f,1f],start_interpolation: 0,interpolation_duration: 1}
$data merge entity $(bone_head) {transformation: [-1f,0f,0f,0f,0f,0.7193f,-0.6947f,1.1319f,0f,-0.6947f,-0.7193f,-1.4031f,0f,0f,0f,1f],start_interpolation: 0,interpolation_duration: 1}
$data merge entity $(bone_body) {transformation: [-1.125f,0f,0f,0f,0f,0.6613f,-0.9101f,0.737f,0f,-0.9101f,-0.6613f,-0.8596f,0f,0f,0f,1f],start_interpolation: 0,interpolation_duration: 1}
$data merge entity $(bone_left4) {transformation: [-0.9763f,-0.2164f,0f,0.3598f,-0.1272f,0.5739f,-0.809f,0.7952f,0.1751f,-0.7898f,-0.5878f,-0.9396f,0f,0f,0f,1f],start_interpolation: 0,interpolation_duration: 1}
$data merge entity $(bone_left3) {transformation: [-0.9763f,-0.2164f,0f,0.2915f,-0.1272f,0.5739f,-0.809f,0.1278f,0.1751f,-0.7898f,-0.5878f,-0.021f,0f,0f,0f,1f],start_interpolation: 0,interpolation_duration: 1}
$data merge entity $(bone_scythe) {transformation: [-1.7083f,0f,0f,-0.8514f,0f,1.0041f,-1.3821f,0.801f,0f,-1.3821f,-1.0041f,-0.9742f,0f,0f,0f,1f],start_interpolation: 0,interpolation_duration: 1}
$data merge entity $(bone_right2) {transformation: [0f,0.999f,0.0436f,-0.5236f,-0.809f,0.0256f,-0.5872f,0.822f,-0.5878f,-0.0353f,0.8082f,-0.9766f,0f,0f,0f,1f],start_interpolation: 0,interpolation_duration: 1}
$data merge entity $(bone_right1) {transformation: [-0.7373f,0.6756f,0f,-1.011f,0.3971f,0.4334f,-0.809f,0.2375f,-0.5466f,-0.5965f,-0.5878f,-0.172f,0f,0f,0f,1f],start_interpolation: 0,interpolation_duration: 1}
$data merge entity $(bone_left_leg) {transformation: [-1f,0f,0f,0.125f,0f,0.5878f,-0.809f,0.5483f,0f,-0.809f,-0.5878f,-0.6104f,0f,0f,0f,1f],start_interpolation: 0,interpolation_duration: 1}
$data merge entity $(bone_right_leg) {transformation: [-1f,0f,0f,-0.125f,0f,0.5878f,-0.809f,0.5483f,0f,-0.809f,-0.5878f,-0.6104f,0f,0f,0f,1f],start_interpolation: 0,interpolation_duration: 1}
data modify entity @s data merge value {"cameras":{},"locators":{"hitbox":{"posx":-0.8983096375864406,"posy":1.4714049881343587,"posz":-1.8969550950672271,"roty":2.842170943040401e-14,"rotx":-54.00000000000001},"hitbox2":{"posx":-1.6483096375864406,"posy":1.4714049881343585,"posz":-1.8969550950672274,"roty":2.842170943040401e-14,"rotx":-54.00000000000001}}}