# This file was generated by Animated Java via MC-Build. It is not recommended to edit this file directly.
$data merge entity $(bone_hair_side) {transformation: [-0.9969f,0.0783f,-0.0055f,-0.2969f,0.0496f,0.5748f,-0.8168f,-0.9978f,-0.0608f,-0.8146f,-0.5769f,-1.4343f,0f,0f,0f,1f],start_interpolation: 0,interpolation_duration: 1}
$data merge entity $(bone_hair_side1) {transformation: [-0.9945f,-0.1042f,-0.0082f,0.2969f,-0.0511f,0.553f,-0.8316f,-0.9978f,0.0912f,-0.8266f,-0.5553f,-1.4343f,0f,0f,0f,1f],start_interpolation: 0,interpolation_duration: 1}
$data merge entity $(bone_beard) {transformation: [-1f,0f,0f,0f,0f,0.4882f,-0.8728f,-1.1469f,0f,-0.8728f,-0.4882f,-1.1527f,0f,0f,0f,1f],start_interpolation: 0,interpolation_duration: 1}
$data merge entity $(bone_head) {transformation: [-1f,0f,0f,0f,0f,0.6323f,-0.7747f,-1.3056f,0f,-0.7747f,-0.6323f,-1.4031f,0f,0f,0f,1f],start_interpolation: 0,interpolation_duration: 1}
$data merge entity $(bone_body) {transformation: [-1.125f,0f,0f,0f,0f,0.6613f,-0.9101f,-1.7005f,0f,-0.9101f,-0.6613f,-0.8596f,0f,0f,0f,1f],start_interpolation: 0,interpolation_duration: 1}
$data merge entity $(bone_left4) {transformation: [-0.7615f,-0.6456f,-0.0572f,0.4828f,-0.3807f,0.517f,-0.7667f,-1.6298f,0.5245f,-0.5621f,-0.6395f,-0.9986f,0f,0f,0f,1f],start_interpolation: 0,interpolation_duration: 1}
$data merge entity $(bone_left3) {transformation: [-0.7615f,-0.6456f,-0.0572f,0.951f,-0.3807f,0.517f,-0.7667f,-2.3143f,0.5245f,-0.5621f,-0.6395f,-0.2199f,0f,0f,0f,1f],start_interpolation: 0,interpolation_duration: 1}
$data merge entity $(bone_aura) {transformation: [-2.3294f,-0.4439f,0.1313f,-2.3704f,-0.3746f,1.4115f,-1.873f,-1.2528f,0.2721f,-1.8577f,-1.4545f,-1.6375f,0f,0f,0f,1f],start_interpolation: 0,interpolation_duration: 1}
$data merge entity $(bone_scythe) {transformation: [-1.6756f,-0.3193f,0.0944f,-0.8961f,-0.2694f,1.0153f,-1.3472f,-1.6402f,0.1957f,-1.3363f,-1.0462f,-1.0057f,0f,0f,0f,1f],start_interpolation: 0,interpolation_duration: 1}
$data merge entity $(bone_right2) {transformation: [0.0553f,0.9867f,0.1526f,-0.5732f,-0.7886f,0.1369f,-0.5995f,-1.5829f,-0.6124f,-0.0872f,0.7857f,-1.0247f,0f,0f,0f,1f],start_interpolation: 0,interpolation_duration: 1}
$data merge entity $(bone_right1) {transformation: [-0.5514f,0.8343f,0.0052f,-1.2873f,0.4904f,0.3292f,-0.807f,-2.0859f,-0.6749f,-0.4424f,-0.5906f,-0.3438f,0f,0f,0f,1f],start_interpolation: 0,interpolation_duration: 1}
$data merge entity $(bone_left_leg) {transformation: [-1f,0f,0f,0.125f,0f,0.6691f,-0.7431f,-1.8892f,0f,-0.7431f,-0.6691f,-0.6104f,0f,0f,0f,1f],start_interpolation: 0,interpolation_duration: 1}
$data merge entity $(bone_right_leg) {transformation: [-1f,0f,0f,-0.125f,0f,0.6691f,-0.7431f,-1.8892f,0f,-0.7431f,-0.6691f,-0.6104f,0f,0f,0f,1f],start_interpolation: 0,interpolation_duration: 1}
data modify entity @s data merge value {"cameras":{},"locators":{"scythe_blade":{"posx":-1.7683127237689082,"posy":-1.0682125328753136,"posz":-1.8209158295745729,"roty":5.15740571928103,"rotx":-52.05600558722507},"scythe_pole":{"posx":-0.9187598094843458,"posy":-1.5169661083480321,"posz":-1.1663605803166834,"roty":5.15740571928103,"rotx":-52.05600558722507}}}