# This file was generated by Animated Java via MC-Build. It is not recommended to edit this file directly.
$data merge entity $(bone_hair_side) {transformation: [-0.9945f,0.1045f,-0.0036f,-0.2969f,0.0341f,0.2913f,-0.956f,-1.4734f,-0.0988f,-0.9509f,-0.2932f,-1.7849f,0f,0f,0f,1f],start_interpolation: 0,interpolation_duration: 1}
$data merge entity $(bone_hair_side1) {transformation: [-0.9903f,-0.1384f,-0.0146f,0.2969f,-0.0219f,0.2584f,-0.9658f,-1.4734f,0.1374f,-0.9561f,-0.2589f,-1.7849f,0f,0f,0f,1f],start_interpolation: 0,interpolation_duration: 1}
$data merge entity $(bone_beard) {transformation: [-1f,0f,0f,0f,0f,0.1571f,-0.9876f,-1.5163f,0f,-0.9876f,-0.1571f,-1.4691f,0f,0f,0f,1f],start_interpolation: 0,interpolation_duration: 1}
$data merge entity $(bone_head) {transformation: [-1f,0f,0f,0f,0f,0.3262f,-0.9453f,-1.7515f,0f,-0.9453f,-0.3262f,-1.6495f,0f,0f,0f,1f],start_interpolation: 0,interpolation_duration: 1}
$data merge entity $(bone_body) {transformation: [-1.125f,0f,0f,0f,0f,0.3476f,-1.0699f,-1.9592f,0f,-1.0699f,-0.3476f,-1.0105f,0f,0f,0f,1f],start_interpolation: 0,interpolation_duration: 1}
$data merge entity $(bone_left4) {transformation: [-0.6361f,-0.7664f,-0.0899f,0.5183f,-0.2382f,0.3059f,-0.9218f,-1.9321f,0.7339f,-0.5649f,-0.3771f,-1.1992f,0f,0f,0f,1f],start_interpolation: 0,interpolation_duration: 1}
$data merge entity $(bone_left3) {transformation: [-0.6361f,-0.7664f,-0.0899f,1.1578f,-0.2382f,0.3059f,-0.9218f,-2.3411f,0.7339f,-0.5649f,-0.3771f,-0.352f,0f,0f,0f,1f],start_interpolation: 0,interpolation_duration: 1}
$data merge entity $(bone_aura) {transformation: [-2.2918f,-0.5937f,0.1891f,-2.4236f,-0.3683f,0.7096f,-2.2364f,-1.8552f,0.5025f,-2.1874f,-0.7768f,-1.8238f,0f,0f,0f,1f],start_interpolation: 0,interpolation_duration: 1}
$data merge entity $(bone_scythe) {transformation: [-1.6485f,-0.427f,0.136f,-0.9071f,-0.2649f,0.5104f,-1.6086f,-1.9504f,0.3615f,-1.5734f,-0.5588f,-1.1805f,0f,0f,0f,1f],start_interpolation: 0,interpolation_duration: 1}
$data merge entity $(bone_right2) {transformation: [0.0796f,0.9784f,0.1906f,-0.5873f,-0.9416f,0.1365f,-0.3077f,-1.8909f,-0.3271f,-0.155f,0.9322f,-1.2262f,0f,0f,0f,1f],start_interpolation: 0,interpolation_duration: 1}
$data merge entity $(bone_right1) {transformation: [-0.4759f,0.8795f,0.0049f,-1.373f,0.2718f,0.1524f,-0.9502f,-2.1377f,-0.8364f,-0.4509f,-0.3115f,-0.4858f,0f,0f,0f,1f],start_interpolation: 0,interpolation_duration: 1}
$data merge entity $(bone_left_leg) {transformation: [-1f,0f,0f,0.125f,0f,0.4384f,-0.8988f,-2.0617f,0f,-0.8988f,-0.4384f,-0.7152f,0f,0f,0f,1f],start_interpolation: 0,interpolation_duration: 1}
$data merge entity $(bone_right_leg) {transformation: [-1f,0f,0f,-0.125f,0f,0.4384f,-0.8988f,-2.0617f,0f,-0.8988f,-0.4384f,-0.7152f,0f,0f,0f,1f],start_interpolation: 0,interpolation_duration: 1}
data modify entity @s data merge value {"cameras":{},"locators":{"scythe_blade":{"posx":-1.8406038703125782,"posy":-1.7138216662579135,"posz":-2.0888481114671293,"roty":13.679009816211988,"rotx":-70.32837370677585},"scythe_pole":{"posx":-0.9428367654641995,"posy":-1.8873121657514724,"posz":-1.370880304363193,"roty":13.679009816211988,"rotx":-70.32837370677585}}}