# This file was generated by Animated Java via MC-Build. It is not recommended to edit this file directly.
$data merge entity $(bone_hair_side) {transformation: [-0.9914f,0.1305f,0f,-0.2969f,0.0133f,0.1008f,-0.9948f,-2.0102f,-0.1299f,-0.9863f,-0.1016f,-1.9298f,0f,0f,0f,1f],start_interpolation: 0,interpolation_duration: 1}
$data merge entity $(bone_hair_side1) {transformation: [-0.9848f,-0.1722f,-0.0227f,0.2969f,0.0126f,0.0592f,-0.9982f,-2.0102f,0.1732f,-0.9833f,-0.0562f,-1.9298f,0f,0f,0f,1f],start_interpolation: 0,interpolation_duration: 1}
$data merge entity $(bone_beard) {transformation: [-1f,0f,0f,0f,0f,-0.0727f,-0.9974f,-1.9797f,0f,-0.9974f,0.0727f,-1.6125f,0f,0f,0f,1f],start_interpolation: 0,interpolation_duration: 1}
$data merge entity $(bone_head) {transformation: [-1f,0f,0f,0f,0f,0.1016f,-0.9948f,-2.25f,0f,-0.9948f,-0.1016f,-1.7344f,0f,0f,0f,1f],start_interpolation: 0,interpolation_duration: 1}
$data merge entity $(bone_left4) {transformation: [-0.4973f,-0.866f,-0.0525f,0.548f,-0.0041f,0.0629f,-0.998f,-2.2677f,0.8675f,-0.4961f,-0.0348f,-1.287f,0f,0f,0f,1f],start_interpolation: 0,interpolation_duration: 1}
$data merge entity $(bone_left3) {transformation: [-0.4973f,-0.866f,-0.0525f,1.3398f,-0.0041f,0.0629f,-0.998f,-2.3377f,0.8675f,-0.4961f,-0.0348f,-0.4732f,0f,0f,0f,1f],start_interpolation: 0,interpolation_duration: 1}
$data merge entity $(bone_aura) {transformation: [-2.2525f,-0.7072f,-0.2579f,-2.4579f,0.2489f,0.0682f,-2.3609f,-2.043f,0.7104f,-2.2662f,0.0094f,-1.7968f,0f,0f,0f,1f],start_interpolation: 0,interpolation_duration: 1}
$data merge entity $(bone_scythe) {transformation: [-1.6203f,-0.5087f,-0.1855f,-0.9153f,0.179f,0.049f,-1.6982f,-2.2093f,0.511f,-1.6301f,0.0068f,-1.2352f,0f,0f,0f,1f],start_interpolation: 0,interpolation_duration: 1}
$data merge entity $(bone_right2) {transformation: [-0.1086f,0.9708f,0.214f,-0.5951f,-0.9941f,-0.1069f,-0.0195f,-2.2288f,0.004f,-0.2148f,0.9766f,-1.3057f,0f,0f,0f,1f],start_interpolation: 0,interpolation_duration: 1}
$data merge entity $(bone_right1) {transformation: [-0.4226f,0.9042f,-0.0615f,-1.4237f,0f,-0.0678f,-0.9977f,-2.1567f,-0.9063f,-0.4216f,0.0287f,-0.5745f,0f,0f,0f,1f],start_interpolation: 0,interpolation_duration: 1}
data modify entity @s data merge value {"cameras":{},"locators":{"scythe_blade":{"posx":-1.892182979451957,"posy":-2.1060944136739908,"posz":-2.12260077628175,"roty":267.9024870218811,"rotx":-83.76154575229862},"scythe_pole":{"posx":-0.9609696986533313,"posy":-2.2050644412426763,"posz":-1.433681870090815,"roty":267.9024870218811,"rotx":-83.76154575229862}}}