# This file was generated by Animated Java via MC-Build. It is not recommended to edit this file directly.
$data merge entity $(bone_chest) {transformation: [-0.9828f,-0.0081f,-0.1846f,0.0006f,0f,0.999f,-0.0436f,-0.7187f,0.1848f,-0.0429f,-0.9818f,-0.0001f,0f,0f,0f,1f],start_interpolation: 0,interpolation_duration: 1}
$data merge entity $(bone_cape) {transformation: [-0.9828f,0.0161f,-0.1841f,0.2f,0f,0.9962f,0.0872f,-0.5937f,0.1848f,0.0857f,-0.979f,-0.1234f,0f,0f,0f,1f],start_interpolation: 0,interpolation_duration: 1}
$data merge entity $(bone_saber) {transformation: [-1.0884f,0.6106f,0.5772f,-0.5684f,0.7232f,0.1998f,1.1523f,-1.0881f,0.4278f,1.2157f,-0.4793f,0.1677f,0f,0f,0f,1f],start_interpolation: 0,interpolation_duration: 1}
$data merge entity $(bone_right_forearm) {transformation: [-0.7916f,0.4198f,-0.444f,-0.4539f,0.5259f,0.838f,-0.1453f,-0.8197f,0.3111f,-0.3486f,-0.8841f,0.0553f,0f,0f,0f,1f],start_interpolation: 0,interpolation_duration: 1}
$data merge entity $(bone_right_arm) {transformation: [-0.9361f,0.3264f,-0.1307f,-0.2451f,0.3181f,0.9446f,0.0807f,-0.5937f,0.1498f,0.0339f,-0.9881f,0.0461f,0f,0f,0f,1f],start_interpolation: 0,interpolation_duration: 1}
$data merge entity $(bone_short_sword) {transformation: [-0.9051f,0.0496f,-0.7345f,0.6623f,-0.7216f,0.1711f,0.9007f,-0.939f,0.146f,1.153f,-0.102f,0.0016f,0f,0f,0f,1f],start_interpolation: 0,interpolation_duration: 1}
$data merge entity $(bone_left_forearm) {transformation: [-0.7758f,-0.621f,0.1118f,0.5023f,-0.6185f,0.7132f,-0.33f,-0.7574f,0.1252f,-0.3252f,-0.9373f,-0.0925f,0f,0f,0f,1f],start_interpolation: 0,interpolation_duration: 1}
$data merge entity $(bone_left_arm) {transformation: [-0.8156f,-0.5355f,-0.219f,0.2497f,-0.5569f,0.8293f,0.0461f,-0.5937f,0.1569f,0.1595f,-0.9746f,-0.028f,0f,0f,0f,1f],start_interpolation: 0,interpolation_duration: 1}
$data merge entity $(bone_torso) {transformation: [-0.9828f,0f,-0.1848f,0f,0f,1f,0f,-0.9531f,0.1848f,0f,-0.9828f,-0.0031f,0f,0f,0f,1f],start_interpolation: 0,interpolation_duration: 1}
$data merge entity $(bone_right_dress) {transformation: [-0.9712f,-0.2201f,-0.0907f,-0.1934f,-0.2164f,0.9751f,-0.0489f,-1.1099f,0.0992f,-0.0278f,-0.9947f,0.0119f,0f,0f,0f,1f],start_interpolation: 0,interpolation_duration: 1}
$data merge entity $(bone_left_dress) {transformation: [-0.9712f,0.2021f,-0.1259f,0.1296f,0.2164f,0.9697f,-0.1133f,-1.1099f,0.0992f,-0.1373f,-0.9855f,-0.0211f,0f,0f,0f,1f],start_interpolation: 0,interpolation_duration: 1}
$data merge entity $(bone_lower_right_leg) {transformation: [-0.9939f,0.0578f,-0.0942f,-0.1399f,0.0436f,0.9883f,0.1464f,-1.5933f,0.1015f,0.1414f,-0.9847f,0.0216f,0f,0f,0f,1f],start_interpolation: 0,interpolation_duration: 1}
$data merge entity $(bone_right_leg) {transformation: [-0.9939f,0.0414f,-0.1025f,-0.1244f,0.0436f,0.9989f,-0.0194f,-1.2187f,0.1015f,-0.0237f,-0.9945f,0.0127f,0f,0f,0f,1f],start_interpolation: 0,interpolation_duration: 1}
$data merge entity $(bone_lower_left_leg) {transformation: [-0.9939f,-0.0473f,-0.0999f,0.1454f,-0.0436f,0.9983f,-0.0387f,-1.5903f,0.1015f,-0.0341f,-0.9942f,0.0337f,0f,0f,0f,1f],start_interpolation: 0,interpolation_duration: 1}
$data merge entity $(bone_left_leg) {transformation: [-0.9939f,-0.0561f,-0.0952f,0.1244f,-0.0436f,0.9907f,-0.1288f,-1.2187f,0.1015f,-0.1239f,-0.9871f,-0.0127f,0f,0f,0f,1f],start_interpolation: 0,interpolation_duration: 1}
$data merge entity $(bone_waist) {transformation: [-0.9948f,0f,-0.1016f,0f,0f,1f,0f,-0.875f,0.1016f,0f,-0.9948f,0f,0f,0f,0f,1f],start_interpolation: 0,interpolation_duration: 1}
$data merge entity $(bone_pony_tail) {transformation: [-0.9984f,0.0147f,-0.0538f,-0.0122f,0.0067f,0.9892f,0.1465f,-0.4348f,0.0554f,0.1459f,-0.9878f,-0.2269f,0f,0f,0f,1f],start_interpolation: 0,interpolation_duration: 1}
$data merge entity $(bone_head) {transformation: [-0.9984f,0.0147f,-0.0538f,0f,0.0067f,0.9892f,0.1465f,-0.5f,0.0554f,0.1459f,-0.9878f,0f,0f,0f,0f,1f],start_interpolation: 0,interpolation_duration: 1}
execute on vehicle unless entity @s[tag=aj.transforms_only] positioned ^0.6747465505 ^-0.865443572 ^0.4425193481 rotated ~277.9083626698 ~50.5327765527 run function animated_java:mage_hunter/animations/thrust2/zzz/frames/11_locator_commands
data modify entity @s data merge value {"cameras":{},"locators":{"body_hitbox":{"posx":0.02491196181065251,"posy":-0.8693988612014982,"posz":0.12937498635290906,"roty":349.35185185185185,"rotx":-2.5},"saber_hitbox":{"posx":-0.2869923272304172,"posy":-0.9892864050064865,"posz":0.716652310032859,"roty":50.29625213877355,"rotx":56.93097553917798},"short_sword_hitbox":{"posx":0.6747465505424152,"posy":-0.865443572039839,"posz":0.4425193480851237,"roty":277.90836266984434,"rotx":50.532776552675465}}}
execute on vehicle unless entity @s[tag=aj.transforms_only] at @s run function animated_java:mage_hunter/animations/thrust2/zzz/frames/11_root_commands