# This file was generated by Animated Java via MC-Build. It is not recommended to edit this file directly.
$data merge entity $(bone_chest) {transformation: [-0.9777f,0.0096f,0.2097f,-0.0006f,0f,0.999f,-0.0457f,-0.7187f,-0.21f,-0.0447f,-0.9767f,-0.0005f,0f,0f,0f,1f],start_interpolation: 0,interpolation_duration: 1}
$data merge entity $(bone_cape) {transformation: [-0.9777f,-0.0179f,0.2092f,0.2311f,0f,0.9964f,0.0851f,-0.5939f,-0.21f,0.0832f,-0.9742f,-0.0374f,0f,0f,0f,1f],start_interpolation: 0,interpolation_duration: 1}
$data merge entity $(bone_saber) {transformation: [-1.17f,-0.0475f,0.7207f,-0.5861f,0.7033f,0.2376f,1.1574f,-1.0917f,-0.1645f,1.3535f,-0.1779f,-0.0792f,0f,0f,0f,1f],start_interpolation: 0,interpolation_duration: 1}
$data merge entity $(bone_right_forearm) {transformation: [-0.8509f,0.5241f,0.0345f,-0.4355f,0.5115f,0.8417f,-0.1728f,-0.8226f,-0.1196f,-0.1294f,-0.9844f,-0.1309f,0f,0f,0f,1f],start_interpolation: 0,interpolation_duration: 1}
$data merge entity $(bone_right_arm) {transformation: [-0.9059f,0.275f,0.3221f,-0.2449f,0.307f,0.9503f,0.0521f,-0.5937f,-0.2918f,0.1461f,-0.9453f,-0.0533f,0f,0f,0f,1f],start_interpolation: 0,interpolation_duration: 1}
$data merge entity $(bone_short_sword) {transformation: [-1.1466f,-0.1547f,-0.1502f,0.3444f,-0.1866f,0.3039f,1.1108f,-0.7963f,-0.1081f,1.1157f,-0.3234f,0.6204f,0f,0f,0f,1f],start_interpolation: 0,interpolation_duration: 1}
$data merge entity $(bone_left_forearm) {transformation: [-0.9828f,0.0222f,0.1835f,0.352f,-0.1599f,0.3958f,-0.9043f,-0.703f,-0.0927f,-0.9181f,-0.3854f,0.3781f,0f,0f,0f,1f],start_interpolation: 0,interpolation_duration: 1}
$data merge entity $(bone_left_arm) {transformation: [-0.9827f,0.002f,0.1854f,0.2298f,-0.1636f,0.4618f,-0.8718f,-0.5936f,-0.0874f,-0.887f,-0.4534f,0.1177f,0f,0f,0f,1f],start_interpolation: 0,interpolation_duration: 1}
$data merge entity $(bone_torso) {transformation: [-0.9777f,0.0004f,0.21f,0f,0f,1f,-0.0021f,-0.9531f,-0.21f,-0.002f,-0.9777f,-0.0031f,0f,0f,0f,1f],start_interpolation: 0,interpolation_duration: 1}
$data merge entity $(bone_right_dress) {transformation: [-0.9762f,-0.2142f,-0.0344f,-0.1935f,-0.2169f,0.9583f,0.186f,-1.1099f,-0.0068f,0.189f,-0.982f,-0.0094f,0f,0f,0f,1f],start_interpolation: 0,interpolation_duration: 1}
$data merge entity $(bone_left_dress) {transformation: [-0.9763f,0.2049f,-0.0703f,0.1311f,0.2164f,0.9105f,-0.3524f,-1.1099f,-0.0082f,-0.3593f,-0.9332f,-0.0067f,0f,0f,0f,1f],start_interpolation: 0,interpolation_duration: 1}
$data merge entity $(bone_lower_right_leg) {transformation: [-0.999f,0.0297f,0.0331f,-0.1386f,0.0436f,0.7953f,0.6046f,-1.5598f,-0.0084f,0.6054f,-0.7959f,-0.1564f,0f,0f,0f,1f],start_interpolation: 0,interpolation_duration: 1}
$data merge entity $(bone_right_leg) {transformation: [-0.999f,0.0362f,0.0257f,-0.125f,0.0436f,0.9094f,0.4137f,-1.2187f,-0.0084f,0.4144f,-0.9101f,-0.001f,0f,0f,0f,1f],start_interpolation: 0,interpolation_duration: 1}
$data merge entity $(bone_lower_left_leg) {transformation: [-0.999f,-0.042f,0.0146f,0.1382f,-0.0436f,0.9887f,-0.1435f,-1.5542f,-0.0084f,-0.144f,-0.9895f,0.1681f,0f,0f,0f,1f],start_interpolation: 0,interpolation_duration: 1}
$data merge entity $(bone_left_leg) {transformation: [-0.999f,-0.0353f,0.0269f,0.125f,-0.0436f,0.8945f,-0.4448f,-1.2187f,-0.0084f,-0.4456f,-0.8952f,0.001f,0f,0f,0f,1f],start_interpolation: 0,interpolation_duration: 1}
$data merge entity $(bone_waist) {transformation: [-1f,0f,0.0084f,0f,0f,1f,0f,-0.875f,-0.0084f,0f,-1f,0f,0f,0f,0f,1f],start_interpolation: 0,interpolation_duration: 1}
$data merge entity $(bone_pony_tail) {transformation: [-0.9986f,-0.0014f,0.0533f,0.0124f,0.0079f,0.9844f,0.1755f,-0.4281f,-0.0527f,0.1757f,-0.983f,-0.2249f,0f,0f,0f,1f],start_interpolation: 0,interpolation_duration: 1}
$data merge entity $(bone_head) {transformation: [-0.9986f,-0.0014f,0.0533f,0f,0.0079f,0.9844f,0.1755f,-0.5f,-0.0527f,0.1757f,-0.983f,0f,0f,0f,0f,1f],start_interpolation: 0,interpolation_duration: 1}
data modify entity @s data merge value {"cameras":{},"locators":{"body_hitbox":{"posx":-0.0282702356454881,"posy":-0.8691166754312146,"posz":0.12851964942631225,"roty":12.120000000000005,"rotx":-2.62},"flame":{"posx":-0.6850410754947731,"posy":-0.6221902308357481,"posz":2.501258047827529,"roty":76.13552454301163,"rotx":57.32503797750192},"flame1":{"posx":-0.38805274882925933,"posy":-0.15950649329803612,"posz":2.366966600435851,"roty":76.13552454301163,"rotx":57.32503797750192},"flame2":{"posx":-0.12166576848085459,"posy":0.23976924178628356,"posz":2.1792384350643896,"roty":76.13552454301163,"rotx":57.32503797750192},"flame3":{"posx":0.14903645382985642,"posy":0.6174473199620394,"posz":1.8684658878509817,"roty":76.13552454301163,"rotx":57.32503797750192},"flame4":{"posx":-0.9777141601979805,"posy":-1.1064716252820237,"posz":2.5125051133772605,"roty":76.13552454301163,"rotx":57.32503797750192},"saber_hitbox":{"posx":-0.6027014229689448,"posy":-0.9757445735905161,"posz":0.5344170148596459,"roty":76.13552454301163,"rotx":57.32503797750192},"flame5":{"posx":0.035164009261067275,"posy":-0.18146584780657748,"posz":2.838110730752873,"roty":335.0854124169291,"rotx":72.20078315601171},"flame6":{"posx":-0.02898528306299819,"posy":0.3378265673773382,"posz":2.622396206840418,"roty":335.0854124169291,"rotx":72.20078315601171},"flame7":{"posx":-0.07680025501422355,"posy":0.7813279158104081,"posz":2.364238730877872,"roty":335.0854124169291,"rotx":72.20078315601171},"flame8":{"posx":-0.10804330875914975,"posy":1.1922638271287387,"posz":1.9865410364426732,"roty":335.0854124169291,"rotx":72.20078315601171},"flame9":{"posx":0.11588521979143179,"posy":-0.7333237001052326,"posz":2.9342850361926747,"roty":335.0854124169291,"rotx":72.20078315601171},"short_sword_hitbox":{"posx":0.2837427823555538,"posy":-0.6699474045276677,"posz":1.0450074536630731,"roty":335.0854124169291,"rotx":72.20078315601171}}}
execute on vehicle unless entity @s[tag=aj.transforms_only] at @s run function animated_java:mage_hunter/animations/thrust2/zzz/frames/14_root_commands