# This file was generated by Animated Java via MC-Build. It is not recommended to edit this file directly.
$data merge entity $(bone_chest) {transformation: [-0.9955f,0.0016f,0.0946f,-0.0009f,0f,0.9999f,-0.017f,-0.7345f,-0.0946f,-0.017f,-0.9954f,0.0062f,0f,0f,0f,1f],start_interpolation: 0,interpolation_duration: 1}
$data merge entity $(bone_cape) {transformation: [-0.9955f,-0.0108f,0.094f,0.2245f,0f,0.9935f,0.1136f,-0.6073f,-0.0946f,0.1131f,-0.9891f,-0.0538f,0f,0f,0f,1f],start_interpolation: 0,interpolation_duration: 1}
$data merge entity $(bone_saber) {transformation: [-1.2027f,0.211f,0.6322f,-0.577f,0.6571f,0.1566f,1.1977f,-1.116f,0.1118f,1.3497f,-0.2378f,-0.0093f,0f,0f,0f,1f],start_interpolation: 0,interpolation_duration: 1}
$data merge entity $(bone_right_forearm) {transformation: [-0.8747f,0.4598f,-0.1534f,-0.4486f,0.4779f,0.871f,-0.1139f,-0.8377f,0.0813f,-0.1729f,-0.9816f,-0.0714f,0f,0f,0f,1f],start_interpolation: 0,interpolation_duration: 1}
$data merge entity $(bone_right_arm) {transformation: [-0.9412f,0.2876f,0.1775f,-0.2501f,0.3067f,0.9474f,0.0913f,-0.6096f,-0.142f,0.1403f,-0.9799f,-0.0142f,0f,0f,0f,1f],start_interpolation: 0,interpolation_duration: 1}
$data merge entity $(bone_short_sword) {transformation: [-1.1157f,-0.1124f,-0.3219f,0.46f,-0.3395f,0.2667f,1.0838f,-0.932f,-0.0309f,1.1302f,-0.2878f,0.4734f,0f,0f,0f,1f],start_interpolation: 0,interpolation_duration: 1}
$data merge entity $(bone_left_forearm) {transformation: [-0.9564f,-0.1454f,0.2535f,0.4249f,-0.291f,0.5525f,-0.781f,-0.7968f,-0.0265f,-0.8207f,-0.5707f,0.2545f,0f,0f,0f,1f],start_interpolation: 0,interpolation_duration: 1}
$data merge entity $(bone_left_arm) {transformation: [-0.9564f,-0.2244f,0.1872f,0.2422f,-0.291f,0.7894f,-0.5405f,-0.6111f,-0.0265f,-0.5713f,-0.8203f,0.0905f,0f,0f,0f,1f],start_interpolation: 0,interpolation_duration: 1}
$data merge entity $(bone_torso) {transformation: [-0.9955f,-0.0025f,0.0946f,0f,0f,0.9996f,0.0266f,-0.9687f,-0.0946f,0.0265f,-0.9952f,-0.0031f,0f,0f,0f,1f],start_interpolation: 0,interpolation_duration: 1}
$data merge entity $(bone_right_dress) {transformation: [-0.9773f,-0.2103f,-0.0261f,-0.1936f,-0.2112f,0.957f,0.199f,-1.1255f,-0.0169f,0.2f,-0.9797f,-0.0078f,0f,0f,0f,1f],start_interpolation: 0,interpolation_duration: 1}
$data merge entity $(bone_left_dress) {transformation: [-0.9763f,0.2013f,-0.0794f,0.1311f,0.2164f,0.9082f,-0.3582f,-1.1255f,0f,-0.3669f,-0.9303f,-0.0078f,0f,0f,0f,1f],start_interpolation: 0,interpolation_duration: 1}
$data merge entity $(bone_lower_right_leg) {transformation: [-0.999f,0.0348f,0.0263f,-0.1399f,0.0436f,0.7975f,0.6017f,-1.5766f,0f,0.6023f,-0.7983f,-0.1527f,0f,0f,0f,1f],start_interpolation: 0,interpolation_duration: 1}
$data merge entity $(bone_right_leg) {transformation: [-0.999f,0.0398f,0.0178f,-0.125f,0.0436f,0.9125f,0.4067f,-1.2344f,0f,0.4071f,-0.9134f,0f,0f,0f,0f,1f],start_interpolation: 0,interpolation_duration: 1}
$data merge entity $(bone_lower_left_leg) {transformation: [-0.999f,-0.0435f,0.003f,0.1396f,-0.0436f,0.9967f,-0.0687f,-1.5681f,0f,-0.0688f,-0.9976f,0.1704f,0f,0f,0f,1f],start_interpolation: 0,interpolation_duration: 1}
$data merge entity $(bone_left_leg) {transformation: [-0.999f,-0.0389f,0.0198f,0.125f,-0.0436f,0.8899f,-0.454f,-1.2344f,0f,-0.4545f,-0.8908f,0f,0f,0f,0f,1f],start_interpolation: 0,interpolation_duration: 1}
$data merge entity $(bone_waist) {transformation: [-1f,0f,0f,0f,0f,1f,0f,-0.8906f,0f,0f,-1f,0f,0f,0f,0f,1f],start_interpolation: 0,interpolation_duration: 1}
$data merge entity $(bone_pony_tail) {transformation: [-0.9997f,-0.0003f,0.0259f,0.0061f,0.0045f,0.983f,0.1834f,-0.4458f,-0.0255f,0.1835f,-0.9827f,-0.209f,0f,0f,0f,1f],start_interpolation: 0,interpolation_duration: 1}
$data merge entity $(bone_head) {transformation: [-0.9997f,-0.0003f,0.0259f,0f,0.0045f,0.983f,0.1834f,-0.5195f,-0.0255f,0.1835f,-0.9827f,0.0156f,0f,0f,0f,1f],start_interpolation: 0,interpolation_duration: 1}