# This file was generated by Animated Java via MC-Build. It is not recommended to edit this file directly.
$data merge entity $(bone_chest) {transformation: [-0.9741f,0.0113f,0.2257f,-0.0004f,0f,0.9988f,-0.0499f,-0.7187f,-0.226f,-0.0486f,-0.9729f,-0.0015f,0f,0f,0f,1f],start_interpolation: 0,interpolation_duration: 1}
$data merge entity $(bone_cape) {transformation: [-0.9741f,-0.0183f,0.2252f,0.232f,0f,0.9967f,0.0809f,-0.5943f,-0.226f,0.0788f,-0.9709f,-0.035f,0f,0f,0f,1f],start_interpolation: 0,interpolation_duration: 1}
$data merge entity $(bone_saber) {transformation: [-1.1604f,-0.0837f,0.7328f,-0.5868f,0.709f,0.2497f,1.1513f,-1.0904f,-0.2032f,1.3495f,-0.1676f,-0.0894f,0f,0f,0f,1f],start_interpolation: 0,interpolation_duration: 1}
$data merge entity $(bone_right_forearm) {transformation: [-0.844f,0.5329f,0.0609f,-0.433f,0.5157f,0.8373f,-0.1816f,-0.8227f,-0.1478f,-0.1219f,-0.9815f,-0.1391f,0f,0f,0f,1f],start_interpolation: 0,interpolation_duration: 1}
$data merge entity $(bone_right_arm) {transformation: [-0.899f,0.2735f,0.342f,-0.2437f,0.3069f,0.9506f,0.0464f,-0.5937f,-0.3124f,0.1467f,-0.9385f,-0.0588f,0f,0f,0f,1f],start_interpolation: 0,interpolation_duration: 1}
$data merge entity $(bone_short_sword) {transformation: [-1.1487f,-0.1606f,-0.1259f,0.329f,-0.165f,0.3077f,1.1132f,-0.7755f,-0.12f,1.1138f,-0.3257f,0.6362f,0f,0f,0f,1f],start_interpolation: 0,interpolation_duration: 1}
$data merge entity $(bone_left_forearm) {transformation: [-0.9846f,0.0435f,0.1694f,0.3421f,-0.1414f,0.3719f,-0.9174f,-0.6885f,-0.1029f,-0.9272f,-0.36f,0.3917f,0f,0f,0f,1f],start_interpolation: 0,interpolation_duration: 1}
$data merge entity $(bone_left_arm) {transformation: [-0.9847f,0.0304f,0.1717f,0.2275f,-0.1451f,0.403f,-0.9036f,-0.5933f,-0.0967f,-0.9147f,-0.3924f,0.1224f,0f,0f,0f,1f],start_interpolation: 0,interpolation_duration: 1}
$data merge entity $(bone_torso) {transformation: [-0.9741f,0.0014f,0.226f,0f,0f,1f,-0.0063f,-0.9531f,-0.226f,-0.0061f,-0.9741f,-0.0031f,0f,0f,0f,1f],start_interpolation: 0,interpolation_duration: 1}
$data merge entity $(bone_right_dress) {transformation: [-0.976f,-0.2148f,-0.0357f,-0.1935f,-0.2177f,0.9586f,0.1837f,-1.1099f,-0.0052f,0.187f,-0.9823f,-0.0096f,0f,0f,0f,1f],start_interpolation: 0,interpolation_duration: 1}
$data merge entity $(bone_left_dress) {transformation: [-0.9763f,0.2053f,-0.069f,0.1311f,0.2164f,0.911f,-0.3511f,-1.1099f,-0.0092f,-0.3578f,-0.9338f,-0.0066f,0f,0f,0f,1f],start_interpolation: 0,interpolation_duration: 1}
$data merge entity $(bone_lower_right_leg) {transformation: [-0.999f,0.029f,0.0339f,-0.1384f,0.0436f,0.7956f,0.6043f,-1.5597f,-0.0094f,0.6052f,-0.796f,-0.1567f,0f,0f,0f,1f],start_interpolation: 0,interpolation_duration: 1}
$data merge entity $(bone_right_leg) {transformation: [-0.999f,0.0358f,0.0267f,-0.125f,0.0436f,0.9092f,0.414f,-1.2187f,-0.0094f,0.4147f,-0.9099f,-0.0012f,0f,0f,0f,1f],start_interpolation: 0,interpolation_duration: 1}
$data merge entity $(bone_lower_left_leg) {transformation: [-0.999f,-0.0416f,0.016f,0.1381f,-0.0436f,0.9871f,-0.1542f,-1.5546f,-0.0094f,-0.1548f,-0.9879f,0.1676f,0f,0f,0f,1f],start_interpolation: 0,interpolation_duration: 1}
$data merge entity $(bone_left_leg) {transformation: [-0.999f,-0.0349f,0.0278f,0.125f,-0.0436f,0.8955f,-0.443f,-1.2187f,-0.0094f,-0.4437f,-0.8961f,0.0012f,0f,0f,0f,1f],start_interpolation: 0,interpolation_duration: 1}
$data merge entity $(bone_waist) {transformation: [-1f,0f,0.0094f,0f,0f,1f,0f,-0.875f,-0.0094f,0f,-1f,0f,0f,0f,0f,1f],start_interpolation: 0,interpolation_duration: 1}
$data merge entity $(bone_pony_tail) {transformation: [-0.9984f,-0.0016f,0.0571f,0.0133f,0.0084f,0.9846f,0.1744f,-0.4284f,-0.0565f,0.1746f,-0.983f,-0.2249f,0f,0f,0f,1f],start_interpolation: 0,interpolation_duration: 1}
$data merge entity $(bone_head) {transformation: [-0.9984f,-0.0016f,0.0571f,0f,0.0084f,0.9846f,0.1744f,-0.5f,-0.0565f,0.1746f,-0.983f,0f,0f,0f,0f,1f],start_interpolation: 0,interpolation_duration: 1}
data modify entity @s data merge value {"cameras":{},"locators":{"body_hitbox":{"posx":-0.030346324392318214,"posy":-0.8685534106316715,"posz":0.12769420887420727,"roty":13.060000000000002,"rotx":-2.8600000000000003},"saber_hitbox":{"posx":-0.6197116751226235,"posy":-0.9689806368829211,"posz":0.5225446959204875,"roty":77.11839145712979,"rotx":56.85865473624917},"short_sword_hitbox":{"posx":0.2663553989462802,"posy":-0.6476120723424452,"posz":1.0600544666317988,"roty":338.8726437929165,"rotx":72.58501595760545}}}
execute on vehicle unless entity @s[tag=aj.transforms_only] at @s run function animated_java:mage_hunter/animations/thrust2/zzz/frames/15_root_commands