# This file was generated by Animated Java via MC-Build. It is not recommended to edit this file directly.
$data merge entity $(bone_chest) {transformation: [-0.9741f,0.0113f,0.2257f,-0.0004f,0f,0.9988f,-0.0499f,-0.7187f,-0.226f,-0.0486f,-0.9729f,-0.0015f,0f,0f,0f,1f],start_interpolation: 0,interpolation_duration: 1}
$data merge entity $(bone_cape) {transformation: [-0.9741f,-0.0183f,0.2252f,0.232f,0f,0.9967f,0.0809f,-0.5943f,-0.226f,0.0788f,-0.9709f,-0.035f,0f,0f,0f,1f],start_interpolation: 0,interpolation_duration: 1}
$data merge entity $(bone_saber) {transformation: [-1.1604f,-0.0837f,0.7328f,-0.5868f,0.709f,0.2497f,1.1513f,-1.0904f,-0.2032f,1.3495f,-0.1676f,-0.0894f,0f,0f,0f,1f],start_interpolation: 0,interpolation_duration: 1}
$data merge entity $(bone_right_forearm) {transformation: [-0.844f,0.5329f,0.0609f,-0.433f,0.5157f,0.8373f,-0.1816f,-0.8227f,-0.1478f,-0.1219f,-0.9815f,-0.1391f,0f,0f,0f,1f],start_interpolation: 0,interpolation_duration: 1}
$data merge entity $(bone_right_arm) {transformation: [-0.899f,0.2735f,0.342f,-0.2437f,0.3069f,0.9506f,0.0464f,-0.5937f,-0.3124f,0.1467f,-0.9385f,-0.0588f,0f,0f,0f,1f],start_interpolation: 0,interpolation_duration: 1}
$data merge entity $(bone_short_sword) {transformation: [-1.1487f,-0.1606f,-0.1259f,0.329f,-0.165f,0.3077f,1.1132f,-0.7755f,-0.12f,1.1138f,-0.3257f,0.6362f,0f,0f,0f,1f],start_interpolation: 0,interpolation_duration: 1}
$data merge entity $(bone_left_forearm) {transformation: [-0.9846f,0.0435f,0.1694f,0.3421f,-0.1414f,0.3719f,-0.9174f,-0.6885f,-0.1029f,-0.9272f,-0.36f,0.3917f,0f,0f,0f,1f],start_interpolation: 0,interpolation_duration: 1}
$data merge entity $(bone_left_arm) {transformation: [-0.9847f,0.0304f,0.1717f,0.2275f,-0.1451f,0.403f,-0.9036f,-0.5933f,-0.0967f,-0.9147f,-0.3924f,0.1224f,0f,0f,0f,1f],start_interpolation: 0,interpolation_duration: 1}
$data merge entity $(bone_torso) {transformation: [-0.9741f,0.0014f,0.226f,0f,0f,1f,-0.0063f,-0.9531f,-0.226f,-0.0061f,-0.9741f,-0.0031f,0f,0f,0f,1f],start_interpolation: 0,interpolation_duration: 1}
$data merge entity $(bone_right_dress) {transformation: [-0.976f,-0.2148f,-0.0357f,-0.1935f,-0.2177f,0.9586f,0.1837f,-1.1099f,-0.0052f,0.187f,-0.9823f,-0.0096f,0f,0f,0f,1f],start_interpolation: 0,interpolation_duration: 1}
$data merge entity $(bone_left_dress) {transformation: [-0.9763f,0.2053f,-0.069f,0.1311f,0.2164f,0.911f,-0.3511f,-1.1099f,-0.0092f,-0.3578f,-0.9338f,-0.0066f,0f,0f,0f,1f],start_interpolation: 0,interpolation_duration: 1}
$data merge entity $(bone_lower_right_leg) {transformation: [-0.999f,0.029f,0.0339f,-0.1384f,0.0436f,0.7956f,0.6043f,-1.5597f,-0.0094f,0.6052f,-0.796f,-0.1567f,0f,0f,0f,1f],start_interpolation: 0,interpolation_duration: 1}
$data merge entity $(bone_right_leg) {transformation: [-0.999f,0.0358f,0.0267f,-0.125f,0.0436f,0.9092f,0.414f,-1.2187f,-0.0094f,0.4147f,-0.9099f,-0.0012f,0f,0f,0f,1f],start_interpolation: 0,interpolation_duration: 1}
$data merge entity $(bone_lower_left_leg) {transformation: [-0.999f,-0.0416f,0.016f,0.1381f,-0.0436f,0.9871f,-0.1542f,-1.5546f,-0.0094f,-0.1548f,-0.9879f,0.1676f,0f,0f,0f,1f],start_interpolation: 0,interpolation_duration: 1}
$data merge entity $(bone_left_leg) {transformation: [-0.999f,-0.0349f,0.0278f,0.125f,-0.0436f,0.8955f,-0.443f,-1.2187f,-0.0094f,-0.4437f,-0.8961f,0.0012f,0f,0f,0f,1f],start_interpolation: 0,interpolation_duration: 1}
$data merge entity $(bone_waist) {transformation: [-1f,0f,0.0094f,0f,0f,1f,0f,-0.875f,-0.0094f,0f,-1f,0f,0f,0f,0f,1f],start_interpolation: 0,interpolation_duration: 1}
$data merge entity $(bone_pony_tail) {transformation: [-0.9984f,-0.0016f,0.0571f,0.0133f,0.0084f,0.9846f,0.1744f,-0.4284f,-0.0565f,0.1746f,-0.983f,-0.2249f,0f,0f,0f,1f],start_interpolation: 0,interpolation_duration: 1}
$data merge entity $(bone_head) {transformation: [-0.9984f,-0.0016f,0.0571f,0f,0.0084f,0.9846f,0.1744f,-0.5f,-0.0565f,0.1746f,-0.983f,0f,0f,0f,0f,1f],start_interpolation: 0,interpolation_duration: 1}
data modify entity @s data merge value {"cameras":{},"locators":{"locator":{"posx":-0.7546720574143203,"posy":-0.5976863271838851,"posz":2.4832002932709747,"roty":77.11839145712979,"rotx":56.85865473624917},"locator2":{"posx":-0.4510837983861874,"posy":-0.13804249927696643,"posz":2.353299483237541,"roty":77.11839145712979,"rotx":56.85865473624917},"locator3":{"posx":-0.17699931863668183,"posy":0.2579173906790395,"posz":2.169673604052524,"roty":77.11839145712979,"rotx":56.85865473624917},"locator4":{"posx":0.10469601021692132,"posy":0.6311749579047867,"posz":1.8633624383879712,"roty":77.11839145712979,"rotx":56.85865473624917},"locator5":{"posx":-1.0506494673383555,"posy":-1.0800324778210624,"posz":2.4904158168248727,"roty":77.11839145712979,"rotx":56.85865473624917},"saber_hitbox":{"posx":-0.6235170996746723,"posy":-0.9576294755177917,"posz":0.5838873391602555,"roty":77.11839145712979,"rotx":56.85865473624917},"locator6":{"posx":0.008282419383891848,"posy":-0.15303821115121607,"posz":2.8501438591053114,"roty":338.8726437929165,"rotx":72.58501595760545},"locator7":{"posx":-0.04379588758171871,"posy":0.36719216936834875,"posz":2.6334396802622075,"roty":338.8726437929165,"rotx":72.58501595760545},"locator8":{"posx":-0.0805294574932841,"posy":0.8113016238601393,"posz":2.374514136384133,"roty":338.8726437929165,"rotx":72.58501595760545},"locator9":{"posx":-0.10005816210069024,"posy":1.2224394876058473,"posz":1.996249299674491,"roty":338.8726437929165,"rotx":72.58501595760545},"locator10":{"posx":0.07756559165366167,"posy":-0.7062401824168633,"posz":2.9475087451168474,"roty":338.8726437929165,"rotx":72.58501595760545},"short_sword_hitbox":{"posx":0.2577529662942005,"posy":-0.6311262769694042,"posz":1.1197241130475826,"roty":338.8726437929165,"rotx":72.58501595760545}}}
execute on vehicle unless entity @s[tag=aj.transforms_only] at @s run function animated_java:mage_hunter/animations/thrust2/zzz/frames/15_root_commands