# This file was generated by Animated Java via MC-Build. It is not recommended to edit this file directly.
$data merge entity $(bone_chest) {transformation: [-0.9998f,0.0005f,-0.0218f,0.0004f,0f,0.9998f,0.0218f,1.218f,0.0218f,0.0218f,-0.9995f,0.0153f,0f,0f,0f,1f],start_interpolation: 0,interpolation_duration: 1}
$data merge entity $(bone_cape) {transformation: [-0.9998f,0.0033f,-0.0216f,0.2174f,0f,0.9884f,0.1521f,1.3483f,0.0218f,0.1521f,-0.9881f,-0.0655f,0f,0f,0f,1f],start_interpolation: 0,interpolation_duration: 1}
$data merge entity $(bone_saber) {transformation: [-1.1729f,0.4925f,0.5219f,-0.5553f,0.5787f,0.058f,1.2459f,0.8266f,0.4243f,1.2825f,-0.2568f,0.0535f,0f,0f,0f,1f],start_interpolation: 0,interpolation_duration: 1}
$data merge entity $(bone_right_forearm) {transformation: [-0.853f,0.3795f,-0.3582f,-0.4536f,0.4209f,0.9061f,-0.0422f,1.1157f,0.3086f,-0.1867f,-0.9327f,-0.0088f,0f,0f,0f,1f],start_interpolation: 0,interpolation_duration: 1}
$data merge entity $(bone_right_arm) {transformation: [-0.9527f,0.3027f,0.0255f,-0.2494f,0.3032f,0.9423f,0.1417f,1.3428f,0.0189f,0.1427f,-0.9896f,0.0289f,0f,0f,0f,1f],start_interpolation: 0,interpolation_duration: 1}
$data merge entity $(bone_short_sword) {transformation: [-1.0622f,-0.0781f,-0.4762f,0.5605f,-0.4824f,0.2026f,1.0428f,0.9668f,0.0129f,1.1463f,-0.2168f,0.2597f,0f,0f,0f,1f],start_interpolation: 0,interpolation_duration: 1}
$data merge entity $(bone_left_forearm) {transformation: [-0.9104f,-0.3143f,0.269f,0.4817f,-0.4135f,0.674f,-0.6121f,1.1354f,0.0111f,-0.6685f,-0.7436f,0.0784f,0f,0f,0f,1f],start_interpolation: 0,interpolation_duration: 1}
$data merge entity $(bone_left_arm) {transformation: [-0.9104f,-0.4136f,0.0068f,0.2516f,-0.4135f,0.9095f,-0.0417f,1.3395f,0.0111f,-0.0408f,-0.9991f,0.0683f,0f,0f,0f,1f],start_interpolation: 0,interpolation_duration: 1}
$data merge entity $(bone_torso) {transformation: [-0.9998f,0.0014f,-0.0218f,0f,0f,0.9979f,0.0654f,0.9844f,0.0218f,0.0654f,-0.9976f,-0.0031f,0f,0f,0f,1f],start_interpolation: 0,interpolation_duration: 1}
$data merge entity $(bone_right_dress) {transformation: [-0.9782f,-0.2074f,-0.0089f,-0.1936f,-0.2034f,0.9489f,0.2415f,0.8276f,-0.0416f,0.238f,-0.9704f,-0.0078f,0f,0f,0f,1f],start_interpolation: 0,interpolation_duration: 1}
$data merge entity $(bone_left_dress) {transformation: [-0.9763f,0.1981f,-0.0872f,0.1311f,0.2164f,0.8936f,-0.3932f,0.8276f,0f,-0.4027f,-0.9153f,-0.0078f,0f,0f,0f,1f],start_interpolation: 0,interpolation_duration: 1}
$data merge entity $(bone_lower_right_leg) {transformation: [-0.999f,0.0334f,0.028f,-0.1397f,0.0436f,0.7653f,0.6422f,0.3827f,0f,0.6428f,-0.766f,-0.1659f,0f,0f,0f,1f],start_interpolation: 0,interpolation_duration: 1}
$data merge entity $(bone_right_leg) {transformation: [-0.999f,0.0391f,0.0193f,-0.125f,0.0436f,0.896f,0.4419f,0.7188f,0f,0.4423f,-0.8969f,0f,0f,0f,0f,1f],start_interpolation: 0,interpolation_duration: 1}
$data merge entity $(bone_lower_left_leg) {transformation: [-0.999f,-0.0436f,-0.001f,0.1392f,-0.0436f,0.9988f,0.0218f,0.3943f,0f,0.0218f,-0.9998f,0.1875f,0f,0f,0f,1f],start_interpolation: 0,interpolation_duration: 1}
$data merge entity $(bone_left_leg) {transformation: [-0.999f,-0.0378f,0.0218f,0.125f,-0.0436f,0.8652f,-0.4995f,0.7188f,0f,-0.5f,-0.866f,0f,0f,0f,0f,1f],start_interpolation: 0,interpolation_duration: 1}
$data merge entity $(bone_waist) {transformation: [-1f,0f,0f,0f,0f,1f,0f,1.0625f,0f,0f,-1f,0f,0f,0f,0f,1f],start_interpolation: 0,interpolation_duration: 1}
$data merge entity $(bone_pony_tail) {transformation: [-1f,0f,0f,0f,0f,0.9802f,0.1979f,1.5067f,0f,0.1979f,-0.9802f,-0.1923f,0f,0f,0f,1f],start_interpolation: 0,interpolation_duration: 1}
$data merge entity $(bone_head) {transformation: [-1f,0f,0f,0f,0f,0.9802f,0.1979f,1.4297f,0f,0.1979f,-0.9802f,0.0313f,0f,0f,0f,1f],start_interpolation: 0,interpolation_duration: 1}