# This file was generated by Animated Java via MC-Build. It is not recommended to edit this file directly.
$data merge entity $(bone_chest) {transformation: [-0.9786f,0.0107f,0.2056f,-0.0002f,0f,0.9986f,-0.052f,-0.7187f,-0.2059f,-0.0509f,-0.9773f,-0.002f,0f,0f,0f,1f],start_interpolation: 0,interpolation_duration: 1}
$data merge entity $(bone_cape) {transformation: [-0.9786f,-0.0162f,0.2052f,0.2314f,0f,0.9969f,0.0788f,-0.5944f,-0.2059f,0.0771f,-0.9755f,-0.0405f,0f,0f,0f,1f],start_interpolation: 0,interpolation_duration: 1}
$data merge entity $(bone_saber) {transformation: [-1.1626f,-0.0564f,0.732f,-0.5891f,0.7112f,0.2538f,1.1491f,-1.09f,-0.1823f,1.3502f,-0.1854f,-0.0765f,0f,0f,0f,1f],start_interpolation: 0,interpolation_duration: 1}
$data merge entity $(bone_right_forearm) {transformation: [-0.8455f,0.5324f,0.041f,-0.4358f,0.5173f,0.8357f,-0.1846f,-0.8228f,-0.1326f,-0.1348f,-0.982f,-0.1301f,0f,0f,0f,1f],start_interpolation: 0,interpolation_duration: 1}
$data merge entity $(bone_right_arm) {transformation: [-0.906f,0.2769f,0.3201f,-0.2447f,0.3065f,0.9508f,0.0452f,-0.5937f,-0.2919f,0.1391f,-0.9463f,-0.0545f,0f,0f,0f,1f],start_interpolation: 0,interpolation_duration: 1}
$data merge entity $(bone_short_sword) {transformation: [-1.1469f,-0.1441f,-0.1578f,0.3497f,-0.1911f,0.3068f,1.1093f,-0.7929f,-0.0955f,1.1164f,-0.3252f,0.6182f,0f,0f,0f,1f],start_interpolation: 0,interpolation_duration: 1}
$data merge entity $(bone_left_forearm) {transformation: [-0.9831f,0.0087f,0.1829f,0.3539f,-0.1638f,0.4044f,-0.8998f,-0.6973f,-0.0818f,-0.9145f,-0.3961f,0.3767f,0f,0f,0f,1f],start_interpolation: 0,interpolation_duration: 1}
$data merge entity $(bone_left_arm) {transformation: [-0.9831f,-0.0009f,0.1833f,0.2307f,-0.1647f,0.4433f,-0.8811f,-0.5932f,-0.0805f,-0.8963f,-0.436f,0.1145f,0f,0f,0f,1f],start_interpolation: 0,interpolation_duration: 1}
$data merge entity $(bone_torso) {transformation: [-0.9786f,0.0017f,0.2059f,0f,0f,1f,-0.0084f,-0.9531f,-0.2059f,-0.0082f,-0.9785f,-0.0031f,0f,0f,0f,1f],start_interpolation: 0,interpolation_duration: 1}
$data merge entity $(bone_right_dress) {transformation: [-0.9759f,-0.2144f,-0.0402f,-0.1936f,-0.2181f,0.9619f,0.1649f,-1.1099f,0.0033f,0.1697f,-0.9855f,-0.0082f,0f,0f,0f,1f],start_interpolation: 0,interpolation_duration: 1}
$data merge entity $(bone_left_dress) {transformation: [-0.9763f,0.2043f,-0.0715f,0.1311f,0.2164f,0.9183f,-0.3313f,-1.1099f,-0.002f,-0.339f,-0.9408f,-0.0075f,0f,0f,0f,1f],start_interpolation: 0,interpolation_duration: 1}
$data merge entity $(bone_lower_right_leg) {transformation: [-0.999f,0.0345f,0.0267f,-0.1398f,0.0436f,0.8188f,0.5725f,-1.5648f,-0.0021f,0.5731f,-0.8195f,-0.144f,0f,0f,0f,1f],start_interpolation: 0,interpolation_duration: 1}
$data merge entity $(bone_right_leg) {transformation: [-0.999f,0.0395f,0.0187f,-0.125f,0.0436f,0.9227f,0.383f,-1.2187f,-0.0021f,0.3834f,-0.9236f,-0.0003f,0f,0f,0f,1f],start_interpolation: 0,interpolation_duration: 1}
$data merge entity $(bone_lower_left_leg) {transformation: [-0.999f,-0.0428f,0.0087f,0.1395f,-0.0436f,0.9874f,-0.1518f,-1.559f,-0.0021f,-0.152f,-0.9884f,0.1573f,0f,0f,0f,1f],start_interpolation: 0,interpolation_duration: 1}
$data merge entity $(bone_left_leg) {transformation: [-0.999f,-0.0387f,0.0202f,0.125f,-0.0436f,0.9072f,-0.4184f,-1.2187f,-0.0021f,-0.4189f,-0.908f,0.0003f,0f,0f,0f,1f],start_interpolation: 0,interpolation_duration: 1}
$data merge entity $(bone_waist) {transformation: [-1f,0f,0.0021f,0f,0f,1f,0f,-0.875f,-0.0021f,0f,-1f,0f,0f,0f,0f,1f],start_interpolation: 0,interpolation_duration: 1}
$data merge entity $(bone_pony_tail) {transformation: [-0.9987f,-0.0002f,0.0513f,0.012f,0.0086f,0.9852f,0.1713f,-0.4291f,-0.0505f,0.1715f,-0.9839f,-0.2252f,0f,0f,0f,1f],start_interpolation: 0,interpolation_duration: 1}
$data merge entity $(bone_head) {transformation: [-0.9987f,-0.0002f,0.0513f,0f,0.0086f,0.9852f,0.1713f,-0.5f,-0.0505f,0.1715f,-0.9839f,0f,0f,0f,0f,1f],start_interpolation: 0,interpolation_duration: 1}
data modify entity @s data merge value {"cameras":{},"locators":{"body_hitbox":{"posx":-0.02760934850772686,"posy":-0.8682723340731668,"posz":0.1281177807651552,"roty":11.879999999999995,"rotx":-2.98},"flame":{"posx":-0.7049491818075138,"posy":-0.5894754672094098,"posz":2.497389209005469,"roty":75.78719149845571,"rotx":56.687529851946486},"flame1":{"posx":-0.4029135757196956,"posy":-0.1309373656729782,"posz":2.3601674829759163,"roty":75.78719149845571,"rotx":56.687529851946486},"flame2":{"posx":-0.13158850454525745,"posy":0.26383393150968537,"posz":2.170000901598159,"roty":75.78719149845571,"rotx":56.687529851946486},"flame3":{"posx":0.14486472500266034,"posy":0.635532601162853,"posz":1.8570892353877224,"roty":75.78719149845571,"rotx":56.687529851946486},"flame4":{"posx":-1.0018566295218523,"posy":-1.0710861962753373,"posz":2.5118658502023417,"roty":75.78719149845571,"rotx":56.687529851946486},"saber_hitbox":{"posx":-0.6096876780661201,"posy":-0.9667196613143196,"posz":0.5355390096925684,"roty":75.78719149845571,"rotx":56.687529851946486},"flame5":{"posx":0.061568124298744975,"posy":-0.17237979647566537,"posz":2.837169420535324,"roty":334.11670028193873,"rotx":71.95237672047175},"flame6":{"posx":-0.006789166220439846,"posy":0.34601059174288085,"posz":2.6205795171799258,"roty":334.11670028193873,"rotx":71.95237672047175},"flame7":{"posx":-0.05897675661517793,"posy":0.7885417818564675,"posz":2.361605384909068,"roty":334.11670028193873,"rotx":71.95237672047175},"flame8":{"posx":-0.09573034488974863,"posy":1.198204493024837,"posz":1.9830216599193051,"roty":334.11670028193873,"rotx":71.95237672047175},"flame9":{"posx":0.14535941693809717,"posy":-0.7236386636394289,"posz":2.934149731171817,"roty":334.11670028193873,"rotx":71.95237672047175},"short_sword_hitbox":{"posx":0.2930781561012548,"posy":-0.6654069806539259,"posz":1.04302552975174,"roty":334.11670028193873,"rotx":71.95237672047175}}}