# This file was generated by Animated Java via MC-Build. It is not recommended to edit this file directly.
$data merge entity $(bone_chest) {transformation: [-0.9692f,0.021f,-0.2453f,0.0082f,-0.0008f,0.9961f,0.0883f,1.185f,0.2462f,0.0858f,-0.9654f,0.0298f,0f,0f,0f,1f],start_interpolation: 0,interpolation_duration: 1}
$data merge entity $(bone_cape) {transformation: [-0.9692f,0.0528f,-0.2404f,0.2036f,-0.0008f,0.976f,0.2176f,1.3202f,0.2462f,0.2111f,-0.946f,-0.0891f,0f,0f,0f,1f],start_interpolation: 0,interpolation_duration: 1}
$data merge entity $(bone_saber) {transformation: [-0.9081f,0.9794f,0.3268f,-0.4949f,0.3829f,-0.0847f,1.3179f,0.7775f,0.9588f,0.9614f,-0.2168f,0.1559f,0f,0f,0f,1f],start_interpolation: 0,interpolation_duration: 1}
$data merge entity $(bone_right_forearm) {transformation: [-0.6604f,0.2377f,-0.7123f,-0.4378f,0.2785f,0.9585f,0.0616f,1.0816f,0.6973f,-0.1577f,-0.6992f,0.1109f,0f,0f,0f,1f],start_interpolation: 0,interpolation_duration: 1}
$data merge entity $(bone_right_arm) {transformation: [-0.9043f,0.3365f,-0.2627f,-0.2302f,0.2816f,0.9327f,0.2253f,1.3088f,0.3208f,0.1298f,-0.9382f,0.1073f,0f,0f,0f,1f],start_interpolation: 0,interpolation_duration: 1}
$data merge entity $(bone_short_sword) {transformation: [-0.9197f,0.0232f,-0.7174f,0.5828f,-0.7171f,0.0232f,0.92f,1.0869f,0.0326f,1.1662f,-0.004f,-0.184f,0f,0f,0f,1f],start_interpolation: 0,interpolation_duration: 1}
$data merge entity $(bone_left_forearm) {transformation: [-0.7883f,-0.6046f,0.1143f,0.4271f,-0.6146f,0.7654f,-0.1909f,1.2835f,0.0279f,-0.2207f,-0.9749f,-0.2514f,0f,0f,0f,1f],start_interpolation: 0,interpolation_duration: 1}
$data merge entity $(bone_left_arm) {transformation: [-0.7883f,-0.2438f,-0.5649f,0.26f,-0.6146f,0.3537f,0.705f,1.3062f,0.0279f,0.903f,-0.4287f,0.006f,0f,0f,0f,1f],start_interpolation: 0,interpolation_duration: 1}
$data merge entity $(bone_torso) {transformation: [-0.9692f,0.0317f,-0.2441f,0f,-0.0008f,0.9913f,0.1317f,0.9531f,0.2462f,0.1278f,-0.9608f,-0.0031f,0f,0f,0f,1f],start_interpolation: 0,interpolation_duration: 1}
$data merge entity $(bone_right_dress) {transformation: [-0.9781f,-0.2066f,0.024f,-0.1936f,-0.1883f,0.9285f,0.3201f,0.7963f,-0.0884f,0.3086f,-0.9471f,-0.0078f,0f,0f,0f,1f],start_interpolation: 0,interpolation_duration: 1}
$data merge entity $(bone_left_dress) {transformation: [-0.9763f,0.1916f,-0.1006f,0.1311f,0.2164f,0.8644f,-0.4538f,0.7963f,0f,-0.4648f,-0.8854f,-0.0078f,0f,0f,0f,1f],start_interpolation: 0,interpolation_duration: 1}
$data merge entity $(bone_lower_right_leg) {transformation: [-0.9991f,0.0309f,0.0276f,-0.1389f,0.0414f,0.7006f,0.7123f,0.3641f,0.0027f,0.7129f,-0.7013f,-0.1892f,0f,0f,0f,1f],start_interpolation: 0,interpolation_duration: 1}
$data merge entity $(bone_right_leg) {transformation: [-0.9991f,0.037f,0.0186f,-0.125f,0.0414f,0.8625f,0.5043f,0.6875f,0.0027f,0.5047f,-0.8633f,0f,0f,0f,0f,1f],start_interpolation: 0,interpolation_duration: 1}
$data merge entity $(bone_lower_left_leg) {transformation: [-0.999f,-0.0428f,-0.0084f,0.1383f,-0.0436f,0.9802f,0.1934f,0.382f,0f,0.1935f,-0.9811f,0.217f,0f,0f,0f,1f],start_interpolation: 0,interpolation_duration: 1}
$data merge entity $(bone_left_leg) {transformation: [-0.999f,-0.0356f,0.0252f,0.125f,-0.0436f,0.8148f,-0.5782f,0.6875f,0f,-0.5787f,-0.8155f,0f,0f,0f,0f,1f],start_interpolation: 0,interpolation_duration: 1}
$data merge entity $(bone_pony_tail) {transformation: [-0.9988f,0.0016f,-0.0492f,-0.0115f,-0.0085f,0.9787f,0.2049f,1.4692f,0.0485f,0.2051f,-0.9775f,-0.1602f,0f,0f,0f,1f],start_interpolation: 0,interpolation_duration: 1}
$data merge entity $(bone_head) {transformation: [-0.9988f,0.0016f,-0.0492f,0f,-0.0085f,0.9787f,0.2049f,1.3906f,0.0485f,0.2051f,-0.9775f,0.0625f,0f,0f,0f,1f],start_interpolation: 0,interpolation_duration: 1}