# This file was generated by Animated Java via MC-Build. It is not recommended to edit this file directly.
$data merge entity $(bone_chest) {transformation: [-0.9934f,0.0027f,0.1146f,-0.0009f,0f,0.9997f,-0.0237f,-0.7314f,-0.1146f,-0.0236f,-0.9931f,0.0046f,0f,0f,0f,1f],start_interpolation: 0,interpolation_duration: 1}
$data merge entity $(bone_cape) {transformation: [-0.9934f,-0.0123f,0.1139f,0.2258f,0f,0.9943f,0.107f,-0.6047f,-0.1146f,0.1063f,-0.9877f,-0.0517f,0f,0f,0f,1f],start_interpolation: 0,interpolation_duration: 1}
$data merge entity $(bone_saber) {transformation: [-1.2001f,0.1619f,0.6513f,-0.58f,0.6686f,0.1746f,1.1887f,-1.1109f,0.0572f,1.3542f,-0.2311f,-0.0208f,0f,0f,0f,1f],start_interpolation: 0,interpolation_duration: 1}
$data merge entity $(bone_right_forearm) {transformation: [-0.8728f,0.4737f,-0.1177f,-0.4469f,0.4863f,0.8645f,-0.127f,-0.8347f,0.0416f,-0.1681f,-0.9849f,-0.0821f,0f,0f,0f,1f],start_interpolation: 0,interpolation_duration: 1}
$data merge entity $(bone_right_arm) {transformation: [-0.9365f,0.2854f,0.2035f,-0.2495f,0.3069f,0.9482f,0.0825f,-0.6064f,-0.1694f,0.1398f,-0.9756f,-0.0216f,0f,0f,0f,1f],start_interpolation: 0,interpolation_duration: 1}
$data merge entity $(bone_short_sword) {transformation: [-1.123f,-0.1177f,-0.2935f,0.4402f,-0.3136f,0.2756f,1.0894f,-0.9109f,-0.0406f,1.1275f,-0.2969f,0.5041f,0f,0f,0f,1f],start_interpolation: 0,interpolation_duration: 1}
$data merge entity $(bone_left_forearm) {transformation: [-0.9626f,-0.1171f,0.2445f,0.4124f,-0.2688f,0.528f,-0.8056f,-0.7822f,-0.0348f,-0.8411f,-0.5397f,0.2802f,0f,0f,0f,1f],start_interpolation: 0,interpolation_duration: 1}
$data merge entity $(bone_left_arm) {transformation: [-0.9626f,-0.1834f,0.1996f,0.2405f,-0.2688f,0.7405f,-0.6159f,-0.6076f,-0.0348f,-0.6465f,-0.7621f,0.094f,0f,0f,0f,1f],start_interpolation: 0,interpolation_duration: 1}
$data merge entity $(bone_torso) {transformation: [-0.9934f,-0.0023f,0.1146f,0f,0f,0.9998f,0.0199f,-0.9656f,-0.1146f,0.0198f,-0.9932f,-0.0031f,0f,0f,0f,1f],start_interpolation: 0,interpolation_duration: 1}
$data merge entity $(bone_right_dress) {transformation: [-0.9771f,-0.2109f,-0.029f,-0.1936f,-0.2125f,0.9582f,0.1916f,-1.1224f,-0.0126f,0.1934f,-0.981f,-0.0078f,0f,0f,0f,1f],start_interpolation: 0,interpolation_duration: 1}
$data merge entity $(bone_left_dress) {transformation: [-0.9763f,0.2019f,-0.0781f,0.1311f,0.2164f,0.9106f,-0.3521f,-1.1224f,0f,-0.3606f,-0.9327f,-0.0078f,0f,0f,0f,1f],start_interpolation: 0,interpolation_duration: 1}
$data merge entity $(bone_lower_right_leg) {transformation: [-0.999f,0.0351f,0.026f,-0.14f,0.0436f,0.8029f,0.5945f,-1.5745f,0f,0.5951f,-0.8036f,-0.1504f,0f,0f,0f,1f],start_interpolation: 0,interpolation_duration: 1}
$data merge entity $(bone_right_leg) {transformation: [-0.999f,0.04f,0.0175f,-0.125f,0.0436f,0.9152f,0.4006f,-1.2313f,0f,0.401f,-0.9161f,0f,0f,0f,0f,1f],start_interpolation: 0,interpolation_duration: 1}
$data merge entity $(bone_lower_left_leg) {transformation: [-0.999f,-0.0435f,0.0037f,0.1396f,-0.0436f,0.9955f,-0.0843f,-1.5665f,0f,-0.0844f,-0.9964f,0.1674f,0f,0f,0f,1f],start_interpolation: 0,interpolation_duration: 1}
$data merge entity $(bone_left_leg) {transformation: [-0.999f,-0.039f,0.0195f,0.125f,-0.0436f,0.8939f,-0.4461f,-1.2313f,0f,-0.4465f,-0.8948f,0f,0f,0f,0f,1f],start_interpolation: 0,interpolation_duration: 1}
$data merge entity $(bone_waist) {transformation: [-1f,0f,0f,0f,0f,1f,0f,-0.8875f,0f,0f,-1f,0f,0f,0f,0f,1f],start_interpolation: 0,interpolation_duration: 1}
$data merge entity $(bone_pony_tail) {transformation: [-0.9995f,-0.0002f,0.0304f,0.0071f,0.0053f,0.9835f,0.1809f,-0.4425f,-0.0299f,0.1809f,-0.983f,-0.2122f,0f,0f,0f,1f],start_interpolation: 0,interpolation_duration: 1}
$data merge entity $(bone_head) {transformation: [-0.9995f,-0.0002f,0.0304f,0f,0.0053f,0.9835f,0.1809f,-0.5156f,-0.0299f,0.1809f,-0.983f,0.0125f,0f,0f,0f,1f],start_interpolation: 0,interpolation_duration: 1}
data modify entity @s data merge value {"cameras":{},"locators":{"locator":{"posx":-0.28012461297634705,"posy":-0.7618522542189039,"posz":2.5632131278392998,"roty":70.46579659169305,"rotx":59.82857994256437},"locator2":{"posx":-0.021047323173904897,"posy":-0.28349142768997027,"posz":2.407128607302583,"roty":70.46579659169305,"rotx":59.82857994256437},"locator3":{"posx":0.2010692603154174,"posy":0.13290172045435966,"posz":2.199991045480771,"roty":70.46579659169305,"rotx":59.82857994256437},"locator4":{"posx":0.4084720304016122,"posy":0.5334252128121897,"posz":1.869741105238444,"roty":70.46579659169305,"rotx":59.82857994256437},"locator5":{"posx":-0.5539157161819168,"posy":-1.2560827365343372,"posz":2.5961852699555026,"roty":70.46579659169305,"rotx":59.82857994256437},"saber_hitbox":{"posx":-0.4945511325666679,"posy":-1.0154301899880107,"posz":0.6543208079814035,"roty":70.46579659169305,"rotx":59.82857994256437},"locator6":{"posx":0.2032860636171468,"posy":-0.3526394578862766,"posz":2.7456372352150655,"roty":315.32806789753124,"rotx":69.03066645437205},"locator7":{"posx":0.06806855531950046,"posy":0.15784395472823365,"posz":2.5420803367929796,"roty":315.32806789753124,"rotx":69.03066645437205},"locator8":{"posx":-0.04511773194523422,"posy":0.5952032160459991,"posz":2.294026429517155,"roty":315.32806789753124,"rotx":69.03066645437205},"locator9":{"posx":-0.1456913230102574,"posy":1.0030356875525257,"posz":1.9251665266201827,"roty":315.32806789753124,"rotx":69.03066645437205},"locator10":{"posx":0.35111626811450464,"posy":-0.8926496603120261,"posz":2.8283881380160034,"roty":315.32806789753124,"rotx":69.03066645437205},"short_sword_hitbox":{"posx":0.38617015851296455,"posy":-0.7807779101492422,"posz":0.9939502987084281,"roty":315.32806789753124,"rotx":69.03066645437205}}}