# This file was generated by Animated Java via MC-Build. It is not recommended to edit this file directly.
$data merge entity $(bone_chest) {transformation: [-0.9657f,0.0172f,-0.2591f,0.0075f,-0.0023f,0.9972f,0.0749f,1.1855f,0.2597f,0.0729f,-0.9629f,0.0268f,0f,0f,0f,1f],start_interpolation: 0,interpolation_duration: 1}
$data merge entity $(bone_cape) {transformation: [-0.9657f,0.0509f,-0.2547f,0.2005f,-0.0023f,0.9789f,0.2044f,1.3201f,0.2597f,0.198f,-0.9452f,-0.0966f,0f,0f,0f,1f],start_interpolation: 0,interpolation_duration: 1}
$data merge entity $(bone_saber) {transformation: [-0.8758f,1.0155f,0.3037f,-0.4863f,0.3795f,-0.0675f,1.3199f,0.7743f,0.9897f,0.9245f,-0.2373f,0.1651f,0f,0f,0f,1f],start_interpolation: 0,interpolation_duration: 1}
$data merge entity $(bone_right_forearm) {transformation: [-0.637f,0.2209f,-0.7386f,-0.4343f,0.276f,0.9599f,0.0491f,1.0787f,0.7198f,-0.1726f,-0.6724f,0.116f,0f,0f,0f,1f],start_interpolation: 0,interpolation_duration: 1}
$data merge entity $(bone_right_arm) {transformation: [-0.9046f,0.3231f,-0.2781f,-0.2304f,0.2725f,0.9399f,0.2057f,1.309f,0.3278f,0.1103f,-0.9383f,0.1061f,0f,0f,0f,1f],start_interpolation: 0,interpolation_duration: 1}
$data merge entity $(bone_short_sword) {transformation: [-0.9016f,0.0472f,-0.7389f,0.5697f,-0.7391f,0.0117f,0.9026f,1.1107f,0.044f,1.1657f,0.0209f,-0.2207f,0f,0f,0f,1f],start_interpolation: 0,interpolation_duration: 1}
$data merge entity $(bone_left_forearm) {transformation: [-0.7728f,-0.6285f,0.0875f,0.4075f,-0.6335f,0.7559f,-0.1652f,1.3052f,0.0377f,-0.183f,-0.9824f,-0.2784f,0f,0f,0f,1f],start_interpolation: 0,interpolation_duration: 1}
$data merge entity $(bone_left_arm) {transformation: [-0.7728f,-0.1949f,-0.6039f,0.2561f,-0.6335f,0.2934f,0.716f,1.3085f,0.0377f,0.9359f,-0.3502f,-0.0105f,0f,0f,0f,1f],start_interpolation: 0,interpolation_duration: 1}
$data merge entity $(bone_torso) {transformation: [-0.9657f,0.0285f,-0.2581f,0f,-0.0023f,0.993f,0.1183f,0.9531f,0.2597f,0.1149f,-0.9588f,-0.0031f,0f,0f,0f,1f],start_interpolation: 0,interpolation_duration: 1}
$data merge entity $(bone_right_dress) {transformation: [-0.9781f,-0.2067f,0.0245f,-0.1936f,-0.1881f,0.9281f,0.3212f,0.7963f,-0.0891f,0.3096f,-0.9467f,-0.0078f,0f,0f,0f,1f],start_interpolation: 0,interpolation_duration: 1}
$data merge entity $(bone_left_dress) {transformation: [-0.9763f,0.1925f,-0.0989f,0.1311f,0.2164f,0.8683f,-0.4463f,0.7963f,0f,-0.4571f,-0.8894f,-0.0078f,0f,0f,0f,1f],start_interpolation: 0,interpolation_duration: 1}
$data merge entity $(bone_lower_right_leg) {transformation: [-0.9993f,0.0316f,0.0205f,-0.1385f,0.0368f,0.7039f,0.7094f,0.3631f,0.008f,0.7096f,-0.7045f,-0.1876f,0f,0f,0f,1f],start_interpolation: 0,interpolation_duration: 1}
$data merge entity $(bone_right_leg) {transformation: [-0.9993f,0.0359f,0.0115f,-0.125f,0.0368f,0.8651f,0.5003f,0.6875f,0.008f,0.5004f,-0.8658f,0f,0f,0f,0f,1f],start_interpolation: 0,interpolation_duration: 1}
$data merge entity $(bone_lower_left_leg) {transformation: [-0.999f,-0.0428f,-0.0086f,0.1384f,-0.0436f,0.9794f,0.1971f,0.3802f,0f,0.1973f,-0.9803f,0.2144f,0f,0f,0f,1f],start_interpolation: 0,interpolation_duration: 1}
$data merge entity $(bone_left_leg) {transformation: [-0.999f,-0.0358f,0.0249f,0.125f,-0.0436f,0.8196f,-0.5713f,0.6875f,0f,-0.5719f,-0.8204f,0f,0f,0f,0f,1f],start_interpolation: 0,interpolation_duration: 1}
$data merge entity $(bone_pony_tail) {transformation: [-0.9988f,0.0004f,-0.0499f,-0.0117f,-0.0087f,0.9835f,0.1806f,1.4637f,0.0491f,0.1808f,-0.9823f,-0.1621f,0f,0f,0f,1f],start_interpolation: 0,interpolation_duration: 1}
$data merge entity $(bone_head) {transformation: [-0.9988f,0.0004f,-0.0499f,0f,-0.0087f,0.9835f,0.1806f,1.3906f,0.0491f,0.1808f,-0.9823f,0.0625f,0f,0f,0f,1f],start_interpolation: 0,interpolation_duration: 1}