# This file was generated by Animated Java via MC-Build. It is not recommended to edit this file directly.
$data merge entity $(bone_chest) {transformation: [-0.9985f,-0.0024f,-0.054f,0.0002f,0f,0.999f,-0.0436f,-0.7187f,0.0541f,-0.0436f,-0.9976f,0f,0f,0f,0f,1f],start_interpolation: 0,interpolation_duration: 1}
$data merge entity $(bone_cape) {transformation: [-0.9985f,0.0047f,-0.0539f,0.214f,0f,0.9962f,0.0872f,-0.5937f,0.0541f,0.087f,-0.9947f,-0.0961f,0f,0f,0f,1f],start_interpolation: 0,interpolation_duration: 1}
$data merge entity $(bone_saber) {transformation: [-1.3546f,-0.0867f,0.2197f,-0.4424f,0.2148f,0.08f,1.3558f,-1.1676f,-0.0983f,1.3699f,-0.0653f,0.044f,0f,0f,0f,1f],start_interpolation: 0,interpolation_duration: 1}
$data merge entity $(bone_right_forearm) {transformation: [-0.9851f,0.1598f,0.0631f,-0.4073f,0.1562f,0.986f,-0.0582f,-0.8579f,-0.0715f,-0.0475f,-0.9963f,0.0185f,0f,0f,0f,1f],start_interpolation: 0,interpolation_duration: 1}
$data merge entity $(bone_right_arm) {transformation: [-0.9912f,0.1206f,-0.0539f,-0.2495f,0.12f,0.9927f,0.0133f,-0.5937f,0.0551f,0.0067f,-0.9985f,0.0135f,0f,0f,0f,1f],start_interpolation: 0,interpolation_duration: 1}
$data merge entity $(bone_short_sword) {transformation: [-1.1268f,0.1727f,-0.2482f,0.48f,-0.2454f,0.0371f,1.14f,-1.0991f,0.1766f,1.1532f,0.0005f,-0.0365f,0f,0f,0f,1f],start_interpolation: 0,interpolation_duration: 1}
$data merge entity $(bone_left_forearm) {transformation: [-0.9658f,-0.2127f,-0.148f,0.4233f,-0.2103f,0.9771f,-0.0318f,-0.8458f,0.1514f,0.0004f,-0.9885f,-0.0467f,0f,0f,0f,1f],start_interpolation: 0,interpolation_duration: 1}
$data merge entity $(bone_left_arm) {transformation: [-0.9816f,-0.1805f,-0.0624f,0.2498f,-0.1856f,0.9787f,0.088f,-0.5937f,0.0452f,0.098f,-0.9942f,-0.0135f,0f,0f,0f,1f],start_interpolation: 0,interpolation_duration: 1}
$data merge entity $(bone_torso) {transformation: [-0.9985f,0f,-0.0541f,0f,0f,1f,0f,-0.9531f,0.0541f,0f,-0.9985f,-0.0031f,0f,0f,0f,1f],start_interpolation: 0,interpolation_duration: 1}
$data merge entity $(bone_right_dress) {transformation: [-0.9761f,-0.2169f,-0.0166f,-0.1937f,-0.2164f,0.976f,-0.0242f,-1.1099f,0.0215f,-0.02f,-0.9996f,-0.0036f,0f,0f,0f,1f],start_interpolation: 0,interpolation_duration: 1}
$data merge entity $(bone_left_dress) {transformation: [-0.9761f,0.2164f,-0.022f,0.1309f,0.2164f,0.9763f,0f,-1.1099f,0.0215f,-0.0048f,-0.9998f,-0.0107f,0f,0f,0f,1f],start_interpolation: 0,interpolation_duration: 1}
$data merge entity $(bone_lower_right_leg) {transformation: [-0.9988f,0.0432f,-0.0227f,-0.141f,0.0436f,0.9989f,-0.0171f,-1.5932f,0.022f,-0.0181f,-0.9996f,0.0165f,0f,0f,0f,1f],start_interpolation: 0,interpolation_duration: 1}
$data merge entity $(bone_right_leg) {transformation: [-0.9988f,0.0428f,-0.0235f,-0.125f,0.0436f,0.9984f,-0.0356f,-1.2187f,0.022f,-0.0365f,-0.9991f,0.0027f,0f,0f,0f,1f],start_interpolation: 0,interpolation_duration: 1}
$data merge entity $(bone_lower_left_leg) {transformation: [-0.9988f,-0.0436f,-0.022f,0.1413f,-0.0436f,0.999f,0f,-1.5934f,0.022f,0.001f,-0.9998f,-0.0031f,0f,0f,0f,1f],start_interpolation: 0,interpolation_duration: 1}
$data merge entity $(bone_left_leg) {transformation: [-0.9988f,-0.0436f,-0.022f,0.125f,-0.0436f,0.999f,0f,-1.2187f,0.022f,0.001f,-0.9998f,-0.0027f,0f,0f,0f,1f],start_interpolation: 0,interpolation_duration: 1}
$data merge entity $(bone_waist) {transformation: [-0.9998f,0f,-0.022f,0f,0f,1f,0f,-0.875f,0.022f,0f,-0.9998f,0f,0f,0f,0f,1f],start_interpolation: 0,interpolation_duration: 1}
$data merge entity $(bone_pony_tail) {transformation: [-0.9999f,0.0023f,-0.0153f,-0.0035f,0.0008f,0.9957f,0.093f,-0.4471f,0.0154f,0.0929f,-0.9956f,-0.2304f,0f,0f,0f,1f],start_interpolation: 0,interpolation_duration: 1}
$data merge entity $(bone_head) {transformation: [-0.9999f,0.0023f,-0.0153f,0f,0.0008f,0.9957f,0.093f,-0.5f,0.0154f,0.0929f,-0.9956f,0f,0f,0f,0f,1f],start_interpolation: 0,interpolation_duration: 1}
data modify entity @s data merge value {"cameras":{},"locators":{"body_hitbox":{"posx":0.007290989765889685,"posy":-0.8693988612014982,"posz":0.13149926858858021,"roty":356.9,"rotx":-2.5},"flame":{"posx":-0.621792539268551,"posy":-1.0029417473379607,"posz":2.657343537984864,"roty":73.44459177721806,"rotx":80.40458571021118},"flame1":{"posx":-0.5279739589173057,"posy":-0.45194991708243637,"posz":2.568357151539832,"roty":73.44459177721806,"rotx":80.40458571021118},"flame2":{"posx":-0.44019907463299923,"posy":0.03377788007059723,"posz":2.420070008598382,"roty":73.44459177721806,"rotx":80.40458571021118},"flame3":{"posx":-0.3445391271989334,"posy":0.5122287836902528,"posz":2.1472442266743728,"roty":73.44459177721806,"rotx":80.40458571021118},"flame4":{"posx":-0.7077260564700371,"posy":-1.561210471126863,"posz":2.6217912854473364,"roty":73.44459177721806,"rotx":80.40458571021118},"saber_hitbox":{"posx":-0.4802387917411552,"posy":-1.121812571656819,"posz":0.665842494974415,"roty":73.44459177721806,"rotx":80.40458571021118},"flame5":{"posx":0.8214462383467405,"posy":-1.0150460929171266,"posz":2.2587523956735174,"roty":269.8914365591164,"rotx":77.71883594434384},"flame6":{"posx":0.6925480833078315,"posy":-0.46740663016054385,"posz":2.197199292914625,"roty":269.8914365591164,"rotx":77.71883594434384},"flame7":{"posx":0.5676947669397586,"posy":0.017175073343024705,"posz":2.073841188108035,"roty":269.8914365591164,"rotx":77.71883594434384},"flame8":{"posx":0.4243425291714089,"posy":0.49778070274248387,"posz":1.8269234590638128,"roty":269.8914365591164,"rotx":77.71883594434384},"flame9":{"posx":0.9318454719853727,"posy":-1.5666616297778184,"posz":2.196745874194778,"roty":269.8914365591164,"rotx":77.71883594434384},"short_sword_hitbox":{"posx":0.5439624173425885,"posy":-1.0746872044787632,"posz":0.4053580321090259,"roty":269.8914365591164,"rotx":77.71883594434384}}}