# This file was generated by Animated Java via MC-Build. It is not recommended to edit this file directly.
$data merge entity $(bone_chest) {transformation: [-0.9996f,-0.0002f,0.0269f,-0.0004f,0f,1f,0.0056f,-0.7442f,-0.0269f,0.0056f,-0.9996f,0.0115f,0f,0f,0f,1f],start_interpolation: 0,interpolation_duration: 1}
$data merge entity $(bone_cape) {transformation: [-0.9996f,-0.0037f,0.0266f,0.2204f,0f,0.9907f,0.1361f,-0.6152f,-0.0269f,0.136f,-0.9903f,-0.0607f,0f,0f,0f,1f],start_interpolation: 0,interpolation_duration: 1}
$data merge entity $(bone_saber) {transformation: [-1.1945f,0.3762f,0.5676f,-0.5652f,0.6137f,0.0979f,1.2266f,-1.1316f,0.2952f,1.3189f,-0.2529f,0.0282f,0f,0f,0f,1f],start_interpolation: 0,interpolation_duration: 1}
$data merge entity $(bone_right_forearm) {transformation: [-0.8687f,0.4128f,-0.2736f,-0.4526f,0.4463f,0.892f,-0.0712f,-0.8469f,0.2147f,-0.184f,-0.9592f,-0.035f,0f,0f,0f,1f],start_interpolation: 0,interpolation_duration: 1}
$data merge entity $(bone_right_arm) {transformation: [-0.9511f,0.2959f,0.0891f,-0.2505f,0.3052f,0.9446f,0.1207f,-0.6193f,-0.0485f,0.142f,-0.9887f,0.011f,0f,0f,0f,1f],start_interpolation: 0,interpolation_duration: 1}
$data merge entity $(bone_short_sword) {transformation: [-1.0867f,-0.0933f,-0.414f,0.5229f,-0.4244f,0.2319f,1.0617f,-0.9841f,-0.0026f,1.1396f,-0.25f,0.3546f,0f,0f,0f,1f],start_interpolation: 0,interpolation_duration: 1}
$data merge entity $(bone_left_forearm) {transformation: [-0.9315f,-0.2435f,0.2703f,0.4625f,-0.3638f,0.6281f,-0.6879f,-0.8283f,-0.0022f,-0.7391f,-0.6736f,0.1558f,0f,0f,0f,1f],start_interpolation: 0,interpolation_duration: 1}
$data merge entity $(bone_left_arm) {transformation: [-0.9315f,-0.3489f,0.1028f,0.2479f,-0.3638f,0.8952f,-0.2574f,-0.622f,-0.0022f,-0.2772f,-0.9608f,0.0776f,0f,0f,0f,1f],start_interpolation: 0,interpolation_duration: 1}
$data merge entity $(bone_torso) {transformation: [-0.9996f,-0.0013f,0.0268f,0f,0f,0.9988f,0.0492f,-0.9781f,-0.0269f,0.0492f,-0.9984f,-0.0031f,0f,0f,0f,1f],start_interpolation: 0,interpolation_duration: 1}
$data merge entity $(bone_right_dress) {transformation: [-0.9779f,-0.2084f,-0.0161f,-0.1936f,-0.2067f,0.9525f,0.2238f,-1.1349f,-0.0313f,0.2222f,-0.9745f,-0.0078f,0f,0f,0f,1f],start_interpolation: 0,interpolation_duration: 1}
$data merge entity $(bone_left_dress) {transformation: [-0.9763f,0.1995f,-0.0839f,0.1311f,0.2164f,0.8999f,-0.3786f,-1.1349f,0f,-0.3878f,-0.9217f,-0.0078f,0f,0f,0f,1f],start_interpolation: 0,interpolation_duration: 1}
$data merge entity $(bone_lower_right_leg) {transformation: [-0.999f,0.034f,0.0273f,-0.1398f,0.0436f,0.779f,0.6255f,-1.5824f,0f,0.6261f,-0.7798f,-0.1604f,0f,0f,0f,1f],start_interpolation: 0,interpolation_duration: 1}
$data merge entity $(bone_right_leg) {transformation: [-0.999f,0.0394f,0.0187f,-0.125f,0.0436f,0.9031f,0.4273f,-1.2437f,0f,0.4277f,-0.9039f,0f,0f,0f,0f,1f],start_interpolation: 0,interpolation_duration: 1}
$data merge entity $(bone_lower_left_leg) {transformation: [-0.999f,-0.0436f,0.0007f,0.1393f,-0.0436f,0.9989f,-0.016f,-1.5722f,0f,-0.0161f,-0.9999f,0.1804f,0f,0f,0f,1f],start_interpolation: 0,interpolation_duration: 1}
$data merge entity $(bone_left_leg) {transformation: [-0.999f,-0.0382f,0.021f,0.125f,-0.0436f,0.8758f,-0.4807f,-1.2437f,0f,-0.4811f,-0.8766f,0f,0f,0f,0f,1f],start_interpolation: 0,interpolation_duration: 1}
$data merge entity $(bone_waist) {transformation: [-1f,0f,0f,0f,0f,1f,0f,-0.9f,0f,0f,-1f,0f,0f,0f,0f,1f],start_interpolation: 0,interpolation_duration: 1}
$data merge entity $(bone_pony_tail) {transformation: [-0.9999f,-0.0002f,0.0108f,0.0025f,0.0019f,0.9814f,0.192f,-0.4556f,-0.0107f,0.192f,-0.9813f,-0.199f,0f,0f,0f,1f],start_interpolation: 0,interpolation_duration: 1}
$data merge entity $(bone_head) {transformation: [-0.9999f,-0.0002f,0.0108f,0f,0.0019f,0.9814f,0.192f,-0.5312f,-0.0107f,0.192f,-0.9813f,0.025f,0f,0f,0f,1f],start_interpolation: 0,interpolation_duration: 1}
data modify entity @s data merge value {"cameras":{},"locators":{"body_hitbox":{"posx":-0.003729621914174641,"posy":-0.9011332585229594,"posz":0.13560235926122263,"roty":1.539999999999992,"rotx":0.3200000000000014},"saber_hitbox":{"posx":-0.3903739609868566,"posy":-1.078625118349444,"posz":0.6255856381784063,"roty":65.98272202106794,"rotx":63.130932080909474},"short_sword_hitbox":{"posx":0.4834348822079933,"posy":-0.8857695440211959,"posz":0.7890584935305137,"roty":301.12226142096085,"rotx":65.5092739740866}}}