# This file was generated by Animated Java via MC-Build. It is not recommended to edit this file directly.
$data merge entity $(bone_chest) {transformation: [-0.9975f,0.0027f,-0.0704f,0.0016f,0f,0.9993f,0.038f,-0.7573f,0.0705f,0.0379f,-0.9968f,0.0191f,0f,0f,0f,1f],start_interpolation: 0,interpolation_duration: 1}
$data merge entity $(bone_cape) {transformation: [-0.9975f,0.0118f,-0.0694f,0.2146f,0f,0.9858f,0.1681f,-0.6258f,0.0705f,0.1677f,-0.9833f,-0.0701f,0f,0f,0f,1f],start_interpolation: 0,interpolation_duration: 1}
$data merge entity $(bone_saber) {transformation: [-1.1385f,0.6056f,0.4773f,-0.5443f,0.5407f,0.0202f,1.2641f,-1.1524f,0.5497f,1.2343f,-0.2548f,0.0776f,0f,0f,0f,1f],start_interpolation: 0,interpolation_duration: 1}
$data merge entity $(bone_right_forearm) {transformation: [-0.828f,0.3471f,-0.4404f,-0.4531f,0.3932f,0.9193f,-0.0147f,-0.8594f,0.3998f,-0.1853f,-0.8977f,0.0174f,0f,0f,0f,1f],start_interpolation: 0,interpolation_duration: 1}
$data merge entity $(bone_right_arm) {transformation: [-0.9498f,0.3104f,-0.038f,-0.2471f,0.3006f,0.9398f,0.1626f,-0.6327f,0.0862f,0.143f,-0.986f,0.0468f,0f,0f,0f,1f],start_interpolation: 0,interpolation_duration: 1}
$data merge entity $(bone_short_sword) {transformation: [-1.0351f,-0.0613f,-0.5347f,0.5887f,-0.5377f,0.1698f,1.0214f,-1.0032f,0.0241f,1.1526f,-0.1789f,0.1597f,0f,0f,0f,1f],start_interpolation: 0,interpolation_duration: 1}
$data merge entity $(bone_left_forearm) {transformation: [-0.8872f,-0.3835f,0.2564f,0.4918f,-0.4609f,0.7119f,-0.5299f,-0.8239f,0.0207f,-0.5883f,-0.8084f,-0.0014f,0f,0f,0f,1f],start_interpolation: 0,interpolation_duration: 1}
$data merge entity $(bone_left_arm) {transformation: [-0.8872f,-0.4478f,-0.111f,0.2549f,-0.4609f,0.8711f,0.1697f,-0.6365f,0.0207f,0.2017f,-0.9792f,0.0579f,0f,0f,0f,1f],start_interpolation: 0,interpolation_duration: 1}
$data merge entity $(bone_torso) {transformation: [-0.9975f,0.0057f,-0.0702f,0f,0f,0.9967f,0.0816f,-0.9906f,0.0705f,0.0814f,-0.9942f,-0.0031f,0f,0f,0f,1f],start_interpolation: 0,interpolation_duration: 1}
$data merge entity $(bone_right_dress) {transformation: [-0.9784f,-0.2067f,-0.0017f,-0.1936f,-0.2001f,0.9449f,0.259f,-1.1474f,-0.0519f,0.2537f,-0.9659f,-0.0078f,0f,0f,0f,1f],start_interpolation: 0,interpolation_duration: 1}
$data merge entity $(bone_left_dress) {transformation: [-0.9763f,0.1967f,-0.0904f,0.1311f,0.2164f,0.8871f,-0.4077f,-1.1474f,0f,-0.4175f,-0.9087f,-0.0078f,0f,0f,0f,1f],start_interpolation: 0,interpolation_duration: 1}
$data merge entity $(bone_lower_right_leg) {transformation: [-0.999f,0.0328f,0.0288f,-0.1396f,0.0436f,0.7512f,0.6586f,-1.5895f,0f,0.6592f,-0.752f,-0.1713f,0f,0f,0f,1f],start_interpolation: 0,interpolation_duration: 1}
$data merge entity $(bone_right_leg) {transformation: [-0.999f,0.0388f,0.0199f,-0.125f,0.0436f,0.8887f,0.4564f,-1.2562f,0f,0.4568f,-0.8896f,0f,0f,0f,0f,1f],start_interpolation: 0,interpolation_duration: 1}
$data merge entity $(bone_lower_left_leg) {transformation: [-0.999f,-0.0435f,-0.0026f,0.139f,-0.0436f,0.9973f,0.0596f,-1.5766f,0f,0.0597f,-0.9982f,0.1945f,0f,0f,0f,1f],start_interpolation: 0,interpolation_duration: 1}
$data merge entity $(bone_left_leg) {transformation: [-0.999f,-0.0373f,0.0226f,0.125f,-0.0436f,0.8542f,-0.5181f,-1.2562f,0f,-0.5186f,-0.855f,0f,0f,0f,0f,1f],start_interpolation: 0,interpolation_duration: 1}
$data merge entity $(bone_waist) {transformation: [-1f,0f,0f,0f,0f,1f,0f,-0.9125f,0f,0f,-1f,0f,0f,0f,0f,1f],start_interpolation: 0,interpolation_duration: 1}
$data merge entity $(bone_pony_tail) {transformation: [-0.9999f,0.0003f,-0.0108f,-0.0025f,-0.0019f,0.9791f,0.2036f,-0.4686f,0.0107f,0.2036f,-0.979f,-0.1856f,0f,0f,0f,1f],start_interpolation: 0,interpolation_duration: 1}
$data merge entity $(bone_head) {transformation: [-0.9999f,0.0003f,-0.0108f,0f,-0.0019f,0.9791f,0.2036f,-0.5469f,0.0107f,0.2036f,-0.979f,0.0375f,0f,0f,0f,1f],start_interpolation: 0,interpolation_duration: 1}
data modify entity @s data merge value {"cameras":{},"locators":{"body_hitbox":{"posx":0.0099481815918707,"posy":-0.9181781834597299,"posz":0.13772744406497908,"roty":355.96,"rotx":2.180000000000003},"flame":{"posx":0.6019586665996141,"posy":-1.0988979836014374,"posz":2.438123212943008,"roty":61.8991183746445,"rotx":66.82844949811656},"flame1":{"posx":0.7696777700021648,"posy":-0.5826929856468035,"posz":2.2777636094248495,"roty":61.8991183746445,"rotx":66.82844949811656},"flame2":{"posx":0.8881776906356237,"posy":-0.12486476026103399,"posz":2.0728829494054595,"roty":61.8991183746445,"rotx":66.82844949811656},"flame3":{"posx":0.9516269029652279,"posy":0.3311262740917067,"posz":1.7557924669802207,"roty":61.8991183746445,"rotx":66.82844949811656},"flame4":{"posx":0.3791888548932085,"posy":-1.6169401725891,"posz":2.4862729940553185,"roty":61.8991183746445,"rotx":66.82844949811656},"saber_hitbox":{"posx":-0.2659153590684761,"posy":-1.134436960255204,"posz":0.6365195391750883,"roty":61.8991183746445,"rotx":66.82844949811656},"flame5":{"posx":0.46179882242089226,"posy":-0.6560929956649033,"posz":2.4522083000664523,"roty":288.4998849622595,"rotx":61.09880128800864},"flame6":{"posx":0.20727638534769754,"posy":-0.17274587044260692,"posz":2.3042002409424196,"roty":288.4998849622595,"rotx":61.09880128800864},"flame7":{"posx":-0.015314867869458682,"posy":0.24678937010821222,"posz":2.104029523985163,"roty":288.4998849622595,"rotx":61.09880128800864},"flame8":{"posx":-0.2313344775603844,"posy":0.6481326432948318,"posz":1.7803644111032977,"roty":288.4998849622595,"rotx":61.09880128800864},"flame9":{"posx":0.7228929030203176,"posy":-1.1576320882513993,"posz":2.476721963265877,"roty":288.4998849622595,"rotx":61.09880128800864},"short_sword_hitbox":{"posx":0.5603734753143499,"posy":-0.9289725061278986,"posz":0.5997923611973203,"roty":288.4998849622595,"rotx":61.09880128800864}}}