# This file was generated by Animated Java via MC-Build. It is not recommended to edit this file directly.
$data merge entity $(bone_chest) {transformation: [-0.9875f,0.0106f,-0.1575f,0.0046f,0f,0.9977f,0.0673f,-0.7705f,0.1578f,0.0665f,-0.9852f,0.0256f,0f,0f,0f,1f],start_interpolation: 0,interpolation_duration: 1}
$data merge entity $(bone_cape) {transformation: [-0.9875f,0.0311f,-0.1547f,0.2095f,0f,0.9804f,0.197f,-0.637f,0.1578f,0.1945f,-0.9681f,-0.0781f,0f,0f,0f,1f],start_interpolation: 0,interpolation_duration: 1}
$data merge entity $(bone_saber) {transformation: [-1.0454f,0.7978f,0.4016f,-0.5222f,0.4647f,-0.0421f,1.2934f,-1.1716f,0.7628f,1.1191f,-0.2376f,0.1175f,0f,0f,0f,1f],start_interpolation: 0,interpolation_duration: 1}
$data merge entity $(bone_right_forearm) {transformation: [-0.7603f,0.2921f,-0.5802f,-0.4485f,0.338f,0.9407f,0.0306f,-0.8724f,0.5548f,-0.1728f,-0.8139f,0.0645f,0f,0f,0f,1f],start_interpolation: 0,interpolation_duration: 1}
$data merge entity $(bone_right_arm) {transformation: [-0.9332f,0.3261f,-0.1511f,-0.2401f,0.2942f,0.9346f,0.2001f,-0.6463f,0.2064f,0.1423f,-0.9681f,0.0787f,0f,0f,0f,1f],start_interpolation: 0,interpolation_duration: 1}
$data merge entity $(bone_short_sword) {transformation: [-0.9817f,-0.0267f,-0.6299f,0.6092f,-0.6296f,0.1021f,0.9769f,-0.9667f,0.0328f,1.1619f,-0.1004f,-0.0174f,0f,0f,0f,1f],start_interpolation: 0,interpolation_duration: 1}
$data merge entity $(bone_left_forearm) {transformation: [-0.8414f,-0.4997f,0.2056f,0.4816f,-0.5396f,0.7573f,-0.3679f,-0.7739f,0.0281f,-0.4205f,-0.9069f,-0.1359f,0f,0f,0f,1f],start_interpolation: 0,interpolation_duration: 1}
$data merge entity $(bone_left_arm) {transformation: [-0.8414f,-0.4147f,-0.3464f,0.2598f,-0.5396f,0.6782f,0.4988f,-0.6506f,0.0281f,0.6066f,-0.7945f,0.0382f,0f,0f,0f,1f],start_interpolation: 0,interpolation_duration: 1}
$data merge entity $(bone_torso) {transformation: [-0.9875f,0.0175f,-0.1568f,0f,0f,0.9938f,0.1108f,-1.0031f,0.1578f,0.1094f,-0.9814f,-0.0031f,0f,0f,0f,1f],start_interpolation: 0,interpolation_duration: 1}
$data merge entity $(bone_right_dress) {transformation: [-0.9784f,-0.2062f,0.0114f,-0.1936f,-0.1941f,0.937f,0.2903f,-1.1599f,-0.0705f,0.2819f,-0.9569f,-0.0078f,0f,0f,0f,1f],start_interpolation: 0,interpolation_duration: 1}
$data merge entity $(bone_left_dress) {transformation: [-0.9763f,0.1939f,-0.0961f,0.1311f,0.2164f,0.8748f,-0.4335f,-1.1599f,0f,-0.444f,-0.896f,-0.0078f,0f,0f,0f,1f],start_interpolation: 0,interpolation_duration: 1}
$data merge entity $(bone_lower_right_leg) {transformation: [-0.999f,0.0317f,0.03f,-0.1393f,0.0436f,0.7249f,0.6874f,-1.5969f,0f,0.6881f,-0.7256f,-0.181f,0f,0f,0f,1f],start_interpolation: 0,interpolation_duration: 1}
$data merge entity $(bone_right_leg) {transformation: [-0.999f,0.0382f,0.0211f,-0.125f,0.0436f,0.875f,0.4822f,-1.2687f,0f,0.4827f,-0.8758f,0f,0f,0f,0f,1f],start_interpolation: 0,interpolation_duration: 1}
$data merge entity $(bone_lower_left_leg) {transformation: [-0.999f,-0.0433f,-0.0056f,0.1386f,-0.0436f,0.9909f,0.1276f,-1.5812f,0f,0.1278f,-0.9918f,0.2069f,0f,0f,0f,1f],start_interpolation: 0,interpolation_duration: 1}
$data merge entity $(bone_left_leg) {transformation: [-0.999f,-0.0364f,0.0241f,0.125f,-0.0436f,0.8333f,-0.5511f,-1.2687f,0f,-0.5516f,-0.8341f,0f,0f,0f,0f,1f],start_interpolation: 0,interpolation_duration: 1}
$data merge entity $(bone_waist) {transformation: [-1f,0f,0f,0f,0f,1f,0f,-0.925f,0f,0f,-1f,0f,0f,0f,0f,1f],start_interpolation: 0,interpolation_duration: 1}
$data merge entity $(bone_pony_tail) {transformation: [-0.9995f,0.0012f,-0.0303f,-0.0071f,-0.0053f,0.9771f,0.2127f,-0.4821f,0.0299f,0.2128f,-0.9766f,-0.1723f,0f,0f,0f,1f],start_interpolation: 0,interpolation_duration: 1}
$data merge entity $(bone_head) {transformation: [-0.9995f,0.0012f,-0.0303f,0f,-0.0053f,0.9771f,0.2127f,-0.5625f,0.0299f,0.2128f,-0.9766f,0.05f,0f,0f,0f,1f],start_interpolation: 0,interpolation_duration: 1}
data modify entity @s data merge value {"cameras":{},"locators":{"locator":{"posx":0.9916168663449915,"posy":-1.237736257895568,"posz":2.260678902644174,"roty":59.3890536288027,"rotx":70.16257066263793},"locator2":{"posx":1.1196370518507601,"posy":-0.706700065914265,"posz":2.112611705368528,"roty":59.3890536288027,"rotx":70.16257066263793},"locator3":{"posx":1.1931387077895965,"posy":-0.2325397335270707,"posz":1.924477482631902,"roty":59.3890536288027,"rotx":70.16257066263793},"locator4":{"posx":1.194111047609109,"posy":0.24545128998698829,"posz":1.634609174610384,"roty":59.3890536288027,"rotx":70.16257066263793},"locator5":{"posx":0.7910673647198984,"posy":-1.7649417587500063,"posz":2.3070120146349287,"roty":59.3890536288027,"rotx":70.16257066263793},"saber_hitbox":{"posx":-0.12070813760551063,"posy":-1.1836412629910606,"posz":0.6751325590333046,"roty":59.3890536288027,"rotx":70.16257066263793},"locator6":{"posx":0.5503879316999417,"posy":-0.7546317134523346,"posz":2.2942692854692717,"roty":279.05258643337424,"rotx":56.858935994798124},"locator7":{"posx":0.2481286347623834,"posy":-0.2891072419431834,"posz":2.1836402484087496,"roty":279.05258643337424,"rotx":56.858935994798124},"locator8":{"posx":-0.018957032264607543,"posy":0.11861225789860963,"posz":2.0161438128720333,"roty":279.05258643337424,"rotx":56.858935994798124},"locator9":{"posx":-0.2831820248400885,"posy":0.515387703040988,"posz":1.7241602526660613,"roty":279.05258643337424,"rotx":56.858935994798124},"locator10":{"posx":0.8555079030890099,"posy":-1.2311002396609005,"posz":2.2804111978605377,"roty":279.05258643337424,"rotx":56.858935994798124},"short_sword_hitbox":{"posx":0.5918677112468348,"posy":-0.9133205065938462,"posz":0.4892059777650705,"roty":279.05258643337424,"rotx":56.858935994798124}}}