# This file was generated by Animated Java via MC-Build. It is not recommended to edit this file directly.
$data merge entity $(bone_chest) {transformation: [-0.9664f,0.0188f,-0.2562f,0.0078f,-0.0018f,0.9968f,0.0801f,-0.7834f,0.2569f,0.0779f,-0.9633f,0.028f,0f,0f,0f,1f],start_interpolation: 0,interpolation_duration: 1}
$data merge entity $(bone_cape) {transformation: [-0.9664f,0.0521f,-0.2516f,0.2015f,-0.0018f,0.9778f,0.2095f,-0.6486f,0.2569f,0.203f,-0.9449f,-0.0942f,0f,0f,0f,1f],start_interpolation: 0,interpolation_duration: 1}
$data merge entity $(bone_saber) {transformation: [-0.8837f,1.0066f,0.3103f,-0.4887f,0.3787f,-0.0744f,1.3197f,-1.1935f,0.983f,0.9337f,-0.2294f,0.1627f,0f,0f,0f,1f],start_interpolation: 0,interpolation_duration: 1}
$data merge entity $(bone_right_forearm) {transformation: [-0.6427f,0.2257f,-0.7321f,-0.4353f,0.2754f,0.9598f,0.0541f,-0.889f,0.7149f,-0.1669f,-0.679f,0.1153f,0f,0f,0f,1f],start_interpolation: 0,interpolation_duration: 1}
$data merge entity $(bone_right_arm) {transformation: [-0.9037f,0.3281f,-0.2751f,-0.23f,0.2754f,0.9374f,0.2132f,-0.6598f,0.3279f,0.1169f,-0.9375f,0.1072f,0f,0f,0f,1f],start_interpolation: 0,interpolation_duration: 1}
$data merge entity $(bone_short_sword) {transformation: [-0.9067f,0.0399f,-0.7331f,0.5732f,-0.7331f,0.0138f,0.9074f,-0.8638f,0.0397f,1.1659f,0.0143f,-0.2114f,0f,0f,0f,1f],start_interpolation: 0,interpolation_duration: 1}
$data merge entity $(bone_left_forearm) {transformation: [-0.7771f,-0.6222f,0.0946f,0.4127f,-0.6284f,0.759f,-0.1701f,-0.6686f,0.0341f,-0.1917f,-0.9809f,-0.2714f,0f,0f,0f,1f],start_interpolation: 0,interpolation_duration: 1}
$data merge entity $(bone_left_arm) {transformation: [-0.7771f,-0.2071f,-0.5943f,0.2573f,-0.6284f,0.3064f,0.715f,-0.6609f,0.0341f,0.9291f,-0.3683f,-0.0058f,0f,0f,0f,1f],start_interpolation: 0,interpolation_duration: 1}
$data merge entity $(bone_torso) {transformation: [-0.9664f,0.03f,-0.2551f,0f,-0.0018f,0.9923f,0.1235f,-1.0156f,0.2569f,0.1198f,-0.959f,-0.0031f,0f,0f,0f,1f],start_interpolation: 0,interpolation_duration: 1}
$data merge entity $(bone_right_dress) {transformation: [-0.9781f,-0.2067f,0.0246f,-0.1936f,-0.188f,0.9281f,0.3215f,-1.1724f,-0.0893f,0.3098f,-0.9466f,-0.0078f,0f,0f,0f,1f],start_interpolation: 0,interpolation_duration: 1}
$data merge entity $(bone_left_dress) {transformation: [-0.9763f,0.1921f,-0.0996f,0.1311f,0.2164f,0.8667f,-0.4494f,-1.1724f,0f,-0.4603f,-0.8878f,-0.0078f,0f,0f,0f,1f],start_interpolation: 0,interpolation_duration: 1}
$data merge entity $(bone_lower_right_leg) {transformation: [-0.9992f,0.0314f,0.023f,-0.1386f,0.0384f,0.7021f,0.711f,-1.6052f,0.0062f,0.7113f,-0.7028f,-0.1884f,0f,0f,0f,1f],start_interpolation: 0,interpolation_duration: 1}
$data merge entity $(bone_right_leg) {transformation: [-0.9992f,0.0363f,0.014f,-0.125f,0.0384f,0.8639f,0.5023f,-1.2812f,0.0062f,0.5024f,-0.8646f,0f,0f,0f,0f,1f],start_interpolation: 0,interpolation_duration: 1}
$data merge entity $(bone_lower_left_leg) {transformation: [-0.999f,-0.0428f,-0.0086f,0.1384f,-0.0436f,0.9794f,0.1973f,-1.5878f,0f,0.1975f,-0.9803f,0.2156f,0f,0f,0f,1f],start_interpolation: 0,interpolation_duration: 1}
$data merge entity $(bone_left_leg) {transformation: [-0.999f,-0.0357f,0.0251f,0.125f,-0.0436f,0.8174f,-0.5744f,-1.2812f,0f,-0.5749f,-0.8182f,0f,0f,0f,0f,1f],start_interpolation: 0,interpolation_duration: 1}
$data merge entity $(bone_pony_tail) {transformation: [-0.9987f,0.0008f,-0.0501f,-0.0117f,-0.0087f,0.9819f,0.1893f,-0.5031f,0.0493f,0.1895f,-0.9806f,-0.1614f,0f,0f,0f,1f],start_interpolation: 0,interpolation_duration: 1}
$data merge entity $(bone_head) {transformation: [-0.9987f,0.0008f,-0.0501f,0f,-0.0087f,0.9819f,0.1893f,-0.5781f,0.0493f,0.1895f,-0.9806f,0.0625f,0f,0f,0f,1f],start_interpolation: 0,interpolation_duration: 1}
data modify entity @s data merge value {"cameras":{},"locators":{"body_hitbox":{"posx":0.036911645190336045,"posy":-0.9491943662856537,"posz":0.1361998717800794,"roty":345.1055219166144,"rotx":4.595713833612231},"flame":{"posx":1.4249467435981558,"posy":-1.3219749319906609,"posz":1.9544780858806292,"roty":53.523528554682684,"rotx":73.69998943459453},"flame1":{"posx":1.5061376509912572,"posy":-0.7787032981725928,"posz":1.81818256707927,"roty":53.523528554682684,"rotx":73.69998943459453},"flame2":{"posx":1.5274666284673102,"posy":-0.29203830567390465,"posz":1.6498755268341343,"roty":53.523528554682684,"rotx":73.69998943459453},"flame3":{"posx":1.4572823135712953,"posy":0.2013890592135128,"posz":1.3966886442299273,"roty":53.523528554682684,"rotx":73.69998943459453},"flame4":{"posx":1.252242543832987,"posy":-1.8584841934199996,"posz":2.005893762322917,"roty":53.523528554682684,"rotx":73.69998943459453},"saber_hitbox":{"posx":-0.029223461114125215,"posy":-1.2180801566780088,"posz":0.5852304705769633,"roty":53.523528554682684,"rotx":73.69998943459453},"flame5":{"posx":0.6460597378774897,"posy":-0.8281415432688766,"posz":2.1092549372576577,"roty":268.8815529056432,"rotx":51.05858324010521},"flame6":{"posx":0.2904440653446903,"posy":-0.39137696628017277,"posz":2.053696879903901,"roty":268.8815529056432,"rotx":51.05858324010521},"flame7":{"posx":-0.028033713191613074,"posy":-0.003965947678664428,"posz":1.9349130121241267,"roty":268.8815529056432,"rotx":51.05858324010521},"flame8":{"posx":-0.3507864170407833,"posy":0.3819615812236332,"posz":1.6912110741067696,"roty":268.8815529056432,"rotx":51.05858324010521},"flame9":{"posx":0.9974004850974223,"posy":-1.266389609956791,"posz":2.039894924373831,"roty":268.8815529056432,"rotx":51.05858324010521},"short_sword_hitbox":{"posx":0.5819358581844863,"posy":-0.8503938887570378,"posz":0.23548388369391166,"roty":268.8815529056432,"rotx":51.05858324010521}}}