# This file was generated by Animated Java via MC-Build. It is not recommended to edit this file directly.
$data merge entity $(bone_chest) {transformation: [-0.9669f,0.0115f,-0.2547f,0.0061f,-0.0036f,0.9983f,0.0586f,-0.7828f,0.255f,0.0576f,-0.9652f,0.0232f,0f,0f,0f,1f],start_interpolation: 0,interpolation_duration: 1}
$data merge entity $(bone_cape) {transformation: [-0.9669f,0.0446f,-0.2511f,0.199f,-0.0036f,0.9821f,0.1884f,-0.649f,0.255f,0.1831f,-0.9495f,-0.1012f,0f,0f,0f,1f],start_interpolation: 0,interpolation_duration: 1}
$data merge entity $(bone_saber) {transformation: [-0.8777f,1.016f,0.2966f,-0.484f,0.3931f,-0.0449f,1.3169f,-1.1959f,0.9828f,0.9254f,-0.2618f,0.1665f,0f,0f,0f,1f],start_interpolation: 0,interpolation_duration: 1}
$data merge entity $(bone_right_forearm) {transformation: [-0.6383f,0.2157f,-0.7389f,-0.4337f,0.2859f,0.9577f,0.0326f,-0.8922f,0.7147f,-0.1904f,-0.673f,0.1118f,0f,0f,0f,1f],start_interpolation: 0,interpolation_duration: 1}
$data merge entity $(bone_right_arm) {transformation: [-0.9118f,0.309f,-0.2704f,-0.2328f,0.2664f,0.9463f,0.1829f,-0.6593f,0.3124f,0.0947f,-0.9452f,0.0994f,0f,0f,0f,1f],start_interpolation: 0,interpolation_duration: 1}
$data merge entity $(bone_short_sword) {transformation: [-0.8976f,0.0584f,-0.7429f,0.5673f,-0.7431f,0.0179f,0.8992f,-0.8586f,0.0564f,1.1651f,0.0235f,-0.2316f,0f,0f,0f,1f],start_interpolation: 0,interpolation_duration: 1}
$data merge entity $(bone_left_forearm) {transformation: [-0.7694f,-0.6331f,0.0849f,0.4038f,-0.6369f,0.7504f,-0.1769f,-0.6657f,0.0483f,-0.1902f,-0.9806f,-0.2911f,0f,0f,0f,1f],start_interpolation: 0,interpolation_duration: 1}
$data merge entity $(bone_left_arm) {transformation: [-0.7694f,-0.1985f,-0.6071f,0.2518f,-0.6369f,0.3104f,0.7057f,-0.658f,0.0483f,0.9297f,-0.3652f,-0.0236f,0f,0f,0f,1f],start_interpolation: 0,interpolation_duration: 1}
$data merge entity $(bone_torso) {transformation: [-0.9669f,0.0226f,-0.254f,0f,-0.0036f,0.9948f,0.1021f,-1.0156f,0.255f,0.0996f,-0.9618f,-0.0031f,0f,0f,0f,1f],start_interpolation: 0,interpolation_duration: 1}
$data merge entity $(bone_right_dress) {transformation: [-0.9782f,-0.2065f,0.0224f,-0.1936f,-0.189f,0.9296f,0.3164f,-1.1724f,-0.0862f,0.3053f,-0.9484f,-0.0078f,0f,0f,0f,1f],start_interpolation: 0,interpolation_duration: 1}
$data merge entity $(bone_left_dress) {transformation: [-0.9763f,0.1937f,-0.0965f,0.1311f,0.2164f,0.8739f,-0.4353f,-1.1724f,0f,-0.4459f,-0.8951f,-0.0078f,0f,0f,0f,1f],start_interpolation: 0,interpolation_duration: 1}
$data merge entity $(bone_lower_right_leg) {transformation: [-0.9994f,0.0323f,0.0145f,-0.1381f,0.0331f,0.7116f,0.7018f,-1.6074f,0.0123f,0.7018f,-0.7122f,-0.1846f,0f,0f,0f,1f],start_interpolation: 0,interpolation_duration: 1}
$data merge entity $(bone_right_leg) {transformation: [-0.9994f,0.0349f,0.0056f,-0.125f,0.0331f,0.8698f,0.4923f,-1.2812f,0.0123f,0.4922f,-0.8704f,0f,0f,0f,0f,1f],start_interpolation: 0,interpolation_duration: 1}
$data merge entity $(bone_lower_left_leg) {transformation: [-0.999f,-0.0428f,-0.0082f,0.1385f,-0.0436f,0.9812f,0.1878f,-1.5916f,0f,0.188f,-0.9822f,0.2101f,0f,0f,0f,1f],start_interpolation: 0,interpolation_duration: 1}
$data merge entity $(bone_left_leg) {transformation: [-0.999f,-0.0361f,0.0244f,0.125f,-0.0436f,0.8275f,-0.5597f,-1.2812f,0f,-0.5603f,-0.8283f,0f,0f,0f,0f,1f],start_interpolation: 0,interpolation_duration: 1}
$data merge entity $(bone_pony_tail) {transformation: [-0.9989f,-0.001f,-0.0468f,-0.011f,-0.0081f,0.9882f,0.1527f,-0.5115f,0.0461f,0.1529f,-0.9872f,-0.1641f,0f,0f,0f,1f],start_interpolation: 0,interpolation_duration: 1}
$data merge entity $(bone_head) {transformation: [-0.9989f,-0.001f,-0.0468f,0f,-0.0081f,0.9882f,0.1527f,-0.5781f,0.0461f,0.1529f,-0.9872f,0.0625f,0f,0f,0f,1f],start_interpolation: 0,interpolation_duration: 1}
data modify entity @s data merge value {"cameras":{},"locators":{"body_hitbox":{"posx":0.03613396300205465,"posy":-0.9460981730918815,"posz":0.13488686760832252,"roty":345.21546888094963,"rotx":3.358497619822254},"flame":{"posx":1.447514970581397,"posy":-1.2679681737212523,"posz":1.9422313950164394,"roty":48.56583141978706,"rotx":73.27807710941904},"flame1":{"posx":1.5226704655811034,"posy":-0.7272150197550264,"posz":1.7930664593012104,"roty":48.56583141978706,"rotx":73.27807710941904},"flame2":{"posx":1.53816040114435,"posy":-0.24427900741559372,"posz":1.6137403042598062,"roty":48.56583141978706,"rotx":73.27807710941904},"flame3":{"posx":1.4612834287219112,"posy":0.24273678078885652,"posz":1.3502909672882404,"roty":48.56583141978706,"rotx":73.27807710941904},"flame4":{"posx":1.2799925675960049,"posy":-1.8046415518224608,"posz":2.0072731488015063,"roty":48.56583141978706,"rotx":73.27807710941904},"saber_hitbox":{"posx":-0.020381931312737966,"posy":-1.2071584761633747,"posz":0.5850928587138555,"roty":48.56583141978706,"rotx":73.27807710941904},"flame5":{"posx":0.6768343940274765,"posy":-0.8150428084861548,"posz":2.0875060623924626,"roty":268.1916502652137,"rotx":50.42363271770921},"flame6":{"posx":0.31551263085044756,"posy":-0.38243753693001686,"posz":2.0364006568419404,"roty":268.1916502652137,"rotx":50.42363271770921},"flame7":{"posx":-0.009137879013559003,"posy":0.0010379470001962154,"posz":1.921624354106883,"roty":268.1916502652137,"rotx":50.42363271770921},"flame8":{"posx":-0.34004448554953126,"posy":0.3826008675149719,"posz":1.6820193553295568,"roty":268.1916502652137,"rotx":50.42363271770921},"flame9":{"posx":1.0319000605325397,"posy":-1.2495606434577302,"posz":2.013782771900717,"roty":268.1916502652137,"rotx":50.42363271770921},"short_sword_hitbox":{"posx":0.5829929439479906,"posy":-0.8437312597177146,"posz":0.21507562175844178,"roty":268.1916502652137,"rotx":50.42363271770921}}}