# This file was generated by Animated Java via MC-Build. It is not recommended to edit this file directly.
$data merge entity $(bone_chest) {transformation: [-0.9748f,-0.0097f,-0.223f,0.0007f,0f,0.999f,-0.0436f,1.25f,0.2233f,-0.0425f,-0.9738f,-0.0001f,0f,0f,0f,1f],start_interpolation: 0,interpolation_duration: 1}
$data merge entity $(bone_cape) {transformation: [-0.9748f,0.0195f,-0.2224f,0.1951f,0f,0.9962f,0.0872f,1.375f,0.2233f,0.085f,-0.9711f,-0.1312f,0f,0f,0f,1f],start_interpolation: 0,interpolation_duration: 1}
$data merge entity $(bone_saber) {transformation: [-1.2381f,0.4245f,0.4213f,-0.5043f,0.4965f,0.1897f,1.2681f,0.8366f,0.3334f,1.294f,-0.3241f,0.1615f,0f,0f,0f,1f],start_interpolation: 0,interpolation_duration: 1}
$data merge entity $(bone_right_forearm) {transformation: [-0.9005f,0.3064f,-0.3087f,-0.4257f,0.3611f,0.9223f,-0.138f,1.1288f,0.2424f,-0.2357f,-0.9411f,0.0827f,0f,0f,0f,1f],start_interpolation: 0,interpolation_duration: 1}
$data merge entity $(bone_right_arm) {transformation: [-0.9492f,0.2276f,-0.2171f,-0.243f,0.221f,0.9738f,0.0544f,1.375f,0.2238f,0.0037f,-0.9746f,0.0557f,0f,0f,0f,1f],start_interpolation: 0,interpolation_duration: 1}
$data merge entity $(bone_short_sword) {transformation: [-0.9578f,0.2126f,-0.6313f,0.5969f,-0.637f,0.0306f,0.9769f,0.989f,0.1946f,1.1467f,0.0909f,-0.2142f,0f,0f,0f,1f],start_interpolation: 0,interpolation_duration: 1}
$data merge entity $(bone_left_forearm) {transformation: [-0.821f,-0.5411f,-0.1822f,0.4546f,-0.546f,0.8374f,-0.0263f,1.2061f,0.1668f,0.0779f,-0.9829f,-0.2042f,0f,0f,0f,1f],start_interpolation: 0,interpolation_duration: 1}
$data merge entity $(bone_left_arm) {transformation: [-0.8632f,-0.3638f,-0.3501f,0.2444f,-0.4777f,0.8129f,0.3332f,1.375f,0.1634f,0.4549f,-0.8755f,-0.0559f,0f,0f,0f,1f],start_interpolation: 0,interpolation_duration: 1}
$data merge entity $(bone_torso) {transformation: [-0.9748f,0f,-0.2233f,0f,0f,1f,0f,1.0156f,0.2233f,0f,-0.9748f,-0.0031f,0f,0f,0f,1f],start_interpolation: 0,interpolation_duration: 1}
$data merge entity $(bone_right_dress) {transformation: [-0.9722f,-0.2238f,-0.0682f,-0.1935f,-0.2164f,0.9711f,-0.101f,0.8588f,0.0888f,-0.0835f,-0.9925f,0.0098f,0f,0f,0f,1f],start_interpolation: 0,interpolation_duration: 1}
$data merge entity $(bone_left_dress) {transformation: [-0.9722f,0.2155f,-0.091f,0.1298f,0.2164f,0.9763f,0f,0.8588f,0.0888f,-0.0197f,-0.9959f,-0.0197f,0f,0f,0f,1f],start_interpolation: 0,interpolation_duration: 1}
$data merge entity $(bone_lower_right_leg) {transformation: [-0.9949f,0.0366f,-0.094f,-0.1355f,0.0436f,0.9963f,-0.0742f,0.3795f,0.0909f,-0.0779f,-0.9928f,0.0686f,0f,0f,0f,1f],start_interpolation: 0,interpolation_duration: 1}
$data merge entity $(bone_right_leg) {transformation: [-0.9949f,0.0294f,-0.0964f,-0.1245f,0.0436f,0.9879f,-0.149f,0.75f,0.0909f,-0.1525f,-0.9841f,0.0114f,0f,0f,0f,1f],start_interpolation: 0,interpolation_duration: 1}
$data merge entity $(bone_lower_left_leg) {transformation: [-0.9949f,-0.0434f,-0.091f,0.1408f,-0.0436f,0.999f,0f,0.3754f,0.0909f,0.004f,-0.9959f,-0.0129f,0f,0f,0f,1f],start_interpolation: 0,interpolation_duration: 1}
$data merge entity $(bone_left_leg) {transformation: [-0.9949f,-0.0434f,-0.091f,0.1245f,-0.0436f,0.999f,0f,0.75f,0.0909f,0.004f,-0.9959f,-0.0114f,0f,0f,0f,1f],start_interpolation: 0,interpolation_duration: 1}
$data merge entity $(bone_waist) {transformation: [-0.9959f,0f,-0.091f,0f,0f,1f,0f,1.0938f,0.091f,0f,-0.9959f,0f,0f,0f,0f,1f],start_interpolation: 0,interpolation_duration: 1}
$data merge entity $(bone_pony_tail) {transformation: [-0.9979f,0.0105f,-0.0633f,-0.0145f,0.0034f,0.9938f,0.1109f,1.5258f,0.064f,0.1105f,-0.9918f,-0.229f,0f,0f,0f,1f],start_interpolation: 0,interpolation_duration: 1}
$data merge entity $(bone_head) {transformation: [-0.9979f,0.0105f,-0.0633f,0f,0.0034f,0.9938f,0.1109f,1.4688f,0.064f,0.1105f,-0.9918f,0f,0f,0f,0f,1f],start_interpolation: 0,interpolation_duration: 1}