# This file was generated by Animated Java via MC-Build. It is not recommended to edit this file directly.
$data merge entity $(bone_chest) {transformation: [-0.9914f,-0.017f,0.1294f,-0.0057f,0.05f,0.8665f,0.4968f,1.0711f,-0.1206f,0.499f,-0.8582f,0.1251f,0f,0f,0f,1f],start_interpolation: 0,interpolation_duration: 1}
$data merge entity $(bone_cape) {transformation: [-0.9914f,-0.0338f,0.1261f,0.2192f,0.05f,0.7942f,0.6056f,1.2108f,-0.1206f,0.6067f,-0.7857f,0.148f,0f,0f,0f,1f],start_interpolation: 0,interpolation_duration: 1}
$data merge entity $(bone_saber) {transformation: [-1.0809f,-0.4075f,0.7458f,-0.6655f,0.8499f,-0.5269f,0.9438f,0.8815f,0.0061f,1.2029f,0.6661f,-0.1428f,0f,0f,0f,1f],start_interpolation: 0,interpolation_duration: 1}
$data merge entity $(bone_right_forearm) {transformation: [-0.7861f,0.5424f,0.2964f,-0.5056f,0.6181f,0.6864f,0.3832f,1.1091f,0.0044f,0.4844f,-0.8748f,0.0001f,0f,0f,0f,1f],start_interpolation: 0,interpolation_duration: 1}
$data merge entity $(bone_right_arm) {transformation: [-0.8434f,0.5114f,0.165f,-0.2564f,0.4396f,0.48f,0.7592f,1.1891f,0.309f,0.7128f,-0.6296f,0.1619f,0f,0f,0f,1f],start_interpolation: 0,interpolation_duration: 1}
$data merge entity $(bone_short_sword) {transformation: [-1.1488f,-0.2004f,0.0341f,0.2868f,-0.0345f,0.3855f,1.1006f,0.8288f,-0.2003f,1.0828f,-0.3855f,0.7359f,0f,0f,0f,1f],start_interpolation: 0,interpolation_duration: 1}
$data merge entity $(bone_left_forearm) {transformation: [-0.9847f,0.1278f,0.1184f,0.3212f,-0.0296f,0.5473f,-0.8364f,0.9621f,-0.1717f,-0.8271f,-0.5351f,0.5157f,0f,0f,0f,1f],start_interpolation: 0,interpolation_duration: 1}
$data merge entity $(bone_left_arm) {transformation: [-0.9847f,0.1178f,0.1283f,0.2313f,-0.0296f,0.6129f,-0.7896f,1.1308f,-0.1717f,-0.7814f,-0.6f,0.2745f,0f,0f,0f,1f],start_interpolation: 0,interpolation_duration: 1}
$data merge entity $(bone_torso) {transformation: [-0.9914f,-0.0227f,0.1285f,0f,0.05f,0.844f,0.5341f,0.875f,-0.1206f,0.5359f,-0.8356f,-0.0031f,0f,0f,0f,1f],start_interpolation: 0,interpolation_duration: 1}
$data merge entity $(bone_right_dress) {transformation: [-0.9783f,-0.2064f,0.0203f,-0.1936f,-0.19f,0.9311f,0.3113f,0.7182f,-0.0831f,0.3007f,-0.9501f,-0.0078f,0f,0f,0f,1f],start_interpolation: 0,interpolation_duration: 1}
$data merge entity $(bone_left_dress) {transformation: [-0.9763f,0.153f,-0.153f,0.1311f,0.2164f,0.6903f,-0.6903f,0.7182f,0f,-0.7071f,-0.7071f,-0.0078f,0f,0f,0f,1f],start_interpolation: 0,interpolation_duration: 1}
$data merge entity $(bone_lower_right_leg) {transformation: [-0.9693f,-0.0308f,0.244f,-0.1375f,0.1816f,0.5794f,0.7945f,0.3224f,-0.1658f,0.8145f,-0.556f,-0.241f,0f,0f,0f,1f],start_interpolation: 0,interpolation_duration: 1}
$data merge entity $(bone_right_leg) {transformation: [-0.9693f,0.0334f,0.2436f,-0.125f,0.1816f,0.7653f,0.6175f,0.6094f,-0.1658f,0.6428f,-0.7479f,0f,0f,0f,0f,1f],start_interpolation: 0,interpolation_duration: 1}
$data merge entity $(bone_lower_left_leg) {transformation: [-0.999f,-0.0432f,-0.0057f,0.135f,-0.0436f,0.9905f,0.1304f,0.3813f,0f,0.1305f,-0.9914f,0.2975f,0f,0f,0f,1f],start_interpolation: 0,interpolation_duration: 1}
$data merge entity $(bone_left_leg) {transformation: [-0.999f,-0.0266f,0.0346f,0.125f,-0.0436f,0.6082f,-0.7926f,0.6094f,0f,-0.7934f,-0.6088f,0f,0f,0f,0f,1f],start_interpolation: 0,interpolation_duration: 1}
$data merge entity $(bone_pony_tail) {transformation: [-0.999f,0.0201f,-0.0387f,-0.0084f,-0.0076f,0.7934f,0.6086f,1.4643f,0.043f,0.6083f,-0.7925f,0.0676f,0f,0f,0f,1f],start_interpolation: 0,interpolation_duration: 1}
$data merge entity $(bone_head) {transformation: [-0.999f,0.0201f,-0.0387f,0f,-0.0076f,0.7934f,0.6086f,1.2969f,0.043f,0.6083f,-0.7925f,0.2344f,0f,0f,0f,1f],start_interpolation: 0,interpolation_duration: 1}
execute on vehicle unless entity @s[tag=aj.transforms_only] at @s run function animated_java:mage_hunter/animations/thrust2/zzz/frames/30_root_commands