# This file was generated by Animated Java via MC-Build. It is not recommended to edit this file directly.
$data merge entity $(bone_chest) {transformation: [-0.9979f,0.01f,0.0647f,0.0015f,0.0251f,0.971f,0.2376f,1.1694f,-0.0604f,0.2387f,-0.9692f,0.0657f,0f,0f,0f,1f],start_interpolation: 0,interpolation_duration: 1}
$data merge entity $(bone_cape) {transformation: [-0.9979f,0.0015f,0.0654f,0.2261f,0.0251f,0.9317f,0.3623f,1.3075f,-0.0604f,0.3632f,-0.9298f,0.0332f,0f,0f,0f,1f],start_interpolation: 0,interpolation_duration: 1}
$data merge entity $(bone_saber) {transformation: [-1.2544f,-0.3339f,0.4535f,-0.5504f,0.5203f,-0.2637f,1.2451f,0.8082f,-0.2154f,1.3075f,0.367f,-0.0903f,0f,0f,0f,1f],start_interpolation: 0,interpolation_duration: 1}
$data merge entity $(bone_right_forearm) {transformation: [-0.9123f,0.3298f,0.2428f,-0.4594f,0.3784f,0.9055f,0.1918f,1.0986f,-0.1566f,0.2669f,-0.9509f,-0.0185f,0f,0f,0f,1f],start_interpolation: 0,interpolation_duration: 1}
$data merge entity $(bone_right_arm) {transformation: [-0.9402f,0.3369f,0.0504f,-0.2471f,0.3256f,0.8452f,0.4238f,1.2956f,0.1002f,0.4149f,-0.9044f,0.0857f,0f,0f,0f,1f],start_interpolation: 0,interpolation_duration: 1}
$data merge entity $(bone_short_sword) {transformation: [-1.1656f,-0.0383f,-0.0329f,0.3829f,-0.0389f,0.1961f,1.1494f,0.8065f,-0.0322f,1.1494f,-0.1972f,0.4135f,0f,0f,0f,1f],start_interpolation: 0,interpolation_duration: 1}
$data merge entity $(bone_left_forearm) {transformation: [-0.9991f,-0.0162f,0.0402f,0.3791f,-0.0334f,0.8789f,-0.4759f,1.0297f,-0.0276f,-0.4768f,-0.8786f,0.2806f,0f,0f,0f,1f],start_interpolation: 0,interpolation_duration: 1}
$data merge entity $(bone_left_arm) {transformation: [-0.9943f,-0.0178f,0.1047f,0.2498f,-0.0621f,0.8973f,-0.4369f,1.2743f,-0.0862f,-0.441f,-0.8934f,0.1458f,0f,0f,0f,1f],start_interpolation: 0,interpolation_duration: 1}
$data merge entity $(bone_torso) {transformation: [-0.9979f,0.0072f,0.065f,0f,0.0251f,0.9597f,0.2797f,0.9453f,-0.0604f,0.2808f,-0.9579f,-0.0031f,0f,0f,0f,1f],start_interpolation: 0,interpolation_duration: 1}
$data merge entity $(bone_right_dress) {transformation: [-0.9782f,-0.2074f,0.0092f,-0.1936f,-0.2034f,0.9663f,0.1578f,0.7885f,-0.0416f,0.1525f,-0.9874f,-0.0078f,0f,0f,0f,1f],start_interpolation: 0,interpolation_duration: 1}
$data merge entity $(bone_left_dress) {transformation: [-0.9763f,0.2f,-0.0828f,0.1311f,0.2164f,0.902f,-0.3736f,0.7885f,0f,-0.3827f,-0.9239f,-0.0078f,0f,0f,0f,1f],start_interpolation: 0,interpolation_duration: 1}
$data merge entity $(bone_lower_right_leg) {transformation: [-0.99f,0.0624f,0.1264f,-0.1544f,0.1138f,0.8829f,0.4555f,0.3291f,-0.0832f,0.4654f,-0.8812f,-0.1299f,0f,0f,0f,1f],start_interpolation: 0,interpolation_duration: 1}
$data merge entity $(bone_right_leg) {transformation: [-0.99f,0.0783f,0.1172f,-0.125f,0.1138f,0.9348f,0.3364f,0.6797f,-0.0832f,0.3464f,-0.9344f,0f,0f,0f,0f,1f],start_interpolation: 0,interpolation_duration: 1}
$data merge entity $(bone_lower_left_leg) {transformation: [-0.999f,-0.0435f,-0.0029f,0.1397f,-0.0436f,0.9969f,0.0653f,0.3437f,0f,0.0654f,-0.9979f,0.1659f,0f,0f,0f,1f],start_interpolation: 0,interpolation_duration: 1}
$data merge entity $(bone_left_leg) {transformation: [-0.999f,-0.0391f,0.0193f,0.125f,-0.0436f,0.896f,-0.4419f,0.6797f,0f,-0.4423f,-0.8969f,0f,0f,0f,0f,1f],start_interpolation: 0,interpolation_duration: 1}
$data merge entity $(bone_waist) {transformation: [-1f,0f,0f,0f,0f,1f,0f,1.0234f,0f,0f,-1f,0f,0f,0f,0f,1f],start_interpolation: 0,interpolation_duration: 1}
$data merge entity $(bone_pony_tail) {transformation: [-0.9998f,0.0043f,-0.0214f,-0.0049f,-0.0038f,0.932f,0.3624f,1.4969f,0.0215f,0.3624f,-0.9318f,-0.0899f,0f,0f,0f,1f],start_interpolation: 0,interpolation_duration: 1}
$data merge entity $(bone_head) {transformation: [-0.9998f,0.0043f,-0.0214f,0f,-0.0038f,0.932f,0.3624f,1.3828f,0.0215f,0.3624f,-0.9318f,0.1172f,0f,0f,0f,1f],start_interpolation: 0,interpolation_duration: 1}