# This file was generated by Animated Java via MC-Build. It is not recommended to edit this file directly.
$data merge entity $(bone_chest) {transformation: [-0.9881f,-0.0309f,0.1506f,-0.0092f,0.0538f,0.8481f,0.5271f,-0.9023f,-0.144f,0.5289f,-0.8364f,0.1318f,0f,0f,0f,1f],start_interpolation: 0,interpolation_duration: 1}
$data merge entity $(bone_cape) {transformation: [-0.9881f,-0.0503f,0.1453f,0.2148f,0.0538f,0.7721f,0.6333f,-0.7635f,-0.144f,0.6336f,-0.7602f,0.1654f,0f,0f,0f,1f],start_interpolation: 0,interpolation_duration: 1}
$data merge entity $(bone_saber) {transformation: [-1.0366f,-0.4925f,0.7573f,-0.6732f,0.9031f,-0.5401f,0.885f,-1.0657f,-0.0195f,1.1647f,0.7306f,-0.1604f,0f,0f,0f,1f],start_interpolation: 0,interpolation_duration: 1}
$data merge entity $(bone_right_forearm) {transformation: [-0.7539f,0.5508f,0.3582f,-0.5097f,0.6568f,0.6437f,0.3928f,-0.8507f,-0.0142f,0.5314f,-0.847f,-0.0029f,0f,0f,0f,1f],start_interpolation: 0,interpolation_duration: 1}
$data merge entity $(bone_right_arm) {transformation: [-0.8376f,0.512f,0.1904f,-0.261f,0.4403f,0.4264f,0.7901f,-0.7858f,0.3234f,0.7456f,-0.5826f,0.1664f,0f,0f,0f,1f],start_interpolation: 0,interpolation_duration: 1}
$data merge entity $(bone_short_sword) {transformation: [-1.1485f,-0.1916f,0.0725f,0.2629f,0.0011f,0.4074f,1.0932f,-1.1142f,-0.2049f,1.0763f,-0.4009f,0.7802f,0f,0f,0f,1f],start_interpolation: 0,interpolation_duration: 1}
$data merge entity $(bone_left_forearm) {transformation: [-0.9845f,0.1525f,0.0871f,0.3034f,0.0009f,0.5003f,-0.8658f,-0.9934f,-0.1756f,-0.8523f,-0.4927f,0.5539f,0f,0f,0f,1f],start_interpolation: 0,interpolation_duration: 1}
$data merge entity $(bone_left_arm) {transformation: [-0.9846f,0.1519f,0.086f,0.223f,0.0027f,0.506f,-0.8626f,-0.8508f,-0.1746f,-0.8491f,-0.4986f,0.2933f,0f,0f,0f,1f],start_interpolation: 0,interpolation_duration: 1}
$data merge entity $(bone_torso) {transformation: [-0.9881f,-0.0375f,0.1491f,0f,0.0538f,0.8243f,0.5636f,-1.0937f,-0.144f,0.5649f,-0.8125f,-0.0031f,0f,0f,0f,1f],start_interpolation: 0,interpolation_duration: 1}
$data merge entity $(bone_right_dress) {transformation: [-0.9782f,-0.2065f,0.0206f,-0.1936f,-0.1896f,0.9296f,0.3161f,-1.2505f,-0.0844f,0.3053f,-0.9485f,-0.0078f,0f,0f,0f,1f],start_interpolation: 0,interpolation_duration: 1}
$data merge entity $(bone_left_dress) {transformation: [-0.9763f,0.1481f,-0.1579f,0.1311f,0.2164f,0.6678f,-0.7122f,-1.2505f,0f,-0.7294f,-0.684f,-0.0078f,0f,0f,0f,1f],start_interpolation: 0,interpolation_duration: 1}
$data merge entity $(bone_lower_right_leg) {transformation: [-0.9649f,-0.042f,0.2591f,-0.1354f,0.1921f,0.5599f,0.806f,-1.6414f,-0.1789f,0.8275f,-0.5322f,-0.2469f,0f,0f,0f,1f],start_interpolation: 0,interpolation_duration: 1}
$data merge entity $(bone_right_leg) {transformation: [-0.9649f,0.0276f,0.2611f,-0.125f,0.1921f,0.7521f,0.6305f,-1.3594f,-0.1789f,0.6585f,-0.731f,0f,0f,0f,0f,1f],start_interpolation: 0,interpolation_duration: 1}
$data merge entity $(bone_lower_left_leg) {transformation: [-0.999f,-0.0433f,-0.0057f,0.1345f,-0.0436f,0.9906f,0.1297f,-1.5771f,0f,0.1298f,-0.9915f,0.3051f,0f,0f,0f,1f],start_interpolation: 0,interpolation_duration: 1}
$data merge entity $(bone_left_leg) {transformation: [-0.999f,-0.0254f,0.0355f,0.125f,-0.0436f,0.5807f,-0.8129f,-1.3594f,0f,-0.8137f,-0.5813f,0f,0f,0f,0f,1f],start_interpolation: 0,interpolation_duration: 1}
$data merge entity $(bone_pony_tail) {transformation: [-0.999f,0.022f,-0.0385f,-0.0083f,-0.0077f,0.7686f,0.6397f,-0.4979f,0.0436f,0.6394f,-0.7677f,0.0744f,0f,0f,0f,1f],start_interpolation: 0,interpolation_duration: 1}
$data merge entity $(bone_head) {transformation: [-0.999f,0.022f,-0.0385f,0f,-0.0077f,0.7686f,0.6397f,-0.6719f,0.0436f,0.6394f,-0.7677f,0.2344f,0f,0f,0f,1f],start_interpolation: 0,interpolation_duration: 1}
data modify entity @s data merge value {"cameras":{},"locators":{"body_hitbox":{"posx":-0.023237926293598717,"posy":-1.1007140341067858,"posz":0.15371383305296327,"roty":10.206341817189383,"rotx":31.80800946517693},"flame":{"posx":-1.6197757596687743,"posy":-2.0801421817661403,"posz":2.0675792868899925,"roty":133.97249919190193,"rotx":40.0657245700401},"flame1":{"posx":-1.287582633941657,"posy":-1.6935316068585236,"posz":2.3135314988931572,"roty":133.97249919190193,"rotx":40.0657245700401},"flame2":{"posx":-0.9674280055932851,"posy":-1.3226016595042696,"posz":2.473334465395304,"roty":133.97249919190193,"rotx":40.0657245700401},"flame3":{"posx":-0.6025040473812315,"posy":-0.9025747267645451,"posz":2.527259232396252,"roty":133.97249919190193,"rotx":40.0657245700401},"flame4":{"posx":-1.9071995555322099,"posy":-2.4176557712882865,"posz":1.7157488753856283,"roty":133.97249919190193,"rotx":40.0657245700401},"saber_hitbox":{"posx":-0.8916866721304041,"posy":-1.3048533324316218,"posz":0.3737500093858809,"roty":133.97249919190193,"rotx":40.0657245700401},"flame5":{"posx":-0.11780019797501068,"posy":-0.29358178518729106,"posz":2.9188401197541105,"roty":10.251944964894108,"rotx":69.56078711476522},"flame6":{"posx":-0.07257530804196527,"posy":0.21167925311758906,"posz":2.6678849594134264,"roty":10.251944964894108,"rotx":69.56078711476522},"flame7":{"posx":-0.0209704919740345,"posy":0.6365493238531157,"posz":2.3807484658223403,"roty":10.251944964894108,"rotx":69.56078711476522},"flame8":{"posx":0.05116316912329877,"posy":1.0177678606247824,"posz":1.9782945403123953,"roty":10.251944964894108,"rotx":69.56078711476522},"flame9":{"posx":-0.1424962428786536,"posy":-0.842494357456031,"posz":3.0544778481759356,"roty":10.251944964894108,"rotx":69.56078711476522},"short_sword_hitbox":{"posx":0.19013247746602802,"posy":-0.9483547946451893,"posz":1.1890786409712195,"roty":10.251944964894108,"rotx":69.56078711476522}}}
execute on vehicle unless entity @s[tag=aj.transforms_only] at @s run function animated_java:mage_hunter/animations/thrust2/zzz/frames/33_root_commands