# This file was generated by Animated Java via MC-Build. It is not recommended to edit this file directly.
$data merge entity $(bone_chest) {transformation: [-0.9996f,0.0084f,0.0252f,0.0016f,0.0102f,0.9974f,0.0719f,1.2129f,-0.0246f,0.0721f,-0.9971f,0.0271f,0f,0f,0f,1f],start_interpolation: 0,interpolation_duration: 1}
$data merge entity $(bone_cape) {transformation: [-0.9996f,0.0051f,0.0261f,0.2234f,0.0102f,0.9794f,0.2015f,1.3446f,-0.0246f,0.2017f,-0.9791f,-0.0369f,0f,0f,0f,1f],start_interpolation: 0,interpolation_duration: 1}
$data merge entity $(bone_saber) {transformation: [-1.3215f,-0.2779f,0.2591f,-0.4708f,0.2835f,-0.097f,1.342f,0.784f,-0.2529f,1.3431f,0.1505f,-0.0326f,0f,0f,0f,1f],start_interpolation: 0,interpolation_duration: 1}
$data merge entity $(bone_right_forearm) {transformation: [-0.9611f,0.1884f,0.2021f,-0.4251f,0.2062f,0.976f,0.0705f,1.0926f,-0.184f,0.1095f,-0.9768f,-0.0106f,0f,0f,0f,1f],start_interpolation: 0,interpolation_duration: 1}
$data merge entity $(bone_right_arm) {transformation: [-0.9805f,0.1961f,0.0104f,-0.2474f,0.1949f,0.965f,0.1756f,1.3396f,0.0244f,0.1743f,-0.9844f,0.0354f,0f,0f,0f,1f],start_interpolation: 0,interpolation_duration: 1}
$data merge entity $(bone_short_sword) {transformation: [-1.162f,0.0737f,-0.0737f,0.4154f,-0.0683f,0.0861f,1.1615f,0.8157f,0.0788f,1.1612f,-0.0815f,0.1791f,0f,0f,0f,1f],start_interpolation: 0,interpolation_duration: 1}
$data merge entity $(bone_left_forearm) {transformation: [-0.996f,-0.071f,-0.0542f,0.3964f,-0.0585f,0.977f,-0.2051f,1.0671f,0.0675f,-0.2011f,-0.9772f,0.1167f,0f,0f,0f,1f],start_interpolation: 0,interpolation_duration: 1}
$data merge entity $(bone_left_arm) {transformation: [-0.9964f,-0.0701f,0.0486f,0.2521f,-0.0779f,0.9802f,-0.182f,1.333f,-0.0349f,-0.1851f,-0.9821f,0.0602f,0f,0f,0f,1f],start_interpolation: 0,interpolation_duration: 1}
$data merge entity $(bone_torso) {transformation: [-0.9996f,0.0073f,0.0256f,0f,0.0102f,0.9933f,0.1153f,0.9805f,-0.0246f,0.1155f,-0.993f,-0.0031f,0f,0f,0f,1f],start_interpolation: 0,interpolation_duration: 1}
$data merge entity $(bone_right_dress) {transformation: [-0.9773f,-0.2118f,0.0033f,-0.1936f,-0.2112f,0.9753f,0.0644f,0.8237f,-0.0169f,0.0622f,-0.9979f,-0.0078f,0f,0f,0f,1f],start_interpolation: 0,interpolation_duration: 1}
$data merge entity $(bone_left_dress) {transformation: [-0.9763f,0.2137f,-0.0344f,0.1311f,0.2164f,0.9639f,-0.1551f,0.8237f,0f,-0.1589f,-0.9873f,-0.0078f,0f,0f,0f,1f],start_interpolation: 0,interpolation_duration: 1}
$data merge entity $(bone_lower_right_leg) {transformation: [-0.9968f,0.0643f,0.0473f,-0.15f,0.0723f,0.9785f,0.1932f,0.3446f,-0.0338f,0.196f,-0.98f,-0.0539f,0f,0f,0f,1f],start_interpolation: 0,interpolation_duration: 1}
$data merge entity $(bone_right_leg) {transformation: [-0.9968f,0.0667f,0.0438f,-0.125f,0.0723f,0.9874f,0.1409f,0.7148f,-0.0338f,0.1436f,-0.9891f,0f,0f,0f,0f,1f],start_interpolation: 0,interpolation_duration: 1}
$data merge entity $(bone_lower_left_leg) {transformation: [-0.999f,-0.0436f,-0.0012f,0.1411f,-0.0436f,0.9987f,0.0266f,0.3467f,0f,0.0266f,-0.9996f,0.0694f,0f,0f,0f,1f],start_interpolation: 0,interpolation_duration: 1}
$data merge entity $(bone_left_leg) {transformation: [-0.999f,-0.0429f,0.0081f,0.125f,-0.0436f,0.9818f,-0.1849f,0.7148f,0f,-0.1851f,-0.9827f,0f,0f,0f,0f,1f],start_interpolation: 0,interpolation_duration: 1}
$data merge entity $(bone_waist) {transformation: [-1f,0f,0f,0f,0f,1f,0f,1.0586f,0f,0f,-1f,0f,0f,0f,0f,1f],start_interpolation: 0,interpolation_duration: 1}
$data merge entity $(bone_pony_tail) {transformation: [-1f,0.0002f,-0.0089f,-0.0021f,-0.0015f,0.9796f,0.2011f,1.5035f,0.0087f,0.2011f,-0.9795f,-0.1647f,0f,0f,0f,1f],start_interpolation: 0,interpolation_duration: 1}
$data merge entity $(bone_head) {transformation: [-1f,0.0002f,-0.0089f,0f,-0.0015f,0.9796f,0.2011f,1.4258f,0.0087f,0.2011f,-0.9795f,0.0586f,0f,0f,0f,1f],start_interpolation: 0,interpolation_duration: 1}