# This file was generated by Animated Java via MC-Build. It is not recommended to edit this file directly.
$data merge entity $(bone_chest) {transformation: [-0.9896f,-0.0263f,0.1417f,-0.008f,0.0539f,0.8445f,0.5329f,-0.9032f,-0.1336f,0.5349f,-0.8343f,0.1332f,0f,0f,0f,1f],start_interpolation: 0,interpolation_duration: 1}
$data merge entity $(bone_cape) {transformation: [-0.9896f,-0.0446f,0.137f,0.2162f,0.0539f,0.7677f,0.6385f,-0.7644f,-0.1336f,0.6393f,-0.7573f,0.1654f,0f,0f,0f,1f],start_interpolation: 0,interpolation_duration: 1}
$data merge entity $(bone_saber) {transformation: [-1.0452f,-0.4348f,0.7805f,-0.6796f,0.8926f,-0.5603f,0.8831f,-1.0625f,0.0388f,1.178f,0.7082f,-0.1481f,0f,0f,0f,1f],start_interpolation: 0,interpolation_duration: 1}
$data merge entity $(bone_right_forearm) {transformation: [-0.7601f,0.5677f,0.3162f,-0.5113f,0.6492f,0.6423f,0.4075f,-0.848f,0.0282f,0.515f,-0.8567f,0.0049f,0f,0f,0f,1f],start_interpolation: 0,interpolation_duration: 1}
$data merge entity $(bone_right_arm) {transformation: [-0.8291f,0.5268f,0.1876f,-0.2595f,0.4424f,0.4128f,0.7962f,-0.7872f,0.342f,0.743f,-0.5753f,0.1711f,0f,0f,0f,1f],start_interpolation: 0,interpolation_duration: 1}
$data merge entity $(bone_short_sword) {transformation: [-1.1458f,-0.2137f,0.0514f,0.2675f,-0.0282f,0.4138f,1.0905f,-1.1193f,-0.218f,1.0697f,-0.4115f,0.777f,0f,0f,0f,1f],start_interpolation: 0,interpolation_duration: 1}
$data merge entity $(bone_left_forearm) {transformation: [-0.9821f,0.152f,0.1113f,0.3081f,-0.0242f,0.4841f,-0.8747f,-1.0027f,-0.1869f,-0.8617f,-0.4717f,0.5484f,0f,0f,0f,1f],start_interpolation: 0,interpolation_duration: 1}
$data merge entity $(bone_left_arm) {transformation: [-0.9831f,0.1442f,0.113f,0.2258f,-0.0172f,0.5415f,-0.8405f,-0.8526f,-0.1824f,-0.8282f,-0.5299f,0.2926f,0f,0f,0f,1f],start_interpolation: 0,interpolation_duration: 1}
$data merge entity $(bone_torso) {transformation: [-0.9896f,-0.0324f,0.1404f,0f,0.0539f,0.8204f,0.5692f,-1.0937f,-0.1336f,0.5708f,-0.8101f,-0.0031f,0f,0f,0f,1f],start_interpolation: 0,interpolation_duration: 1}
$data merge entity $(bone_right_dress) {transformation: [-0.9781f,-0.2069f,0.0217f,-0.1936f,-0.1883f,0.9248f,0.3305f,-1.2505f,-0.0884f,0.3191f,-0.9436f,-0.0078f,0f,0f,0f,1f],start_interpolation: 0,interpolation_duration: 1}
$data merge entity $(bone_left_dress) {transformation: [-0.9763f,0.1444f,-0.1612f,0.1311f,0.2164f,0.6512f,-0.7274f,-1.2505f,0f,-0.745f,-0.6671f,-0.0078f,0f,0f,0f,1f],start_interpolation: 0,interpolation_duration: 1}
$data merge entity $(bone_lower_right_leg) {transformation: [-0.9649f,-0.0517f,0.2574f,-0.1329f,0.1921f,0.5291f,0.8265f,-1.6354f,-0.1789f,0.847f,-0.5006f,-0.2537f,0f,0f,0f,1f],start_interpolation: 0,interpolation_duration: 1}
$data merge entity $(bone_right_leg) {transformation: [-0.9649f,0.021f,0.2617f,-0.125f,0.1921f,0.736f,0.6492f,-1.3594f,-0.1789f,0.6767f,-0.7142f,0f,0f,0f,0f,1f],start_interpolation: 0,interpolation_duration: 1}
$data merge entity $(bone_lower_left_leg) {transformation: [-0.999f,-0.0432f,-0.006f,0.1341f,-0.0436f,0.9895f,0.138f,-1.5681f,0f,0.1381f,-0.9904f,0.3114f,0f,0f,0f,1f],start_interpolation: 0,interpolation_duration: 1}
$data merge entity $(bone_left_leg) {transformation: [-0.999f,-0.0243f,0.0362f,0.125f,-0.0436f,0.5566f,-0.8296f,-1.3594f,0f,-0.8304f,-0.5572f,0f,0f,0f,0f,1f],start_interpolation: 0,interpolation_duration: 1}
$data merge entity $(bone_pony_tail) {transformation: [-0.9989f,0.0232f,-0.0402f,-0.0087f,-0.0081f,0.7659f,0.6429f,-0.4973f,0.0457f,0.6425f,-0.7649f,0.0752f,0f,0f,0f,1f],start_interpolation: 0,interpolation_duration: 1}
$data merge entity $(bone_head) {transformation: [-0.9989f,0.0232f,-0.0402f,0f,-0.0081f,0.7659f,0.6429f,-0.6719f,0.0457f,0.6425f,-0.7649f,0.2344f,0f,0f,0f,1f],start_interpolation: 0,interpolation_duration: 1}
data modify entity @s data merge value {"cameras":{},"locators":{"body_hitbox":{"posx":-0.021643517154642206,"posy":-1.1017979338951052,"posz":0.15388999122083596,"roty":9.63767809650517,"rotx":32.19939951860022},"saber_hitbox":{"posx":-0.8717066225907937,"posy":-1.3109477201498345,"posz":0.3919215522149971,"roty":132.21822973997416,"rotx":39.960534727530884},"short_sword_hitbox":{"posx":0.18607875123111367,"posy":-0.9509685791610873,"posz":1.183167083170986,"roty":7.122813578785667,"rotx":69.17726137978264}}}
execute on vehicle unless entity @s[tag=aj.transforms_only] at @s run function animated_java:mage_hunter/animations/thrust2/zzz/frames/36_root_commands