# This file was generated by Animated Java via MC-Build. It is not recommended to edit this file directly.
$data merge entity $(bone_chest) {transformation: [-0.9914f,-0.017f,0.1294f,-0.0057f,0.05f,0.8665f,0.4968f,-0.8976f,-0.1206f,0.499f,-0.8582f,0.1251f,0f,0f,0f,1f],start_interpolation: 0,interpolation_duration: 1}
$data merge entity $(bone_cape) {transformation: [-0.9914f,-0.0338f,0.1261f,0.2192f,0.05f,0.7942f,0.6056f,-0.758f,-0.1206f,0.6067f,-0.7857f,0.148f,0f,0f,0f,1f],start_interpolation: 0,interpolation_duration: 1}
$data merge entity $(bone_saber) {transformation: [-1.0809f,-0.4075f,0.7458f,-0.6655f,0.8499f,-0.5269f,0.9438f,-1.0872f,0.0061f,1.2029f,0.6661f,-0.1428f,0f,0f,0f,1f],start_interpolation: 0,interpolation_duration: 1}
$data merge entity $(bone_right_forearm) {transformation: [-0.7861f,0.5424f,0.2964f,-0.5056f,0.6181f,0.6864f,0.3832f,-0.8597f,0.0044f,0.4844f,-0.8748f,0.0001f,0f,0f,0f,1f],start_interpolation: 0,interpolation_duration: 1}
$data merge entity $(bone_right_arm) {transformation: [-0.8434f,0.5114f,0.165f,-0.2564f,0.4396f,0.48f,0.7592f,-0.7796f,0.309f,0.7128f,-0.6296f,0.1619f,0f,0f,0f,1f],start_interpolation: 0,interpolation_duration: 1}
$data merge entity $(bone_short_sword) {transformation: [-1.1488f,-0.2004f,0.0341f,0.2868f,-0.0345f,0.3855f,1.1006f,-1.14f,-0.2003f,1.0828f,-0.3855f,0.7359f,0f,0f,0f,1f],start_interpolation: 0,interpolation_duration: 1}
$data merge entity $(bone_left_forearm) {transformation: [-0.9847f,0.1278f,0.1184f,0.3212f,-0.0296f,0.5473f,-0.8364f,-1.0067f,-0.1717f,-0.8271f,-0.5351f,0.5157f,0f,0f,0f,1f],start_interpolation: 0,interpolation_duration: 1}
$data merge entity $(bone_left_arm) {transformation: [-0.9847f,0.1178f,0.1283f,0.2313f,-0.0296f,0.6129f,-0.7896f,-0.838f,-0.1717f,-0.7814f,-0.6f,0.2745f,0f,0f,0f,1f],start_interpolation: 0,interpolation_duration: 1}
$data merge entity $(bone_torso) {transformation: [-0.9914f,-0.0227f,0.1285f,0f,0.05f,0.844f,0.5341f,-1.0937f,-0.1206f,0.5359f,-0.8356f,-0.0031f,0f,0f,0f,1f],start_interpolation: 0,interpolation_duration: 1}
$data merge entity $(bone_right_dress) {transformation: [-0.9783f,-0.2064f,0.0203f,-0.1936f,-0.19f,0.9311f,0.3113f,-1.2505f,-0.0831f,0.3007f,-0.9501f,-0.0078f,0f,0f,0f,1f],start_interpolation: 0,interpolation_duration: 1}
$data merge entity $(bone_left_dress) {transformation: [-0.9763f,0.153f,-0.153f,0.1311f,0.2164f,0.6903f,-0.6903f,-1.2505f,0f,-0.7071f,-0.7071f,-0.0078f,0f,0f,0f,1f],start_interpolation: 0,interpolation_duration: 1}
$data merge entity $(bone_lower_right_leg) {transformation: [-0.9693f,-0.0308f,0.244f,-0.1375f,0.1816f,0.5794f,0.7945f,-1.6464f,-0.1658f,0.8145f,-0.556f,-0.241f,0f,0f,0f,1f],start_interpolation: 0,interpolation_duration: 1}
$data merge entity $(bone_right_leg) {transformation: [-0.9693f,0.0334f,0.2436f,-0.125f,0.1816f,0.7653f,0.6175f,-1.3594f,-0.1658f,0.6428f,-0.7479f,0f,0f,0f,0f,1f],start_interpolation: 0,interpolation_duration: 1}
$data merge entity $(bone_lower_left_leg) {transformation: [-0.999f,-0.0432f,-0.0057f,0.135f,-0.0436f,0.9905f,0.1304f,-1.5874f,0f,0.1305f,-0.9914f,0.2975f,0f,0f,0f,1f],start_interpolation: 0,interpolation_duration: 1}
$data merge entity $(bone_left_leg) {transformation: [-0.999f,-0.0266f,0.0346f,0.125f,-0.0436f,0.6082f,-0.7926f,-1.3594f,0f,-0.7934f,-0.6088f,0f,0f,0f,0f,1f],start_interpolation: 0,interpolation_duration: 1}
$data merge entity $(bone_pony_tail) {transformation: [-0.999f,0.0201f,-0.0387f,-0.0084f,-0.0076f,0.7934f,0.6086f,-0.5044f,0.043f,0.6083f,-0.7925f,0.0676f,0f,0f,0f,1f],start_interpolation: 0,interpolation_duration: 1}
$data merge entity $(bone_head) {transformation: [-0.999f,0.0201f,-0.0387f,0f,-0.0076f,0.7934f,0.6086f,-0.6719f,0.043f,0.6083f,-0.7925f,0.2344f,0f,0f,0f,1f],start_interpolation: 0,interpolation_duration: 1}
data modify entity @s data merge value {"cameras":{},"locators":{"locator":{"posx":-1.450477261132555,"posy":-2.0768157422066342,"posz":2.1579587091806856,"roty":131.76671621823405,"rotx":43.34360785618799},"locator2":{"posx":-1.126837606196017,"posy":-1.6667809767942177,"posz":2.3757690966872125,"roty":131.76671621823405,"rotx":43.34360785618799},"locator3":{"posx":-0.8185766357634537,"posy":-1.2756939850750582,"posz":2.508626685917306,"roty":131.76671621823405,"rotx":43.34360785618799},"locator4":{"posx":-0.4732693664507368,"posy":-0.8367060329212777,"posz":2.532131315751126,"roty":131.76671621823405,"rotx":43.34360785618799},"locator5":{"posx":-1.737070617188939,"posy":-2.43894954718443,"posz":1.8307953622778845,"roty":131.76671621823405,"rotx":43.34360785618799},"saber_hitbox":{"posx":-0.8639769969774174,"posy":-1.3440086383055807,"posz":0.4629184207972197,"roty":131.76671621823405,"rotx":43.34360785618799},"locator6":{"posx":-0.11162518417877154,"posy":-0.3628945520487674,"posz":2.8875293755021523,"roty":5.0618593803089595,"rotx":70.62503366689286},"locator7":{"posx":-0.08442723096741833,"posy":0.14709807403122777,"posz":2.6436435565516785,"roty":5.0618593803089595,"rotx":70.62503366689286},"locator8":{"posx":-0.048325463467706664,"posy":0.5774785163630476,"posz":2.3624064017487183,"roty":5.0618593803089595,"rotx":70.62503366689286},"locator9":{"posx":0.009242760393321003,"posy":0.9665555531641505,"posz":1.9651596786211891,"roty":5.0618593803089595,"rotx":70.62503366689286},"locator10":{"posx":-0.1173566810288088,"posy":-0.9141905836594793,"posz":3.0154056261280573,"roty":5.0618593803089595,"rotx":70.62503366689286},"short_sword_hitbox":{"posx":0.1996384330603096,"posy":-0.9617939322441585,"posz":1.2053906347958987,"roty":5.0618593803089595,"rotx":70.62503366689286}}}
execute on vehicle unless entity @s[tag=aj.transforms_only] at @s run function animated_java:mage_hunter/animations/thrust2/zzz/frames/37_root_commands