# This file was generated by Animated Java via MC-Build. It is not recommended to edit this file directly.
$data merge entity $(bone_chest) {transformation: [-0.9946f,-0.0016f,0.1041f,-0.0018f,0.0399f,0.9176f,0.3955f,-0.8491f,-0.0962f,0.3975f,-0.9125f,0.1021f,0f,0f,0f,1f],start_interpolation: 0,interpolation_duration: 1}
$data merge entity $(bone_cape) {transformation: [-0.9946f,-0.0152f,0.103f,0.2238f,0.0399f,0.8581f,0.5119f,-0.7087f,-0.0962f,0.5132f,-0.8529f,0.1023f,0f,0f,0f,1f],start_interpolation: 0,interpolation_duration: 1}
$data merge entity $(bone_saber) {transformation: [-1.1593f,-0.382f,0.6331f,-0.6218f,0.7316f,-0.4226f,1.0848f,-1.1152f,-0.1068f,1.2514f,0.5596f,-0.1302f,0f,0f,0f,1f],start_interpolation: 0,interpolation_duration: 1}
$data merge entity $(bone_right_forearm) {transformation: [-0.8431f,0.4604f,0.2778f,-0.4886f,0.5321f,0.7889f,0.3073f,-0.8577f,-0.0777f,0.4069f,-0.9101f,-0.0131f,0f,0f,0f,1f],start_interpolation: 0,interpolation_duration: 1}
$data merge entity $(bone_right_arm) {transformation: [-0.8856f,0.4505f,0.1132f,-0.2512f,0.4118f,0.6485f,0.6402f,-0.7267f,0.215f,0.6136f,-0.7598f,0.1326f,0f,0f,0f,1f],start_interpolation: 0,interpolation_duration: 1}
$data merge entity $(bone_short_sword) {transformation: [-1.1582f,-0.1403f,0.0072f,0.3301f,-0.0304f,0.3085f,1.1247f,-1.1487f,-0.1371f,1.1164f,-0.3099f,0.6191f,0f,0f,0f,1f],start_interpolation: 0,interpolation_duration: 1}
$data merge entity $(bone_left_forearm) {transformation: [-0.9927f,0.0653f,0.1012f,0.3481f,-0.026f,0.7041f,-0.7096f,-0.9733f,-0.1176f,-0.7071f,-0.6973f,0.4283f,0f,0f,0f,1f],start_interpolation: 0,interpolation_duration: 1}
$data merge entity $(bone_left_arm) {transformation: [-0.9896f,0.0586f,0.1315f,0.2409f,-0.0437f,0.7483f,-0.662f,-0.7684f,-0.1372f,-0.6608f,-0.7379f,0.2253f,0f,0f,0f,1f],start_interpolation: 0,interpolation_duration: 1}
$data merge entity $(bone_torso) {transformation: [-0.9946f,-0.0062f,0.104f,0f,0.0399f,0.8995f,0.4351f,-1.0586f,-0.0962f,0.4369f,-0.8943f,-0.0031f,0f,0f,0f,1f],start_interpolation: 0,interpolation_duration: 1}
$data merge entity $(bone_right_dress) {transformation: [-0.9785f,-0.2058f,0.0157f,-0.1936f,-0.1955f,0.9484f,0.2498f,-1.2154f,-0.0663f,0.2413f,-0.9682f,-0.0078f,0f,0f,0f,1f],start_interpolation: 0,interpolation_duration: 1}
$data merge entity $(bone_left_dress) {transformation: [-0.9763f,0.1754f,-0.1268f,0.1311f,0.2164f,0.7912f,-0.5719f,-1.2154f,0f,-0.5858f,-0.8105f,-0.0078f,0f,0f,0f,1f],start_interpolation: 0,interpolation_duration: 1}
$data merge entity $(bone_lower_right_leg) {transformation: [-0.9791f,0.02f,0.2024f,-0.148f,0.1544f,0.7205f,0.676f,-1.6411f,-0.1323f,0.6931f,-0.7086f,-0.1993f,0f,0f,0f,1f],start_interpolation: 0,interpolation_duration: 1}
$data merge entity $(bone_right_leg) {transformation: [-0.9791f,0.0614f,0.1939f,-0.125f,0.1544f,0.8449f,0.5121f,-1.3242f,-0.1323f,0.5313f,-0.8368f,0f,0f,0f,0f,1f],start_interpolation: 0,interpolation_duration: 1}
$data merge entity $(bone_lower_left_leg) {transformation: [-0.999f,-0.0434f,-0.0045f,0.1372f,-0.0436f,0.9936f,0.104f,-1.6033f,0f,0.1041f,-0.9946f,0.2501f,0f,0f,0f,1f],start_interpolation: 0,interpolation_duration: 1}
$data merge entity $(bone_left_leg) {transformation: [-0.999f,-0.0325f,0.0291f,0.125f,-0.0436f,0.7443f,-0.6664f,-1.3242f,0f,-0.667f,-0.7451f,0f,0f,0f,0f,1f],start_interpolation: 0,interpolation_duration: 1}
$data merge entity $(bone_waist) {transformation: [-1f,0f,0f,0f,0f,1f,0f,-0.9805f,0f,0f,-1f,0f,0f,0f,0f,1f],start_interpolation: 0,interpolation_duration: 1}
$data merge entity $(bone_pony_tail) {transformation: [-0.9994f,0.0124f,-0.0325f,-0.0072f,-0.006f,0.8581f,0.5134f,-0.4818f,0.0342f,0.5133f,-0.8575f,-0.0092f,0f,0f,0f,1f],start_interpolation: 0,interpolation_duration: 1}
$data merge entity $(bone_head) {transformation: [-0.9994f,0.0124f,-0.0325f,0f,-0.006f,0.8581f,0.5134f,-0.6289f,0.0342f,0.5133f,-0.8575f,0.1758f,0f,0f,0f,1f],start_interpolation: 0,interpolation_duration: 1}
data modify entity @s data merge value {"cameras":{},"locators":{"locator":{"posx":-1.3596982560524369,"posy":-1.9059720540307952,"posz":2.2613050941467385,"roty":131.47216913280164,"rotx":52.085268423756446},"locator2":{"posx":-1.0833476295874616,"posy":-1.4429921658616178,"posz":2.4333296691448236,"roty":131.47216913280164,"rotx":52.085268423756446},"locator3":{"posx":-0.8184101748116575,"posy":-1.0101112127208918,"posz":2.523035998157304,"roty":131.47216913280164,"rotx":52.085268423756446},"locator4":{"posx":-0.5187463037833671,"posy":-0.5388123649975424,"posz":2.498974399395312,"roty":131.47216913280164,"rotx":52.085268423756446},"locator5":{"posx":-1.601322466264926,"posy":-2.3305340476173484,"posz":1.9755125913741811,"roty":131.47216913280164,"rotx":52.085268423756446},"saber_hitbox":{"posx":-0.8082652298130835,"posy":-1.3188088291354951,"posz":0.4991157298819157,"roty":131.47216913280164,"rotx":52.085268423756446},"locator6":{"posx":0.05098629339413496,"posy":-0.5246819007039802,"posz":2.8382253959288617,"roty":1.3301537070393863,"rotx":74.59171608009937},"locator7":{"posx":0.061971139692575394,"posy":0.0010741318469775774,"posz":2.6290067844525495,"roty":1.3301537070393863,"rotx":74.59171608009937},"locator8":{"posx":0.08008600957395212,"posy":0.450050572193444,"posz":2.376584504328555,"roty":1.3301537070393863,"rotx":74.59171608009937},"locator9":{"posx":0.11323189116430227,"posy":0.8659749530820184,"posz":2.0045518983434687,"roty":1.3301537070393863,"rotx":74.59171608009937},"locator10":{"posx":0.055032458804668005,"posy":-1.0834899927128308,"posz":2.9278336815440804,"roty":1.3301537070393863,"rotx":74.59171608009937},"short_sword_hitbox":{"posx":0.26893596317424967,"posy":-1.0039367628434226,"posz":1.1038756709430262,"roty":1.3301537070393863,"rotx":74.59171608009937}}}
execute on vehicle unless entity @s[tag=aj.transforms_only] at @s run function animated_java:mage_hunter/animations/thrust2/zzz/frames/38_root_commands