# This file was generated by Animated Java via MC-Build. It is not recommended to edit this file directly.
$data merge entity $(bone_chest) {transformation: [-0.9905f,-0.006f,-0.1373f,0.0004f,0f,0.999f,-0.0436f,-0.7187f,0.1374f,-0.0432f,-0.9896f,0f,0f,0f,0f,1f],start_interpolation: 0,interpolation_duration: 1}
$data merge entity $(bone_cape) {transformation: [-0.9905f,0.012f,-0.1369f,0.2055f,0f,0.9962f,0.0872f,-0.5937f,0.1374f,0.0863f,-0.9867f,-0.1137f,0f,0f,0f,1f],start_interpolation: 0,interpolation_duration: 1}
$data merge entity $(bone_saber) {transformation: [-1.3239f,0.157f,0.3365f,-0.4775f,0.3531f,0.1465f,1.3208f,-1.1527f,0.115f,1.3581f,-0.1814f,0.0985f,0f,0f,0f,1f],start_interpolation: 0,interpolation_duration: 1}
$data merge entity $(bone_right_forearm) {transformation: [-0.9628f,0.2447f,-0.1142f,-0.4173f,0.2568f,0.9606f,-0.1066f,-0.8498f,0.0836f,-0.1319f,-0.9877f,0.0492f,0f,0f,0f,1f],start_interpolation: 0,interpolation_duration: 1}
$data merge entity $(bone_right_arm) {transformation: [-0.9758f,0.1711f,-0.136f,-0.2472f,0.1681f,0.9852f,0.033f,-0.5937f,0.1396f,0.0094f,-0.9902f,0.0343f,0f,0f,0f,1f],start_interpolation: 0,interpolation_duration: 1}
$data merge entity $(bone_short_sword) {transformation: [-1.0582f,0.1973f,-0.4499f,0.5493f,-0.4493f,0.0431f,1.0758f,-1.0493f,0.1986f,1.149f,0.0369f,-0.122f,0f,0f,0f,1f],start_interpolation: 0,interpolation_duration: 1}
$data merge entity $(bone_left_forearm) {transformation: [-0.907f,-0.3856f,-0.1692f,0.4474f,-0.3851f,0.9221f,-0.0369f,-0.8104f,0.1702f,0.0317f,-0.9849f,-0.1241f,0f,0f,0f,1f],start_interpolation: 0,interpolation_duration: 1}
$data merge entity $(bone_left_arm) {transformation: [-0.9374f,-0.2922f,-0.1895f,0.2481f,-0.3308f,0.9173f,0.2217f,-0.5937f,0.109f,0.2705f,-0.9565f,-0.0344f,0f,0f,0f,1f],start_interpolation: 0,interpolation_duration: 1}
$data merge entity $(bone_torso) {transformation: [-0.9905f,0f,-0.1374f,0f,0f,1f,0f,-0.9531f,0.1374f,0f,-0.9905f,-0.0031f,0f,0f,0f,1f],start_interpolation: 0,interpolation_duration: 1}
$data merge entity $(bone_right_dress) {transformation: [-0.9748f,-0.2192f,-0.0416f,-0.1937f,-0.2164f,0.9743f,-0.0623f,-1.1099f,0.0542f,-0.0518f,-0.9972f,0.0029f,0f,0f,0f,1f],start_interpolation: 0,interpolation_duration: 1}
$data merge entity $(bone_left_dress) {transformation: [-0.9748f,0.2161f,-0.0555f,0.1304f,0.2164f,0.9763f,0f,-1.1099f,0.0542f,-0.012f,-0.9985f,-0.0151f,0f,0f,0f,1f],start_interpolation: 0,interpolation_duration: 1}
$data merge entity $(bone_lower_right_leg) {transformation: [-0.9975f,0.0409f,-0.0575f,-0.1391f,0.0436f,0.9979f,-0.0478f,-1.5918f,0.0554f,-0.0501f,-0.9972f,0.0426f,0f,0f,0f,1f],start_interpolation: 0,interpolation_duration: 1}
$data merge entity $(bone_right_leg) {transformation: [-0.9975f,0.0382f,-0.0593f,-0.1248f,0.0436f,0.9947f,-0.0926f,-1.2187f,0.0554f,-0.095f,-0.9939f,0.0069f,0f,0f,0f,1f],start_interpolation: 0,interpolation_duration: 1}
$data merge entity $(bone_lower_left_leg) {transformation: [-0.9975f,-0.0436f,-0.0555f,0.1411f,-0.0436f,0.999f,0f,-1.5934f,0.0554f,0.0024f,-0.9985f,-0.0078f,0f,0f,0f,1f],start_interpolation: 0,interpolation_duration: 1}
$data merge entity $(bone_left_leg) {transformation: [-0.9975f,-0.0436f,-0.0555f,0.1248f,-0.0436f,0.999f,0f,-1.2187f,0.0554f,0.0024f,-0.9985f,-0.0069f,0f,0f,0f,1f],start_interpolation: 0,interpolation_duration: 1}
$data merge entity $(bone_waist) {transformation: [-0.9985f,0f,-0.0555f,0f,0f,1f,0f,-0.875f,0.0555f,0f,-0.9985f,0f,0f,0f,0f,1f],start_interpolation: 0,interpolation_duration: 1}
$data merge entity $(bone_pony_tail) {transformation: [-0.9992f,0.006f,-0.0388f,-0.0089f,0.0021f,0.9949f,0.1012f,-0.4452f,0.0392f,0.1011f,-0.9941f,-0.2298f,0f,0f,0f,1f],start_interpolation: 0,interpolation_duration: 1}
$data merge entity $(bone_head) {transformation: [-0.9992f,0.006f,-0.0388f,0f,0.0021f,0.9949f,0.1012f,-0.5f,0.0392f,0.1011f,-0.9941f,0f,0f,0f,0f,1f],start_interpolation: 0,interpolation_duration: 1}
data modify entity @s data merge value {"cameras":{},"locators":{"body_hitbox":{"posx":0.018530487694253063,"posy":-0.8693988612014982,"posz":0.13041702803083993,"roty":352.1,"rotx":-2.5},"flame":{"posx":-0.19052458531755667,"posy":-0.8598028257401613,"posz":2.6909307060364274,"roty":61.67164300578834,"rotx":73.8594051860587},"flame1":{"posx":-0.060016181326075946,"posy":-0.3261347434763573,"posz":2.554995300565776,"roty":61.67164300578834,"rotx":73.8594051860587},"flame2":{"posx":0.04806105455547405,"posy":0.1408374010882354,"posz":2.3655716291702804,"roty":61.67164300578834,"rotx":73.8594051860587},"flame3":{"posx":0.14186386863744482,"posy":0.5944904742470087,"posz":2.0526819980159328,"roty":61.67164300578834,"rotx":73.8594051860587},"flame4":{"posx":-0.3353074111086166,"posy":-1.4067899794097847,"posz":2.7034001517482262,"roty":61.67164300578834,"rotx":73.8594051860587},"saber_hitbox":{"posx":-0.4038708062571774,"posy":-1.0769199114934018,"posz":0.7141687826602711,"roty":61.67164300578834,"rotx":73.8594051860587},"flame5":{"posx":0.9380310298784721,"posy":-0.9540134028268885,"posz":2.1652618084658593,"roty":265.3060557459714,"rotx":67.23851147014432},"flame6":{"posx":0.7105599727737355,"posy":-0.43762631025196264,"posz":2.121514936558617,"roty":265.3060557459714,"rotx":67.23851147014432},"flame7":{"posx":0.49661675492831175,"posy":0.01882074197039607,"posz":2.0142331205063857,"roty":265.3060557459714,"rotx":67.23851147014432},"flame8":{"posx":0.26152943632870357,"posy":0.47065314007311954,"posz":1.7838390306117267,"roty":265.3060557459714,"rotx":67.23851147014432},"flame9":{"posx":1.1443579862290243,"posy":-1.4750151495214494,"posz":2.0858964065306727,"roty":265.3060557459714,"rotx":67.23851147014432},"short_sword_hitbox":{"posx":0.6208695185657069,"posy":-1.0232332146214187,"posz":0.3185777008294358,"roty":265.3060557459714,"rotx":67.23851147014432}}}