# This file was generated by Animated Java via MC-Build. It is not recommended to edit this file directly.
$data merge entity $(bone_chest) {transformation: [-0.9537f,-0.0131f,-0.3004f,0.0009f,0f,0.999f,-0.0436f,-0.7187f,0.3007f,-0.0416f,-0.9528f,-0.0001f,0f,0f,0f,1f],start_interpolation: 0,interpolation_duration: 1}
$data merge entity $(bone_cape) {transformation: [-0.9537f,0.0262f,-0.2996f,0.1842f,0f,0.9962f,0.0872f,-0.5937f,0.3007f,0.0831f,-0.9501f,-0.1464f,0f,0f,0f,1f],start_interpolation: 0,interpolation_duration: 1}
$data merge entity $(bone_saber) {transformation: [-1.0516f,0.7376f,0.4906f,-0.5332f,0.6865f,0.1973f,1.1749f,-1.0965f,0.5599f,1.1436f,-0.5191f,0.2323f,0f,0f,0f,1f],start_interpolation: 0,interpolation_duration: 1}
$data merge entity $(bone_right_forearm) {transformation: [-0.7648f,0.3568f,-0.5364f,-0.4389f,0.4993f,0.8545f,-0.1435f,-0.8234f,0.4072f,-0.3775f,-0.8317f,0.1128f,0f,0f,0f,1f],start_interpolation: 0,interpolation_duration: 1}
$data merge entity $(bone_right_arm) {transformation: [-0.9096f,0.3119f,-0.2746f,-0.2375f,0.3007f,0.9501f,0.0831f,-0.5937f,0.2868f,-0.007f,-0.958f,0.075f,0f,0f,0f,1f],start_interpolation: 0,interpolation_duration: 1}
$data merge entity $(bone_short_sword) {transformation: [-0.8228f,0.1382f,-0.8154f,0.6377f,-0.8135f,0.0726f,0.8331f,-0.8929f,0.1495f,1.1562f,0.0451f,-0.2624f,0f,0f,0f,1f],start_interpolation: 0,interpolation_duration: 1}
$data merge entity $(bone_left_forearm) {transformation: [-0.7053f,-0.699f,-0.1185f,0.4551f,-0.6972f,0.7141f,-0.0623f,-0.7082f,0.1281f,0.0387f,-0.991f,-0.2627f,0f,0f,0f,1f],start_interpolation: 0,interpolation_duration: 1}
$data merge entity $(bone_left_arm) {transformation: [-0.7461f,-0.4354f,-0.5037f,0.2394f,-0.6361f,0.6896f,0.3462f,-0.5937f,0.1966f,0.5787f,-0.7915f,-0.0753f,0f,0f,0f,1f],start_interpolation: 0,interpolation_duration: 1}
$data merge entity $(bone_torso) {transformation: [-0.9537f,0f,-0.3007f,0f,0f,1f,0f,-0.9531f,0.3007f,0f,-0.9537f,-0.0031f,0f,0f,0f,1f],start_interpolation: 0,interpolation_duration: 1}
$data merge entity $(bone_right_dress) {transformation: [-0.9679f,-0.2298f,-0.1014f,-0.1929f,-0.2164f,0.9679f,-0.1274f,-1.1099f,0.1274f,-0.1014f,-0.9867f,0.0175f,0f,0f,0f,1f],start_interpolation: 0,interpolation_duration: 1}
$data merge entity $(bone_left_dress) {transformation: [-0.9679f,0.2146f,-0.1305f,0.1289f,0.2164f,0.9763f,0f,-1.1099f,0.1274f,-0.0283f,-0.9914f,-0.0249f,0f,0f,0f,1f],start_interpolation: 0,interpolation_duration: 1}
$data merge entity $(bone_lower_right_leg) {transformation: [-0.9905f,0.0375f,-0.1323f,-0.1314f,0.0436f,0.9981f,-0.0436f,-1.5877f,0.1304f,-0.0489f,-0.9903f,0.083f,0f,0f,0f,1f],start_interpolation: 0,interpolation_duration: 1}
$data merge entity $(bone_right_leg) {transformation: [-0.9905f,0.0199f,-0.1361f,-0.1239f,0.0436f,0.9839f,-0.1735f,-1.2187f,0.1304f,-0.1778f,-0.9754f,0.0163f,0f,0f,0f,1f],start_interpolation: 0,interpolation_duration: 1}
$data merge entity $(bone_lower_left_leg) {transformation: [-0.9905f,-0.0432f,-0.1305f,0.1401f,-0.0436f,0.999f,0f,-1.5934f,0.1304f,0.0057f,-0.9914f,-0.0185f,0f,0f,0f,1f],start_interpolation: 0,interpolation_duration: 1}
$data merge entity $(bone_left_leg) {transformation: [-0.9905f,-0.0432f,-0.1305f,0.1239f,-0.0436f,0.999f,0f,-1.2187f,0.1304f,0.0057f,-0.9914f,-0.0163f,0f,0f,0f,1f],start_interpolation: 0,interpolation_duration: 1}
$data merge entity $(bone_waist) {transformation: [-0.9914f,0f,-0.1305f,0f,0f,1f,0f,-0.875f,0.1305f,0f,-0.9914f,0f,0f,0f,0f,1f],start_interpolation: 0,interpolation_duration: 1}
$data merge entity $(bone_pony_tail) {transformation: [-0.9961f,0.017f,-0.086f,-0.0196f,0.0057f,0.9914f,0.1304f,-0.4385f,0.0875f,0.1294f,-0.9877f,-0.2275f,0f,0f,0f,1f],start_interpolation: 0,interpolation_duration: 1}
$data merge entity $(bone_head) {transformation: [-0.9961f,0.017f,-0.086f,0f,0.0057f,0.9914f,0.1304f,-0.5f,0.0875f,0.1294f,-0.9877f,0f,0f,0f,0f,1f],start_interpolation: 0,interpolation_duration: 1}
execute on vehicle unless entity @s[tag=aj.transforms_only] at @s run function animated_java:mage_hunter/animations/thrust2/zzz/frames/5_root_commands