# This file was generated by Animated Java via MC-Build. It is not recommended to edit this file directly.
$data merge entity $(bone_chest) {transformation: [-0.9834f,-0.0079f,-0.1815f,0.0006f,0f,0.999f,-0.0436f,-0.7187f,0.1817f,-0.0429f,-0.9824f,-0.0001f,0f,0f,0f,1f],start_interpolation: 0,interpolation_duration: 1}
$data merge entity $(bone_cape) {transformation: [-0.9834f,0.0158f,-0.181f,0.2003f,0f,0.9962f,0.0872f,-0.5937f,0.1817f,0.0857f,-0.9796f,-0.1228f,0f,0f,0f,1f],start_interpolation: 0,interpolation_duration: 1}
$data merge entity $(bone_saber) {transformation: [-1.2872f,0.2928f,0.3846f,-0.4924f,0.4263f,0.1721f,1.2959f,-1.1428f,0.2278f,1.3324f,-0.2519f,0.1301f,0f,0f,0f,1f],start_interpolation: 0,interpolation_duration: 1}
$data merge entity $(bone_right_forearm) {transformation: [-0.9362f,0.2797f,-0.2129f,-0.4218f,0.31f,0.9424f,-0.1252f,-0.845f,0.1657f,-0.1832f,-0.969f,0.0662f,0f,0f,0f,1f],start_interpolation: 0,interpolation_duration: 1}
$data merge entity $(bone_right_arm) {transformation: [-0.9635f,0.1994f,-0.1784f,-0.2453f,0.1946f,0.9799f,0.0438f,-0.5937f,0.1836f,0.0075f,-0.983f,0.0454f,0f,0f,0f,1f],start_interpolation: 0,interpolation_duration: 1}
$data merge entity $(bone_short_sword) {transformation: [-1.0098f,0.2068f,-0.5466f,0.5769f,-0.549f,0.0382f,1.0287f,-1.0156f,0.2003f,1.1476f,0.0643f,-0.1698f,0f,0f,0f,1f],start_interpolation: 0,interpolation_duration: 1}
$data merge entity $(bone_left_forearm) {transformation: [-0.8655f,-0.4685f,-0.1773f,0.4534f,-0.4706f,0.8818f,-0.0327f,-0.7871f,0.1717f,0.0551f,-0.9836f,-0.1658f,0f,0f,0f,1f],start_interpolation: 0,interpolation_duration: 1}
$data merge entity $(bone_left_arm) {transformation: [-0.9029f,-0.3348f,-0.2694f,0.2464f,-0.4067f,0.8683f,0.2839f,-0.5937f,0.1389f,0.3659f,-0.9202f,-0.0455f,0f,0f,0f,1f],start_interpolation: 0,interpolation_duration: 1}
$data merge entity $(bone_torso) {transformation: [-0.9834f,0f,-0.1817f,0f,0f,1f,0f,-0.9531f,0.1817f,0f,-0.9834f,-0.0031f,0f,0f,0f,1f],start_interpolation: 0,interpolation_duration: 1}
$data merge entity $(bone_right_dress) {transformation: [-0.9737f,-0.2213f,-0.0551f,-0.1936f,-0.2164f,0.9728f,-0.0824f,-1.1099f,0.0718f,-0.0683f,-0.9951f,0.0064f,0f,0f,0f,1f],start_interpolation: 0,interpolation_duration: 1}
$data merge entity $(bone_left_dress) {transformation: [-0.9737f,0.2159f,-0.0736f,0.1301f,0.2164f,0.9763f,0f,-1.1099f,0.0718f,-0.0159f,-0.9973f,-0.0174f,0f,0f,0f,1f],start_interpolation: 0,interpolation_duration: 1}
$data merge entity $(bone_lower_right_leg) {transformation: [-0.9963f,0.0388f,-0.0761f,-0.1375f,0.0436f,0.9971f,-0.0626f,-1.5906f,0.0735f,-0.0657f,-0.9951f,0.0562f,0f,0f,0f,1f],start_interpolation: 0,interpolation_duration: 1}
$data merge entity $(bone_right_leg) {transformation: [-0.9963f,0.0342f,-0.0783f,-0.1247f,0.0436f,0.9915f,-0.1223f,-1.2187f,0.0735f,-0.1253f,-0.9894f,0.0092f,0f,0f,0f,1f],start_interpolation: 0,interpolation_duration: 1}
$data merge entity $(bone_lower_left_leg) {transformation: [-0.9963f,-0.0435f,-0.0736f,0.141f,-0.0436f,0.999f,0f,-1.5934f,0.0735f,0.0032f,-0.9973f,-0.0104f,0f,0f,0f,1f],start_interpolation: 0,interpolation_duration: 1}
$data merge entity $(bone_left_leg) {transformation: [-0.9963f,-0.0435f,-0.0736f,0.1247f,-0.0436f,0.999f,0f,-1.2187f,0.0735f,0.0032f,-0.9973f,-0.0092f,0f,0f,0f,1f],start_interpolation: 0,interpolation_duration: 1}
$data merge entity $(bone_waist) {transformation: [-0.9973f,0f,-0.0736f,0f,0f,1f,0f,-0.875f,0.0736f,0f,-0.9973f,0f,0f,0f,0f,1f],start_interpolation: 0,interpolation_duration: 1}
$data merge entity $(bone_pony_tail) {transformation: [-0.9986f,0.0082f,-0.0514f,-0.0118f,0.0027f,0.9944f,0.1059f,-0.4441f,0.052f,0.1057f,-0.993f,-0.2294f,0f,0f,0f,1f],start_interpolation: 0,interpolation_duration: 1}
$data merge entity $(bone_head) {transformation: [-0.9986f,0.0082f,-0.0514f,0f,0.0027f,0.9944f,0.1059f,-0.5f,0.052f,0.1057f,-0.993f,0f,0f,0f,0f,1f],start_interpolation: 0,interpolation_duration: 1}
data modify entity @s data merge value {"cameras":{},"locators":{"body_hitbox":{"posx":0.024496971209156074,"posy":-0.8693988612014982,"posz":0.1294523382835629,"roty":349.53125,"rotx":-2.5},"saber_hitbox":{"posx":-0.3567369725607766,"posy":-1.0556332561982034,"posz":0.7336013378953734,"roty":56.77116818303891,"rotx":70.46567466654678},"short_sword_hitbox":{"posx":0.6512575322797162,"posy":-0.9918260877552891,"posz":0.27049518880524764,"roty":263.29357804740516,"rotx":61.85497881493081}}}