# This file was generated by Animated Java via MC-Build. It is not recommended to edit this file directly.
$data merge entity $(bone_chest) {transformation: [-0.9998f,0.0009f,0.021f,-0.0001f,0f,0.999f,-0.0436f,-0.7187f,-0.021f,-0.0436f,-0.9988f,0f,0f,0f,0f,1f],start_interpolation: 0,interpolation_duration: 1}
$data merge entity $(bone_cape) {transformation: [-0.9998f,-0.0018f,0.0209f,0.2204f,0f,0.9962f,0.0872f,-0.5937f,-0.021f,0.0871f,-0.996f,-0.0798f,0f,0f,0f,1f],start_interpolation: 0,interpolation_duration: 1}
$data merge entity $(bone_saber) {transformation: [-1.1687f,0.28f,0.6682f,-0.5905f,0.7127f,0.2169f,1.1557f,-1.09f,0.1299f,1.3286f,-0.3295f,0.0399f,0f,0f,0f,1f],start_interpolation: 0,interpolation_duration: 1}
$data merge entity $(bone_right_forearm) {transformation: [-0.8499f,0.4859f,-0.2036f,-0.4541f,0.5183f,0.8405f,-0.1577f,-0.8211f,0.0945f,-0.2396f,-0.9663f,-0.0426f,0f,0f,0f,1f],start_interpolation: 0,interpolation_duration: 1}
$data merge entity $(bone_right_arm) {transformation: [-0.9463f,0.305f,0.1071f,-0.25f,0.3129f,0.9474f,0.067f,-0.5937f,-0.081f,0.0969f,-0.992f,-0.0053f,0f,0f,0f,1f],start_interpolation: 0,interpolation_duration: 1}
$data merge entity $(bone_short_sword) {transformation: [-1.0716f,-0.0496f,-0.4587f,0.5355f,-0.4571f,0.2711f,1.0386f,-0.9253f,0.0624f,1.1337f,-0.2684f,0.3812f,0f,0f,0f,1f],start_interpolation: 0,interpolation_duration: 1}
$data merge entity $(bone_left_forearm) {transformation: [-0.9185f,-0.3047f,0.252f,0.4591f,-0.3918f,0.615f,-0.6843f,-0.7728f,0.0535f,-0.7273f,-0.6842f,0.1853f,0f,0f,0f,1f],start_interpolation: 0,interpolation_duration: 1}
$data merge entity $(bone_left_arm) {transformation: [-0.9314f,-0.3331f,0.1464f,0.249f,-0.3612f,0.797f,-0.4841f,-0.5937f,0.0446f,-0.5038f,-0.8627f,0.0492f,0f,0f,0f,1f],start_interpolation: 0,interpolation_duration: 1}
$data merge entity $(bone_torso) {transformation: [-0.9998f,0f,0.021f,0f,0f,1f,0f,-0.9531f,-0.021f,0f,-0.9998f,-0.0031f,0f,0f,0f,1f],start_interpolation: 0,interpolation_duration: 1}
$data merge entity $(bone_right_dress) {transformation: [-0.9754f,-0.2121f,-0.0606f,-0.1937f,-0.2164f,0.9732f,0.0772f,-1.1099f,0.0426f,0.0884f,-0.9952f,0.0006f,0f,0f,0f,1f],start_interpolation: 0,interpolation_duration: 1}
$data merge entity $(bone_left_dress) {transformation: [-0.9754f,0.2003f,-0.0923f,0.1306f,0.2164f,0.95f,-0.2251f,-1.1099f,0.0426f,-0.2396f,-0.9699f,-0.0135f,0f,0f,0f,1f],start_interpolation: 0,interpolation_duration: 1}
$data merge entity $(bone_lower_right_leg) {transformation: [-0.9981f,0.0575f,-0.0223f,-0.1444f,0.0436f,0.9141f,0.4031f,-1.5845f,0.0436f,0.4014f,-0.9149f,-0.0749f,0f,0f,0f,1f],start_interpolation: 0,interpolation_duration: 1}
$data merge entity $(bone_right_leg) {transformation: [-0.9981f,0.052f,-0.0332f,-0.1249f,0.0436f,0.9754f,0.2162f,-1.2187f,0.0436f,0.2144f,-0.9758f,0.0055f,0f,0f,0f,1f],start_interpolation: 0,interpolation_duration: 1}
$data merge entity $(bone_lower_left_leg) {transformation: [-0.9981f,-0.0474f,-0.0394f,0.1454f,-0.0436f,0.9948f,-0.0919f,-1.5759f,0.0436f,-0.09f,-0.995f,0.1071f,0f,0f,0f,1f],start_interpolation: 0,interpolation_duration: 1}
$data merge entity $(bone_left_leg) {transformation: [-0.9981f,-0.0547f,-0.0284f,0.1249f,-0.0436f,0.9523f,-0.302f,-1.2187f,0.0436f,-0.3001f,-0.9529f,-0.0055f,0f,0f,0f,1f],start_interpolation: 0,interpolation_duration: 1}
$data merge entity $(bone_waist) {transformation: [-0.999f,0f,-0.0436f,0f,0f,1f,0f,-0.875f,0.0436f,0f,-0.999f,0f,0f,0f,0f,1f],start_interpolation: 0,interpolation_duration: 1}
$data merge entity $(bone_pony_tail) {transformation: [-1f,0.007f,0.0022f,0.0007f,0.0072f,0.9867f,0.1624f,-0.4311f,-0.001f,0.1624f,-0.9867f,-0.2262f,0f,0f,0f,1f],start_interpolation: 0,interpolation_duration: 1}
$data merge entity $(bone_head) {transformation: [-1f,0.007f,0.0022f,0f,0.0072f,0.9867f,0.1624f,-0.5f,-0.001f,0.1624f,-0.9867f,0f,0f,0f,0f,1f],start_interpolation: 0,interpolation_duration: 1}
execute on vehicle unless entity @s[tag=aj.transforms_only] at @s run function animated_java:mage_hunter/animations/thrust2/zzz/frames/7_root_commands