# This file was generated by Animated Java via MC-Build. It is not recommended to edit this file directly.
$data merge entity $(bone_chest) {transformation: [-0.9659f,-0.0113f,-0.2587f,0.0008f,0f,0.999f,-0.0436f,-0.7187f,0.2589f,-0.0421f,-0.965f,-0.0001f,0f,0f,0f,1f],start_interpolation: 0,interpolation_duration: 1}
$data merge entity $(bone_cape) {transformation: [-0.9659f,0.0226f,-0.2579f,0.1903f,0f,0.9962f,0.0872f,-0.5937f,0.2589f,0.0842f,-0.9622f,-0.1382f,0f,0f,0f,1f],start_interpolation: 0,interpolation_duration: 1}
$data merge entity $(bone_saber) {transformation: [-1.1819f,0.5424f,0.4468f,-0.5132f,0.5601f,0.1991f,1.2399f,-1.1214f,0.4244f,1.2477f,-0.3921f,0.19f,0f,0f,0f,1f],start_interpolation: 0,interpolation_duration: 1}
$data merge entity $(bone_right_forearm) {transformation: [-0.8596f,0.3249f,-0.3945f,-0.429f,0.4073f,0.9017f,-0.1448f,-0.835f,0.3086f,-0.2851f,-0.9074f,0.0971f,0f,0f,0f,1f],start_interpolation: 0,interpolation_duration: 1}
$data merge entity $(bone_right_arm) {transformation: [-0.9345f,0.2543f,-0.249f,-0.2407f,0.246f,0.9671f,0.0643f,-0.5937f,0.2571f,-0.0012f,-0.9664f,0.0646f,0f,0f,0f,1f],start_interpolation: 0,interpolation_duration: 1}
$data merge entity $(bone_short_sword) {transformation: [-0.9082f,0.2123f,-0.7009f,0.6102f,-0.709f,0.0245f,0.9262f,-0.9455f,0.1833f,1.1469f,0.1099f,-0.2502f,0f,0f,0f,1f],start_interpolation: 0,interpolation_duration: 1}
$data merge entity $(bone_left_forearm) {transformation: [-0.7784f,-0.6008f,-0.182f,0.4524f,-0.6077f,0.7939f,-0.021f,-0.7397f,0.1571f,0.0942f,-0.9831f,-0.236f,0f,0f,0f,1f],start_interpolation: 0,interpolation_duration: 1}
$data merge entity $(bone_left_arm) {transformation: [-0.8223f,-0.3814f,-0.4222f,0.2423f,-0.5394f,0.7587f,0.3652f,-0.5937f,0.1811f,0.5281f,-0.8297f,-0.0648f,0f,0f,0f,1f],start_interpolation: 0,interpolation_duration: 1}
$data merge entity $(bone_torso) {transformation: [-0.9659f,0f,-0.2589f,0f,0f,1f,0f,-0.9531f,0.2589f,0f,-0.9659f,-0.0031f,0f,0f,0f,1f],start_interpolation: 0,interpolation_duration: 1}
$data merge entity $(bone_right_dress) {transformation: [-0.9707f,-0.2264f,-0.0801f,-0.1933f,-0.2164f,0.9693f,-0.1165f,-1.1099f,0.104f,-0.0957f,-0.99f,0.0129f,0f,0f,0f,1f],start_interpolation: 0,interpolation_duration: 1}
$data merge entity $(bone_left_dress) {transformation: [-0.9707f,0.2152f,-0.1065f,0.1295f,0.2164f,0.9763f,0f,-1.1099f,0.104f,-0.0231f,-0.9943f,-0.0217f,0f,0f,0f,1f],start_interpolation: 0,interpolation_duration: 1}
$data merge entity $(bone_lower_right_leg) {transformation: [-0.9934f,0.0347f,-0.1097f,-0.1335f,0.0436f,0.9958f,-0.0803f,-1.5879f,0.1064f,-0.0846f,-0.9907f,0.0786f,0f,0f,0f,1f],start_interpolation: 0,interpolation_duration: 1}
$data merge entity $(bone_right_leg) {transformation: [-0.9934f,0.0246f,-0.1124f,-0.1243f,0.0436f,0.9844f,-0.1702f,-1.2187f,0.1064f,-0.174f,-0.979f,0.0133f,0f,0f,0f,1f],start_interpolation: 0,interpolation_duration: 1}
$data merge entity $(bone_lower_left_leg) {transformation: [-0.9934f,-0.0434f,-0.1065f,0.1406f,-0.0436f,0.999f,0f,-1.5934f,0.1064f,0.0046f,-0.9943f,-0.0151f,0f,0f,0f,1f],start_interpolation: 0,interpolation_duration: 1}
$data merge entity $(bone_left_leg) {transformation: [-0.9934f,-0.0434f,-0.1065f,0.1243f,-0.0436f,0.999f,0f,-1.2187f,0.1064f,0.0046f,-0.9943f,-0.0133f,0f,0f,0f,1f],start_interpolation: 0,interpolation_duration: 1}
$data merge entity $(bone_waist) {transformation: [-0.9943f,0f,-0.1065f,0f,0f,1f,0f,-0.875f,0.1065f,0f,-0.9943f,0f,0f,0f,0f,1f],start_interpolation: 0,interpolation_duration: 1}
$data merge entity $(bone_pony_tail) {transformation: [-0.9972f,0.0127f,-0.0736f,-0.0168f,0.0041f,0.9932f,0.116f,-0.4418f,0.0746f,0.1153f,-0.9905f,-0.2286f,0f,0f,0f,1f],start_interpolation: 0,interpolation_duration: 1}
$data merge entity $(bone_head) {transformation: [-0.9972f,0.0127f,-0.0736f,0f,0.0041f,0.9932f,0.116f,-0.5f,0.0746f,0.1153f,-0.9905f,0f,0f,0f,0f,1f],start_interpolation: 0,interpolation_duration: 1}
data modify entity @s data merge value {"cameras":{},"locators":{"body_hitbox":{"posx":0.034908592057578604,"posy":-0.8693988612014982,"posz":0.12709881665937323,"roty":344.99375,"rotx":-2.5},"saber_hitbox":{"posx":-0.2637177247776321,"posy":-1.022372669044029,"posz":0.7540481543453932,"roty":48.72893776803659,"rotx":64.38685271915713},"short_sword_hitbox":{"posx":0.6852712686989204,"posy":-0.927875742723737,"posz":0.19025877094127075,"roty":261.0849257365142,"rotx":52.54692390458886}}}