# This file was generated by Animated Java via MC-Build. It is not recommended to edit this file directly.
$data merge entity $(bone_chest) {transformation: [-0.9583f,-0.0125f,-0.2854f,0.0009f,0f,0.999f,-0.0436f,-0.7187f,0.2857f,-0.0418f,-0.9574f,-0.0001f,0f,0f,0f,1f],start_interpolation: 0,interpolation_duration: 1}
$data merge entity $(bone_cape) {transformation: [-0.9583f,0.0249f,-0.2846f,0.1864f,0f,0.9962f,0.0872f,-0.5937f,0.2857f,0.0835f,-0.9547f,-0.1435f,0f,0f,0f,1f],start_interpolation: 0,interpolation_duration: 1}
$data merge entity $(bone_saber) {transformation: [-1.1262f,0.6381f,0.4638f,-0.5201f,0.6141f,0.2017f,1.2136f,-1.1114f,0.4952f,1.2011f,-0.4502f,0.2129f,0f,0f,0f,1f],start_interpolation: 0,interpolation_duration: 1}
$data merge entity $(bone_right_forearm) {transformation: [-0.8191f,0.3373f,-0.4641f,-0.4321f,0.4466f,0.8826f,-0.1467f,-0.8303f,0.3601f,-0.3274f,-0.8736f,0.108f,0f,0f,0f,1f],start_interpolation: 0,interpolation_duration: 1}
$data merge entity $(bone_right_arm) {transformation: [-0.9215f,0.2781f,-0.271f,-0.2387f,0.2684f,0.9605f,0.0727f,-0.5937f,0.2805f,-0.0058f,-0.9598f,0.0713f,0f,0f,0f,1f],start_interpolation: 0,interpolation_duration: 1}
$data merge entity $(bone_short_sword) {transformation: [-0.8662f,0.2026f,-0.7549f,0.6193f,-0.7629f,0.0253f,0.8823f,-0.9173f,0.1696f,1.1487f,0.1137f,-0.2731f,0f,0f,0f,1f],start_interpolation: 0,interpolation_duration: 1}
$data merge entity $(bone_left_forearm) {transformation: [-0.7424f,-0.647f,-0.1736f,0.4495f,-0.654f,0.7562f,-0.0217f,-0.7213f,0.1453f,0.0975f,-0.9846f,-0.258f,0f,0f,0f,1f],start_interpolation: 0,interpolation_duration: 1}
$data merge entity $(bone_left_arm) {transformation: [-0.7856f,-0.3941f,-0.477f,0.2405f,-0.5882f,0.7148f,0.3782f,-0.5937f,0.1919f,0.5777f,-0.7934f,-0.0716f,0f,0f,0f,1f],start_interpolation: 0,interpolation_duration: 1}
$data merge entity $(bone_torso) {transformation: [-0.9583f,0f,-0.2857f,0f,0f,1f,0f,-0.9531f,0.2857f,0f,-0.9583f,-0.0031f,0f,0f,0f,1f],start_interpolation: 0,interpolation_duration: 1}
$data merge entity $(bone_right_dress) {transformation: [-0.9693f,-0.2286f,-0.0901f,-0.1931f,-0.2164f,0.968f,-0.1271f,-1.1099f,0.1163f,-0.1037f,-0.9878f,0.0153f,0f,0f,0f,1f],start_interpolation: 0,interpolation_duration: 1}
$data merge entity $(bone_left_dress) {transformation: [-0.9693f,0.2149f,-0.1191f,0.1292f,0.2164f,0.9763f,0f,-1.1099f,0.1163f,-0.0258f,-0.9929f,-0.0234f,0f,0f,0f,1f],start_interpolation: 0,interpolation_duration: 1}
$data merge entity $(bone_lower_right_leg) {transformation: [-0.9919f,0.0338f,-0.1221f,-0.1319f,0.0436f,0.9959f,-0.0787f,-1.587f,0.119f,-0.0834f,-0.9894f,0.085f,0f,0f,0f,1f],start_interpolation: 0,interpolation_duration: 1}
$data merge entity $(bone_right_leg) {transformation: [-0.9919f,0.0207f,-0.125f,-0.1241f,0.0436f,0.9821f,-0.1831f,-1.2187f,0.119f,-0.1871f,-0.9751f,0.0149f,0f,0f,0f,1f],start_interpolation: 0,interpolation_duration: 1}
$data merge entity $(bone_lower_left_leg) {transformation: [-0.9919f,-0.0433f,-0.1191f,0.1404f,-0.0436f,0.999f,0f,-1.5934f,0.119f,0.0052f,-0.9929f,-0.0168f,0f,0f,0f,1f],start_interpolation: 0,interpolation_duration: 1}
$data merge entity $(bone_left_leg) {transformation: [-0.9919f,-0.0433f,-0.1191f,0.1241f,-0.0436f,0.999f,0f,-1.2187f,0.119f,0.0052f,-0.9929f,-0.0149f,0f,0f,0f,1f],start_interpolation: 0,interpolation_duration: 1}
$data merge entity $(bone_waist) {transformation: [-0.9929f,0f,-0.1191f,0f,0f,1f,0f,-0.875f,0.1191f,0f,-0.9929f,0f,0f,0f,0f,1f],start_interpolation: 0,interpolation_duration: 1}
$data merge entity $(bone_pony_tail) {transformation: [-0.9966f,0.0147f,-0.0814f,-0.0186f,0.0047f,0.9926f,0.121f,-0.4406f,0.0826f,0.1202f,-0.9893f,-0.2281f,0f,0f,0f,1f],start_interpolation: 0,interpolation_duration: 1}
$data merge entity $(bone_head) {transformation: [-0.9966f,0.0147f,-0.0814f,0f,0.0047f,0.9926f,0.121f,-0.5f,0.0826f,0.1202f,-0.9893f,0f,0f,0f,0f,1f],start_interpolation: 0,interpolation_duration: 1}
data modify entity @s data merge value {"cameras":{},"locators":{"body_hitbox":{"posx":0.03851695050277467,"posy":-0.8693988612014982,"posz":0.12607754157230538,"roty":343.40000000000003,"rotx":-2.4999999999999996},"saber_hitbox":{"posx":-0.22702836303309365,"posy":-1.011351146117553,"posz":0.755430151293286,"roty":45.85100822300751,"rotx":61.95997782877857},"short_sword_hitbox":{"posx":0.6901444717652406,"posy":-0.899729693810057,"posz":0.16810801063690217,"roty":261.43479871812065,"rotx":49.13227113117402}}}