# This file was generated by Animated Java via MC-Build. It is not recommended to edit this file directly.
$data merge entity $(bone_chest) {transformation: [-0.9537f,-0.0131f,-0.3003f,0.0009f,0f,0.999f,-0.0436f,-0.7187f,0.3006f,-0.0416f,-0.9528f,-0.0001f,0f,0f,0f,1f],start_interpolation: 0,interpolation_duration: 1}
$data merge entity $(bone_cape) {transformation: [-0.9537f,0.0262f,-0.2995f,0.1842f,0f,0.9962f,0.0872f,-0.5937f,0.3006f,0.0831f,-0.9501f,-0.1464f,0f,0f,0f,1f],start_interpolation: 0,interpolation_duration: 1}
$data merge entity $(bone_saber) {transformation: [-1.0799f,0.7051f,0.4768f,-0.5264f,0.6567f,0.2001f,1.1914f,-1.1029f,0.5415f,1.1634f,-0.4939f,0.2278f,0f,0f,0f,1f],start_interpolation: 0,interpolation_duration: 1}
$data merge entity $(bone_right_forearm) {transformation: [-0.7854f,0.3468f,-0.5128f,-0.4353f,0.4776f,0.8665f,-0.1455f,-0.8264f,0.3938f,-0.3592f,-0.8461f,0.1137f,0f,0f,0f,1f],start_interpolation: 0,interpolation_duration: 1}
$data merge entity $(bone_right_arm) {transformation: [-0.9125f,0.2977f,-0.2805f,-0.2375f,0.2871f,0.9546f,0.0792f,-0.5937f,0.2913f,-0.0083f,-0.9566f,0.075f,0f,0f,0f,1f],start_interpolation: 0,interpolation_duration: 1}
$data merge entity $(bone_short_sword) {transformation: [-0.8364f,0.1792f,-0.7934f,0.6276f,-0.798f,0.0391f,0.8501f,-0.8988f,0.1572f,1.1522f,0.0945f,-0.2786f,0f,0f,0f,1f],start_interpolation: 0,interpolation_duration: 1}
$data merge entity $(bone_left_forearm) {transformation: [-0.7169f,-0.6801f,-0.1536f,0.4495f,-0.684f,0.7287f,-0.0336f,-0.71f,0.1347f,0.081f,-0.9876f,-0.2678f,0f,0f,0f,1f],start_interpolation: 0,interpolation_duration: 1}
$data merge entity $(bone_left_arm) {transformation: [-0.7584f,-0.41f,-0.5066f,0.2394f,-0.6213f,0.6895f,0.3722f,-0.5937f,0.1967f,0.5971f,-0.7777f,-0.0753f,0f,0f,0f,1f],start_interpolation: 0,interpolation_duration: 1}
$data merge entity $(bone_torso) {transformation: [-0.9537f,0f,-0.3006f,0f,0f,1f,0f,-0.9531f,0.3006f,0f,-0.9537f,-0.0031f,0f,0f,0f,1f],start_interpolation: 0,interpolation_duration: 1}
$data merge entity $(bone_right_dress) {transformation: [-0.9683f,-0.2299f,-0.0974f,-0.193f,-0.2164f,0.9674f,-0.1313f,-1.1099f,0.1245f,-0.106f,-0.9865f,0.0169f,0f,0f,0f,1f],start_interpolation: 0,interpolation_duration: 1}
$data merge entity $(bone_left_dress) {transformation: [-0.9683f,0.2147f,-0.1275f,0.129f,0.2164f,0.9763f,0f,-1.1099f,0.1245f,-0.0276f,-0.9918f,-0.0245f,0f,0f,0f,1f],start_interpolation: 0,interpolation_duration: 1}
$data merge entity $(bone_lower_right_leg) {transformation: [-0.9909f,0.0346f,-0.1301f,-0.1311f,0.0436f,0.9968f,-0.0672f,-1.5869f,0.1274f,-0.0723f,-0.9892f,0.0869f,0f,0f,0f,1f],start_interpolation: 0,interpolation_duration: 1}
$data merge entity $(bone_right_leg) {transformation: [-0.9909f,0.0189f,-0.1333f,-0.124f,0.0436f,0.9818f,-0.1851f,-1.2187f,0.1274f,-0.1892f,-0.9736f,0.0159f,0f,0f,0f,1f],start_interpolation: 0,interpolation_duration: 1}
$data merge entity $(bone_lower_left_leg) {transformation: [-0.9909f,-0.0433f,-0.1275f,0.1402f,-0.0436f,0.999f,0f,-1.5934f,0.1274f,0.0056f,-0.9918f,-0.018f,0f,0f,0f,1f],start_interpolation: 0,interpolation_duration: 1}
$data merge entity $(bone_left_leg) {transformation: [-0.9909f,-0.0433f,-0.1275f,0.124f,-0.0436f,0.999f,0f,-1.2187f,0.1274f,0.0056f,-0.9918f,-0.0159f,0f,0f,0f,1f],start_interpolation: 0,interpolation_duration: 1}
$data merge entity $(bone_waist) {transformation: [-0.9918f,0f,-0.1275f,0f,0f,1f,0f,-0.875f,0.1275f,0f,-0.9918f,0f,0f,0f,0f,1f],start_interpolation: 0,interpolation_duration: 1}
$data merge entity $(bone_pony_tail) {transformation: [-0.9962f,0.0162f,-0.0859f,-0.0196f,0.0053f,0.992f,0.1258f,-0.4395f,0.0872f,0.1249f,-0.9883f,-0.2277f,0f,0f,0f,1f],start_interpolation: 0,interpolation_duration: 1}
$data merge entity $(bone_head) {transformation: [-0.9962f,0.0162f,-0.0859f,0f,0.0053f,0.992f,0.1258f,-0.5f,0.0872f,0.1249f,-0.9883f,0f,0f,0f,0f,1f],start_interpolation: 0,interpolation_duration: 1}
data modify entity @s data merge value {"cameras":{},"locators":{"body_hitbox":{"posx":0.04052759776177638,"posy":-0.8693988612014982,"posz":0.12546102585209698,"roty":342.50625,"rotx":-2.5},"flame":{"posx":0.8105144905506702,"posy":-0.7052348271174276,"posz":2.451235968594513,"roty":43.99454812412526,"rotx":60.04931299951895},"flame1":{"posx":0.9735286786675951,"posy":-0.22694799879851202,"posz":2.1963230730219037,"roty":43.99454812412526,"rotx":60.04931299951895},"flame2":{"posx":1.08282136250555,"posy":0.18809102029205538,"posz":1.9109764033517698,"roty":43.99454812412526,"rotx":60.04931299951895},"flame3":{"posx":1.1280181762647445,"posy":0.5849413484353794,"posz":1.519866361191571,"roty":43.99454812412526,"rotx":60.04931299951895},"flame4":{"posx":0.5834044323549851,"posy":-1.2017103463835865,"posz":2.6003854916770575,"roty":43.99454812412526,"rotx":60.04931299951895},"saber_hitbox":{"posx":-0.2027479285191363,"posy":-1.0037160587477671,"posz":0.7528684097044369,"roty":43.99454812412526,"rotx":60.04931299951895},"flame5":{"posx":0.9771681513513797,"posy":-0.8132721897591936,"posz":2.015454948369783,"roty":263.20664331842374,"rotx":46.77522317413102},"flame6":{"posx":0.5850379988393047,"posy":-0.4054909980755397,"posz":1.9993012119625035,"roty":263.20664331842374,"rotx":46.77522317413102},"flame7":{"posx":0.22581145295106686,"posy":-0.04534894948618784,"posz":1.9163615135842802,"roty":263.20664331842374,"rotx":46.77522317413102},"flame8":{"posx":-0.1526146315166792,"posy":0.310598879870151,"posz":1.709976336376902,"roty":263.20664331842374,"rotx":46.77522317413102},"flame9":{"posx":1.3500987652839465,"posy":-1.2252476006758606,"posz":1.9081632059479068,"roty":263.20664331842374,"rotx":46.77522317413102},"short_sword_hitbox":{"posx":0.6891750726587574,"posy":-0.8761854782543889,"posz":0.16377276593245527,"roty":263.20664331842374,"rotx":46.77522317413102}}}
execute on vehicle unless entity @s[tag=aj.transforms_only] at @s run function animated_java:mage_hunter/animations/thrust2/zzz/frames/9_root_commands