# This file was generated by Animated Java via MC-Build. It is not recommended to edit this file directly.
$data merge entity $(bone_hair_side) {transformation: [-1f,0f,0f,-0.2969f,0f,0.9971f,-0.0763f,1.9306f,0f,-0.0763f,-0.9971f,0.2391f,0f,0f,0f,1f],start_interpolation: 0,interpolation_duration: 1}
$data merge entity $(bone_hair_side1) {transformation: [-1f,0f,0f,0.2969f,0f,0.9971f,-0.0763f,1.9306f,0f,-0.0763f,-0.9971f,0.2391f,0f,0f,0f,1f],start_interpolation: 0,interpolation_duration: 1}
$data merge entity $(bone_beard) {transformation: [-1f,0f,0f,0f,0f,0.9971f,-0.0763f,1.6135f,0f,-0.0763f,-0.9971f,0.2707f,0f,0f,0f,1f],start_interpolation: 0,interpolation_duration: 1}
$data merge entity $(bone_head) {transformation: [-1f,0f,0f,0f,0f,0.9952f,0.098f,1.7344f,0f,0.098f,-0.9952f,0f,0f,0f,0f,1f],start_interpolation: 0,interpolation_duration: 1}
$data merge entity $(bone_body) {transformation: [-1.1169f,0f,0.1347f,0f,0f,1.125f,0f,1.0625f,-0.1347f,0f,-1.1169f,0f,0f,0f,0f,1f],start_interpolation: 0,interpolation_duration: 1}
$data merge entity $(bone_aura) {transformation: [-2.3418f,0.1885f,0.3478f,-2.1089f,0.2224f,2.3542f,0.2216f,2.4042f,-0.3272f,0.2511f,-2.3389f,-0.2383f,0f,0f,0f,1f],start_interpolation: 0,interpolation_duration: 1}
$data merge entity $(bone_scythe) {transformation: [-1.6845f,0.1356f,0.2502f,-0.8941f,0.16f,1.6933f,0.1594f,1.2901f,-0.2353f,0.1806f,-1.6824f,-0.1632f,0f,0f,0f,1f],start_interpolation: 0,interpolation_duration: 1}
$data merge entity $(bone_right2) {transformation: [0.1465f,0.9886f,-0.0363f,-0.5721f,0.0933f,-0.0503f,-0.9944f,1.2721f,-0.9848f,0.1422f,-0.0996f,-0.1011f,0f,0f,0f,1f],start_interpolation: 0,interpolation_duration: 1}
$data merge entity $(bone_right1) {transformation: [-0.5373f,0.8306f,0.1465f,-1.2866f,0.8434f,0.5291f,0.0933f,0.4464f,0f,0.1736f,-0.9848f,-0.2856f,0f,0f,0f,1f],start_interpolation: 0,interpolation_duration: 1}
data modify entity @s data merge value {"cameras":{},"locators":{"scythe_blade":{"posx":-1.4661096609886912,"posy":2.4836346181718802,"posz":-0.1351861698416189,"roty":8.458616363208392,"rotx":5.353546037954296},"scythe_pole":{"posx":-0.8626103569773936,"posy":1.4899888995151576,"posz":-0.13957659727457195,"roty":8.458616363208392,"rotx":5.353546037954296}}}