# This file was generated by Animated Java via MC-Build. It is not recommended to edit this file directly.
$data merge entity $(bone_hair_side) {transformation: [-1f,0f,0f,-0.2969f,0f,0.9884f,-0.1521f,-0.4892f,0f,-0.1521f,-0.9884f,0.2235f,0f,0f,0f,1f],start_interpolation: 0,interpolation_duration: 1}
$data merge entity $(bone_hair_side1) {transformation: [-1f,0f,0f,0.2969f,0f,0.9884f,-0.1521f,-0.4892f,0f,-0.1521f,-0.9884f,0.2235f,0f,0f,0f,1f],start_interpolation: 0,interpolation_duration: 1}
$data merge entity $(bone_beard) {transformation: [-1f,0f,0f,0f,0f,0.9884f,-0.1521f,-0.803f,0f,-0.1521f,-0.9884f,0.2791f,0f,0f,0f,1f],start_interpolation: 0,interpolation_duration: 1}
$data merge entity $(bone_head) {transformation: [-1f,0f,0f,0f,0f,0.9998f,0.0218f,-0.7031f,0f,0.0218f,-0.9998f,0f,0f,0f,0f,1f],start_interpolation: 0,interpolation_duration: 1}
$data merge entity $(bone_body) {transformation: [-1.0928f,0f,0.2674f,0f,0f,1.125f,0f,-1.375f,-0.2674f,0f,-1.0928f,0f,0f,0f,0f,1f],start_interpolation: 0,interpolation_duration: 1}
$data merge entity $(bone_aura) {transformation: [-2.2178f,0.3493f,0.7747f,-1.9742f,0.4506f,2.319f,0.2443f,0.187f,-0.7205f,0.3751f,-2.2318f,-0.5573f,0f,0f,0f,1f],start_interpolation: 0,interpolation_duration: 1}
$data merge entity $(bone_scythe) {transformation: [-1.5952f,0.2513f,0.5572f,-0.8957f,0.3241f,1.6681f,0.1757f,-1.0385f,-0.5183f,0.2698f,-1.6053f,-0.317f,0f,0f,0f,1f],start_interpolation: 0,interpolation_duration: 1}
$data merge entity $(bone_right2) {transformation: [0.3262f,0.9393f,-0.1062f,-0.5926f,0.1028f,-0.147f,-0.9838f,-1.0883f,-0.9397f,0.31f,-0.1445f,-0.2006f,0f,0f,0f,1f],start_interpolation: 0,interpolation_duration: 1}
$data merge entity $(bone_right1) {transformation: [-0.3007f,0.8962f,0.3262f,-1.4508f,0.9537f,0.2826f,0.1028f,-1.6866f,0f,0.342f,-0.9397f,-0.564f,0f,0f,0f,1f],start_interpolation: 0,interpolation_duration: 1}
data modify entity @s data merge value {"cameras":{},"locators":{"scythe_blade":{"posx":-1.355295211481594,"posy":0.20274797443105075,"posz":-0.3407192963109307,"roty":19.14314498328241,"rotx":5.9031634648445115},"scythe_pole":{"posx":-0.8512114143473597,"posy":-0.8431010121962045,"posz":-0.28020547443959326,"roty":19.14314498328241,"rotx":5.9031634648445115}}}