# This file was generated by Animated Java via MC-Build. It is not recommended to edit this file directly.
$data merge entity $(bone_hair_side) {transformation: [-1f,0f,0f,-0.2969f,0f,0.9739f,-0.2271f,1.9647f,0f,-0.2271f,-0.9739f,0.2065f,0f,0f,0f,1f],start_interpolation: 0,interpolation_duration: 1}
$data merge entity $(bone_hair_side1) {transformation: [-1f,0f,0f,0.2969f,0f,0.9739f,-0.2271f,1.9647f,0f,-0.2271f,-0.9739f,0.2065f,0f,0f,0f,1f],start_interpolation: 0,interpolation_duration: 1}
$data merge entity $(bone_beard) {transformation: [-1f,0f,0f,0f,0f,0.9739f,-0.2271f,1.6561f,0f,-0.2271f,-0.9739f,0.2859f,0f,0f,0f,1f],start_interpolation: 0,interpolation_duration: 1}
$data merge entity $(bone_head) {transformation: [-1f,0f,0f,0f,0f,0.9985f,-0.0545f,1.7344f,0f,-0.0545f,-0.9985f,0f,0f,0f,0f,1f],start_interpolation: 0,interpolation_duration: 1}
$data merge entity $(bone_body) {transformation: [-1.0529f,0f,0.3963f,0f,0f,1.125f,0f,1.0625f,-0.3963f,0f,-1.0529f,0f,0f,0f,0f,1f],start_interpolation: 0,interpolation_duration: 1}
$data merge entity $(bone_aura) {transformation: [-1.9909f,0.5191f,1.1864f,-1.7347f,0.6279f,2.2899f,0.0518f,2.8101f,-1.1325f,0.3571f,-2.0568f,-0.9444f,0f,0f,0f,1f],start_interpolation: 0,interpolation_duration: 1}
$data merge entity $(bone_scythe) {transformation: [-1.4321f,0.3734f,0.8534f,-0.853f,0.4517f,1.6471f,0.0373f,1.4989f,-0.8146f,0.2569f,-1.4795f,-0.4689f,0f,0f,0f,1f],start_interpolation: 0,interpolation_duration: 1}
$data merge entity $(bone_right2) {transformation: [0.4995f,0.847f,-0.1818f,-0.5829f,0.0218f,-0.2221f,-0.9748f,1.4257f,-0.866f,0.483f,-0.1294f,-0.2969f,0f,0f,0f,1f],start_interpolation: 0,interpolation_duration: 1}
$data merge entity $(bone_right1) {transformation: [-0.0436f,0.8652f,0.4995f,-1.4885f,0.999f,0.0378f,0.0218f,1.0734f,0f,0.5f,-0.866f,-0.8281f,0f,0f,0f,1f],start_interpolation: 0,interpolation_duration: 1}
data modify entity @s data merge value {"cameras":{},"locators":{"scythe_blade":{"posx":-1.166903499877227,"posy":2.77630079001124,"posz":-0.6177718393251536,"roty":29.97638126697086,"rotx":1.2497038827147073},"scythe_pole":{"posx":-0.7955001891135628,"posy":1.6906229716900243,"posz":-0.4308875019421759,"roty":29.97638126697086,"rotx":1.2497038827147073}}}