# This file was generated by Animated Java via MC-Build. It is not recommended to edit this file directly.
$data merge entity $(bone_chest) {transformation: [-1f,0f,0f,0f,0f,0.9063f,0.4226f,-0.8717f,0f,0.4226f,-0.9063f,0.1079f,0f,0f,0f,1f],start_interpolation: 0,interpolation_duration: 1}
$data merge entity $(bone_cape) {transformation: [-1f,0f,0f,0.2187f,0f,0.8434f,0.5373f,-0.7218f,0f,0.5373f,-0.8434f,0.0907f,0f,0f,0f,1f],start_interpolation: 0,interpolation_duration: 1}
$data merge entity $(bone_saber) {transformation: [-1.1799f,0.4988f,0.4997f,-0.5696f,0.5001f,-0.0966f,1.2772f,-1.2393f,0.4984f,1.2777f,-0.0985f,0.0825f,0f,0f,0f,1f],start_interpolation: 0,interpolation_duration: 1}
$data merge entity $(bone_right_forearm) {transformation: [-0.8581f,0.3634f,-0.3627f,-0.473f,0.3637f,0.9289f,0.0703f,-0.943f,0.3625f,-0.0716f,-0.9292f,0.0569f,0f,0f,0f,1f],start_interpolation: 0,interpolation_duration: 1}
$data merge entity $(bone_right_arm) {transformation: [-0.9239f,0.3823f,0.0167f,-0.25f,0.3394f,0.7986f,0.4971f,-0.7608f,0.1767f,0.4649f,-0.8676f,0.1656f,0f,0f,0f,1f],start_interpolation: 0,interpolation_duration: 1}
$data merge entity $(bone_short_sword) {transformation: [-1.0397f,-0.3497f,-0.3972f,0.5484f,-0.4228f,0.0224f,1.0871f,-1.17f,-0.3182f,1.1128f,-0.1467f,0.0625f,0f,0f,0f,1f],start_interpolation: 0,interpolation_duration: 1}
$data merge entity $(bone_left_forearm) {transformation: [-0.8912f,-0.3404f,0.2997f,0.4632f,-0.3624f,0.9318f,-0.0192f,-0.9284f,-0.2728f,-0.1257f,-0.9538f,0.02f,0f,0f,0f,1f],start_interpolation: 0,interpolation_duration: 1}
$data merge entity $(bone_left_arm) {transformation: [-0.9402f,-0.34f,-0.0189f,0.25f,-0.2721f,0.7168f,0.6421f,-0.7608f,-0.2048f,0.6088f,-0.7664f,0.1656f,0f,0f,0f,1f],start_interpolation: 0,interpolation_duration: 1}
$data merge entity $(bone_torso) {transformation: [-1f,0f,0f,0f,0f,0.887f,0.4617f,-1.0781f,0f,0.4617f,-0.887f,-0.0031f,0f,0f,0f,1f],start_interpolation: 0,interpolation_duration: 1}
$data merge entity $(bone_right_dress) {transformation: [-0.9925f,-0.1204f,-0.0224f,-0.1936f,-0.1215f,0.9453f,0.3027f,-1.2349f,-0.0152f,0.3032f,-0.9528f,-0.0078f,0f,0f,0f,1f],start_interpolation: 0,interpolation_duration: 1}
$data merge entity $(bone_left_dress) {transformation: [-0.999f,0.043f,0.0076f,0.1311f,0.0436f,0.9839f,0.1735f,-1.2349f,0f,0.1736f,-0.9848f,-0.0078f,0f,0f,0f,1f],start_interpolation: 0,interpolation_duration: 1}
$data merge entity $(bone_lower_right_leg) {transformation: [-0.999f,0.0308f,0.0308f,-0.1366f,0.0436f,0.7064f,0.7064f,-1.6087f,0f,0.7071f,-0.7071f,-0.2652f,0f,0f,0f,1f],start_interpolation: 0,interpolation_duration: 1}
$data merge entity $(bone_right_leg) {transformation: [-0.999f,0.0308f,0.0308f,-0.125f,0.0436f,0.7064f,0.7064f,-1.3437f,0f,0.7071f,-0.7071f,0f,0f,0f,0f,1f],start_interpolation: 0,interpolation_duration: 1}
$data merge entity $(bone_lower_left_leg) {transformation: [-0.999f,-0.041f,-0.0149f,0.1375f,-0.0436f,0.9388f,0.3417f,-1.6307f,0f,0.342f,-0.9397f,0.241f,0f,0f,0f,1f],start_interpolation: 0,interpolation_duration: 1}
$data merge entity $(bone_left_leg) {transformation: [-0.999f,-0.0334f,0.028f,0.125f,-0.0436f,0.7653f,-0.6422f,-1.3437f,0f,-0.6428f,-0.766f,0f,0f,0f,0f,1f],start_interpolation: 0,interpolation_duration: 1}
$data merge entity $(bone_waist) {transformation: [-1f,0f,0f,0f,0f,1f,0f,-1f,0f,0f,-1f,0f,0f,0f,0f,1f],start_interpolation: 0,interpolation_duration: 1}
$data merge entity $(bone_pony_tail) {transformation: [-1f,0f,0f,0f,0f,0.7373f,0.6756f,-0.4749f,0f,0.6756f,-0.7373f,0.0983f,0f,0f,0f,1f],start_interpolation: 0,interpolation_duration: 1}
$data merge entity $(bone_head) {transformation: [-1f,0f,0f,0f,0f,0.7373f,0.6756f,-0.6562f,0f,0.6756f,-0.7373f,0.25f,0f,0f,0f,1f],start_interpolation: 0,interpolation_duration: 1}
data modify entity @s data merge value {"cameras":{},"locators":{"body_hitbox":{"posx":-1.89971632536129e-17,"posy":-1.0661126748322776,"posz":0.15512361006324,"roty":0,"rotx":25},"flame":{"posx":0.3725632884128939,"posy":-1.409082805791972,"posz":2.5263933587856586,"roty":78.84731322856348,"rotx":68.25797486982351},"flame1":{"posx":0.5543225090236238,"posy":-0.8822076667219002,"posz":2.4280131089746697,"roty":78.84731322856348,"rotx":68.25797486982351},"flame2":{"posx":0.690695513608032,"posy":-0.40899558916017176,"posz":2.2760337246150346,"roty":78.84731322856348,"rotx":68.25797486982351},"flame3":{"posx":0.7817251734672076,"posy":0.0729980055005528,"posz":2.0078998481056383,"roty":78.84731322856348,"rotx":68.25797486982351},"flame4":{"posx":0.1454607230769316,"posy":-1.9271764277630474,"posz":2.508619116446888,"roty":78.84731322856348,"rotx":68.25797486982351},"saber_hitbox":{"posx":-0.33952245244436097,"posy":-1.2742614298846782,"posz":0.6622578393313358,"roty":78.84731322856348,"rotx":68.25797486982351},"flame5":{"posx":-0.15116085712077465,"posy":-1.1157985167492146,"posz":2.2760490843732653,"roty":290.26779045387514,"rotx":68.721140611051},"flame6":{"posx":-0.3239232058578281,"posy":-0.5928452097706731,"posz":2.145720616343199,"roty":290.26779045387514,"rotx":68.721140611051},"flame7":{"posx":-0.45667440666404246,"posy":-0.12932934216082037,"posz":1.9636350343813267,"roty":290.26779045387514,"rotx":68.721140611051},"flame8":{"posx":-0.5519580109421574,"posy":0.3317897959811007,"posz":1.662320953736191,"roty":290.26779045387514,"rotx":68.721140611051},"flame9":{"posx":0.05906908814437822,"posy":-1.6411485531956878,"posz":2.2871490537200674,"roty":290.26779045387514,"rotx":68.721140611051},"short_sword_hitbox":{"posx":0.41085309080071913,"posy":-1.1517494587681902,"posz":0.487621604124305,"roty":290.26779045387514,"rotx":68.721140611051}}}
execute on vehicle unless entity @s[tag=aj.transforms_only] at @s run function animated_java:mage_hunter/animations/dodge_front/zzz/frames/3_root_commands