# This file was generated by Animated Java via MC-Build. It is not recommended to edit this file directly.
$data merge entity $(bone_chest) {transformation: [-1f,0f,0f,0f,0f,0.9063f,0.4226f,1.0971f,0f,0.4226f,-0.9063f,0.1079f,0f,0f,0f,1f],start_interpolation: 0,interpolation_duration: 1}
$data merge entity $(bone_cape) {transformation: [-1f,0f,0f,0.2187f,0f,0.8434f,0.5373f,1.2469f,0f,0.5373f,-0.8434f,0.0907f,0f,0f,0f,1f],start_interpolation: 0,interpolation_duration: 1}
$data merge entity $(bone_saber) {transformation: [-1.1799f,0.4988f,0.4997f,-0.5696f,0.5001f,-0.0966f,1.2772f,0.7295f,0.4984f,1.2777f,-0.0985f,0.0825f,0f,0f,0f,1f],start_interpolation: 0,interpolation_duration: 1}
$data merge entity $(bone_right_forearm) {transformation: [-0.8581f,0.3634f,-0.3627f,-0.473f,0.3637f,0.9289f,0.0703f,1.0258f,0.3625f,-0.0716f,-0.9292f,0.0569f,0f,0f,0f,1f],start_interpolation: 0,interpolation_duration: 1}
$data merge entity $(bone_right_arm) {transformation: [-0.9239f,0.3823f,0.0167f,-0.25f,0.3394f,0.7986f,0.4971f,1.208f,0.1767f,0.4649f,-0.8676f,0.1656f,0f,0f,0f,1f],start_interpolation: 0,interpolation_duration: 1}
$data merge entity $(bone_short_sword) {transformation: [-1.0397f,-0.3497f,-0.3972f,0.5484f,-0.4228f,0.0224f,1.0871f,0.7987f,-0.3182f,1.1128f,-0.1467f,0.0625f,0f,0f,0f,1f],start_interpolation: 0,interpolation_duration: 1}
$data merge entity $(bone_left_forearm) {transformation: [-0.8912f,-0.3404f,0.2997f,0.4632f,-0.3624f,0.9318f,-0.0192f,1.0404f,-0.2728f,-0.1257f,-0.9538f,0.02f,0f,0f,0f,1f],start_interpolation: 0,interpolation_duration: 1}
$data merge entity $(bone_left_arm) {transformation: [-0.9402f,-0.34f,-0.0189f,0.25f,-0.2721f,0.7168f,0.6421f,1.208f,-0.2048f,0.6088f,-0.7664f,0.1656f,0f,0f,0f,1f],start_interpolation: 0,interpolation_duration: 1}
$data merge entity $(bone_torso) {transformation: [-1f,0f,0f,0f,0f,0.887f,0.4617f,0.8906f,0f,0.4617f,-0.887f,-0.0031f,0f,0f,0f,1f],start_interpolation: 0,interpolation_duration: 1}
$data merge entity $(bone_right_dress) {transformation: [-0.9925f,-0.1204f,-0.0224f,-0.1936f,-0.1215f,0.9453f,0.3027f,0.7338f,-0.0152f,0.3032f,-0.9528f,-0.0078f,0f,0f,0f,1f],start_interpolation: 0,interpolation_duration: 1}
$data merge entity $(bone_left_dress) {transformation: [-0.999f,0.043f,0.0076f,0.1311f,0.0436f,0.9839f,0.1735f,0.7338f,0f,0.1736f,-0.9848f,-0.0078f,0f,0f,0f,1f],start_interpolation: 0,interpolation_duration: 1}
$data merge entity $(bone_lower_right_leg) {transformation: [-0.999f,0.0308f,0.0308f,-0.1366f,0.0436f,0.7064f,0.7064f,0.3601f,0f,0.7071f,-0.7071f,-0.2652f,0f,0f,0f,1f],start_interpolation: 0,interpolation_duration: 1}
$data merge entity $(bone_right_leg) {transformation: [-0.999f,0.0308f,0.0308f,-0.125f,0.0436f,0.7064f,0.7064f,0.625f,0f,0.7071f,-0.7071f,0f,0f,0f,0f,1f],start_interpolation: 0,interpolation_duration: 1}
$data merge entity $(bone_lower_left_leg) {transformation: [-0.999f,-0.041f,-0.0149f,0.1375f,-0.0436f,0.9388f,0.3417f,0.338f,0f,0.342f,-0.9397f,0.241f,0f,0f,0f,1f],start_interpolation: 0,interpolation_duration: 1}
$data merge entity $(bone_left_leg) {transformation: [-0.999f,-0.0334f,0.028f,0.125f,-0.0436f,0.7653f,-0.6422f,0.625f,0f,-0.6428f,-0.766f,0f,0f,0f,0f,1f],start_interpolation: 0,interpolation_duration: 1}
$data merge entity $(bone_waist) {transformation: [-1f,0f,0f,0f,0f,1f,0f,0.9688f,0f,0f,-1f,0f,0f,0f,0f,1f],start_interpolation: 0,interpolation_duration: 1}
$data merge entity $(bone_pony_tail) {transformation: [-1f,0f,0f,0f,0f,0.7373f,0.6756f,1.4939f,0f,0.6756f,-0.7373f,0.0983f,0f,0f,0f,1f],start_interpolation: 0,interpolation_duration: 1}
$data merge entity $(bone_head) {transformation: [-1f,0f,0f,0f,0f,0.7373f,0.6756f,1.3125f,0f,0.6756f,-0.7373f,0.25f,0f,0f,0f,1f],start_interpolation: 0,interpolation_duration: 1}