# This file was generated by Animated Java via MC-Build. It is not recommended to edit this file directly.
$data merge entity $(bone_hair_side) {transformation: [-1f,-0.0012f,-0.0062f,-0.2955f,-0.0011f,0.9999f,-0.0158f,1.9155f,0.0062f,-0.0158f,-0.9999f,0.2524f,0f,0f,0f,1f],start_interpolation: 0,interpolation_duration: 1}
$data merge entity $(bone_hair_side1) {transformation: [-1f,-0.0012f,-0.0062f,0.2982f,-0.0011f,0.9999f,-0.0158f,1.9161f,0.0062f,-0.0158f,-0.9999f,0.2487f,0f,0f,0f,1f],start_interpolation: 0,interpolation_duration: 1}
$data merge entity $(bone_beard) {transformation: [-1f,-0.0012f,-0.0062f,0.0018f,-0.0011f,0.9999f,-0.0158f,1.5974f,0.0062f,-0.0158f,-0.9999f,0.2629f,0f,0f,0f,1f],start_interpolation: 0,interpolation_duration: 1}
$data merge entity $(bone_head) {transformation: [-1f,-0.0001f,-0.0063f,0f,-0.0011f,0.9874f,0.158f,1.7344f,0.0062f,0.1581f,-0.9874f,0f,0f,0f,0f,1f],start_interpolation: 0,interpolation_duration: 1}
$data merge entity $(bone_body) {transformation: [-1.1237f,0f,-0.0535f,0f,0f,1.125f,0f,1.0625f,0.0535f,0f,-1.1237f,0f,0f,0f,0f,1f],start_interpolation: 0,interpolation_duration: 1}
$data merge entity $(bone_left4) {transformation: [-0.9761f,-0.2141f,0.0379f,0.36f,-0.2174f,0.9623f,-0.1634f,1.1631f,-0.0015f,-0.1678f,-0.9858f,0.0257f,0f,0f,0f,1f],start_interpolation: 0,interpolation_duration: 1}
$data merge entity $(bone_left3) {transformation: [-0.9761f,-0.217f,0.0142f,0.2923f,-0.2172f,0.9702f,-0.1071f,0.034f,0.0095f,-0.1076f,-0.9942f,0.1463f,0f,0f,0f,1f],start_interpolation: 0,interpolation_duration: 1}
$data merge entity $(bone_aura) {transformation: [-2.3557f,-0.0489f,-0.2985f,-2.1766f,-0.0512f,2.3744f,0.0144f,2.1718f,0.2981f,0.0207f,-2.3561f,0.2648f,0f,0f,0f,1f],start_interpolation: 0,interpolation_duration: 1}
$data merge entity $(bone_scythe) {transformation: [-1.6944f,-0.0352f,-0.2147f,-0.8542f,-0.0368f,1.7079f,0.0103f,1.2003f,0.2144f,0.0149f,-1.6948f,0.0914f,0f,0f,0f,1f],start_interpolation: 0,interpolation_duration: 1}
$data merge entity $(bone_right2) {transformation: [-0.1253f,0.9911f,0.045f,-0.527f,0.0062f,0.0461f,-0.9989f,1.2153f,-0.9921f,-0.1249f,-0.0119f,0.0659f,0f,0f,0f,1f],start_interpolation: 0,interpolation_duration: 1}
$data merge entity $(bone_right1) {transformation: [-0.7175f,0.6865f,-0.1181f,-1.0322f,0.6964f,0.7109f,-0.0983f,0.2424f,0.0164f,-0.1527f,-0.9881f,0.2231f,0f,0f,0f,1f],start_interpolation: 0,interpolation_duration: 1}
data modify entity @s data merge value {"cameras":{},"locators":{"scythe_blade":{"posx":-1.5441046949563482,"posy":2.3261657458103207,"posz":0.18565102697945618,"roty":352.7802518331129,"rotx":0.34700697870886227},"scythe_pole":{"posx":-0.8428826529599002,"posy":1.4037086586106506,"posz":0.09118902354192261,"roty":352.7802518331129,"rotx":0.34700697870886227}}}