# This file was generated by Animated Java via MC-Build. It is not recommended to edit this file directly.
$data merge entity $(bone_hair_side) {transformation: [-0.9947f,-0.039f,-0.0951f,-0.2781f,-0.0157f,0.9719f,-0.2348f,-0.4758f,0.1016f,-0.232f,-0.9674f,0.2341f,0f,0f,0f,1f],start_interpolation: 0,interpolation_duration: 1}
$data merge entity $(bone_hair_side1) {transformation: [-0.9947f,-0.039f,-0.0951f,0.3125f,-0.0157f,0.9719f,-0.2348f,-0.4665f,0.1016f,-0.232f,-0.9674f,0.1738f,0f,0f,0f,1f],start_interpolation: 0,interpolation_duration: 1}
$data merge entity $(bone_beard) {transformation: [-0.9947f,-0.039f,-0.0951f,0.0303f,-0.0157f,0.9719f,-0.2348f,-0.7791f,0.1016f,-0.232f,-0.9674f,0.285f,0f,0f,0f,1f],start_interpolation: 0,interpolation_duration: 1}
$data merge entity $(bone_head) {transformation: [-0.9947f,-0.0219f,-0.1004f,0f,-0.0157f,0.9979f,-0.0624f,-0.7031f,0.1016f,-0.0605f,-0.993f,0f,0f,0f,0f,1f],start_interpolation: 0,interpolation_duration: 1}
$data merge entity $(bone_body) {transformation: [-0.8425f,0f,-0.7456f,0f,0f,1.125f,0f,-1.375f,0.7456f,0f,-0.8425f,0f,0f,0f,0f,1f],start_interpolation: 0,interpolation_duration: 1}
$data merge entity $(bone_left4) {transformation: [-0.9078f,0.222f,0.3557f,0.3483f,-0.3892f,-0.7618f,-0.5178f,-0.9853f,0.156f,-0.6086f,0.778f,0.2041f,0f,0f,0f,1f],start_interpolation: 0,interpolation_duration: 1}
$data merge entity $(bone_left3) {transformation: [-0.9569f,-0.1571f,0.2441f,0.2211f,-0.2368f,-0.0641f,-0.9694f,-0.9891f,0.1679f,-0.9855f,0.0242f,1.3345f,0f,0f,0f,1f],start_interpolation: 0,interpolation_duration: 1}
$data merge entity $(bone_aura) {transformation: [1.6544f,1.4191f,-0.9433f,1.6714f,0.2358f,1.1115f,2.0856f,-0.2864f,1.6876f,-1.5464f,0.6333f,0.9627f,0f,0f,0f,1f],start_interpolation: 0,interpolation_duration: 1}
$data merge entity $(bone_scythe) {transformation: [1.19f,1.0208f,-0.6785f,0.1596f,0.1696f,0.7995f,1.5002f,-0.8846f,1.2139f,-1.1123f,0.4556f,0.6812f,0f,0f,0f,1f],start_interpolation: 0,interpolation_duration: 1}
$data merge entity $(bone_right2) {transformation: [-0.4012f,-0.8152f,-0.4176f,-0.1016f,0.8775f,-0.2113f,-0.4306f,-0.9677f,0.2628f,-0.5392f,0.8001f,0.5001f,0f,0f,0f,1f],start_interpolation: 0,interpolation_duration: 1}
$data merge entity $(bone_right1) {transformation: [-0.3848f,-0.6864f,-0.617f,0.748f,0.8915f,-0.1034f,-0.441f,-1.1364f,0.2389f,-0.7198f,0.6518f,1.1903f,0f,0f,0f,1f],start_interpolation: 0,interpolation_duration: 1}
data modify entity @s data merge value {"cameras":{},"locators":{"scythe_blade":{"posx":1.3091931036590339,"posy":-0.28415619423240457,"posz":0.4159171935915976,"roty":236.12173177491863,"rotx":61.41915717898994},"scythe_pole":{"posx":0.27012233183655043,"posy":-0.7911406831067654,"posz":0.5378235477534327,"roty":236.12173177491863,"rotx":61.41915717898994}}}