# This file was generated by Animated Java via MC-Build. It is not recommended to edit this file directly.
$data merge entity $(bone_hair_side) {transformation: [-0.9937f,-0.0415f,-0.1046f,-0.2759f,-0.0153f,0.9708f,-0.2393f,1.9627f,0.1114f,-0.2362f,-0.9653f,0.2358f,0f,0f,0f,1f],start_interpolation: 0,interpolation_duration: 1}
$data merge entity $(bone_hair_side1) {transformation: [-0.9937f,-0.0415f,-0.1046f,0.3141f,-0.0153f,0.9708f,-0.2393f,1.9718f,0.1114f,-0.2362f,-0.9653f,0.1696f,0f,0f,0f,1f],start_interpolation: 0,interpolation_duration: 1}
$data merge entity $(bone_beard) {transformation: [-0.9937f,-0.0415f,-0.1046f,0.0331f,-0.0153f,0.9708f,-0.2393f,1.6597f,0.1114f,-0.2362f,-0.9653f,0.285f,0f,0f,0f,1f],start_interpolation: 0,interpolation_duration: 1}
$data merge entity $(bone_head) {transformation: [-0.9937f,-0.0227f,-0.1102f,0f,-0.0153f,0.9976f,-0.0671f,1.7344f,0.1114f,-0.0649f,-0.9916f,0f,0f,0f,0f,1f],start_interpolation: 0,interpolation_duration: 1}
$data merge entity $(bone_body) {transformation: [-0.8208f,0f,-0.7694f,0f,0f,1.125f,0f,1.0625f,0.7694f,0f,-0.8208f,0f,0f,0f,0f,1f],start_interpolation: 0,interpolation_duration: 1}
$data merge entity $(bone_left4) {transformation: [-0.8974f,0.2287f,0.3772f,0.3586f,-0.3992f,-0.785f,-0.4738f,1.4605f,0.1878f,-0.5758f,0.7958f,0.1957f,0f,0f,0f,1f],start_interpolation: 0,interpolation_duration: 1}
$data merge entity $(bone_left3) {transformation: [-0.9492f,-0.1776f,0.2598f,0.2563f,-0.2464f,-0.0943f,-0.9646f,1.4867f,0.1958f,-0.9796f,0.0457f,1.3283f,0f,0f,0f,1f],start_interpolation: 0,interpolation_duration: 1}
$data merge entity $(bone_aura) {transformation: [1.7357f,1.3411f,-0.9108f,1.7016f,0.2723f,1.0742f,2.1006f,2.168f,1.5981f,-1.6396f,0.6313f,0.8536f,0f,0f,0f,1f],start_interpolation: 0,interpolation_duration: 1}
$data merge entity $(bone_scythe) {transformation: [1.2485f,0.9646f,-0.6552f,0.1778f,0.1959f,0.7727f,1.5109f,1.5652f,1.1495f,-1.1793f,0.4541f,0.6608f,0f,0f,0f,1f],start_interpolation: 0,interpolation_duration: 1}
$data merge entity $(bone_right2) {transformation: [-0.3878f,-0.8421f,-0.3748f,-0.0925f,0.8837f,-0.224f,-0.411f,1.4779f,0.2622f,-0.4906f,0.831f,0.4957f,0f,0f,0f,1f],start_interpolation: 0,interpolation_duration: 1}
$data merge entity $(bone_right1) {transformation: [-0.3823f,-0.7263f,-0.5713f,0.7987f,0.8922f,-0.1293f,-0.4327f,1.3364f,0.2404f,-0.6751f,0.6974f,1.1379f,0f,0f,0f,1f],start_interpolation: 0,interpolation_duration: 1}
data modify entity @s data merge value {"cameras":{},"locators":{"scythe_blade":{"posx":1.3128514761471308,"posy":2.158164366456207,"posz":0.3254330691766162,"roty":235.2744972335083,"rotx":62.18487178585323},"scythe_pole":{"posx":0.2810554092845377,"posy":1.6552890203379425,"posz":0.510029284395993,"roty":235.2744972335083,"rotx":62.18487178585323}}}