# This file was generated by Animated Java via MC-Build. It is not recommended to edit this file directly.
$data merge entity $(bone_hair_side) {transformation: [-0.9926f,-0.0433f,-0.1132f,-0.2737f,-0.0148f,0.9704f,-0.2411f,-0.4742f,0.1202f,-0.2377f,-0.9639f,0.2378f,0f,0f,0f,1f],start_interpolation: 0,interpolation_duration: 1}
$data merge entity $(bone_hair_side1) {transformation: [-0.9926f,-0.0433f,-0.1132f,0.3157f,-0.0148f,0.9704f,-0.2411f,-0.4654f,0.1202f,-0.2377f,-0.9639f,0.1664f,0f,0f,0f,1f],start_interpolation: 0,interpolation_duration: 1}
$data merge entity $(bone_beard) {transformation: [-0.9926f,-0.0433f,-0.1132f,0.0356f,-0.0148f,0.9704f,-0.2411f,-0.7772f,0.1202f,-0.2377f,-0.9639f,0.2848f,0f,0f,0f,1f],start_interpolation: 0,interpolation_duration: 1}
$data merge entity $(bone_head) {transformation: [-0.9926f,-0.023f,-0.119f,0f,-0.0148f,0.9975f,-0.069f,-0.7031f,0.1202f,-0.0667f,-0.9905f,0f,0f,0f,0f,1f],start_interpolation: 0,interpolation_duration: 1}
$data merge entity $(bone_body) {transformation: [-0.8048f,0f,-0.7861f,0f,0f,1.125f,0f,-1.375f,0.7861f,0f,-0.8048f,0f,0f,0f,0f,1f],start_interpolation: 0,interpolation_duration: 1}
$data merge entity $(bone_left4) {transformation: [-0.8878f,0.2269f,0.4005f,0.3697f,-0.407f,-0.7934f,-0.4526f,-0.9736f,0.215f,-0.5648f,0.7967f,0.1881f,0f,0f,0f,1f],start_interpolation: 0,interpolation_duration: 1}
$data merge entity $(bone_left3) {transformation: [-0.941f,-0.2007f,0.2726f,0.2952f,-0.2555f,-0.1068f,-0.9609f,-0.9366f,0.222f,-0.9738f,0.0492f,1.3226f,0f,0f,0f,1f],start_interpolation: 0,interpolation_duration: 1}
$data merge entity $(bone_aura) {transformation: [1.7677f,1.2843f,-0.9308f,1.7011f,0.3139f,1.0828f,2.0904f,-0.231f,1.5548f,-1.6789f,0.6361f,0.8036f,0f,0f,0f,1f],start_interpolation: 0,interpolation_duration: 1}
$data merge entity $(bone_scythe) {transformation: [1.2715f,0.9238f,-0.6695f,0.1835f,0.2258f,0.7789f,1.5036f,-0.8604f,1.1183f,-1.2076f,0.4576f,0.6513f,0f,0f,0f,1f],start_interpolation: 0,interpolation_duration: 1}
$data merge entity $(bone_right2) {transformation: [-0.3962f,-0.8495f,-0.3483f,-0.0891f,0.8793f,-0.2419f,-0.4103f,-0.9535f,0.2643f,-0.4688f,0.8428f,0.4934f,0f,0f,0f,1f],start_interpolation: 0,interpolation_duration: 1}
$data merge entity $(bone_right1) {transformation: [-0.3843f,-0.7478f,-0.5414f,0.8256f,0.8917f,-0.1487f,-0.4276f,-1.0741f,0.2392f,-0.647f,0.724f,1.1061f,0f,0f,0f,1f],start_interpolation: 0,interpolation_duration: 1}
data modify entity @s data merge value {"cameras":{},"locators":{"scythe_blade":{"posx":1.3003559768830577,"posy":-0.25158020506515677,"posz":0.28485650204788987,"roty":235.64862689554008,"rotx":61.66095338009617},"scythe_pole":{"posx":0.2816738462764671,"posy":-0.7698747014894831,"posz":0.49750652381856575,"roty":235.64862689554008,"rotx":61.66095338009617}}}