# This file was generated by Animated Java via MC-Build. It is not recommended to edit this file directly.
$data merge entity $(bone_hair_side) {transformation: [-0.9919f,-0.0441f,-0.1191f,-0.2721f,-0.0143f,0.9705f,-0.2405f,1.9633f,0.1262f,-0.2369f,-0.9633f,0.2395f,0f,0f,0f,1f],start_interpolation: 0,interpolation_duration: 1}
$data merge entity $(bone_hair_side1) {transformation: [-0.9919f,-0.0441f,-0.1191f,0.3168f,-0.0143f,0.9705f,-0.2405f,1.9718f,0.1262f,-0.2369f,-0.9633f,0.1646f,0f,0f,0f,1f],start_interpolation: 0,interpolation_duration: 1}
$data merge entity $(bone_beard) {transformation: [-0.9919f,-0.0441f,-0.1191f,0.0373f,-0.0143f,0.9705f,-0.2405f,1.6601f,0.1262f,-0.2369f,-0.9633f,0.2846f,0f,0f,0f,1f],start_interpolation: 0,interpolation_duration: 1}
$data merge entity $(bone_head) {transformation: [-0.9919f,-0.0228f,-0.1249f,0f,-0.0143f,0.9976f,-0.0683f,1.7344f,0.1262f,-0.066f,-0.9898f,0f,0f,0f,0f,1f],start_interpolation: 0,interpolation_duration: 1}
$data merge entity $(bone_body) {transformation: [-0.7973f,0f,-0.7937f,0f,0f,1.125f,0f,1.0625f,0.7937f,0f,-0.7973f,0f,0f,0f,0f,1f],start_interpolation: 0,interpolation_duration: 1}
$data merge entity $(bone_left4) {transformation: [-0.8812f,0.2175f,0.4198f,0.3788f,-0.4115f,-0.7899f,-0.4547f,1.4627f,0.2327f,-0.5734f,0.7855f,0.1829f,0f,0f,0f,1f],start_interpolation: 0,interpolation_duration: 1}
$data merge entity $(bone_left3) {transformation: [-0.9344f,-0.221f,0.2792f,0.3286f,-0.2623f,-0.1029f,-0.9595f,1.4933f,0.2408f,-0.9698f,0.0382f,1.3189f,0f,0f,0f,1f],start_interpolation: 0,interpolation_duration: 1}
$data merge entity $(bone_aura) {transformation: [1.7572f,1.2582f,-0.9848f,1.6801f,0.3494f,1.1258f,2.0618f,2.253f,1.5591f,-1.6704f,0.6478f,0.8116f,0f,0f,0f,1f],start_interpolation: 0,interpolation_duration: 1}
$data merge entity $(bone_scythe) {transformation: [1.2639f,0.905f,-0.7083f,0.1792f,0.2513f,0.8098f,1.4831f,1.5859f,1.1215f,-1.2015f,0.466f,0.6532f,0f,0f,0f,1f],start_interpolation: 0,interpolation_duration: 1}
$data merge entity $(bone_right2) {transformation: [-0.4189f,-0.8417f,-0.3407f,-0.0904f,0.8672f,-0.2595f,-0.425f,1.4872f,0.2693f,-0.4735f,0.8386f,0.4937f,0f,0f,0f,1f],start_interpolation: 0,interpolation_duration: 1}
$data merge entity $(bone_right1) {transformation: [-0.3894f,-0.7519f,-0.532f,0.8301f,0.8902f,-0.1591f,-0.4268f,1.3781f,0.2362f,-0.6398f,0.7313f,1.0997f,0f,0f,0f,1f],start_interpolation: 0,interpolation_duration: 1}
data modify entity @s data merge value {"cameras":{},"locators":{"scythe_blade":{"posx":1.2806055814161483,"posy":2.225458638489611,"posz":0.2920990017294708,"roty":236.66057781962837,"rotx":60.24316855192427},"scythe_pole":{"posx":0.27527779433825494,"posy":1.6799297129471875,"posz":0.5001296050684878,"roty":236.66057781962837,"rotx":60.24316855192427}}}