# This file was generated by Animated Java via MC-Build. It is not recommended to edit this file directly.
$data merge entity $(bone_hair_side) {transformation: [-0.9452f,-0.0074f,0.3264f,-0.3646f,-0.0322f,0.997f,-0.0707f,1.9196f,-0.3249f,-0.0773f,-0.9426f,0.1287f,0f,0f,0f,1f],start_interpolation: 0,interpolation_duration: 1}
$data merge entity $(bone_hair_side1) {transformation: [-0.9452f,-0.0074f,0.3264f,0.1966f,-0.0322f,0.997f,-0.0707f,1.9388f,-0.3249f,-0.0773f,-0.9426f,0.3216f,0f,0f,0f,1f],start_interpolation: 0,interpolation_duration: 1}
$data merge entity $(bone_beard) {transformation: [-0.9452f,-0.0074f,0.3264f,-0.084f,-0.0322f,0.997f,-0.0707f,1.6121f,-0.3249f,-0.0773f,-0.9426f,0.2566f,0f,0f,0f,1f],start_interpolation: 0,interpolation_duration: 1}
$data merge entity $(bone_head) {transformation: [-0.9452f,-0.064f,0.3202f,0f,-0.0322f,0.9941f,0.1035f,1.7344f,-0.3249f,0.0875f,-0.9417f,0f,0f,0f,0f,1f],start_interpolation: 0,interpolation_duration: 1}
$data merge entity $(bone_body) {transformation: [-1.0257f,0f,0.4622f,0f,0f,1.125f,0f,1.0625f,-0.4622f,0f,-1.0257f,0f,0f,0f,0f,1f],start_interpolation: 0,interpolation_duration: 1}
$data merge entity $(bone_left4) {transformation: [-0.3509f,0.9186f,0.1819f,-0.1316f,0.0034f,0.1955f,-0.9807f,1.3371f,-0.9364f,-0.3435f,-0.0717f,0.3279f,0f,0f,0f,1f],start_interpolation: 0,interpolation_duration: 1}
$data merge entity $(bone_left3) {transformation: [-0.4389f,0.8542f,0.2788f,-1.2031f,0.1239f,0.3648f,-0.9228f,0.9768f,-0.89f,-0.3705f,-0.2659f,0.4551f,0f,0f,0f,1f],start_interpolation: 0,interpolation_duration: 1}
$data merge entity $(bone_aura) {transformation: [-1.993f,0.9677f,-0.8555f,-1.3125f,-0.8855f,0.1216f,2.2004f,0.7873f,0.9404f,2.1655f,0.2587f,1.6736f,0f,0f,0f,1f],start_interpolation: 0,interpolation_duration: 1}
$data merge entity $(bone_scythe) {transformation: [-1.4336f,0.6961f,-0.6154f,-0.6185f,-0.6369f,0.0875f,1.5827f,1.2255f,0.6764f,1.5576f,0.1861f,0.2421f,0f,0f,0f,1f],start_interpolation: 0,interpolation_duration: 1}
$data merge entity $(bone_right2) {transformation: [-0.3557f,0.7716f,-0.5273f,-0.4472f,0.9285f,0.3563f,-0.1048f,1.32f,0.1071f,-0.5269f,-0.8432f,-0.1547f,0f,0f,0f,1f],start_interpolation: 0,interpolation_duration: 1}
$data merge entity $(bone_right1) {transformation: [-0.4098f,0.9091f,0.0745f,-1.285f,0.8842f,0.3759f,0.2774f,0.6444f,0.2241f,0.1796f,-0.9579f,-0.4156f,0f,0f,0f,1f],start_interpolation: 0,interpolation_duration: 1}
execute on vehicle unless entity @s[tag=aj.transforms_only] positioned ^-0.7175690789 ^1.0333852399 ^1.5481651575 rotated ~253.1737916308 ~67.8928170704 run function animated_java:lich/animations/swing3/zzz/frames/15_locator_commands
execute on vehicle unless entity @s[tag=aj.transforms_only] positioned ^-0.5226249287 ^1.2417007709 ^0.4211496661 rotated ~253.1737916308 ~67.8928170704 run function animated_java:lich/animations/swing3/zzz/frames/15_locator_commands
data modify entity @s data merge value {"cameras":{},"locators":{"scythe_blade":{"posx":-0.7175690788885545,"posy":1.033385239850701,"posz":1.5481651575131283,"roty":253.17379163080335,"rotx":67.89281707035677},"scythe_pole":{"posx":-0.5226249286995698,"posy":1.241700770864692,"posz":0.42114966611762295,"roty":253.17379163080335,"rotx":67.89281707035677}}}
execute on vehicle unless entity @s[tag=aj.transforms_only] at @s run function animated_java:lich/animations/swing3/zzz/frames/15_root_commands