# This file was generated by Animated Java via MC-Build. It is not recommended to edit this file directly.
$data merge entity $(bone_hair_side) {transformation: [-0.9924f,-0.0418f,-0.1159f,-0.2727f,-0.0138f,0.9725f,-0.2327f,1.9618f,0.1224f,-0.2293f,-0.9656f,0.2404f,0f,0f,0f,1f],start_interpolation: 0,interpolation_duration: 1}
$data merge entity $(bone_hair_side1) {transformation: [-0.9924f,-0.0418f,-0.1159f,0.3166f,-0.0138f,0.9725f,-0.2327f,1.97f,0.1224f,-0.2293f,-0.9656f,0.1677f,0f,0f,0f,1f],start_interpolation: 0,interpolation_duration: 1}
$data merge entity $(bone_beard) {transformation: [-0.9924f,-0.0418f,-0.1159f,0.0361f,-0.0138f,0.9725f,-0.2327f,1.6578f,0.1224f,-0.2293f,-0.9656f,0.2841f,0f,0f,0f,1f],start_interpolation: 0,interpolation_duration: 1}
$data merge entity $(bone_head) {transformation: [-0.9924f,-0.021f,-0.1214f,0f,-0.0138f,0.9981f,-0.0603f,1.7344f,0.1224f,-0.0581f,-0.9908f,0f,0f,0f,0f,1f],start_interpolation: 0,interpolation_duration: 1}
$data merge entity $(bone_body) {transformation: [-0.817f,0f,-0.7734f,0f,0f,1.125f,0f,1.0625f,0.7734f,0f,-0.817f,0f,0f,0f,0f,1f],start_interpolation: 0,interpolation_duration: 1}
$data merge entity $(bone_left4) {transformation: [-0.8874f,0.185f,0.4223f,0.3808f,-0.406f,-0.7477f,-0.5254f,1.4477f,0.2186f,-0.6377f,0.7386f,0.1862f,0f,0f,0f,1f],start_interpolation: 0,interpolation_duration: 1}
$data merge entity $(bone_left3) {transformation: [-0.9363f,-0.2295f,0.2658f,0.3392f,-0.2616f,-0.0491f,-0.9639f,1.4197f,0.2343f,-0.9721f,-0.0141f,1.3226f,0f,0f,0f,1f],start_interpolation: 0,interpolation_duration: 1}
$data merge entity $(bone_aura) {transformation: [1.6168f,1.3191f,-1.1342f,1.5941f,0.3587f,1.2624f,1.9795f,2.3133f,1.7023f,-1.5189f,0.6601f,0.9895f,0f,0f,0f,1f],start_interpolation: 0,interpolation_duration: 1}
$data merge entity $(bone_scythe) {transformation: [1.163f,0.9488f,-0.8159f,0.1452f,0.258f,0.908f,1.4238f,1.5835f,1.2245f,-1.0925f,0.4748f,0.6883f,0f,0f,0f,1f],start_interpolation: 0,interpolation_duration: 1}
$data merge entity $(bone_right2) {transformation: [-0.4813f,-0.7864f,-0.3871f,-0.1053f,0.8325f,-0.2721f,-0.4826f,1.4812f,0.2742f,-0.5545f,0.7857f,0.502f,0f,0f,0f,1f],start_interpolation: 0,interpolation_duration: 1}
$data merge entity $(bone_right1) {transformation: [-0.4027f,-0.7033f,-0.5859f,0.7677f,0.8864f,-0.1399f,-0.4413f,1.3529f,0.2284f,-0.697f,0.6797f,1.1713f,0f,0f,0f,1f],start_interpolation: 0,interpolation_duration: 1}
data modify entity @s data merge value {"cameras":{},"locators":{"scythe_blade":{"posx":1.2360962045782764,"posy":2.2912574882094816,"posz":0.44037967423957136,"roty":239.8003655119182,"rotx":56.45668098325807},"scythe_pole":{"posx":0.24737057767489104,"posy":1.6891113437356122,"posz":0.5471699144292096,"roty":239.8003655119182,"rotx":56.45668098325807}}}