# This file was generated by Animated Java via MC-Build. It is not recommended to edit this file directly.
$data merge entity $(bone_hair_side) {transformation: [-0.8844f,-0.0288f,0.4658f,-0.3857f,-0.0396f,0.9991f,-0.0135f,1.9033f,-0.465f,-0.0304f,-0.8848f,0.0808f,0f,0f,0f,1f],start_interpolation: 0,interpolation_duration: 1}
$data merge entity $(bone_hair_side1) {transformation: [-0.8844f,-0.0288f,0.4658f,0.1394f,-0.0396f,0.9991f,-0.0135f,1.9268f,-0.465f,-0.0304f,-0.8848f,0.3569f,0f,0f,0f,1f],start_interpolation: 0,interpolation_duration: 1}
$data merge entity $(bone_beard) {transformation: [-0.8844f,-0.0288f,0.4658f,-0.1174f,-0.0396f,0.9991f,-0.0135f,1.5968f,-0.465f,-0.0304f,-0.8848f,0.2349f,0f,0f,0f,1f],start_interpolation: 0,interpolation_duration: 1}
$data merge entity $(bone_head) {transformation: [-0.8844f,-0.1092f,0.4538f,0f,-0.0396f,0.9863f,0.1602f,1.7344f,-0.465f,0.1237f,-0.8766f,0f,0f,0f,0f,1f],start_interpolation: 0,interpolation_duration: 1}
$data merge entity $(bone_body) {transformation: [-0.7868f,0f,0.8041f,0f,0f,1.125f,0f,1.0625f,-0.8041f,0f,-0.7868f,0f,0f,0f,0f,1f],start_interpolation: 0,interpolation_duration: 1}
$data merge entity $(bone_left4) {transformation: [0.0402f,0.9165f,0.3981f,-0.2202f,-0.128f,0.3998f,-0.9076f,1.342f,-0.991f,-0.0144f,0.1334f,0.3323f,0f,0f,0f,1f],start_interpolation: 0,interpolation_duration: 1}
$data merge entity $(bone_left3) {transformation: [-0.0277f,0.9394f,0.3417f,-1.2564f,0.0134f,0.3421f,-0.9396f,0.972f,-0.9995f,-0.0214f,-0.022f,0.0434f,0f,0f,0f,1f],start_interpolation: 0,interpolation_duration: 1}
$data merge entity $(bone_aura) {transformation: [-2.1322f,0.0147f,-1.0461f,-1.783f,-0.9949f,-0.7627f,2.0172f,0.2972f,-0.3235f,2.2491f,0.6909f,0.5749f,0f,0f,0f,1f],start_interpolation: 0,interpolation_duration: 1}
$data merge entity $(bone_scythe) {transformation: [-1.5337f,0.0106f,-0.7524f,-0.6109f,-0.7156f,-0.5486f,1.451f,1.1682f,-0.2327f,1.6178f,0.497f,-0.1933f,0f,0f,0f,1f],start_interpolation: 0,interpolation_duration: 1}
$data merge entity $(bone_right2) {transformation: [-0.4357f,0.8961f,-0.0846f,-0.2805f,0.8514f,0.4408f,0.2844f,1.4159f,0.2922f,0.0519f,-0.955f,-0.476f,0f,0f,0f,1f],start_interpolation: 0,interpolation_duration: 1}
$data merge entity $(bone_right1) {transformation: [-0.4474f,0.5725f,0.6871f,-0.7489f,0.8614f,0.0691f,0.5033f,1.0734f,0.2406f,0.817f,-0.524f,-1.4193f,0f,0f,0f,1f],start_interpolation: 0,interpolation_duration: 1}
data modify entity @s data merge value {"cameras":{},"locators":{"scythe_blade":{"posx":-1.207011672306537,"posy":0.5203909200479366,"posz":0.7953522271828679,"roty":236.55585128851556,"rotx":58.14011755515633},"scythe_pole":{"posx":-0.5955992329554352,"posy":1.1094675391365916,"posz":0.0011695870743003156,"roty":236.55585128851556,"rotx":58.14011755515633}}}
execute on vehicle unless entity @s[tag=aj.transforms_only] run function animated_java:lich/variants/default/apply
execute on vehicle unless entity @s[tag=aj.transforms_only] at @s run function animated_java:lich/animations/swing3/zzz/frames/17_root_commands