# This file was generated by Animated Java via MC-Build. It is not recommended to edit this file directly.
$data merge entity $(bone_hair_side) {transformation: [-0.9939f,-0.0383f,-0.1032f,-0.2757f,-0.0141f,0.9741f,-0.2257f,1.9602f,0.1092f,-0.2229f,-0.9687f,0.2383f,0f,0f,0f,1f],start_interpolation: 0,interpolation_duration: 1}
$data merge entity $(bone_hair_side1) {transformation: [-0.9939f,-0.0383f,-0.1032f,0.3144f,-0.0141f,0.9741f,-0.2257f,1.9686f,0.1092f,-0.2229f,-0.9687f,0.1735f,0f,0f,0f,1f],start_interpolation: 0,interpolation_duration: 1}
$data merge entity $(bone_beard) {transformation: [-0.9939f,-0.0383f,-0.1032f,0.0323f,-0.0141f,0.9741f,-0.2257f,1.6557f,0.1092f,-0.2229f,-0.9687f,0.284f,0f,0f,0f,1f],start_interpolation: 0,interpolation_duration: 1}
$data merge entity $(bone_head) {transformation: [-0.9939f,-0.0198f,-0.1083f,0f,-0.0141f,0.9985f,-0.0532f,1.7344f,0.1092f,-0.0513f,-0.9927f,0f,0f,0f,0f,1f],start_interpolation: 0,interpolation_duration: 1}
$data merge entity $(bone_body) {transformation: [-0.8477f,0f,-0.7397f,0f,0f,1.125f,0f,1.0625f,0.7397f,0f,-0.8477f,0f,0f,0f,0f,1f],start_interpolation: 0,interpolation_duration: 1}
$data merge entity $(bone_left4) {transformation: [-0.9028f,0.1729f,0.3938f,0.3676f,-0.3924f,-0.706f,-0.5895f,1.4345f,0.1761f,-0.6867f,0.7053f,0.1973f,0f,0f,0f,1f],start_interpolation: 0,interpolation_duration: 1}
$data merge entity $(bone_left3) {transformation: [-0.948f,-0.2035f,0.2447f,0.2939f,-0.2497f,-0.0015f,-0.9683f,1.3581f,0.1974f,-0.9791f,-0.0494f,1.3298f,0f,0f,0f,1f],start_interpolation: 0,interpolation_duration: 1}
$data merge entity $(bone_aura) {transformation: [1.4825f,1.4145f,-1.2009f,1.529f,0.3119f,1.3252f,1.9461f,2.2966f,1.8291f,-1.3724f,0.6414f,1.15f,0f,0f,0f,1f],start_interpolation: 0,interpolation_duration: 1}
$data merge entity $(bone_scythe) {transformation: [1.0663f,1.0175f,-0.8638f,0.1141f,0.2243f,0.9532f,1.3998f,1.5663f,1.3157f,-0.9872f,0.4614f,0.7171f,0f,0f,0f,1f],start_interpolation: 0,interpolation_duration: 1}
$data merge entity $(bone_right2) {transformation: [-0.509f,-0.7378f,-0.4432f,-0.12f,0.8186f,-0.2558f,-0.5142f,1.4696f,0.266f,-0.6246f,0.7342f,0.5079f,0f,0f,0f,1f],start_interpolation: 0,interpolation_duration: 1}
$data merge entity $(bone_right1) {transformation: [-0.4078f,-0.6423f,-0.649f,0.6898f,0.8848f,-0.1026f,-0.4545f,1.302f,0.2254f,-0.7596f,0.6101f,1.2446f,0f,0f,0f,1f],start_interpolation: 0,interpolation_duration: 1}
data modify entity @s data merge value {"cameras":{},"locators":{"scythe_blade":{"posx":1.2128591356596639,"posy":2.290975238736769,"posz":0.5753735925953671,"roty":241.89131325783129,"rotx":55.02406127973267},"scythe_pole":{"posx":0.22536019881976993,"posy":1.6775765808593868,"posz":0.5876388383860793,"roty":241.89131325783129,"rotx":55.02406127973267}}}
execute on vehicle unless entity @s[tag=aj.transforms_only] at @s run function animated_java:lich/animations/swing3/zzz/frames/17_root_commands