# This file was generated by Animated Java via MC-Build. It is not recommended to edit this file directly.
$data merge entity $(bone_hair_side) {transformation: [-0.9053f,-0.0189f,0.4244f,-0.3797f,-0.0352f,0.9989f,-0.0308f,1.909f,-0.4234f,-0.0428f,-0.9049f,0.096f,0f,0f,0f,1f],start_interpolation: 0,interpolation_duration: 1}
$data merge entity $(bone_hair_side1) {transformation: [-0.9053f,-0.0189f,0.4244f,0.1579f,-0.0352f,0.9989f,-0.0308f,1.9299f,-0.4234f,-0.0428f,-0.9049f,0.3474f,0f,0f,0f,1f],start_interpolation: 0,interpolation_duration: 1}
$data merge entity $(bone_beard) {transformation: [-0.9053f,-0.0189f,0.4244f,-0.108f,-0.0352f,0.9989f,-0.0308f,1.6014f,-0.4234f,-0.0428f,-0.9049f,0.242f,0f,0f,0f,1f],start_interpolation: 0,interpolation_duration: 1}
$data merge entity $(bone_head) {transformation: [-0.9053f,-0.0923f,0.4147f,0f,-0.0352f,0.9891f,0.1432f,1.7344f,-0.4234f,0.115f,-0.8986f,0f,0f,0f,0f,1f],start_interpolation: 0,interpolation_duration: 1}
$data merge entity $(bone_body) {transformation: [-0.8618f,0f,0.7231f,0f,0f,1.125f,0f,1.0625f,-0.7231f,0f,-0.8618f,0f,0f,0f,0f,1f],start_interpolation: 0,interpolation_duration: 1}
$data merge entity $(bone_left4) {transformation: [-0.0418f,0.936f,0.3496f,-0.1994f,-0.0558f,0.3471f,-0.9361f,1.3401f,-0.9976f,-0.0586f,0.0377f,0.3316f,0f,0f,0f,1f],start_interpolation: 0,interpolation_duration: 1}
$data merge entity $(bone_left3) {transformation: [-0.1471f,0.929f,0.3395f,-1.2615f,0.0628f,0.3513f,-0.9341f,0.9754f,-0.9871f,-0.1161f,-0.11f,0.1501f,0f,0f,0f,1f],start_interpolation: 0,interpolation_duration: 1}
$data merge entity $(bone_aura) {transformation: [-2.2596f,0.0718f,-0.7278f,-1.8916f,-0.7297f,-0.3817f,2.2277f,0.6753f,-0.0496f,2.343f,0.3852f,0.911f,0f,0f,0f,1f],start_interpolation: 0,interpolation_duration: 1}
$data merge entity $(bone_scythe) {transformation: [-1.6253f,0.0517f,-0.5235f,-0.6731f,-0.5249f,-0.2746f,1.6023f,1.2392f,-0.0357f,1.6853f,0.2771f,-0.0481f,0f,0f,0f,1f],start_interpolation: 0,interpolation_duration: 1}
$data merge entity $(bone_right2) {transformation: [-0.3014f,0.941f,-0.1542f,-0.349f,0.9395f,0.3207f,0.1203f,1.3874f,0.1627f,-0.1086f,-0.9807f,-0.3996f,0f,0f,0f,1f],start_interpolation: 0,interpolation_duration: 1}
$data merge entity $(bone_right1) {transformation: [-0.4098f,0.7168f,0.5641f,-0.9825f,0.8842f,0.1602f,0.4388f,0.9409f,0.2241f,0.6786f,-0.6995f,-1.1906f,0f,0f,0f,1f],start_interpolation: 0,interpolation_duration: 1}
data modify entity @s data merge value {"cameras":{},"locators":{"scythe_blade":{"posx":-1.2778319119419996,"posy":0.8494862229389158,"posz":1.0630822222248169,"roty":242.10798772751068,"rotx":69.71179255601268},"scythe_pole":{"posx":-0.6520879352621706,"posy":1.211398049972518,"posz":0.1525731310554244,"roty":242.10798772751068,"rotx":69.71179255601268}}}
execute on vehicle unless entity @s[tag=aj.transforms_only] at @s run function animated_java:lich/animations/swing3/zzz/frames/18_root_commands