# This file was generated by Animated Java via MC-Build. It is not recommended to edit this file directly.
$data merge entity $(bone_hair_side) {transformation: [-0.9996f,-0.016f,0.0236f,-0.3056f,-0.02f,0.9832f,-0.1815f,-0.4886f,-0.0203f,-0.1819f,-0.9831f,0.2108f,0f,0f,0f,1f],start_interpolation: 0,interpolation_duration: 1}
$data merge entity $(bone_hair_side1) {transformation: [-0.9996f,-0.016f,0.0236f,0.2879f,-0.02f,0.9832f,-0.1815f,-0.4767f,-0.0203f,-0.1819f,-0.9831f,0.2229f,0f,0f,0f,1f],start_interpolation: 0,interpolation_duration: 1}
$data merge entity $(bone_beard) {transformation: [-0.9996f,-0.016f,0.0236f,-0.0039f,-0.02f,0.9832f,-0.1815f,-0.7946f,-0.0203f,-0.1819f,-0.9831f,0.282f,0f,0f,0f,1f],start_interpolation: 0,interpolation_duration: 1}
$data merge entity $(bone_head) {transformation: [-0.9996f,-0.0198f,0.0205f,0f,-0.02f,0.9998f,-0.008f,-0.7031f,-0.0203f,-0.0084f,-0.9998f,0f,0f,0f,0f,1f],start_interpolation: 0,interpolation_duration: 1}
$data merge entity $(bone_body) {transformation: [-1.0449f,0f,-0.417f,0f,0f,1.125f,0f,-1.375f,0.417f,0f,-1.0449f,0f,0f,0f,0f,1f],start_interpolation: 0,interpolation_duration: 1}
$data merge entity $(bone_left4) {transformation: [-0.9431f,0.3127f,0.1132f,0.2055f,-0.2366f,-0.3916f,-0.8892f,-1.0682f,-0.2337f,-0.8654f,0.4433f,0.2794f,0f,0f,0f,1f],start_interpolation: 0,interpolation_duration: 1}
$data merge entity $(bone_left3) {transformation: [-0.9784f,0.1536f,0.1385f,-0.2683f,-0.0991f,0.2391f,-0.9659f,-1.3607f,-0.1815f,-0.9588f,-0.2187f,1.2714f,0f,0f,0f,1f],start_interpolation: 0,interpolation_duration: 1}
$data merge entity $(bone_aura) {transformation: [0.4206f,1.978f,-1.2455f,0.9756f,-0.2318f,1.2945f,1.9776f,-0.5905f,2.326f,-0.2287f,0.4222f,1.9582f,0f,0f,0f,1f],start_interpolation: 0,interpolation_duration: 1}
$data merge entity $(bone_scythe) {transformation: [0.3025f,1.4228f,-0.8959f,-0.0896f,-0.1667f,0.9312f,1.4225f,-1.0075f,1.6731f,-0.1645f,0.3037f,0.7691f,0f,0f,0f,1f],start_interpolation: 0,interpolation_duration: 1}
$data merge entity $(bone_right2) {transformation: [-0.5254f,-0.3364f,-0.7816f,-0.2581f,0.8332f,-0.0171f,-0.5527f,-1.0696f,0.1726f,-0.9416f,0.2892f,0.4654f,0f,0f,0f,1f],start_interpolation: 0,interpolation_duration: 1}
$data merge entity $(bone_right1) {transformation: [-0.4098f,-0.0522f,-0.9107f,-0.0745f,0.8842f,0.2226f,-0.4107f,-1.5823f,0.2241f,-0.9735f,-0.045f,1.4297f,0f,0f,0f,1f],start_interpolation: 0,interpolation_duration: 1}
execute on vehicle unless entity @s[tag=aj.transforms_only] positioned ^0.9793271559 ^-0.451333763 ^1.3173058633 rotated ~251.2721499204 ~56.3765155924 run function animated_java:lich/animations/swing3/zzz/frames/19_locator_commands
execute on vehicle unless entity @s[tag=aj.transforms_only] positioned ^0.0767930049 ^-0.8952477097 ^0.7342664011 rotated ~251.2721499204 ~56.3765155924 run function animated_java:lich/animations/swing3/zzz/frames/19_locator_commands
data modify entity @s data merge value {"cameras":{},"locators":{"scythe_blade":{"posx":0.9793271558601402,"posy":-0.4513337630496026,"posz":1.3173058632782217,"roty":251.27214992041672,"rotx":56.37651559235102},"scythe_pole":{"posx":0.07679300493764576,"posy":-0.8952477096635794,"posz":0.7342664011316044,"roty":251.27214992041672,"rotx":56.37651559235102}}}
execute on vehicle unless entity @s[tag=aj.transforms_only] if entity @s[tag=phase2] run function animated_java:lich/variants/scythe_aura/apply
execute on vehicle unless entity @s[tag=aj.transforms_only] at @s run function animated_java:lich/animations/swing3/zzz/frames/19_root_commands