# This file was generated by Animated Java via MC-Build. It is not recommended to edit this file directly.
$data merge entity $(bone_hair_side) {transformation: [-0.9999f,-0.0032f,-0.0149f,-0.2936f,-0.0026f,0.9993f,-0.0379f,1.9205f,0.015f,-0.0379f,-0.9992f,0.2509f,0f,0f,0f,1f],start_interpolation: 0,interpolation_duration: 1}
$data merge entity $(bone_hair_side1) {transformation: [-0.9999f,-0.0032f,-0.0149f,0.3f,-0.0026f,0.9993f,-0.0379f,1.9221f,0.015f,-0.0379f,-0.9992f,0.242f,0f,0f,0f,1f],start_interpolation: 0,interpolation_duration: 1}
$data merge entity $(bone_beard) {transformation: [-0.9999f,-0.0032f,-0.0149f,0.0043f,-0.0026f,0.9993f,-0.0379f,1.6032f,0.015f,-0.0379f,-0.9992f,0.2658f,0f,0f,0f,1f],start_interpolation: 0,interpolation_duration: 1}
$data merge entity $(bone_head) {transformation: [-0.9999f,-0.0006f,-0.0152f,0f,-0.0026f,0.9907f,0.1362f,1.7344f,0.015f,0.1362f,-0.9906f,0f,0f,0f,0f,1f],start_interpolation: 0,interpolation_duration: 1}
$data merge entity $(bone_body) {transformation: [-1.1177f,0f,-0.128f,0f,0f,1.125f,0f,1.0625f,0.128f,0f,-1.1177f,0f,0f,0f,0f,1f],start_interpolation: 0,interpolation_duration: 1}
$data merge entity $(bone_left4) {transformation: [-0.9749f,-0.2035f,0.0903f,0.36f,-0.2226f,0.8968f,-0.3825f,1.1709f,-0.0032f,-0.393f,-0.9195f,0.0609f,0f,0f,0f,1f],start_interpolation: 0,interpolation_duration: 1}
$data merge entity $(bone_left3) {transformation: [-0.9756f,-0.2168f,0.0344f,0.2922f,-0.2183f,0.9422f,-0.2541f,0.0722f,0.0227f,-0.2554f,-0.9666f,0.3473f,0f,0f,0f,1f],start_interpolation: 0,interpolation_duration: 1}
$data merge entity $(bone_aura) {transformation: [-2.2556f,-0.0594f,-0.7412f,-2.1089f,-0.0839f,2.3726f,0.0652f,2.1755f,0.7388f,0.0881f,-2.2554f,0.6881f,0f,0f,0f,1f],start_interpolation: 0,interpolation_duration: 1}
$data merge entity $(bone_scythe) {transformation: [-1.6225f,-0.0427f,-0.5331f,-0.8374f,-0.0603f,1.7066f,0.0469f,1.2228f,0.5314f,0.0634f,-1.6223f,0.2427f,0f,0f,0f,1f],start_interpolation: 0,interpolation_duration: 1}
$data merge entity $(bone_right2) {transformation: [-0.3112f,0.9501f,0.0231f,-0.5208f,0.0277f,0.0334f,-0.9991f,1.2333f,-0.9499f,-0.3103f,-0.0367f,0.1557f,0f,0f,0f,1f],start_interpolation: 0,interpolation_duration: 1}
$data merge entity $(bone_right1) {transformation: [-0.6885f,0.6665f,-0.2857f,-1.0138f,0.7241f,0.6533f,-0.221f,0.3129f,0.0394f,-0.359f,-0.9325f,0.5249f,0f,0f,0f,1f],start_interpolation: 0,interpolation_duration: 1}
data modify entity @s data merge value {"cameras":{},"locators":{"scythe_blade":{"posx":-1.5040090463328784,"posy":2.3385695418137433,"posz":0.494038766852412,"roty":341.8082790163419,"rotx":1.574091559683517},"scythe_pole":{"posx":-0.8276372060255445,"posy":1.4262911165880128,"posz":0.24537894197727916,"roty":341.8082790163419,"rotx":1.574091559683517}}}