# This file was generated by Animated Java via MC-Build. It is not recommended to edit this file directly.
$data merge entity $(bone_hair_side) {transformation: [-0.9316f,0.0029f,0.3635f,-0.3682f,-0.017f,0.9985f,-0.0516f,1.9196f,-0.3631f,-0.0543f,-0.9302f,0.1183f,0f,0f,0f,1f],start_interpolation: 0,interpolation_duration: 1}
$data merge entity $(bone_hair_side1) {transformation: [-0.9316f,0.0029f,0.3635f,0.185f,-0.017f,0.9985f,-0.0516f,1.9297f,-0.3631f,-0.0543f,-0.9302f,0.3339f,0f,0f,0f,1f],start_interpolation: 0,interpolation_duration: 1}
$data merge entity $(bone_beard) {transformation: [-0.9316f,0.0029f,0.3635f,-0.0952f,-0.017f,0.9985f,-0.0516f,1.6069f,-0.3631f,-0.0543f,-0.9302f,0.2502f,0f,0f,0f,1f],start_interpolation: 0,interpolation_duration: 1}
$data merge entity $(bone_head) {transformation: [-0.9316f,-0.0602f,0.3585f,0f,-0.017f,0.9923f,0.1226f,1.7344f,-0.3631f,0.1081f,-0.9255f,0f,0f,0f,0f,1f],start_interpolation: 0,interpolation_duration: 1}
$data merge entity $(bone_body) {transformation: [-0.9067f,0f,0.666f,0f,0f,1.125f,0f,1.0625f,-0.666f,0f,-0.9067f,0f,0f,0f,0f,1f],start_interpolation: 0,interpolation_duration: 1}
$data merge entity $(bone_left4) {transformation: [-0.0041f,0.9519f,0.3065f,-0.1717f,0.117f,0.3048f,-0.9452f,1.3277f,-0.9931f,0.032f,-0.1126f,0.3445f,0f,0f,0f,1f],start_interpolation: 0,interpolation_duration: 1}
$data merge entity $(bone_left3) {transformation: [-0.293f,0.889f,0.3519f,-1.2355f,0.1141f,0.398f,-0.9103f,0.9281f,-0.9493f,-0.2265f,-0.218f,0.2956f,0f,0f,0f,1f],start_interpolation: 0,interpolation_duration: 1}
$data merge entity $(bone_aura) {transformation: [-2.2733f,-0.44f,0.5285f,-2.2879f,0.1839f,1.3698f,1.9314f,2.3713f,-0.6626f,1.8896f,-1.2771f,0.357f,0f,0f,0f,1f],start_interpolation: 0,interpolation_duration: 1}
$data merge entity $(bone_scythe) {transformation: [-1.6352f,-0.3165f,0.3801f,-0.8463f,0.1323f,0.9853f,1.3893f,1.6929f,-0.4766f,1.3592f,-0.9186f,-0.0724f,0f,0f,0f,1f],start_interpolation: 0,interpolation_duration: 1}
$data merge entity $(bone_right2) {transformation: [0.2277f,0.9667f,-0.1169f,-0.4484f,0.8125f,-0.2548f,-0.5244f,1.4009f,-0.5367f,0.0245f,-0.8434f,-0.3165f,0f,0f,0f,1f],start_interpolation: 0,interpolation_duration: 1}
$data merge entity $(bone_right1) {transformation: [-0.2168f,0.857f,0.4674f,-1.2912f,0.9654f,0.117f,0.2332f,0.9749f,0.1452f,0.5018f,-0.8527f,-0.8951f,0f,0f,0f,1f],start_interpolation: 0,interpolation_duration: 1}
data modify entity @s data merge value {"cameras":{},"locators":{"scythe_blade":{"posx":-1.7007281232990326,"posy":2.4028312323393624,"posz":0.6476394321956342,"roty":22.48095403304842,"rotx":54.41298728010286},"scythe_pole":{"posx":-0.8690082480735453,"posy":1.8088791306040681,"posz":0.09354065941308706,"roty":22.48095403304842,"rotx":54.41298728010286}}}