# This file was generated by Animated Java via MC-Build. It is not recommended to edit this file directly.
$data merge entity $(bone_hair_side) {transformation: [-0.9843f,-0.0038f,0.1767f,-0.3376f,-0.0266f,0.9915f,-0.1273f,-0.5028f,-0.1747f,-0.13f,-0.976f,0.1724f,0f,0f,0f,1f],start_interpolation: 0,interpolation_duration: 1}
$data merge entity $(bone_hair_side1) {transformation: [-0.9843f,-0.0038f,0.1767f,0.2468f,-0.0266f,0.9915f,-0.1273f,-0.487f,-0.1747f,-0.13f,-0.976f,0.2761f,0f,0f,0f,1f],start_interpolation: 0,interpolation_duration: 1}
$data merge entity $(bone_beard) {transformation: [-0.9843f,-0.0038f,0.1767f,-0.0455f,-0.0266f,0.9915f,-0.1273f,-0.8099f,-0.1747f,-0.13f,-0.976f,0.2728f,0f,0f,0f,1f],start_interpolation: 0,interpolation_duration: 1}
$data merge entity $(bone_head) {transformation: [-0.9843f,-0.0344f,0.1733f,0f,-0.0266f,0.9985f,0.0468f,-0.7031f,-0.1747f,0.0415f,-0.9837f,0f,0f,0f,0f,1f],start_interpolation: 0,interpolation_duration: 1}
$data merge entity $(bone_body) {transformation: [-1.1247f,0f,0.0245f,0f,0f,1.125f,0f,-1.375f,-0.0245f,0f,-1.1247f,0f,0f,0f,0f,1f],start_interpolation: 0,interpolation_duration: 1}
$data merge entity $(bone_left4) {transformation: [-0.7447f,0.6674f,0.0089f,0.015f,-0.0563f,-0.0496f,-0.9972f,-1.1003f,-0.6651f,-0.7431f,0.0745f,0.3215f,0f,0f,0f,1f],start_interpolation: 0,interpolation_duration: 1}
$data merge entity $(bone_left3) {transformation: [-0.7991f,0.578f,0.1651f,-0.867f,0.0697f,0.362f,-0.9296f,-1.4745f,-0.5971f,-0.7313f,-0.3296f,0.9348f,0f,0f,0f,1f],start_interpolation: 0,interpolation_duration: 1}
$data merge entity $(bone_aura) {transformation: [-0.9712f,1.8707f,-1.0945f,-0.1431f,-0.7415f,0.8402f,2.094f,-1.2087f,2.0366f,1.198f,0.2405f,2.2412f,0f,0f,0f,1f],start_interpolation: 0,interpolation_duration: 1}
$data merge entity $(bone_scythe) {transformation: [-0.6986f,1.3456f,-0.7873f,-0.3941f,-0.5334f,0.6044f,1.5062f,-1.1527f,1.4649f,0.8617f,0.173f,0.6113f,0f,0f,0f,1f],start_interpolation: 0,interpolation_duration: 1}
$data merge entity $(bone_right2) {transformation: [-0.4586f,0.2686f,-0.8471f,-0.4228f,0.8834f,0.2416f,-0.4016f,-1.1425f,0.0968f,-0.9325f,-0.3481f,0.2203f,0f,0f,0f,1f],start_interpolation: 0,interpolation_duration: 1}
$data merge entity $(bone_right1) {transformation: [-0.4098f,0.6528f,-0.6371f,-0.9883f,0.8842f,0.456f,-0.1016f,-1.9032f,0.2241f,-0.6049f,-0.7641f,0.793f,0f,0f,0f,1f],start_interpolation: 0,interpolation_duration: 1}
execute on vehicle unless entity @s[tag=aj.transforms_only] positioned ^0.229586012 ^-0.9589877147 ^1.7627717021 rotated ~257.6084747906 ~61.8463367482 run function animated_java:lich/animations/swing3/zzz/frames/20_locator_commands
execute on vehicle unless entity @s[tag=aj.transforms_only] positioned ^-0.2277135087 ^-1.0760043851 ^0.7003467649 rotated ~257.6084747906 ~61.8463367482 run function animated_java:lich/animations/swing3/zzz/frames/20_locator_commands
data modify entity @s data merge value {"cameras":{},"locators":{"scythe_blade":{"posx":0.2295860119697879,"posy":-0.9589877146966441,"posz":1.7627717021078444,"roty":257.6084747905625,"rotx":61.8463367482256},"scythe_pole":{"posx":-0.22771350874741222,"posy":-1.0760043851462784,"posz":0.7003467649058318,"roty":257.6084747905625,"rotx":61.8463367482256}}}
execute on vehicle unless entity @s[tag=aj.transforms_only] at @s run function animated_java:lich/animations/swing3/zzz/frames/20_root_commands