# This file was generated by Animated Java via MC-Build. It is not recommended to edit this file directly.
$data merge entity $(bone_hair_side) {transformation: [-0.9606f,0.0305f,0.2762f,-0.3498f,0.0097f,0.997f,-0.0762f,1.9335f,-0.2777f,-0.0705f,-0.9581f,0.1478f,0f,0f,0f,1f],start_interpolation: 0,interpolation_duration: 1}
$data merge entity $(bone_hair_side1) {transformation: [-0.9606f,0.0305f,0.2762f,0.2206f,0.0097f,0.997f,-0.0762f,1.9277f,-0.2777f,-0.0705f,-0.9581f,0.3127f,0f,0f,0f,1f],start_interpolation: 0,interpolation_duration: 1}
$data merge entity $(bone_beard) {transformation: [-0.9606f,0.0305f,0.2762f,-0.0763f,0.0097f,0.997f,-0.0762f,1.6135f,-0.2777f,-0.0705f,-0.9581f,0.2597f,0f,0f,0f,1f],start_interpolation: 0,interpolation_duration: 1}
$data merge entity $(bone_head) {transformation: [-0.9606f,-0.018f,0.2773f,0f,0.0097f,0.9951f,0.0981f,1.7344f,-0.2777f,0.097f,-0.9558f,0f,0f,0f,0f,1f],start_interpolation: 0,interpolation_duration: 1}
$data merge entity $(bone_body) {transformation: [-0.9622f,0f,0.5828f,0f,0f,1.125f,0f,1.0625f,-0.5828f,0f,-0.9622f,0f,0f,0f,0f,1f],start_interpolation: 0,interpolation_duration: 1}
$data merge entity $(bone_left4) {transformation: [0.0422f,0.9739f,0.223f,-0.1253f,0.3423f,0.1956f,-0.919f,1.3091f,-0.9387f,0.1151f,-0.3251f,0.3593f,0f,0f,0f,1f],start_interpolation: 0,interpolation_duration: 1}
$data merge entity $(bone_left3) {transformation: [-0.4858f,0.8049f,0.3407f,-1.1575f,0.1647f,0.4671f,-0.8687f,0.8497f,-0.8584f,-0.366f,-0.3595f,0.4913f,0f,0f,0f,1f],start_interpolation: 0,interpolation_duration: 1}
$data merge entity $(bone_aura) {transformation: [-2.3086f,-0.3889f,0.3994f,-2.3498f,-0.4829f,2.2455f,-0.6045f,2.5902f,-0.2786f,-0.6688f,-2.2618f,-0.821f,0f,0f,0f,1f],start_interpolation: 0,interpolation_duration: 1}
$data merge entity $(bone_scythe) {transformation: [-1.6606f,-0.2798f,0.2873f,-0.9102f,-0.3473f,1.6152f,-0.4348f,1.9116f,-0.2004f,-0.481f,-1.6269f,-0.3854f,0f,0f,0f,1f],start_interpolation: 0,interpolation_duration: 1}
$data merge entity $(bone_right2) {transformation: [0.1733f,0.9095f,-0.3778f,-0.562f,-0.2552f,-0.329f,-0.9092f,1.4618f,-0.9512f,0.254f,0.1751f,-0.1848f,0f,0f,0f,1f],start_interpolation: 0,interpolation_duration: 1}
$data merge entity $(bone_right1) {transformation: [0.072f,0.9762f,0.2047f,-1.6217f,0.9968f,-0.0777f,0.0197f,1.2328f,0.0351f,0.2026f,-0.9786f,-0.4111f,0f,0f,0f,1f],start_interpolation: 0,interpolation_duration: 1}
data modify entity @s data merge value {"cameras":{},"locators":{"scythe_blade":{"posx":-1.7500898587311282,"posy":2.85337473924965,"posz":-0.7854021855957078,"roty":10.0135064904226,"rotx":-14.744481649693073},"scythe_pole":{"posx":-0.928268201629319,"posy":2.1067825959537583,"posz":-0.4407692859948681,"roty":10.0135064904226,"rotx":-14.744481649693073}}}