# This file was generated by Animated Java via MC-Build. It is not recommended to edit this file directly.
$data merge entity $(bone_hair_side) {transformation: [-0.9705f,0.0415f,0.2375f,-0.3409f,0.0217f,0.9961f,-0.0852f,1.9392f,-0.2401f,-0.0775f,-0.9676f,0.1602f,0f,0f,0f,1f],start_interpolation: 0,interpolation_duration: 1}
$data merge entity $(bone_hair_side1) {transformation: [-0.9705f,0.0415f,0.2375f,0.2353f,0.0217f,0.9961f,-0.0852f,1.9263f,-0.2401f,-0.0775f,-0.9676f,0.3027f,0f,0f,0f,1f],start_interpolation: 0,interpolation_duration: 1}
$data merge entity $(bone_beard) {transformation: [-0.9705f,0.0415f,0.2375f,-0.0678f,0.0217f,0.9961f,-0.0852f,1.616f,-0.2401f,-0.0775f,-0.9676f,0.2632f,0f,0f,0f,1f],start_interpolation: 0,interpolation_duration: 1}
$data merge entity $(bone_head) {transformation: [-0.9705f,-0.0004f,0.2411f,0f,0.0217f,0.9958f,0.0891f,1.7344f,-0.2401f,0.0917f,-0.9664f,0f,0f,0f,0f,1f],start_interpolation: 0,interpolation_duration: 1}
$data merge entity $(bone_body) {transformation: [-0.9839f,0f,0.5455f,0f,0f,1.125f,0f,1.0625f,-0.5455f,0f,-0.9839f,0f,0f,0f,0f,1f],start_interpolation: 0,interpolation_duration: 1}
$data merge entity $(bone_left4) {transformation: [0.0637f,0.982f,0.1781f,-0.1025f,0.4298f,0.134f,-0.8929f,1.3007f,-0.9007f,0.1334f,-0.4135f,0.3642f,0f,0f,0f,1f],start_interpolation: 0,interpolation_duration: 1}
$data merge entity $(bone_left3) {transformation: [-0.5639f,0.7588f,0.3258f,-1.1087f,0.1791f,0.4975f,-0.8488f,0.8126f,-0.8062f,-0.4203f,-0.4165f,0.572f,0f,0f,0f,1f],start_interpolation: 0,interpolation_duration: 1}
$data merge entity $(bone_aura) {transformation: [-2.2039f,-0.8573f,-0.22f,-2.6059f,-0.513f,1.7182f,-1.5573f,2.2985f,0.7213f,-1.3976f,-1.7796f,-0.6001f,0f,0f,0f,1f],start_interpolation: 0,interpolation_duration: 1}
$data merge entity $(bone_scythe) {transformation: [-1.5853f,-0.6167f,-0.1582f,-1.027f,-0.369f,1.2359f,-1.1201f,1.8585f,0.5188f,-1.0053f,-1.2801f,-0.4103f,0f,0f,0f,1f],start_interpolation: 0,interpolation_duration: 1}
$data merge entity $(bone_right2) {transformation: [-0.0873f,0.9526f,-0.2914f,-0.5957f,-0.6564f,-0.2751f,-0.7025f,1.4988f,-0.7493f,0.1299f,0.6493f,-0.1246f,0f,0f,0f,1f],start_interpolation: 0,interpolation_duration: 1}
$data merge entity $(bone_right1) {transformation: [0.1974f,0.9786f,0.0589f,-1.6971f,0.9802f,-0.1962f,-0.0247f,1.401f,-0.0126f,0.0626f,-0.998f,-0.1871f,0f,0f,0f,1f],start_interpolation: 0,interpolation_duration: 1}
data modify entity @s data merge value {"cameras":{},"locators":{"scythe_blade":{"posx":-2.0622121457894753,"posy":2.538604306541351,"posz":-0.8774141275683803,"roty":352.95393161370043,"rotx":-40.97248174988442},"scythe_pole":{"posx":-1.0858130121149316,"posy":2.008849061719764,"posz":-0.5345342472259756,"roty":352.95393161370043,"rotx":-40.97248174988442}}}