# This file was generated by Animated Java via MC-Build. It is not recommended to edit this file directly.
$data merge entity $(bone_hair_side) {transformation: [-0.9763f,0.0487f,0.2107f,-0.3346f,0.03f,0.9954f,-0.0909f,1.9429f,-0.2141f,-0.0824f,-0.9733f,0.1685f,0f,0f,0f,1f],start_interpolation: 0,interpolation_duration: 1}
$data merge entity $(bone_hair_side1) {transformation: [-0.9763f,0.0487f,0.2107f,0.2451f,0.03f,0.9954f,-0.0909f,1.9251f,-0.2141f,-0.0824f,-0.9733f,0.2956f,0f,0f,0f,1f],start_interpolation: 0,interpolation_duration: 1}
$data merge entity $(bone_beard) {transformation: [-0.9763f,0.0487f,0.2107f,-0.0618f,0.03f,0.9954f,-0.0909f,1.6175f,-0.2141f,-0.0824f,-0.9733f,0.2654f,0f,0f,0f,1f],start_interpolation: 0,interpolation_duration: 1}
$data merge entity $(bone_head) {transformation: [-0.9763f,0.0114f,0.2159f,0f,0.03f,0.9961f,0.0834f,1.7344f,-0.2141f,0.0879f,-0.9728f,0f,0f,0f,0f,1f],start_interpolation: 0,interpolation_duration: 1}
$data merge entity $(bone_body) {transformation: [-0.9979f,0f,0.5195f,0f,0f,1.125f,0f,1.0625f,-0.5195f,0f,-0.9979f,0f,0f,0f,0f,1f],start_interpolation: 0,interpolation_duration: 1}
$data merge entity $(bone_left4) {transformation: [0.0798f,0.9863f,0.1445f,-0.0859f,0.4851f,0.0882f,-0.87f,1.295f,-0.8708f,0.1395f,-0.4715f,0.3669f,0f,0f,0f,1f],start_interpolation: 0,interpolation_duration: 1}
$data merge entity $(bone_left3) {transformation: [-0.6149f,0.7242f,0.3122f,-1.0701f,0.1865f,0.5182f,-0.8347f,0.7865f,-0.7662f,-0.455f,-0.4537f,0.6252f,0f,0f,0f,1f],start_interpolation: 0,interpolation_duration: 1}
$data merge entity $(bone_aura) {transformation: [-1.8568f,-1.3385f,-0.6334f,-2.7249f,-0.2763f,1.3112f,-1.9609f,2.2278f,1.4548f,-1.4594f,-1.1808f,-0.1523f,0f,0f,0f,1f],start_interpolation: 0,interpolation_duration: 1}
$data merge entity $(bone_scythe) {transformation: [-1.3356f,-0.9628f,-0.4556f,-1.1351f,-0.1987f,0.9431f,-1.4105f,1.8285f,1.0465f,-1.0497f,-0.8494f,-0.3418f,0f,0f,0f,1f],start_interpolation: 0,interpolation_duration: 1}
$data merge entity $(bone_right2) {transformation: [-0.2616f,0.9586f,-0.1126f,-0.6121f,-0.8266f,-0.2827f,-0.4866f,1.5259f,-0.4983f,-0.0342f,0.8664f,-0.0831f,0f,0f,0f,1f],start_interpolation: 0,interpolation_duration: 1}
$data merge entity $(bone_right1) {transformation: [0.2811f,0.9586f,-0.0456f,-1.7184f,0.9586f,-0.2827f,-0.0338f,1.5267f,-0.0453f,-0.0342f,-0.9984f,-0.0326f,0f,0f,0f,1f],start_interpolation: 0,interpolation_duration: 1}
data modify entity @s data merge value {"cameras":{},"locators":{"scythe_blade":{"posx":-2.3032598337111674,"posy":2.3800024896862517,"posz":-0.6311639529037383,"roty":331.7904331541033,"rotx":-55.65363433064242},"scythe_pole":{"posx":-1.237394410858227,"posy":1.9424110292669727,"posz":-0.476221659985879,"roty":331.7904331541033,"rotx":-55.65363433064242}}}