# This file was generated by Animated Java via MC-Build. It is not recommended to edit this file directly.
$data merge entity $(bone_hair_side) {transformation: [-0.9864f,0.0364f,0.1602f,-0.327f,0.0246f,0.9969f,-0.0752f,1.9376f,-0.1624f,-0.0703f,-0.9842f,0.1887f,0f,0f,0f,1f],start_interpolation: -1,interpolation_duration: 0}
$data merge entity $(bone_hair_side1) {transformation: [-0.9864f,0.0364f,0.1602f,0.2587f,0.0246f,0.9969f,-0.0752f,1.923f,-0.1624f,-0.0703f,-0.9842f,0.2852f,0f,0f,0f,1f],start_interpolation: -1,interpolation_duration: 0}
$data merge entity $(bone_beard) {transformation: [-0.9864f,0.0364f,0.1602f,-0.0469f,0.0246f,0.9969f,-0.0752f,1.6133f,-0.1624f,-0.0703f,-0.9842f,0.2665f,0f,0f,0f,1f],start_interpolation: -1,interpolation_duration: 0}
$data merge entity $(bone_head) {transformation: [-0.9864f,0.008f,0.164f,0f,0.0246f,0.9948f,0.099f,1.7344f,-0.1624f,0.1017f,-0.9815f,0f,0f,0f,0f,1f],start_interpolation: -1,interpolation_duration: 0}
$data merge entity $(bone_body) {transformation: [-1.0652f,0f,0.3618f,0f,0f,1.125f,0f,1.0625f,-0.3618f,0f,-1.0652f,0f,0f,0f,0f,1f],start_interpolation: -1,interpolation_duration: 0}
$data merge entity $(bone_left4) {transformation: [-0.1242f,0.992f,-0.0224f,0.0065f,0.5589f,0.0513f,-0.8277f,1.2447f,-0.8199f,-0.1154f,-0.5608f,0.339f,0f,0f,0f,1f],start_interpolation: -1,interpolation_duration: 0}
$data merge entity $(bone_left3) {transformation: [-0.809f,0.4523f,0.3753f,-0.7411f,0.0913f,0.7275f,-0.68f,0.4775f,-0.5806f,-0.5159f,-0.6299f,0.7218f,0f,0f,0f,1f],start_interpolation: -1,interpolation_duration: 0}
$data merge entity $(bone_aura) {transformation: [-1.2702f,-1.7118f,-1.0474f,-2.569f,-0.2534f,1.3665f,-1.9259f,2.2563f,1.9907f,-0.9183f,-0.9135f,0.7645f,0f,0f,0f,1f],start_interpolation: -1,interpolation_duration: 0}
$data merge entity $(bone_scythe) {transformation: [-0.9137f,-1.2313f,-0.7534f,-1.1463f,-0.1823f,0.9829f,-1.3853f,1.821f,1.4319f,-0.6605f,-0.6571f,0.051f,0f,0f,0f,1f],start_interpolation: -1,interpolation_duration: 0}
$data merge entity $(bone_right2) {transformation: [-0.4367f,0.8714f,0.2234f,-0.5658f,-0.8118f,-0.2748f,-0.5152f,1.5139f,-0.3876f,-0.4063f,0.8274f,0.0807f,0f,0f,0f,1f],start_interpolation: -1,interpolation_duration: 0}
$data merge entity $(bone_right1) {transformation: [0.2811f,0.8714f,-0.4019f,-1.5796f,0.9586f,-0.2748f,0.0748f,1.5062f,-0.0453f,-0.4063f,-0.9126f,0.5266f,0f,0f,0f,1f],start_interpolation: -1,interpolation_duration: 0}
execute on vehicle unless entity @s[tag=aj.transforms_only] positioned ^-2.3276934372 ^2.4055934145 ^0.1731424598 rotated ~311.0935465929 ~-54.1857223374 run function animated_java:lich/animations/swing3/zzz/frames/26_locator_commands
execute on vehicle unless entity @s[tag=aj.transforms_only] positioned ^-1.2842967833 ^1.9395606052 ^-0.0406315874 rotated ~311.0935465929 ~-54.1857223374 run function animated_java:lich/animations/swing3/zzz/frames/26_locator_commands
data modify entity @s data merge value {"cameras":{},"locators":{"scythe_blade":{"posx":-2.32769343722013,"posy":2.4055934144998536,"posz":0.1731424598109644,"roty":311.09354659291944,"rotx":-54.18572233741184},"scythe_pole":{"posx":-1.284296783308575,"posy":1.9395606051995726,"posz":-0.040631587402113326,"roty":311.09354659291944,"rotx":-54.18572233741184}}}
execute on vehicle unless entity @s[tag=aj.transforms_only] at @s run function animated_java:lich/animations/swing3/zzz/frames/26_root_commands