# This file was generated by Animated Java via MC-Build. It is not recommended to edit this file directly.
$data merge entity $(bone_hair_side) {transformation: [-0.9962f,0.0206f,0.0844f,-0.3135f,0.0162f,0.9985f,-0.0532f,1.9298f,-0.0854f,-0.0517f,-0.995f,0.2176f,0f,0f,0f,1f],start_interpolation: 0,interpolation_duration: 1}
$data merge entity $(bone_hair_side1) {transformation: [-0.9962f,0.0206f,0.0844f,0.278f,0.0162f,0.9985f,-0.0532f,1.9202f,-0.0854f,-0.0517f,-0.995f,0.2683f,0f,0f,0f,1f],start_interpolation: 0,interpolation_duration: 1}
$data merge entity $(bone_beard) {transformation: [-0.9962f,0.0206f,0.0844f,-0.0249f,0.0162f,0.9985f,-0.0532f,1.6073f,-0.0854f,-0.0517f,-0.995f,0.2667f,0f,0f,0f,1f],start_interpolation: 0,interpolation_duration: 1}
$data merge entity $(bone_head) {transformation: [-0.9962f,0.0057f,0.0867f,0f,0.0162f,0.9925f,0.121f,1.7344f,-0.0854f,0.1219f,-0.9889f,0f,0f,0f,0f,1f],start_interpolation: 0,interpolation_duration: 1}
$data merge entity $(bone_body) {transformation: [-1.1191f,0f,0.1153f,0f,0f,1.125f,0f,1.0625f,-0.1153f,0f,-1.1191f,0f,0f,0f,0f,1f],start_interpolation: 0,interpolation_duration: 1}
$data merge entity $(bone_left4) {transformation: [-0.4534f,0.8761f,-0.1641f,0.1619f,0.5431f,0.1255f,-0.8302f,1.2162f,-0.7067f,-0.4656f,-0.5327f,0.2682f,0f,0f,0f,1f],start_interpolation: 0,interpolation_duration: 1}
$data merge entity $(bone_left3) {transformation: [-0.9582f,-0.0101f,0.2861f,-0.1265f,-0.1506f,0.8678f,-0.4736f,0.22f,-0.2435f,-0.4969f,-0.833f,0.7356f,0f,0f,0f,1f],start_interpolation: 0,interpolation_duration: 1}
$data merge entity $(bone_aura) {transformation: [-0.101f,-1.9712f,-1.321f,-1.8258f,-0.369f,1.3191f,-1.9402f,2.0932f,2.344f,0.1227f,-0.3624f,1.9442f,0f,0f,0f,1f],start_interpolation: 0,interpolation_duration: 1}
$data merge entity $(bone_scythe) {transformation: [-0.0727f,-1.4179f,-0.9502f,-0.9399f,-0.2654f,0.9488f,-1.3956f,1.7417f,1.686f,0.0882f,-0.2606f,0.5972f,0f,0f,0f,1f],start_interpolation: 0,interpolation_duration: 1}
$data merge entity $(bone_right2) {transformation: [-0.5542f,0.5193f,0.6506f,-0.4278f,-0.8174f,-0.1916f,-0.5433f,1.4739f,-0.1575f,-0.8328f,0.5306f,0.284f,0f,0f,0f,1f],start_interpolation: 0,interpolation_duration: 1}
$data merge entity $(bone_right1) {transformation: [0.2811f,0.5193f,-0.807f,-1.0674f,0.9586f,-0.1916f,0.2106f,1.3779f,-0.0453f,-0.8328f,-0.5517f,1.1831f,0f,0f,0f,1f],start_interpolation: 0,interpolation_duration: 1}
execute on vehicle unless entity @s[tag=aj.transforms_only] positioned ^-1.9152093764 ^2.2708193641 ^1.3192346877 rotated ~285.3394806801 ~-54.7784966177 run function animated_java:lich/animations/swing3/zzz/frames/27_locator_commands
execute on vehicle unless entity @s[tag=aj.transforms_only] positioned ^-1.1078697798 ^1.8569192413 ^0.5922876716 rotated ~285.3394806801 ~-54.7784966177 run function animated_java:lich/animations/swing3/zzz/frames/27_locator_commands
data modify entity @s data merge value {"cameras":{},"locators":{"scythe_blade":{"posx":-1.9152093763665392,"posy":2.270819364052239,"posz":1.3192346876751526,"roty":285.3394806800697,"rotx":-54.77849661774958},"scythe_pole":{"posx":-1.1078697798132853,"posy":1.856919241295095,"posz":0.5922876715736705,"roty":285.3394806800697,"rotx":-54.77849661774958}}}
execute on vehicle unless entity @s[tag=aj.transforms_only] if entity @s[tag=phase2] run function animated_java:lich/variants/scythe_aura/apply
execute on vehicle unless entity @s[tag=aj.transforms_only] at @s run function animated_java:lich/animations/swing3/zzz/frames/27_root_commands