# This file was generated by Animated Java via MC-Build. It is not recommended to edit this file directly.
$data merge entity $(bone_hair_side) {transformation: [-0.9343f,0.0157f,0.3561f,-0.3648f,-0.0077f,0.9979f,-0.0641f,1.9254f,-0.3564f,-0.0626f,-0.9322f,0.1193f,0f,0f,0f,1f],start_interpolation: 0,interpolation_duration: 1}
$data merge entity $(bone_hair_side1) {transformation: [-0.9343f,0.0157f,0.3561f,0.1899f,-0.0077f,0.9979f,-0.0641f,1.93f,-0.3564f,-0.0626f,-0.9322f,0.3309f,0f,0f,0f,1f],start_interpolation: 0,interpolation_duration: 1}
$data merge entity $(bone_beard) {transformation: [-0.9343f,0.0157f,0.3561f,-0.095f,-0.0077f,0.9979f,-0.0641f,1.6102f,-0.3564f,-0.0626f,-0.9322f,0.2519f,0f,0f,0f,1f],start_interpolation: 0,interpolation_duration: 1}
$data merge entity $(bone_head) {transformation: [-0.9343f,-0.0464f,0.3534f,0f,-0.0077f,0.9939f,0.1101f,1.7344f,-0.3564f,0.1002f,-0.929f,0f,0f,0f,0f,1f],start_interpolation: 0,interpolation_duration: 1}
$data merge entity $(bone_body) {transformation: [-0.888f,0f,0.6907f,0f,0f,1.125f,0f,1.0625f,-0.6907f,0f,-0.888f,0f,0f,0f,0f,1f],start_interpolation: 0,interpolation_duration: 1}
$data merge entity $(bone_left4) {transformation: [0.0859f,0.9643f,0.2504f,-0.18f,0.1406f,0.237f,-0.9613f,1.3461f,-0.9863f,0.1178f,-0.1153f,0.3537f,0f,0f,0f,1f],start_interpolation: 0,interpolation_duration: 1}
$data merge entity $(bone_left3) {transformation: [-0.2644f,0.9225f,0.2814f,-1.2716f,0.1186f,0.3207f,-0.9397f,1.0324f,-0.9571f,-0.2151f,-0.1942f,0.2898f,0f,0f,0f,1f],start_interpolation: 0,interpolation_duration: 1}
$data merge entity $(bone_aura) {transformation: [-2.0603f,-0.607f,1.0135f,-2.2466f,0.1339f,1.9044f,1.4128f,2.7061f,-1.1738f,1.2828f,-1.6178f,-0.36f,0f,0f,0f,1f],start_interpolation: 0,interpolation_duration: 1}
$data merge entity $(bone_scythe) {transformation: [-1.482f,-0.4366f,0.729f,-0.8524f,0.0963f,1.3698f,1.0162f,1.8303f,-0.8443f,0.9227f,-1.1637f,-0.2515f,0f,0f,0f,1f],start_interpolation: 0,interpolation_duration: 1}
$data merge entity $(bone_right2) {transformation: [0.4316f,0.8965f,-0.0999f,-0.4681f,0.5938f,-0.3657f,-0.7168f,1.4248f,-0.6791f,0.25f,-0.6901f,-0.3388f,0f,0f,0f,1f],start_interpolation: 0,interpolation_duration: 1}
$data merge entity $(bone_right1) {transformation: [-0.137f,0.8304f,0.5401f,-1.3076f,0.984f,0.0512f,0.1709f,1.0629f,0.1143f,0.5549f,-0.8241f,-0.964f,0f,0f,0f,1f],start_interpolation: 0,interpolation_duration: 1}
data modify entity @s data merge value {"cameras":{},"locators":{"scythe_blade":{"posx":-1.7268246537170753,"posy":2.7827489471881988,"posz":0.03254231753700909,"roty":32.06580887965853,"rotx":36.503250799343554},"scythe_pole":{"posx":-0.8907934127148436,"posy":1.9922620645285982,"posz":-0.13402524356471268,"roty":32.06580887965853,"rotx":36.503250799343554}}}