# This file was generated by Animated Java via MC-Build. It is not recommended to edit this file directly.
$data merge entity $(bone_hair_side) {transformation: [-0.9457f,0.0292f,0.3238f,-0.3576f,0.0046f,0.997f,-0.0767f,1.9321f,-0.325f,-0.0711f,-0.943f,0.1299f,0f,0f,0f,1f],start_interpolation: 0,interpolation_duration: 1}
$data merge entity $(bone_hair_side1) {transformation: [-0.9457f,0.0292f,0.3238f,0.2039f,0.0046f,0.997f,-0.0767f,1.9294f,-0.325f,-0.0711f,-0.943f,0.3229f,0f,0f,0f,1f],start_interpolation: 0,interpolation_duration: 1}
$data merge entity $(bone_beard) {transformation: [-0.9457f,0.0292f,0.3238f,-0.0885f,0.0046f,0.997f,-0.0767f,1.6136f,-0.325f,-0.0711f,-0.943f,0.2559f,0f,0f,0f,1f],start_interpolation: 0,interpolation_duration: 1}
$data merge entity $(bone_head) {transformation: [-0.9457f,-0.0274f,0.3239f,0f,0.0046f,0.9952f,0.0976f,1.7344f,-0.325f,0.0938f,-0.941f,0f,0f,0f,0f,1f],start_interpolation: 0,interpolation_duration: 1}
$data merge entity $(bone_body) {transformation: [-0.9024f,0f,0.6717f,0f,0f,1.125f,0f,1.0625f,-0.6717f,0f,-0.9024f,0f,0f,0f,0f,1f],start_interpolation: 0,interpolation_duration: 1}
$data merge entity $(bone_left4) {transformation: [0.1397f,0.967f,0.213f,-0.1685f,0.22f,0.1794f,-0.9588f,1.3458f,-0.9654f,0.1809f,-0.1877f,0.363f,0f,0f,0f,1f],start_interpolation: 0,interpolation_duration: 1}
$data merge entity $(bone_left3) {transformation: [-0.3215f,0.9104f,0.2605f,-1.2647f,0.1448f,0.3191f,-0.9366f,1.042f,-0.9358f,-0.2634f,-0.2344f,0.3586f,0f,0f,0f,1f],start_interpolation: 0,interpolation_duration: 1}
$data merge entity $(bone_aura) {transformation: [-2.0566f,-0.3646f,1.1306f,-2.1222f,-0.2823f,2.3456f,0.2428f,2.7588f,-1.1539f,0.0759f,-2.0745f,-1.0456f,0f,0f,0f,1f],start_interpolation: 0,interpolation_duration: 1}
$data merge entity $(bone_scythe) {transformation: [-1.4793f,-0.2622f,0.8132f,-0.8321f,-0.2031f,1.6872f,0.1747f,1.9272f,-0.83f,0.0546f,-1.4922f,-0.4399f,0f,0f,0f,1f],start_interpolation: 0,interpolation_duration: 1}
$data merge entity $(bone_right2) {transformation: [0.4807f,0.8277f,-0.2896f,-0.5182f,0.1013f,-0.3805f,-0.9192f,1.449f,-0.871f,0.4125f,-0.2667f,-0.3043f,0f,0f,0f,1f],start_interpolation: 0,interpolation_duration: 1}
$data merge entity $(bone_right1) {transformation: [-0.0104f,0.8768f,0.4808f,-1.4465f,0.9978f,-0.0227f,0.0631f,1.1613f,0.0662f,0.4804f,-0.8745f,-0.8354f,0f,0f,0f,1f],start_interpolation: 0,interpolation_duration: 1}
data modify entity @s data merge value {"cameras":{},"locators":{"scythe_blade":{"posx":-1.5890149391813346,"posy":2.9738592181480916,"posz":-0.7298720497468064,"roty":28.590051432125534,"rotx":5.8682965022275795},"scythe_pole":{"posx":-0.8497763263165088,"posy":2.1296833978054353,"posz":-0.4258063371146654,"roty":28.590051432125534,"rotx":5.8682965022275795}}}