# This file was generated by Animated Java via MC-Build. It is not recommended to edit this file directly.
$data merge entity $(bone_hair_side) {transformation: [-0.9568f,0.0404f,0.288f,-0.3499f,0.016f,0.9961f,-0.0865f,1.9378f,-0.2904f,-0.0781f,-0.9537f,0.1416f,0f,0f,0f,1f],start_interpolation: 0,interpolation_duration: 1}
$data merge entity $(bone_hair_side1) {transformation: [-0.9568f,0.0404f,0.288f,0.2182f,0.016f,0.9961f,-0.0865f,1.9283f,-0.2904f,-0.0781f,-0.9537f,0.314f,0f,0f,0f,1f],start_interpolation: 0,interpolation_duration: 1}
$data merge entity $(bone_beard) {transformation: [-0.9568f,0.0404f,0.288f,-0.0808f,0.016f,0.9961f,-0.0865f,1.6163f,-0.2904f,-0.0781f,-0.9537f,0.2597f,0f,0f,0f,1f],start_interpolation: 0,interpolation_duration: 1}
$data merge entity $(bone_head) {transformation: [-0.9568f,-0.0103f,0.2907f,0f,0.016f,0.996f,0.0878f,1.7344f,-0.2904f,0.0887f,-0.9528f,0f,0f,0f,0f,1f],start_interpolation: 0,interpolation_duration: 1}
$data merge entity $(bone_body) {transformation: [-0.9247f,0f,0.6407f,0f,0f,1.125f,0f,1.0625f,-0.6407f,0f,-0.9247f,0f,0f,0f,0f,1f],start_interpolation: 0,interpolation_duration: 1}
$data merge entity $(bone_left4) {transformation: [0.1713f,0.9677f,0.1849f,-0.1513f,0.3034f,0.1268f,-0.9444f,1.3388f,-0.9374f,0.2179f,-0.2719f,0.3703f,0f,0f,0f,1f],start_interpolation: 0,interpolation_duration: 1}
$data merge entity $(bone_left3) {transformation: [-0.3962f,0.8818f,0.256f,-1.2395f,0.1713f,0.3449f,-0.9229f,1.0151f,-0.9021f,-0.3218f,-0.2877f,0.4403f,0f,0f,0f,1f],start_interpolation: 0,interpolation_duration: 1}
$data merge entity $(bone_aura) {transformation: [-2.2436f,-0.3303f,0.7055f,-2.2493f,-0.5965f,2.1118f,-0.9084f,2.4633f,-0.501f,-1.0353f,-2.0779f,-1.2795f,0f,0f,0f,1f],start_interpolation: 0,interpolation_duration: 1}
$data merge entity $(bone_scythe) {transformation: [-1.6138f,-0.2375f,0.5075f,-0.8704f,-0.429f,1.519f,-0.6534f,1.9038f,-0.3604f,-0.7447f,-1.4946f,-0.5667f,0f,0f,0f,1f],start_interpolation: 0,interpolation_duration: 1}
$data merge entity $(bone_right2) {transformation: [0.302f,0.8499f,-0.4319f,-0.5643f,-0.3831f,-0.3067f,-0.8713f,1.4766f,-0.8729f,0.4286f,0.233f,-0.2554f,0f,0f,0f,1f],start_interpolation: 0,interpolation_duration: 1}
$data merge entity $(bone_right1) {transformation: [0.111f,0.9217f,0.3718f,-1.5782f,0.9936f,-0.1106f,-0.0225f,1.2836f,0.0204f,0.3719f,-0.928f,-0.657f,0f,0f,0f,1f],start_interpolation: 0,interpolation_duration: 1}
data modify entity @s data merge value {"cameras":{},"locators":{"scythe_blade":{"posx":-1.6636914301997219,"posy":2.7492384956357645,"posz":-1.2056529804310232,"roty":18.753360372673797,"rotx":-22.486663813192777},"scythe_pole":{"posx":-0.8838599050666652,"posy":2.088296765008186,"posz":-0.6519551195685557,"roty":18.753360372673797,"rotx":-22.486663813192777}}}