# This file was generated by Animated Java via MC-Build. It is not recommended to edit this file directly.
$data merge entity $(bone_hair_side) {transformation: [-0.9763f,0.0487f,0.2107f,-0.3346f,0.03f,0.9954f,-0.0909f,1.9429f,-0.2141f,-0.0824f,-0.9733f,0.1685f,0f,0f,0f,1f],start_interpolation: 0,interpolation_duration: 1}
$data merge entity $(bone_hair_side1) {transformation: [-0.9763f,0.0487f,0.2107f,0.2451f,0.03f,0.9954f,-0.0909f,1.9251f,-0.2141f,-0.0824f,-0.9733f,0.2956f,0f,0f,0f,1f],start_interpolation: 0,interpolation_duration: 1}
$data merge entity $(bone_beard) {transformation: [-0.9763f,0.0487f,0.2107f,-0.0618f,0.03f,0.9954f,-0.0909f,1.6175f,-0.2141f,-0.0824f,-0.9733f,0.2654f,0f,0f,0f,1f],start_interpolation: 0,interpolation_duration: 1}
$data merge entity $(bone_head) {transformation: [-0.9763f,0.0114f,0.2159f,0f,0.03f,0.9961f,0.0834f,1.7344f,-0.2141f,0.0879f,-0.9728f,0f,0f,0f,0f,1f],start_interpolation: 0,interpolation_duration: 1}
$data merge entity $(bone_body) {transformation: [-0.9979f,0f,0.5195f,0f,0f,1.125f,0f,1.0625f,-0.5195f,0f,-0.9979f,0f,0f,0f,0f,1f],start_interpolation: 0,interpolation_duration: 1}
$data merge entity $(bone_left4) {transformation: [0.0798f,0.9863f,0.1445f,-0.0859f,0.4851f,0.0882f,-0.87f,1.295f,-0.8708f,0.1395f,-0.4715f,0.3669f,0f,0f,0f,1f],start_interpolation: 0,interpolation_duration: 1}
$data merge entity $(bone_left3) {transformation: [-0.6149f,0.7242f,0.3122f,-1.0701f,0.1865f,0.5182f,-0.8347f,0.7865f,-0.7662f,-0.455f,-0.4537f,0.6252f,0f,0f,0f,1f],start_interpolation: 0,interpolation_duration: 1}
$data merge entity $(bone_aura) {transformation: [-1.9156f,-1.2786f,-0.5801f,-2.7217f,-0.2626f,1.2902f,-1.9766f,2.2217f,1.3792f,-1.5301f,-1.182f,-0.2628f,0f,0f,0f,1f],start_interpolation: 0,interpolation_duration: 1}
$data merge entity $(bone_scythe) {transformation: [-1.3779f,-0.9197f,-0.4173f,-1.1247f,-0.1889f,0.9281f,-1.4218f,1.8236f,0.9921f,-1.1006f,-0.8502f,-0.3808f,0f,0f,0f,1f],start_interpolation: 0,interpolation_duration: 1}
$data merge entity $(bone_right2) {transformation: [-0.2391f,0.9597f,-0.1479f,-0.6124f,-0.8332f,-0.281f,-0.4762f,1.5253f,-0.4986f,0.0094f,0.8668f,-0.0967f,0f,0f,0f,1f],start_interpolation: 0,interpolation_duration: 1}
$data merge entity $(bone_right1) {transformation: [0.2811f,0.9597f,-0.0037f,-1.7199f,0.9586f,-0.281f,-0.0461f,1.5243f,-0.0453f,0.0094f,-0.9989f,-0.0925f,0f,0f,0f,1f],start_interpolation: 0,interpolation_duration: 1}
data modify entity @s data merge value {"cameras":{},"locators":{"scythe_blade":{"posx":-2.28065595363965,"posy":2.3689211363632032,"posz":-0.7254668861498044,"roty":333.8604305825139,"rotx":-56.33051368581292},"scythe_pole":{"posx":-1.2214537809936612,"posy":1.935634601322411,"posz":-0.5207328244640129,"roty":333.8604305825139,"rotx":-56.33051368581292}}}
execute on vehicle unless entity @s[tag=aj.transforms_only] at @s run function animated_java:lich/animations/swing3/zzz/frames/31_root_commands