# This file was generated by Animated Java via MC-Build. It is not recommended to edit this file directly.
$data merge entity $(bone_hair_side) {transformation: [-0.9882f,-0.0091f,-0.1529f,-0.2562f,-0.0098f,0.9999f,0.004f,1.9079f,0.1528f,0.0055f,-0.9882f,0.2968f,0f,0f,0f,1f],start_interpolation: 0,interpolation_duration: 1}
$data merge entity $(bone_hair_side1) {transformation: [-0.9882f,-0.0091f,-0.1529f,0.3305f,-0.0098f,0.9999f,0.004f,1.9137f,0.1528f,0.0055f,-0.9882f,0.206f,0f,0f,0f,1f],start_interpolation: 0,interpolation_duration: 1}
$data merge entity $(bone_beard) {transformation: [-0.9882f,-0.0091f,-0.1529f,0.0411f,-0.0098f,0.9999f,0.004f,1.5922f,0.1528f,0.0055f,-0.9882f,0.2569f,0f,0f,0f,1f],start_interpolation: 0,interpolation_duration: 1}
$data merge entity $(bone_head) {transformation: [-0.9882f,0.0176f,-0.1521f,0f,-0.0098f,0.9841f,0.1776f,1.7344f,0.1528f,0.177f,-0.9723f,0f,0f,0f,0f,1f],start_interpolation: 0,interpolation_duration: 1}
$data merge entity $(bone_body) {transformation: [-0.9184f,0f,-0.6497f,0f,0f,1.125f,0f,1.0625f,0.6497f,0f,-0.9184f,0f,0f,0f,0f,1f],start_interpolation: 0,interpolation_duration: 1}
$data merge entity $(bone_left4) {transformation: [-0.9844f,0.0056f,0.1761f,0.491f,-0.1485f,0.5112f,-0.8465f,1.3586f,-0.0948f,-0.8594f,-0.5024f,-0.0595f,0f,0f,0f,1f],start_interpolation: 0,interpolation_duration: 1}
$data merge entity $(bone_left3) {transformation: [-0.3584f,-0.8623f,-0.3576f,1.3222f,-0.5404f,0.504f,-0.6737f,0.6385f,0.7612f,-0.0482f,-0.6467f,0.2311f,0f,0f,0f,1f],start_interpolation: 0,interpolation_duration: 1}
$data merge entity $(bone_aura) {transformation: [2.2664f,0.2304f,-0.6716f,1.8832f,-0.6553f,-0.1863f,-2.2752f,0.6749f,-0.2734f,2.3564f,-0.1142f,1.6655f,0f,0f,0f,1f],start_interpolation: 0,interpolation_duration: 1}
$data merge entity $(bone_scythe) {transformation: [1.6302f,0.1657f,-0.4831f,0.5337f,-0.4714f,-0.134f,-1.6365f,1.1155f,-0.1967f,1.695f,-0.0822f,0.8244f,0f,0f,0f,1f],start_interpolation: 0,interpolation_duration: 1}
$data merge entity $(bone_right2) {transformation: [-0.2878f,-0.9045f,0.3148f,0.1137f,-0.9564f,0.2882f,-0.0464f,1.2826f,-0.0487f,-0.3144f,-0.948f,0.3471f,0f,0f,0f,1f],start_interpolation: 0,interpolation_duration: 1}
$data merge entity $(bone_right1) {transformation: [0.3233f,-0.9045f,-0.2782f,0.9736f,0.9441f,0.2882f,0.1602f,0.6813f,-0.0647f,-0.3144f,0.9471f,0.7014f,0f,0f,0f,1f],start_interpolation: 0,interpolation_duration: 1}
data modify entity @s data merge value {"cameras":{},"locators":{"scythe_blade":{"posx":1.2854911381476857,"posy":0.840676415734975,"posz":1.8787424037766558,"roty":279.6512552726154,"rotx":-73.3301347319409},"scythe_pole":{"posx":0.5384893028331189,"posy":1.10391672059545,"posz":1.0277105007708798,"roty":279.6512552726154,"rotx":-73.3301347319409}}}
execute on vehicle unless entity @s[tag=aj.transforms_only] at @s run function animated_java:lich/animations/swing3/zzz/frames/32_root_commands