# This file was generated by Animated Java via MC-Build. It is not recommended to edit this file directly.
$data merge entity $(bone_hair_side) {transformation: [-0.9885f,0.0402f,0.1458f,-0.3233f,0.029f,0.9965f,-0.0779f,1.9396f,-0.1484f,-0.0728f,-0.9862f,0.193f,0f,0f,0f,1f],start_interpolation: 0,interpolation_duration: 1}
$data merge entity $(bone_hair_side1) {transformation: [-0.9885f,0.0402f,0.1458f,0.2636f,0.029f,0.9965f,-0.0779f,1.9223f,-0.1484f,-0.0728f,-0.9862f,0.2811f,0f,0f,0f,1f],start_interpolation: 0,interpolation_duration: 1}
$data merge entity $(bone_beard) {transformation: [-0.9885f,0.0402f,0.1458f,-0.0437f,0.029f,0.9965f,-0.0779f,1.614f,-0.1484f,-0.0728f,-0.9862f,0.2674f,0f,0f,0f,1f],start_interpolation: 0,interpolation_duration: 1}
$data merge entity $(bone_head) {transformation: [-0.9885f,0.0143f,0.1505f,0f,0.029f,0.9949f,0.0963f,1.7344f,-0.1484f,0.0996f,-0.9839f,0f,0f,0f,0f,1f],start_interpolation: 0,interpolation_duration: 1}
$data merge entity $(bone_body) {transformation: [-1.0702f,0f,0.3469f,0f,0f,1.125f,0f,1.0625f,-0.3469f,0f,-1.0702f,0f,0f,0f,0f,1f],start_interpolation: 0,interpolation_duration: 1}
$data merge entity $(bone_left4) {transformation: [-0.1181f,0.9558f,-0.2691f,0.0168f,0.5851f,-0.152f,-0.7966f,1.2429f,-0.8023f,-0.2515f,-0.5413f,0.329f,0f,0f,0f,1f],start_interpolation: 0,interpolation_duration: 1}
$data merge entity $(bone_left3) {transformation: [-0.829f,0.4288f,0.3589f,-0.7113f,0.0877f,0.7336f,-0.6739f,0.468f,-0.5523f,-0.5272f,-0.6458f,0.7331f,0f,0f,0f,1f],start_interpolation: 0,interpolation_duration: 1}
$data merge entity $(bone_aura) {transformation: [-1.0402f,-1.8578f,-1.0522f,-2.5218f,-0.0434f,1.1885f,-2.0557f,2.2876f,2.1346f,-0.8812f,-0.5545f,0.8964f,0f,0f,0f,1f],start_interpolation: 0,interpolation_duration: 1}
$data merge entity $(bone_scythe) {transformation: [-0.7482f,-1.3363f,-0.7568f,-1.1647f,-0.0312f,0.8549f,-1.4787f,1.8112f,1.5354f,-0.6338f,-0.3989f,0.0878f,0f,0f,0f,1f],start_interpolation: 0,interpolation_duration: 1}
$data merge entity $(bone_right2) {transformation: [-0.439f,0.8349f,0.3321f,-0.5714f,-0.8667f,-0.2961f,-0.4014f,1.5281f,-0.2368f,-0.4641f,0.8536f,0.0899f,0f,0f,0f,1f],start_interpolation: 0,interpolation_duration: 1}
$data merge entity $(bone_right1) {transformation: [0.3246f,0.8508f,-0.4132f,-1.5768f,0.9438f,-0.3203f,0.082f,1.5735f,-0.0626f,-0.4166f,-0.9069f,0.5521f,0f,0f,0f,1f],start_interpolation: 0,interpolation_duration: 1}
execute on vehicle unless entity @s[tag=aj.transforms_only] positioned ^-2.3511844877 ^2.3697092982 ^0.2684671501 rotated ~297.7902510453 ~-59.9487440208 run function animated_java:lich/animations/swing3/zzz/frames/32_locator_commands
execute on vehicle unless entity @s[tag=aj.transforms_only] positioned ^-1.3167156597 ^1.9131084421 ^-0.0016298734 rotated ~297.7902510453 ~-59.9487440208 run function animated_java:lich/animations/swing3/zzz/frames/32_locator_commands
data modify entity @s data merge value {"cameras":{},"locators":{"scythe_blade":{"posx":-2.351184487688458,"posy":2.369709298171759,"posz":0.2684671501162772,"roty":297.7902510453007,"rotx":-59.9487440207676},"scythe_pole":{"posx":-1.31671565967667,"posy":1.9131084420880606,"posz":-0.001629873368899304,"roty":297.7902510453007,"rotx":-59.9487440207676}}}
execute on vehicle unless entity @s[tag=aj.transforms_only] at @s run function animated_java:lich/animations/swing3/zzz/frames/32_root_commands