# This file was generated by Animated Java via MC-Build. It is not recommended to edit this file directly.
$data merge entity $(bone_hair_side) {transformation: [-0.9999f,0.0096f,-0.0115f,-0.2922f,0.01f,0.9994f,-0.0321f,1.9228f,0.0111f,-0.0322f,-0.9994f,0.2509f,0f,0f,0f,1f],start_interpolation: 0,interpolation_duration: 1}
$data merge entity $(bone_hair_side1) {transformation: [-0.9999f,0.0096f,-0.0115f,0.3015f,0.01f,0.9994f,-0.0321f,1.9169f,0.0111f,-0.0322f,-0.9994f,0.2442f,0f,0f,0f,1f],start_interpolation: 0,interpolation_duration: 1}
$data merge entity $(bone_beard) {transformation: [-0.9999f,0.0096f,-0.0115f,0.0016f,0.01f,0.9994f,-0.0321f,1.6016f,0.0111f,-0.0322f,-0.9994f,0.2651f,0f,0f,0f,1f],start_interpolation: 0,interpolation_duration: 1}
$data merge entity $(bone_head) {transformation: [-0.9999f,0.0115f,-0.0096f,0f,0.01f,0.9898f,0.142f,1.7344f,0.0111f,0.1419f,-0.9898f,0f,0f,0f,0f,1f],start_interpolation: 0,interpolation_duration: 1}
$data merge entity $(bone_body) {transformation: [-1.1112f,0f,-0.1756f,0f,0f,1.125f,0f,1.0625f,0.1756f,0f,-1.1112f,0f,0f,0f,0f,1f],start_interpolation: 0,interpolation_duration: 1}
$data merge entity $(bone_left4) {transformation: [-0.8114f,0.5363f,-0.2324f,0.3269f,0.3337f,0.0986f,-0.9375f,1.2456f,-0.4799f,-0.8382f,-0.259f,0.1155f,0f,0f,0f,1f],start_interpolation: 0,interpolation_duration: 1}
$data merge entity $(bone_left3) {transformation: [-0.8802f,-0.4747f,0.0003f,0.571f,-0.434f,0.8045f,-0.4055f,0.23f,0.1922f,-0.3571f,-0.9141f,0.5661f,0f,0f,0f,1f],start_interpolation: 0,interpolation_duration: 1}
$data merge entity $(bone_aura) {transformation: [1.3624f,-1.6611f,-1.0125f,-0.3867f,-0.5013f,0.8945f,-2.1422f,1.6393f,1.8797f,1.4426f,0.1626f,2.6685f,0f,0f,0f,1f],start_interpolation: 0,interpolation_duration: 1}
$data merge entity $(bone_scythe) {transformation: [0.98f,-1.1948f,-0.7283f,-0.4402f,-0.3606f,0.6434f,-1.5409f,1.5397f,1.352f,1.0377f,0.1169f,1.0224f,0f,0f,0f,1f],start_interpolation: 0,interpolation_duration: 1}
$data merge entity $(bone_right2) {transformation: [-0.4278f,-0.1139f,0.8966f,-0.2192f,-0.9016f,-0.0157f,-0.4322f,1.4096f,0.0634f,-0.9934f,-0.096f,0.4171f,0f,0f,0f,1f],start_interpolation: 0,interpolation_duration: 1}
$data merge entity $(bone_right1) {transformation: [0.3138f,-0.0778f,-0.9463f,-0.2346f,0.9477f,-0.0355f,0.3172f,1.1512f,-0.0583f,-0.9963f,0.0626f,1.4939f,0f,0f,0f,1f],start_interpolation: 0,interpolation_duration: 1}
execute on vehicle unless entity @s[tag=aj.transforms_only] positioned ^-0.852578516 ^1.8274878808 ^2.2469474317 rotated ~260.8788477313 ~-64.42085222 run function animated_java:lich/animations/swing3/zzz/frames/34_locator_commands
execute on vehicle unless entity @s[tag=aj.transforms_only] positioned ^-0.5912606313 ^1.6194867258 ^1.1333896277 rotated ~260.8788477313 ~-64.42085222 run function animated_java:lich/animations/swing3/zzz/frames/34_locator_commands
data modify entity @s data merge value {"cameras":{},"locators":{"scythe_blade":{"posx":-0.8525785159593637,"posy":1.8274878808100463,"posz":2.24694743168104,"roty":260.87884773130884,"rotx":-64.42085222001863},"scythe_pole":{"posx":-0.5912606313229286,"posy":1.6194867258373806,"posz":1.133389627748448,"roty":260.87884773130884,"rotx":-64.42085222001863}}}
execute on vehicle unless entity @s[tag=aj.transforms_only] at @s run function animated_java:lich/animations/swing3/zzz/frames/34_root_commands