# This file was generated by Animated Java via MC-Build. It is not recommended to edit this file directly.
$data merge entity $(bone_hair_side) {transformation: [-0.9922f,-0.0068f,-0.1242f,-0.2643f,-0.007f,1f,0.0013f,1.9094f,0.1242f,0.0022f,-0.9923f,0.2887f,0f,0f,0f,1f],start_interpolation: 0,interpolation_duration: 1}
$data merge entity $(bone_hair_side1) {transformation: [-0.9922f,-0.0068f,-0.1242f,0.3248f,-0.007f,1f,0.0013f,1.9136f,0.1242f,0.0022f,-0.9923f,0.215f,0f,0f,0f,1f],start_interpolation: 0,interpolation_duration: 1}
$data merge entity $(bone_beard) {transformation: [-0.9922f,-0.0068f,-0.1242f,0.0333f,-0.007f,1f,0.0013f,1.5929f,0.1242f,0.0022f,-0.9923f,0.2584f,0f,0f,0f,1f],start_interpolation: 0,interpolation_duration: 1}
$data merge entity $(bone_head) {transformation: [-0.9922f,0.0149f,-0.1235f,0f,-0.007f,0.9846f,0.1749f,1.7344f,0.1242f,0.1744f,-0.9768f,0f,0f,0f,0f,1f],start_interpolation: 0,interpolation_duration: 1}
$data merge entity $(bone_body) {transformation: [-1.0013f,0f,-0.5128f,0f,0f,1.125f,0f,1.0625f,0.5128f,0f,-1.0013f,0f,0f,0f,0f,1f],start_interpolation: 0,interpolation_duration: 1}
$data merge entity $(bone_left4) {transformation: [-0.9882f,0.023f,0.1512f,0.4765f,-0.1177f,0.5174f,-0.8476f,1.3339f,-0.0978f,-0.8554f,-0.5086f,-0.0153f,0f,0f,0f,1f],start_interpolation: 0,interpolation_duration: 1}
$data merge entity $(bone_left3) {transformation: [-0.4524f,-0.8266f,-0.3349f,1.2392f,-0.5394f,0.5526f,-0.6353f,0.5609f,0.7102f,-0.1068f,-0.6958f,0.3235f,0f,0f,0f,1f],start_interpolation: 0,interpolation_duration: 1}
$data merge entity $(bone_aura) {transformation: [2.0729f,-0.5233f,-1.0343f,1.1952f,-0.7866f,0.9215f,-2.0427f,1.3056f,0.8514f,2.1255f,0.631f,2.341f,0f,0f,0f,1f],start_interpolation: 0,interpolation_duration: 1}
$data merge entity $(bone_scythe) {transformation: [1.4911f,-0.3764f,-0.744f,0.27f,-0.5658f,0.6629f,-1.4693f,1.3523f,0.6124f,1.5288f,0.4539f,0.9756f,0f,0f,0f,1f],start_interpolation: 0,interpolation_duration: 1}
$data merge entity $(bone_right2) {transformation: [-0.4394f,-0.7253f,0.5299f,0.0249f,-0.8589f,0.1664f,-0.4844f,1.3227f,0.2632f,-0.668f,-0.6961f,0.4105f,0f,0f,0f,1f],start_interpolation: 0,interpolation_duration: 1}
$data merge entity $(bone_right1) {transformation: [0.243f,-0.7253f,-0.6441f,0.7196f,0.9698f,0.1664f,0.1786f,0.8429f,-0.0224f,-0.668f,0.7438f,1.1273f,0f,0f,0f,1f],start_interpolation: 0,interpolation_duration: 1}
data modify entity @s data merge value {"cameras":{},"locators":{"scythe_blade":{"posx":0.6050870474229753,"posy":1.5723377869002237,"posz":2.237239023427738,"roty":238.61158924835735,"rotx":-59.32672457770681},"scythe_pole":{"posx":0.21158468086172433,"posy":1.436258946397738,"posz":1.151789376194761,"roty":238.61158924835735,"rotx":-59.32672457770681}}}
execute on vehicle unless entity @s[tag=aj.transforms_only] at @s run function animated_java:lich/animations/swing3/zzz/frames/34_root_commands