# This file was generated by Animated Java via MC-Build. It is not recommended to edit this file directly.
$data merge entity $(bone_hair_side) {transformation: [-0.9967f,-0.0018f,-0.0816f,-0.2755f,-0.0009f,0.9999f,-0.0117f,-0.523f,0.0816f,-0.0115f,-0.9966f,0.2747f,0f,0f,0f,1f],start_interpolation: 0,interpolation_duration: 1}
$data merge entity $(bone_hair_side1) {transformation: [-0.9967f,-0.0018f,-0.0816f,0.3162f,-0.0009f,0.9999f,-0.0117f,-0.5225f,0.0816f,-0.0115f,-0.9966f,0.2263f,0f,0f,0f,1f],start_interpolation: 0,interpolation_duration: 1}
$data merge entity $(bone_beard) {transformation: [-0.9967f,-0.0018f,-0.0816f,0.0215f,-0.0009f,0.9999f,-0.0117f,-0.8412f,0.0816f,-0.0115f,-0.9966f,0.2614f,0f,0f,0f,1f],start_interpolation: 0,interpolation_duration: 1}
$data merge entity $(bone_head) {transformation: [-0.9967f,0.0124f,-0.0807f,0f,-0.0009f,0.9868f,0.1622f,-0.7031f,0.0816f,0.1617f,-0.9835f,0f,0f,0f,0f,1f],start_interpolation: 0,interpolation_duration: 1}
$data merge entity $(bone_body) {transformation: [-1.047f,0f,-0.4116f,0f,0f,1.125f,0f,-1.375f,0.4116f,0f,-1.047f,0f,0f,0f,0f,1f],start_interpolation: 0,interpolation_duration: 1}
$data merge entity $(bone_left4) {transformation: [-0.961f,0.2726f,0.047f,0.4282f,0.0691f,0.4011f,-0.9134f,-1.1376f,-0.2678f,-0.8745f,-0.4043f,-0.0087f,0f,0f,0f,1f],start_interpolation: 0,interpolation_duration: 1}
$data merge entity $(bone_left3) {transformation: [-0.6394f,-0.7322f,-0.2345f,1.0293f,-0.564f,0.654f,-0.5042f,-2.0291f,0.5225f,-0.1901f,-0.8312f,0.3625f,0f,0f,0f,1f],start_interpolation: 0,interpolation_duration: 1}
$data merge entity $(bone_aura) {transformation: [2.0369f,-0.889f,-0.8374f,0.8135f,-0.6606f,0.5676f,-2.2095f,-1.2051f,1.0272f,2.128f,0.2395f,2.5415f,0f,0f,0f,1f],start_interpolation: 0,interpolation_duration: 1}
$data merge entity $(bone_scythe) {transformation: [1.4652f,-0.6394f,-0.6023f,0.0621f,-0.4752f,0.4082f,-1.5893f,-1.079f,0.7388f,1.5306f,0.1723f,1.0779f,0f,0f,0f,1f],start_interpolation: 0,interpolation_duration: 1}
$data merge entity $(bone_right2) {transformation: [-0.3564f,-0.5735f,0.7376f,-0.0334f,-0.9293f,0.1354f,-0.3437f,-1.0936f,0.0972f,-0.8079f,-0.5812f,0.4277f,0f,0f,0f,1f],start_interpolation: 0,interpolation_duration: 1}
$data merge entity $(bone_right1) {transformation: [0.2921f,-0.5636f,-0.7727f,0.4742f,0.9551f,0.13f,0.2662f,-1.5302f,-0.0496f,-0.8158f,0.5763f,1.3099f,0f,0f,0f,1f],start_interpolation: 0,interpolation_duration: 1}
execute on vehicle unless entity @s[tag=aj.transforms_only] positioned ^0.2114034521 ^-0.9933351569 ^2.3904626887 rotated ~254.0397791042 ~-68.4863940587 run function animated_java:lich/animations/swing3/zzz/frames/35_locator_commands
execute on vehicle unless entity @s[tag=aj.transforms_only] positioned ^-0.0273243661 ^-1.0261325664 ^1.2531430948 rotated ~254.0397791042 ~-68.4863940587 run function animated_java:lich/animations/swing3/zzz/frames/35_locator_commands
data modify entity @s data merge value {"cameras":{},"locators":{"scythe_blade":{"posx":0.2114034521112717,"posy":-0.9933351569365392,"posz":2.3904626887138463,"roty":254.03977910417112,"rotx":-68.4863940586694},"scythe_pole":{"posx":-0.027324366079095275,"posy":-1.0261325664048484,"posz":1.2531430947763136,"roty":254.03977910417112,"rotx":-68.4863940586694}}}
execute on vehicle unless entity @s[tag=aj.transforms_only] at @s run function animated_java:lich/animations/swing3/zzz/frames/35_root_commands