# This file was generated by Animated Java via MC-Build. It is not recommended to edit this file directly.
$data merge entity $(bone_hair_side) {transformation: [-0.9869f,-0.0096f,-0.1608f,-0.254f,-0.0109f,0.9999f,0.0069f,-0.5307f,0.1607f,0.0086f,-0.987f,0.2993f,0f,0f,0f,1f],start_interpolation: 0,interpolation_duration: 1}
$data merge entity $(bone_hair_side1) {transformation: [-0.9869f,-0.0096f,-0.1608f,0.332f,-0.0109f,0.9999f,0.0069f,-0.5242f,0.1607f,0.0086f,-0.987f,0.2039f,0f,0f,0f,1f],start_interpolation: 0,interpolation_duration: 1}
$data merge entity $(bone_beard) {transformation: [-0.9869f,-0.0096f,-0.1608f,0.0433f,-0.0109f,0.9999f,0.0069f,-0.8461f,0.1607f,0.0086f,-0.987f,0.2561f,0f,0f,0f,1f],start_interpolation: 0,interpolation_duration: 1}
$data merge entity $(bone_head) {transformation: [-0.9869f,0.0184f,-0.16f,0f,-0.0109f,0.9835f,0.1804f,-0.7031f,0.1607f,0.1798f,-0.9705f,0f,0f,0f,0f,1f],start_interpolation: 0,interpolation_duration: 1}
$data merge entity $(bone_body) {transformation: [-0.9121f,0f,-0.6586f,0f,0f,1.125f,0f,-1.375f,0.6586f,0f,-0.9121f,0f,0f,0f,0f,1f],start_interpolation: 0,interpolation_duration: 1}
$data merge entity $(bone_left4) {transformation: [-0.9827f,-0.0579f,0.1759f,0.4989f,-0.1807f,0.5069f,-0.8429f,-1.074f,-0.0403f,-0.8601f,-0.5086f,-0.1384f,0f,0f,0f,1f],start_interpolation: 0,interpolation_duration: 1}
$data merge entity $(bone_left3) {transformation: [-0.3208f,-0.8721f,-0.3696f,1.3525f,-0.5115f,0.4879f,-0.7073f,-1.7675f,0.7972f,-0.0378f,-0.6026f,0.1521f,0f,0f,0f,1f],start_interpolation: 0,interpolation_duration: 1}
$data merge entity $(bone_aura) {transformation: [2.2908f,0.183f,-0.5996f,1.8688f,-0.5952f,-0.0777f,-2.2979f,-1.6389f,-0.1966f,2.3667f,-0.0291f,1.7399f,0f,0f,0f,1f],start_interpolation: 0,interpolation_duration: 1}
$data merge entity $(bone_scythe) {transformation: [1.6478f,0.1316f,-0.4313f,0.5258f,-0.4281f,-0.0559f,-1.6529f,-1.2772f,-0.1414f,1.7023f,-0.0209f,0.8521f,0f,0f,0f,1f],start_interpolation: 0,interpolation_duration: 1}
$data merge entity $(bone_right2) {transformation: [-0.2575f,-0.9055f,0.3373f,0.1117f,-0.9662f,0.246f,-0.0772f,-1.144f,-0.0131f,-0.3457f,-0.9382f,0.3592f,0f,0f,0f,1f],start_interpolation: 0,interpolation_duration: 1}
$data merge entity $(bone_right1) {transformation: [0.2795f,-0.9055f,-0.3192f,0.9864f,0.9588f,0.246f,0.1418f,-1.7051f,-0.0498f,-0.3457f,0.937f,0.7421f,0f,0f,0f,1f],start_interpolation: 0,interpolation_duration: 1}
data modify entity @s data merge value {"cameras":{},"locators":{"scythe_blade":{"posx":1.2616750713107237,"posy":-1.4829386540640084,"posz":1.9330590815067281,"roty":272.7804475503047,"rotx":-75.36026312164873},"scythe_pole":{"posx":0.5263322771328824,"posy":-1.279961045495946,"posz":1.0557714630652535,"roty":272.7804475503047,"rotx":-75.36026312164873}}}
execute on vehicle unless entity @s[tag=aj.transforms_only] run function animated_java:lich/variants/default/apply
execute on vehicle unless entity @s[tag=aj.transforms_only] at @s run function animated_java:lich/animations/swing3/zzz/frames/37_root_commands