# This file was generated by Animated Java via MC-Build. It is not recommended to edit this file directly.
$data merge entity $(bone_hair_side) {transformation: [-0.9967f,0.0012f,-0.0809f,-0.2752f,0.001f,1f,0.0028f,1.9114f,0.0809f,0.0027f,-0.9967f,0.2771f,0f,0f,0f,1f],start_interpolation: 0,interpolation_duration: 1}
$data merge entity $(bone_hair_side1) {transformation: [-0.9967f,0.0012f,-0.0809f,0.3166f,0.001f,1f,0.0028f,1.9108f,0.0809f,0.0027f,-0.9967f,0.229f,0f,0f,0f,1f],start_interpolation: 0,interpolation_duration: 1}
$data merge entity $(bone_beard) {transformation: [-0.9967f,0.0012f,-0.0809f,0.0209f,0.001f,1f,0.0028f,1.5925f,0.0809f,0.0027f,-0.9967f,0.2595f,0f,0f,0f,1f],start_interpolation: 0,interpolation_duration: 1}
$data merge entity $(bone_head) {transformation: [-0.9967f,0.0152f,-0.0795f,0f,0.001f,0.9843f,0.1764f,1.7344f,0.0809f,0.1758f,-0.9811f,0f,0f,0f,0f,1f],start_interpolation: 0,interpolation_duration: 1}
$data merge entity $(bone_body) {transformation: [-1.1236f,0f,-0.0563f,0f,0f,1.125f,0f,1.0625f,0.0563f,0f,-1.1236f,0f,0f,0f,0f,1f],start_interpolation: 0,interpolation_duration: 1}
$data merge entity $(bone_left4) {transformation: [-0.9726f,-0.1628f,0.166f,0.4744f,-0.2111f,0.3197f,-0.9237f,1.2927f,0.0973f,-0.9334f,-0.3453f,0.0957f,0f,0f,0f,1f],start_interpolation: 0,interpolation_duration: 1}
$data merge entity $(bone_left3) {transformation: [-0.5823f,-0.764f,-0.2779f,1.1281f,-0.4298f,0.5795f,-0.6924f,0.5246f,0.6901f,-0.2837f,-0.6658f,0.6216f,0f,0f,0f,1f],start_interpolation: 0,interpolation_duration: 1}
$data merge entity $(bone_aura) {transformation: [-1.2112f,1.0729f,-1.7385f,-0.8346f,-0.6913f,1.6866f,1.5225f,1.6367f,1.9224f,1.2825f,-0.5479f,2.331f,0f,0f,0f,1f],start_interpolation: 0,interpolation_duration: 1}
$data merge entity $(bone_scythe) {transformation: [-0.8712f,0.7718f,-1.2505f,-0.617f,-0.4973f,1.2132f,1.0952f,1.3086f,1.3828f,0.9225f,-0.3941f,0.7286f,0f,0f,0f,1f],start_interpolation: 0,interpolation_duration: 1}
$data merge entity $(bone_right2) {transformation: [-0.731f,0.4555f,-0.5081f,-0.4711f,0.6417f,0.2056f,-0.7389f,1.3061f,-0.2321f,-0.8662f,-0.4426f,0.3297f,0f,0f,0f,1f],start_interpolation: 0,interpolation_duration: 1}
$data merge entity $(bone_right1) {transformation: [-0.0817f,0.4555f,-0.8865f,-0.9295f,0.9785f,0.2056f,0.0155f,0.7819f,0.1893f,-0.8662f,-0.4625f,1.1909f,0f,0f,0f,1f],start_interpolation: 0,interpolation_duration: 1}
data modify entity @s data merge value {"cameras":{},"locators":{"scythe_blade":{"posx":-0.444328434964227,"posy":1.9229939826936528,"posz":1.8883587699553965,"roty":287.4911666395551,"rotx":39.871616251309575},"scythe_pole":{"posx":-0.5172327173101945,"posy":1.457346698955771,"posz":0.8256169985155271,"roty":287.4911666395551,"rotx":39.871616251309575}}}