# This file was generated by Animated Java via MC-Build. It is not recommended to edit this file directly.
$data merge entity $(bone_hair_side) {transformation: [-0.9993f,-0.01f,-0.0362f,-0.2893f,-0.0065f,0.9956f,-0.0938f,-0.5046f,0.037f,-0.0935f,-0.9949f,0.2465f,0f,0f,0f,1f],start_interpolation: 0,interpolation_duration: 1}
$data merge entity $(bone_hair_side1) {transformation: [-0.9993f,-0.01f,-0.0362f,0.3041f,-0.0065f,0.9956f,-0.0938f,-0.5008f,0.037f,-0.0935f,-0.9949f,0.2246f,0f,0f,0f,1f],start_interpolation: 0,interpolation_duration: 1}
$data merge entity $(bone_beard) {transformation: [-0.9993f,-0.01f,-0.0362f,0.0109f,-0.0065f,0.9956f,-0.0938f,-0.8192f,0.037f,-0.0935f,-0.9949f,0.2726f,0f,0f,0f,1f],start_interpolation: 0,interpolation_duration: 1}
$data merge entity $(bone_head) {transformation: [-0.9993f,-0.0035f,-0.0374f,0f,-0.0065f,0.9967f,0.0805f,-0.7031f,0.037f,0.0807f,-0.9961f,0f,0f,0f,0f,1f],start_interpolation: 0,interpolation_duration: 1}
$data merge entity $(bone_body) {transformation: [-1.0806f,0f,-0.313f,0f,0f,1.125f,0f,-1.375f,0.313f,0f,-1.0806f,0f,0f,0f,0f,1f],start_interpolation: 0,interpolation_duration: 1}
$data merge entity $(bone_left4) {transformation: [-0.9672f,-0.1383f,0.2131f,0.3582f,-0.254f,0.5242f,-0.8128f,-1.22f,0.0007f,-0.8403f,-0.5422f,0.1404f,0f,0f,0f,1f],start_interpolation: 0,interpolation_duration: 1}
$data merge entity $(bone_left3) {transformation: [-0.9737f,-0.2103f,0.0879f,0.2839f,-0.2209f,0.7756f,-0.5913f,-2.1373f,0.0561f,-0.5952f,-0.8016f,0.8089f,0f,0f,0f,1f],start_interpolation: 0,interpolation_duration: 1}
$data merge entity $(bone_aura) {transformation: [-1.5688f,0.2985f,-1.7579f,-1.4165f,-0.0039f,2.3409f,0.401f,-0.1286f,1.7831f,0.2678f,-1.5458f,1.6887f,0f,0f,0f,1f],start_interpolation: 0,interpolation_duration: 1}
$data merge entity $(bone_scythe) {transformation: [-1.1285f,0.2147f,-1.2645f,-0.6752f,-0.0028f,1.6838f,0.2885f,-1.1121f,1.2826f,0.1926f,-1.1119f,0.5906f,0f,0f,0f,1f],start_interpolation: 0,interpolation_duration: 1}
$data merge entity $(bone_right2) {transformation: [-0.7386f,0.652f,-0.1713f,-0.4497f,0.1691f,-0.0667f,-0.9833f,-1.1366f,-0.6526f,-0.7553f,-0.061f,0.353f,0f,0f,0f,1f],start_interpolation: 0,interpolation_duration: 1}
$data merge entity $(bone_right1) {transformation: [-0.6093f,0.4392f,-0.6602f,-0.7259f,0.7869f,0.437f,-0.4356f,-1.8469f,0.0972f,-0.7849f,-0.6119f,1.1566f,0f,0f,0f,1f],start_interpolation: 0,interpolation_duration: 1}
data modify entity @s data merge value {"cameras":{},"locators":{"scythe_blade":{"posx":-0.975685009309641,"posy":0.011074336353448011,"posz":1.223639431180119,"roty":311.32634660791075,"rotx":9.72094474122194},"scythe_pole":{"posx":-0.6393809089660616,"posy":-0.9118213211299819,"posz":0.601766729182095,"roty":311.32634660791075,"rotx":9.72094474122194}}}