# This file was generated by Animated Java via MC-Build. It is not recommended to edit this file directly.
$data merge entity $(bone_hair_side) {transformation: [-0.9994f,0.0014f,-0.0345f,-0.2877f,0.0014f,1f,0.0014f,1.9119f,0.0345f,0.0014f,-0.9994f,0.2638f,0f,0f,0f,1f],start_interpolation: 0,interpolation_duration: 1}
$data merge entity $(bone_hair_side1) {transformation: [-0.9994f,0.0014f,-0.0345f,0.3057f,0.0014f,1f,0.0014f,1.911f,0.0345f,0.0014f,-0.9994f,0.2433f,0f,0f,0f,1f],start_interpolation: 0,interpolation_duration: 1}
$data merge entity $(bone_beard) {transformation: [-0.9994f,0.0014f,-0.0345f,0.0088f,0.0014f,1f,0.0014f,1.5928f,0.0345f,0.0014f,-0.9994f,0.2603f,0f,0f,0f,1f],start_interpolation: 0,interpolation_duration: 1}
$data merge entity $(bone_head) {transformation: [-0.9994f,0.0074f,-0.0338f,0f,0.0014f,0.9846f,0.1751f,1.7344f,0.0345f,0.1749f,-0.984f,0f,0f,0f,0f,1f],start_interpolation: 0,interpolation_duration: 1}
$data merge entity $(bone_body) {transformation: [-1.1147f,0f,0.152f,0f,0f,1.125f,0f,1.0625f,-0.152f,0f,-1.1147f,0f,0f,0f,0f,1f],start_interpolation: 0,interpolation_duration: 1}
$data merge entity $(bone_left4) {transformation: [-0.971f,-0.2185f,0.0973f,0.4414f,-0.164f,0.312f,-0.9358f,1.2574f,0.1741f,-0.9246f,-0.3387f,0.1462f,0f,0f,0f,1f],start_interpolation: 0,interpolation_duration: 1}
$data merge entity $(bone_left3) {transformation: [-0.6681f,-0.6772f,-0.3083f,0.9733f,-0.3523f,0.6529f,-0.6705f,0.4332f,0.6554f,-0.3394f,-0.6748f,0.7222f,0f,0f,0f,1f],start_interpolation: 0,interpolation_duration: 1}
$data merge entity $(bone_aura) {transformation: [-1.8841f,0.8052f,-1.2011f,-1.5931f,-0.7709f,1.1097f,1.9532f,1.2291f,1.2234f,1.9393f,-0.619f,1.8627f,0f,0f,0f,1f],start_interpolation: 0,interpolation_duration: 1}
$data merge entity $(bone_scythe) {transformation: [-1.3552f,0.5792f,-0.8639f,-0.8909f,-0.5545f,0.7982f,1.4049f,1.1879f,0.88f,1.3949f,-0.4452f,0.3701f,0f,0f,0f,1f],start_interpolation: 0,interpolation_duration: 1}
$data merge entity $(bone_right2) {transformation: [-0.5052f,0.7903f,-0.3467f,-0.6138f,0.8227f,0.3195f,-0.4703f,1.2724f,-0.2609f,-0.5228f,-0.8116f,0.1599f,0f,0f,0f,1f],start_interpolation: 0,interpolation_duration: 1}
$data merge entity $(bone_right1) {transformation: [-0.2325f,0.7903f,-0.5669f,-1.3809f,0.9458f,0.3195f,0.0575f,0.6373f,0.2266f,-0.5228f,-0.8218f,0.6446f,0f,0f,0f,1f],start_interpolation: 0,interpolation_duration: 1}
data modify entity @s data merge value {"cameras":{},"locators":{"scythe_blade":{"posx":-1.0372410873019289,"posy":1.5027643988008852,"posz":1.64752868000253,"roty":297.2657493270846,"rotx":55.324898351216696},"scythe_pole":{"posx":-0.8096892394228687,"posy":1.2878534740090868,"posz":0.5278876880180637,"roty":297.2657493270846,"rotx":55.324898351216696}}}