# This file was generated by Animated Java via MC-Build. It is not recommended to edit this file directly.
$data merge entity $(bone_hair_side) {transformation: [-0.9934f,-0.0042f,-0.1148f,-0.2666f,-0.0044f,1f,0.002f,-0.5275f,0.1148f,0.0025f,-0.9934f,0.2863f,0f,0f,0f,1f],start_interpolation: 0,interpolation_duration: 1}
$data merge entity $(bone_hair_side1) {transformation: [-0.9934f,-0.0042f,-0.1148f,0.3233f,-0.0044f,1f,0.002f,-0.5249f,0.1148f,0.0025f,-0.9934f,0.2181f,0f,0f,0f,1f],start_interpolation: 0,interpolation_duration: 1}
$data merge entity $(bone_beard) {transformation: [-0.9934f,-0.0042f,-0.1148f,0.0305f,-0.0044f,1f,0.002f,-0.8448f,0.1148f,0.0025f,-0.9934f,0.2586f,0f,0f,0f,1f],start_interpolation: 0,interpolation_duration: 1}
$data merge entity $(bone_head) {transformation: [-0.9934f,0.0158f,-0.1138f,0f,-0.0044f,0.9845f,0.1756f,-0.7031f,0.1148f,0.1749f,-0.9779f,0f,0f,0f,0f,1f],start_interpolation: 0,interpolation_duration: 1}
$data merge entity $(bone_body) {transformation: [-1.0557f,0f,-0.3888f,0f,0f,1.125f,0f,-1.375f,0.3888f,0f,-1.0557f,0f,0f,0f,0f,1f],start_interpolation: 0,interpolation_duration: 1}
$data merge entity $(bone_left4) {transformation: [-0.9867f,-0.0313f,0.1593f,0.4796f,-0.1556f,0.4628f,-0.8727f,-1.1139f,-0.0464f,-0.8859f,-0.4615f,-0.0301f,0f,0f,0f,1f],start_interpolation: 0,interpolation_duration: 1}
$data merge entity $(bone_left3) {transformation: [-0.4873f,-0.8162f,-0.3104f,1.2201f,-0.5123f,0.5551f,-0.6553f,-1.8811f,0.7072f,-0.1603f,-0.6887f,0.3662f,0f,0f,0f,1f],start_interpolation: 0,interpolation_duration: 1}
$data merge entity $(bone_aura) {transformation: [1.0535f,0.4504f,-2.0804f,0.9186f,-1.1201f,2.0912f,-0.1145f,-0.7512f,1.81f,1.0319f,1.14f,2.3451f,0f,0f,0f,1f],start_interpolation: 0,interpolation_duration: 1}
$data merge entity $(bone_scythe) {transformation: [0.7578f,0.3239f,-1.4964f,0.1467f,-0.8057f,1.5042f,-0.0824f,-1.0127f,1.302f,0.7422f,0.82f,0.9103f,0f,0f,0f,1f],start_interpolation: 0,interpolation_duration: 1}
$data merge entity $(bone_right2) {transformation: [-0.8777f,-0.4761f,-0.0545f,-0.091f,-0.0467f,0.1982f,-0.979f,-1.1264f,0.4769f,-0.8568f,-0.1962f,0.4289f,0f,0f,0f,1f],start_interpolation: 0,interpolation_duration: 1}
$data merge entity $(bone_right1) {transformation: [0.351f,-0.4761f,-0.8063f,0.3051f,0.9361f,0.1982f,0.2905f,-1.6296f,0.0216f,-0.8568f,0.5153f,1.3324f,0f,0f,0f,1f],start_interpolation: 0,interpolation_duration: 1}
data modify entity @s data merge value {"cameras":{},"locators":{"scythe_blade":{"posx":0.661049955392522,"posy":-0.3252691590475474,"posz":1.9179375149277944,"roty":241.27804588583797,"rotx":-2.763381105808341},"scythe_pole":{"posx":0.17831097758063982,"posy":-0.8265043367222423,"posz":0.9866540586361247,"roty":241.27804588583797,"rotx":-2.763381105808341}}}