# This file was generated by Animated Java via MC-Build. It is not recommended to edit this file directly.
$data merge entity $(bone_hair_side) {transformation: [-0.9949f,-0.0009f,-0.1009f,-0.2699f,-0.0011f,1f,0.0027f,-0.5267f,0.1009f,0.0028f,-0.9949f,0.2826f,0f,0f,0f,1f],start_interpolation: 0,interpolation_duration: 1}
$data merge entity $(bone_hair_side1) {transformation: [-0.9949f,-0.0009f,-0.1009f,0.3208f,-0.0011f,1f,0.0027f,-0.526f,0.1009f,0.0028f,-0.9949f,0.2227f,0f,0f,0f,1f],start_interpolation: 0,interpolation_duration: 1}
$data merge entity $(bone_beard) {transformation: [-0.9949f,-0.0009f,-0.1009f,0.0264f,-0.0011f,1f,0.0027f,-0.845f,0.1009f,0.0028f,-0.9949f,0.259f,0f,0f,0f,1f],start_interpolation: 0,interpolation_duration: 1}
$data merge entity $(bone_head) {transformation: [-0.9949f,0.0167f,-0.0995f,0f,-0.0011f,0.9843f,0.1763f,-0.7031f,0.1009f,0.1756f,-0.9793f,0f,0f,0f,0f,1f],start_interpolation: 0,interpolation_duration: 1}
$data merge entity $(bone_body) {transformation: [-1.104f,0f,-0.2165f,0f,0f,1.125f,0f,-1.375f,0.2165f,0f,-1.104f,0f,0f,0f,0f,1f],start_interpolation: 0,interpolation_duration: 1}
$data merge entity $(bone_left4) {transformation: [-0.9796f,-0.1037f,0.1719f,0.4814f,-0.1987f,0.38f,-0.9034f,-1.1277f,0.0284f,-0.9192f,-0.3929f,0.0266f,0f,0f,0f,1f],start_interpolation: 0,interpolation_duration: 1}
$data merge entity $(bone_left3) {transformation: [-0.5331f,-0.7969f,-0.2842f,1.1863f,-0.4726f,0.5591f,-0.6812f,-1.8869f,0.7017f,-0.2288f,-0.6747f,0.4962f,0f,0f,0f,1f],start_interpolation: 0,interpolation_duration: 1}
$data merge entity $(bone_aura) {transformation: [-0.1079f,1.6099f,-1.7428f,0.4885f,-0.6044f,1.6684f,1.5786f,-0.657f,2.2943f,0.5152f,0.3338f,2.3563f,0f,0f,0f,1f],start_interpolation: 0,interpolation_duration: 1}
$data merge entity $(bone_scythe) {transformation: [-0.0776f,1.158f,-1.2536f,-0.1297f,-0.4347f,1.2001f,1.1355f,-1.0255f,1.6503f,0.3706f,0.2401f,0.8715f,0f,0f,0f,1f],start_interpolation: 0,interpolation_duration: 1}
$data merge entity $(bone_right2) {transformation: [-0.7337f,-0.0855f,-0.6741f,-0.2623f,0.6654f,0.1108f,-0.7382f,-1.101f,0.1379f,-0.9902f,-0.0244f,0.4168f,0f,0f,0f,1f],start_interpolation: 0,interpolation_duration: 1}
$data merge entity $(bone_right1) {transformation: [0.3215f,-0.0855f,-0.943f,-0.2719f,0.9437f,0.1108f,0.3117f,-1.5137f,0.0779f,-0.9902f,0.1164f,1.4445f,0f,0f,0f,1f],start_interpolation: 0,interpolation_duration: 1}
data modify entity @s data merge value {"cameras":{},"locators":{"scythe_blade":{"posx":0.6129200918331856,"posy":-0.3952307004940695,"posz":1.767959387413111,"roty":259.1560964199706,"rotx":41.65608921677193},"scythe_pole":{"posx":0.008694146995545576,"posy":-0.878853094444586,"posz":0.9004440344339063,"roty":259.1560964199706,"rotx":41.65608921677193}}}
execute on vehicle unless entity @s[tag=aj.transforms_only] at @s run function animated_java:lich/animations/swing3/zzz/frames/44_root_commands