# This file was generated by Animated Java via MC-Build. It is not recommended to edit this file directly.
$data merge entity $(bone_hair_side) {transformation: [-0.9959f,0.0005f,-0.0901f,-0.2727f,0.0002f,1f,0.0029f,-0.5263f,0.0901f,0.0028f,-0.9959f,0.2796f,0f,0f,0f,1f],start_interpolation: 0,interpolation_duration: 1}
$data merge entity $(bone_hair_side1) {transformation: [-0.9959f,0.0005f,-0.0901f,0.3186f,0.0002f,1f,0.0029f,-0.5265f,0.0901f,0.0028f,-0.9959f,0.2261f,0f,0f,0f,1f],start_interpolation: 0,interpolation_duration: 1}
$data merge entity $(bone_beard) {transformation: [-0.9959f,0.0005f,-0.0901f,0.0234f,0.0002f,1f,0.0029f,-0.845f,0.0901f,0.0028f,-0.9959f,0.2592f,0f,0f,0f,1f],start_interpolation: 0,interpolation_duration: 1}
$data merge entity $(bone_head) {transformation: [-0.9959f,0.0161f,-0.0887f,0f,0.0002f,0.9843f,0.1765f,-0.7031f,0.0901f,0.1757f,-0.9803f,0f,0f,0f,0f,1f],start_interpolation: 0,interpolation_duration: 1}
$data merge entity $(bone_body) {transformation: [-1.1185f,0f,-0.1211f,0f,0f,1.125f,0f,-1.375f,0.1211f,0f,-1.1185f,0f,0f,0f,0f,1f],start_interpolation: 0,interpolation_duration: 1}
$data merge entity $(bone_left4) {transformation: [-0.9752f,-0.14f,0.1715f,0.4785f,-0.2101f,0.3407f,-0.9164f,-1.1371f,0.0698f,-0.9297f,-0.3617f,0.0569f,0f,0f,0f,1f],start_interpolation: 0,interpolation_duration: 1}
$data merge entity $(bone_left3) {transformation: [-0.5612f,-0.7796f,-0.2779f,1.1559f,-0.4482f,0.5685f,-0.6899f,-1.899f,0.6958f,-0.2626f,-0.6685f,0.5615f,0f,0f,0f,1f],start_interpolation: 0,interpolation_duration: 1}
$data merge entity $(bone_aura) {transformation: [-0.6206f,1.7547f,-1.4753f,0.0572f,-0.4144f,1.4174f,1.8601f,-0.6713f,2.2547f,0.7435f,-0.0642f,2.3879f,0f,0f,0f,1f],start_interpolation: 0,interpolation_duration: 1}
$data merge entity $(bone_scythe) {transformation: [-0.4464f,1.2621f,-1.0612f,-0.3386f,-0.2981f,1.0195f,1.338f,-1.039f,1.6218f,0.5348f,-0.0462f,0.8288f,0f,0f,0f,1f],start_interpolation: 0,interpolation_duration: 1}
$data merge entity $(bone_right2) {transformation: [-0.6205f,0.1507f,-0.7696f,-0.3606f,0.7837f,0.0827f,-0.6157f,-1.0928f,-0.0291f,-0.9851f,-0.1694f,0.3863f,0f,0f,0f,1f],start_interpolation: 0,interpolation_duration: 1}
$data merge entity $(bone_right1) {transformation: [0.2409f,0.1507f,-0.9588f,-0.596f,0.9634f,0.0827f,0.255f,-1.4818f,0.1177f,-0.9851f,-0.1253f,1.3962f,0f,0f,0f,1f],start_interpolation: 0,interpolation_duration: 1}
data modify entity @s data merge value {"cameras":{},"locators":{"scythe_blade":{"posx":0.32851314135143295,"posy":-0.47557221255390947,"posz":1.8237399582872449,"roty":272.49270795570067,"rotx":51.554625216307706},"scythe_pole":{"posx":-0.1844685294607246,"posy":-0.9151018002086755,"posz":0.8775760998637698,"roty":272.49270795570067,"rotx":51.554625216307706}}}