# This file was generated by Animated Java via MC-Build. It is not recommended to edit this file directly.
$data merge entity $(bone_hair_side) {transformation: [-0.837f,-0.0376f,0.5459f,-0.3935f,-0.0324f,0.9993f,0.0191f,1.8972f,-0.5463f,-0.0017f,-0.8376f,0.0498f,0f,0f,0f,1f],start_interpolation: 0,interpolation_duration: 1}
$data merge entity $(bone_hair_side1) {transformation: [-0.837f,-0.0376f,0.5459f,0.1035f,-0.0324f,0.9993f,0.0191f,1.9165f,-0.5463f,-0.0017f,-0.8376f,0.3741f,0f,0f,0f,1f],start_interpolation: 0,interpolation_duration: 1}
$data merge entity $(bone_beard) {transformation: [-0.837f,-0.0376f,0.5459f,-0.137f,-0.0324f,0.9993f,0.0191f,1.5883f,-0.5463f,-0.0017f,-0.8376f,0.2186f,0f,0f,0f,1f],start_interpolation: 0,interpolation_duration: 1}
$data merge entity $(bone_head) {transformation: [-0.837f,-0.1318f,0.5311f,0f,-0.0324f,0.9808f,0.1923f,1.7344f,-0.5463f,0.1437f,-0.8252f,0f,0f,0f,0f,1f],start_interpolation: 0,interpolation_duration: 1}
$data merge entity $(bone_body) {transformation: [-0.7022f,0f,0.879f,0f,0f,1.125f,0f,1.0625f,-0.879f,0f,-0.7022f,0f,0f,0f,0f,1f],start_interpolation: 0,interpolation_duration: 1}
$data merge entity $(bone_left4) {transformation: [-0.7483f,0.6596f,0.0706f,-0.1608f,0.6596f,0.7285f,0.1849f,1.1584f,0.0705f,0.1849f,-0.9802f,0.2754f,0f,0f,0f,1f],start_interpolation: 0,interpolation_duration: 1}
$data merge entity $(bone_left3) {transformation: [-0.7997f,0.6004f,-0.0068f,-1.0674f,0.5919f,0.7902f,0.1589f,0.4792f,0.1008f,0.1231f,-0.9873f,0.1723f,0f,0f,0f,1f],start_interpolation: 0,interpolation_duration: 1}
$data merge entity $(bone_aura) {transformation: [-0.8026f,0.1257f,2.2317f,-0.8529f,-2.1785f,0.4873f,-0.8109f,-0.1081f,-0.5008f,-2.3211f,-0.0494f,-1.8085f,0f,0f,0f,1f],start_interpolation: 0,interpolation_duration: 1}
$data merge entity $(bone_scythe) {transformation: [-0.5773f,0.0904f,1.6053f,-0.4623f,-1.567f,0.3505f,-0.5832f,0.8906f,-0.3602f,-1.6695f,-0.0355f,-0.5544f,0f,0f,0f,1f],start_interpolation: 0,interpolation_duration: 1}
$data merge entity $(bone_right2) {transformation: [0.9411f,0.3075f,-0.1404f,-0.3761f,-0.3375f,0.8306f,-0.4429f,1.1684f,-0.0196f,0.4642f,0.8855f,-0.4018f,0f,0f,0f,1f],start_interpolation: 0,interpolation_duration: 1}
$data merge entity $(bone_right1) {transformation: [-0.7742f,0.3075f,0.5532f,-0.4609f,0.5021f,0.8306f,0.2409f,0.129f,-0.3854f,0.4642f,-0.7975f,-0.7746f,0f,0f,0f,1f],start_interpolation: 0,interpolation_duration: 1}
data modify entity @s data merge value {"cameras":{},"locators":{"scythe_blade":{"posx":-0.6289951214540634,"posy":0.5083680623086239,"posz":-1.8108505480563002,"roty":88.73251821881527,"rotx":-19.96295190926227},"scythe_pole":{"posx":-0.4462856723002779,"posy":0.946624460540842,"posz":-0.7496667342905399,"roty":88.73251821881527,"rotx":-19.96295190926227}}}