# This file was generated by Animated Java via MC-Build. It is not recommended to edit this file directly.
$data merge entity $(bone_hair_side) {transformation: [-0.9968f,-0.0309f,0.0736f,-0.3201f,-0.042f,0.987f,-0.1548f,1.9363f,-0.0678f,-0.1574f,-0.9852f,0.2016f,0f,0f,0f,1f],start_interpolation: 0,interpolation_duration: 1}
$data merge entity $(bone_hair_side1) {transformation: [-0.9968f,-0.0309f,0.0736f,0.2718f,-0.042f,0.987f,-0.1548f,1.9612f,-0.0678f,-0.1574f,-0.9852f,0.2419f,0f,0f,0f,1f],start_interpolation: 0,interpolation_duration: 1}
$data merge entity $(bone_beard) {transformation: [-0.9968f,-0.0309f,0.0736f,-0.0148f,-0.042f,0.987f,-0.1548f,1.6354f,-0.0678f,-0.1574f,-0.9852f,0.2791f,0f,0f,0f,1f],start_interpolation: 0,interpolation_duration: 1}
$data merge entity $(bone_head) {transformation: [-0.9968f,-0.0432f,0.0671f,0f,-0.042f,0.9989f,0.0189f,1.7344f,-0.0678f,0.016f,-0.9976f,0f,0f,0f,0f,1f],start_interpolation: 0,interpolation_duration: 1}
$data merge entity $(bone_body) {transformation: [-1.0862f,0f,0.2931f,0f,0f,1.125f,0f,1.0625f,-0.2931f,0f,-1.0862f,0f,0f,0f,0f,1f],start_interpolation: 0,interpolation_duration: 1}
$data merge entity $(bone_left4) {transformation: [-0.0731f,0.7517f,-0.6555f,-0.0112f,0.8614f,-0.2837f,-0.4214f,1.4006f,-0.5027f,-0.5954f,-0.6267f,0.3966f,0f,0f,0f,1f],start_interpolation: 0,interpolation_duration: 1}
$data merge entity $(bone_left3) {transformation: [-0.5404f,0.3696f,-0.7559f,-0.5843f,0.84f,0.185f,-0.5101f,1.4608f,-0.0487f,-0.9106f,-0.4104f,1.3774f,0f,0f,0f,1f],start_interpolation: 0,interpolation_duration: 1}
$data merge entity $(bone_aura) {transformation: [-1.2695f,-0.5517f,1.9299f,-1.4854f,-0.4782f,-2.1346f,-0.9248f,-0.0604f,1.9494f,-0.8829f,1.0299f,1.0608f,0f,0f,0f,1f],start_interpolation: 0,interpolation_duration: 1}
$data merge entity $(bone_scythe) {transformation: [-0.9132f,-0.3968f,1.3882f,-0.5515f,-0.344f,-1.5354f,-0.6652f,1.1027f,1.4022f,-0.6351f,0.7408f,0.3552f,0f,0f,0f,1f],start_interpolation: 0,interpolation_duration: 1}
$data merge entity $(bone_right2) {transformation: [0.8158f,0.578f,0.0201f,-0.3746f,-0.3873f,0.5202f,0.7611f,1.2794f,0.4295f,-0.6287f,0.6483f,0.1422f,0f,0f,0f,1f],start_interpolation: 0,interpolation_duration: 1}
$data merge entity $(bone_right1) {transformation: [-0.796f,0.578f,-0.1796f,-0.74f,0.529f,0.5202f,-0.6705f,0.5614f,-0.2941f,-0.6287f,-0.7199f,0.9021f,0f,0f,0f,1f],start_interpolation: 0,interpolation_duration: 1}
execute on vehicle unless entity @s[tag=aj.transforms_only] positioned ^-1.1756197434 ^-0.0578079521 ^0.4826762341 rotated ~118.0874595698 ~-22.9163991181 run function animated_java:lich/animations/swing3/zzz/frames/49_locator_commands
execute on vehicle unless entity @s[tag=aj.transforms_only] positioned ^-0.590354361 ^0.9232448213 ^0.2668930377 rotated ~118.0874595698 ~-22.9163991181 run function animated_java:lich/animations/swing3/zzz/frames/49_locator_commands
data modify entity @s data merge value {"cameras":{},"locators":{"scythe_blade":{"posx":-1.1756197434298012,"posy":-0.05780795212374401,"posz":0.48267623409007787,"roty":118.0874595697519,"rotx":-22.91639911812348},"scythe_pole":{"posx":-0.5903543609854723,"posy":0.9232448213148783,"posz":0.2668930377084295,"roty":118.0874595697519,"rotx":-22.91639911812348}}}
execute on vehicle unless entity @s[tag=aj.transforms_only] at @s run function animated_java:lich/animations/swing3/zzz/frames/49_root_commands