# This file was generated by Animated Java via MC-Build. It is not recommended to edit this file directly.
$data merge entity $(bone_hair_side) {transformation: [-0.9731f,-0.0142f,0.2299f,-0.3497f,-0.0129f,0.9999f,0.0072f,1.9062f,-0.23f,0.004f,-0.9732f,0.179f,0f,0f,0f,1f],start_interpolation: 0,interpolation_duration: 1}
$data merge entity $(bone_hair_side1) {transformation: [-0.9731f,-0.0142f,0.2299f,0.2281f,-0.0129f,0.9999f,0.0072f,1.9138f,-0.23f,0.004f,-0.9732f,0.3156f,0f,0f,0f,1f],start_interpolation: 0,interpolation_duration: 1}
$data merge entity $(bone_beard) {transformation: [-0.9731f,-0.0142f,0.2299f,-0.0579f,-0.0129f,0.9999f,0.0072f,1.5914f,-0.23f,0.004f,-0.9732f,0.2531f,0f,0f,0f,1f],start_interpolation: 0,interpolation_duration: 1}
$data merge entity $(bone_head) {transformation: [-0.9731f,-0.0539f,0.224f,0f,-0.0129f,0.9835f,0.1807f,1.7344f,-0.23f,0.1729f,-0.9577f,0f,0f,0f,0f,1f],start_interpolation: 0,interpolation_duration: 1}
$data merge entity $(bone_body) {transformation: [-0.9697f,0f,0.5704f,0f,0f,1.125f,0f,1.0625f,-0.5704f,0f,-0.9697f,0f,0f,0f,0f,1f],start_interpolation: 0,interpolation_duration: 1}
$data merge entity $(bone_left4) {transformation: [-0.9513f,0.0442f,-0.3051f,0.1829f,0.2183f,0.7955f,-0.5653f,1.1357f,0.2177f,-0.6043f,-0.7664f,0.2345f,0f,0f,0f,1f],start_interpolation: 0,interpolation_duration: 1}
$data merge entity $(bone_left3) {transformation: [-0.8928f,-0.1096f,-0.4369f,0.0238f,-0.0022f,0.971f,-0.2391f,0.073f,0.4504f,-0.2125f,-0.8672f,0.6077f,0f,0f,0f,1f],start_interpolation: 0,interpolation_duration: 1}
$data merge entity $(bone_aura) {transformation: [-1.8234f,-1.5129f,-0.1636f,-2.5278f,-1.5067f,1.759f,0.5259f,0.9417f,-0.2138f,0.5075f,-2.3103f,-0.1018f,0f,0f,0f,1f],start_interpolation: 0,interpolation_duration: 1}
$data merge entity $(bone_scythe) {transformation: [-1.3116f,-1.0883f,-0.1177f,-0.8831f,-1.0837f,1.2652f,0.3783f,1.0337f,-0.1538f,0.365f,-1.6618f,-0.1973f,0f,0f,0f,1f],start_interpolation: 0,interpolation_duration: 1}
$data merge entity $(bone_right2) {transformation: [-0.0676f,0.8204f,0.5678f,-0.6129f,0.2227f,0.5671f,-0.793f,1.2163f,-0.9725f,0.0729f,-0.2211f,-0.1582f,0f,0f,0f,1f],start_interpolation: 0,interpolation_duration: 1}
$data merge entity $(bone_right1) {transformation: [-0.5688f,0.8204f,0.0578f,-1.3068f,0.8224f,0.5671f,0.0445f,0.3567f,0.0037f,0.0729f,-0.9973f,-0.2368f,0f,0f,0f,1f],start_interpolation: 0,interpolation_duration: 1}
data modify entity @s data merge value {"cameras":{},"locators":{"scythe_blade":{"posx":-2.1255660261748295,"posy":1.4522599569483585,"posz":-0.014059283165316183,"roty":355.95006638788766,"rotx":12.792308646898173},"scythe_pole":{"posx":-1.000519220621765,"posy":1.1940555010187097,"posz":-0.15248848620036667,"roty":355.95006638788766,"rotx":12.792308646898173}}}