# This file was generated by Animated Java via MC-Build. It is not recommended to edit this file directly.
$data merge entity $(bone_hair_side) {transformation: [-0.543f,-0.3551f,-0.761f,-0.0313f,-0.0158f,0.9104f,-0.4135f,1.996f,0.8396f,-0.2125f,-0.4999f,0.3382f,0f,0f,0f,1f],start_interpolation: 0,interpolation_duration: 1}
$data merge entity $(bone_hair_side1) {transformation: [-0.543f,-0.3551f,-0.761f,0.291f,-0.0158f,0.9104f,-0.4135f,2.0054f,0.8396f,-0.2125f,-0.4999f,-0.1603f,0f,0f,0f,1f],start_interpolation: 0,interpolation_duration: 1}
$data merge entity $(bone_beard) {transformation: [-0.543f,-0.3551f,-0.761f,0.2485f,-0.0158f,0.9104f,-0.4135f,1.7137f,0.8396f,-0.2125f,-0.4999f,0.1603f,0f,0f,0f,1f],start_interpolation: 0,interpolation_duration: 1}
$data merge entity $(bone_head) {transformation: [-0.543f,-0.2175f,-0.8111f,0f,-0.0158f,0.9683f,-0.2491f,1.7344f,0.8396f,-0.1225f,-0.5292f,0f,0f,0f,0f,1f],start_interpolation: 0,interpolation_duration: 1}
$data merge entity $(bone_body) {transformation: [-0.5928f,0f,-0.9562f,0f,0f,1.125f,0f,1.0625f,0.9562f,0f,-0.5928f,0f,0f,0f,0f,1f],start_interpolation: 0,interpolation_duration: 1}
$data merge entity $(bone_left4) {transformation: [-0.8198f,0.5708f,-0.0458f,0.5659f,-0.5591f,-0.8151f,-0.1521f,1.7139f,-0.1241f,-0.0991f,0.9873f,-0.3083f,0f,0f,0f,1f],start_interpolation: 0,interpolation_duration: 1}
$data merge entity $(bone_left3) {transformation: [-0.4605f,-0.8494f,0.2577f,1.351f,0.8876f,-0.4407f,0.1337f,2.4733f,0f,0.2903f,0.9569f,-0.6258f,0f,0f,0f,1f],start_interpolation: 0,interpolation_duration: 1}
$data merge entity $(bone_aura) {transformation: [1.6556f,1.0374f,1.3504f,1.7635f,1.6303f,-0.4214f,-1.6749f,2.5241f,-0.4919f,2.0945f,-1.0059f,1.0359f,0f,0f,0f,1f],start_interpolation: 0,interpolation_duration: 1}
$data merge entity $(bone_scythe) {transformation: [1.1908f,0.7462f,0.9713f,0.4118f,1.1726f,-0.3031f,-1.2048f,1.8006f,-0.3539f,1.5066f,-0.7235f,0.4259f,0f,0f,0f,1f],start_interpolation: 0,interpolation_duration: 1}
$data merge entity $(bone_right2) {transformation: [0.5645f,-0.8089f,-0.1643f,0.1376f,-0.7087f,-0.577f,0.4059f,1.6223f,-0.4232f,-0.1127f,-0.899f,0.3955f,0f,0f,0f,1f],start_interpolation: 0,interpolation_duration: 1}
$data merge entity $(bone_right1) {transformation: [-0.6027f,-0.798f,0.001f,1.1737f,0.7829f,-0.5915f,-0.193f,2.0062f,0.1546f,-0.1156f,0.9812f,0.47f,0f,0f,0f,1f],start_interpolation: 0,interpolation_duration: 1}
data modify entity @s data merge value {"cameras":{},"locators":{"scythe_blade":{"posx":1.378368253734632,"posy":2.059376884528854,"posz":1.2925942913152317,"roty":53.319402554107825,"rotx":-44.847390262794534},"scythe_pole":{"posx":0.4896385302323343,"posy":1.7538205079807825,"posz":0.608227957167838,"roty":53.319402554107825,"rotx":-44.847390262794534}}}
execute on vehicle unless entity @s[tag=aj.transforms_only] run function animated_java:lich/variants/default/apply