# This file was generated by Animated Java via MC-Build. It is not recommended to edit this file directly.
$data merge entity $(bone_hair_side) {transformation: [-0.9981f,-0.0198f,-0.0581f,-0.2851f,-0.0107f,0.9882f,-0.1531f,1.9453f,0.0604f,-0.1522f,-0.9865f,0.2409f,0f,0f,0f,1f],start_interpolation: 0,interpolation_duration: 1}
$data merge entity $(bone_hair_side1) {transformation: [-0.9981f,-0.0198f,-0.0581f,0.3075f,-0.0107f,0.9882f,-0.1531f,1.9517f,0.0604f,-0.1522f,-0.9865f,0.205f,0f,0f,0f,1f],start_interpolation: 0,interpolation_duration: 1}
$data merge entity $(bone_beard) {transformation: [-0.9981f,-0.0198f,-0.0581f,0.0179f,-0.0107f,0.9882f,-0.1531f,1.6348f,0.0604f,-0.1522f,-0.9865f,0.2787f,0f,0f,0f,1f],start_interpolation: 0,interpolation_duration: 1}
$data merge entity $(bone_head) {transformation: [-0.9981f,-0.0094f,-0.0606f,0f,-0.0107f,0.9997f,0.0208f,1.7344f,0.0604f,0.0214f,-0.9979f,0f,0f,0f,0f,1f],start_interpolation: 0,interpolation_duration: 1}
$data merge entity $(bone_body) {transformation: [-1.0078f,0f,-0.5f,0f,0f,1.125f,0f,1.0625f,0.5f,0f,-1.0078f,0f,0f,0f,0f,1f],start_interpolation: 0,interpolation_duration: 1}
$data merge entity $(bone_left4) {transformation: [-0.9511f,-0.0113f,0.3086f,0.3525f,-0.3073f,-0.0623f,-0.9496f,1.3022f,0.0299f,-0.998f,0.0558f,0.198f,0f,0f,0f,1f],start_interpolation: 0,interpolation_duration: 1}
$data merge entity $(bone_left3) {transformation: [-0.9704f,-0.1901f,0.1489f,0.2572f,-0.2234f,0.4727f,-0.8525f,0.7155f,0.0916f,-0.8605f,-0.5011f,1.1678f,0f,0f,0f,1f],start_interpolation: 0,interpolation_duration: 1}
$data merge entity $(bone_aura) {transformation: [-0.2585f,1.1062f,-2.0857f,-0.0155f,0.1707f,2.1014f,1.0934f,2.4322f,2.3547f,-0.0309f,-0.3082f,2.0909f,0f,0f,0f,1f],start_interpolation: 0,interpolation_duration: 1}
$data merge entity $(bone_scythe) {transformation: [-0.1859f,0.7957f,-1.5003f,-0.3384f,0.1228f,1.5116f,0.7864f,1.4531f,1.6937f,-0.0222f,-0.2217f,0.8026f,0f,0f,0f,1f],start_interpolation: 0,interpolation_duration: 1}
$data merge entity $(bone_right2) {transformation: [-0.8777f,0.0459f,-0.477f,-0.3096f,0.4603f,-0.1967f,-0.8657f,1.3814f,-0.1335f,-0.9794f,0.1515f,0.4833f,0f,0f,0f,1f],start_interpolation: 0,interpolation_duration: 1}
$data merge entity $(bone_right1) {transformation: [-0.517f,-0.0092f,-0.8559f,-0.1383f,0.8412f,0.1796f,-0.51f,0.9277f,0.1584f,-0.9837f,-0.0851f,1.479f,0f,0f,0f,1f],start_interpolation: 0,interpolation_duration: 1}
data modify entity @s data merge value {"cameras":{},"locators":{"scythe_blade":{"posx":0.1197325310660492,"posy":2.510634856242028,"posz":1.4539037146498601,"roty":278.406058689977,"rotx":27.410316821130753},"scythe_pole":{"posx":-0.24208611309550715,"posy":1.6317068025602923,"posz":0.7844746704724146,"roty":278.406058689977,"rotx":27.410316821130753}}}