# This file was generated by Animated Java via MC-Build. It is not recommended to edit this file directly.
$data merge entity $(bone_hair_side) {transformation: [-0.7982f,-0.2189f,-0.5613f,-0.1336f,-0.0259f,0.9433f,-0.331f,1.9779f,0.6019f,-0.2496f,-0.7586f,0.3266f,0f,0f,0f,1f],start_interpolation: 0,interpolation_duration: 1}
$data merge entity $(bone_hair_side1) {transformation: [-0.7982f,-0.2189f,-0.5613f,0.3404f,-0.0259f,0.9433f,-0.331f,1.9933f,0.6019f,-0.2496f,-0.7586f,-0.0307f,0f,0f,0f,1f],start_interpolation: 0,interpolation_duration: 1}
$data merge entity $(bone_beard) {transformation: [-0.7982f,-0.2189f,-0.5613f,0.1772f,-0.0259f,0.9433f,-0.331f,1.6875f,0.6019f,-0.2496f,-0.7586f,0.233f,0f,0f,0f,1f],start_interpolation: 0,interpolation_duration: 1}
$data merge entity $(bone_head) {transformation: [-0.7982f,-0.1181f,-0.5907f,0f,-0.0259f,0.9864f,-0.1621f,1.7344f,0.6019f,-0.1141f,-0.7904f,0f,0f,0f,0f,1f],start_interpolation: 0,interpolation_duration: 1}
$data merge entity $(bone_body) {transformation: [-0.9305f,0f,-0.6323f,0f,0f,1.125f,0f,1.0625f,0.6323f,0f,-0.9305f,0f,0f,0f,0f,1f],start_interpolation: 0,interpolation_duration: 1}
$data merge entity $(bone_left4) {transformation: [-0.6754f,0.3859f,-0.6284f,0.466f,-0.1595f,-0.9084f,-0.3865f,1.6725f,-0.72f,-0.1609f,0.6751f,0.0228f,0f,0f,0f,1f],start_interpolation: 0,interpolation_duration: 1}
$data merge entity $(bone_left3) {transformation: [-0.5117f,-0.7575f,-0.4055f,1.1346f,0.8591f,-0.457f,-0.2304f,2.4408f,-0.0108f,-0.4662f,0.8846f,0.5293f,0f,0f,0f,1f],start_interpolation: 0,interpolation_duration: 1}
$data merge entity $(bone_aura) {transformation: [1.353f,-0.5228f,1.8806f,0.6938f,1.5124f,-1.1657f,-1.4122f,2.0453f,1.2339f,2.0021f,-0.3312f,2.2455f,0f,0f,0f,1f],start_interpolation: 0,interpolation_duration: 1}
$data merge entity $(bone_scythe) {transformation: [0.9732f,-0.3761f,1.3527f,0.1662f,1.0879f,-0.8385f,-1.0158f,1.7004f,0.8876f,1.4401f,-0.2382f,0.7206f,0f,0f,0f,1f],start_interpolation: 0,interpolation_duration: 1}
$data merge entity $(bone_right2) {transformation: [0.789f,-0.4618f,0.4053f,0.0023f,-0.5976f,-0.4233f,0.681f,1.5708f,-0.1429f,-0.7794f,-0.61f,0.4671f,0f,0f,0f,1f],start_interpolation: 0,interpolation_duration: 1}
$data merge entity $(bone_right1) {transformation: [-0.6875f,-0.4618f,-0.5604f,0.7078f,0.7261f,-0.4233f,-0.5418f,1.7937f,0.013f,-0.7794f,0.6264f,1.2912f,0f,0f,0f,1f],start_interpolation: 0,interpolation_duration: 1}
execute on vehicle unless entity @s[tag=aj.transforms_only] positioned ^0.2978594941 ^1.5683536463 ^2.031192148 rotated ~80.0125662717 ~-36.48440251 run function animated_java:lich/animations/swing3/zzz/frames/62_locator_commands
execute on vehicle unless entity @s[tag=aj.transforms_only] positioned ^0.112569763 ^1.5907049465 ^0.8837033093 rotated ~80.0125662717 ~-36.48440251 run function animated_java:lich/animations/swing3/zzz/frames/62_locator_commands
data modify entity @s data merge value {"cameras":{},"locators":{"scythe_blade":{"posx":0.29785949406239853,"posy":1.5683536462528345,"posz":2.0311921480231288,"roty":80.01256627167591,"rotx":-36.48440250998564},"scythe_pole":{"posx":0.11256976302088148,"posy":1.5907049465381746,"posz":0.8837033093209313,"roty":80.01256627167591,"rotx":-36.48440250998564}}}