# This file was generated by Animated Java via MC-Build. It is not recommended to edit this file directly.
$data merge entity $(bone_hair_side) {transformation: [-0.5236f,-0.37f,-0.7674f,-0.0266f,-0.0159f,0.9048f,-0.4255f,-0.4395f,0.8518f,-0.2106f,-0.4796f,0.3371f,0f,0f,0f,1f],start_interpolation: 0,interpolation_duration: 1}
$data merge entity $(bone_hair_side1) {transformation: [-0.5236f,-0.37f,-0.7674f,0.2843f,-0.0159f,0.9048f,-0.4255f,-0.43f,0.8518f,-0.2106f,-0.4796f,-0.1687f,0f,0f,0f,1f],start_interpolation: 0,interpolation_duration: 1}
$data merge entity $(bone_beard) {transformation: [-0.5236f,-0.37f,-0.7674f,0.2523f,-0.0159f,0.9048f,-0.4255f,-0.7199f,0.8518f,-0.2106f,-0.4796f,0.1548f,0f,0f,0f,1f],start_interpolation: 0,interpolation_duration: 1}
$data merge entity $(bone_head) {transformation: [-0.5236f,-0.2312f,-0.82f,0f,-0.0159f,0.965f,-0.2619f,-0.7031f,0.8518f,-0.1241f,-0.5089f,0f,0f,0f,0f,1f],start_interpolation: 0,interpolation_duration: 1}
$data merge entity $(bone_body) {transformation: [-0.5731f,0f,-0.9681f,0f,0f,1.125f,0f,-1.375f,0.9681f,0f,-0.5731f,0f,0f,0f,0f,1f],start_interpolation: 0,interpolation_duration: 1}
$data merge entity $(bone_left4) {transformation: [-0.8276f,0.5598f,0.0407f,0.5612f,-0.5597f,-0.8178f,-0.134f,-0.7352f,-0.0418f,-0.1337f,0.9901f,-0.3375f,0f,0f,0f,1f],start_interpolation: 0,interpolation_duration: 1}
$data merge entity $(bone_left3) {transformation: [-0.4177f,-0.8394f,0.3477f,1.3488f,0.9086f,-0.3859f,0.1598f,-0.0292f,0f,0.3827f,0.9239f,-0.7561f,0f,0f,0f,1f],start_interpolation: 0,interpolation_duration: 1}
$data merge entity $(bone_aura) {transformation: [1.5983f,1.2753f,1.2082f,1.8424f,1.6148f,-0.4234f,-1.6893f,0.0766f,-0.6917f,1.9583f,-1.152f,0.8215f,0f,0f,0f,1f],start_interpolation: 0,interpolation_duration: 1}
$data merge entity $(bone_scythe) {transformation: [1.1497f,0.9173f,0.869f,0.4222f,1.1615f,-0.3045f,-1.2151f,-0.6375f,-0.4976f,1.4086f,-0.8286f,0.3792f,0f,0f,0f,1f],start_interpolation: 0,interpolation_duration: 1}
$data merge entity $(bone_right2) {transformation: [0.5044f,-0.8252f,-0.254f,0.1435f,-0.7149f,-0.5642f,0.4132f,-0.8114f,-0.4843f,-0.0268f,-0.8745f,0.3779f,0f,0f,0f,1f],start_interpolation: 0,interpolation_duration: 1}
$data merge entity $(bone_right1) {transformation: [-0.6007f,-0.7967f,0.0662f,1.1777f,0.7844f,-0.6034f,-0.1437f,-0.4155f,0.1545f,-0.0344f,0.9874f,0.3663f,0f,0f,0f,1f],start_interpolation: 0,interpolation_duration: 1}
data modify entity @s data merge value {"cameras":{},"locators":{"scythe_blade":{"posx":1.486793973213692,"posy":-0.38402161325403217,"posz":1.1239955509617372,"roty":46.36283988663803,"rotx":-45.34004192628188},"scythe_pole":{"posx":0.5207217407561308,"posy":-0.6843356088703403,"posz":0.5512142264482432,"roty":46.36283988663803,"rotx":-45.34004192628188}}}