# This file was generated by Animated Java via MC-Build. It is not recommended to edit this file directly.
$data merge entity $(bone_hair_side) {transformation: [-0.5651f,-0.3522f,-0.7461f,-0.0412f,-0.0176f,0.9093f,-0.4159f,-0.4416f,0.8248f,-0.2219f,-0.5201f,0.3373f,0f,0f,0f,1f],start_interpolation: 0,interpolation_duration: 1}
$data merge entity $(bone_hair_side1) {transformation: [-0.5651f,-0.3522f,-0.7461f,0.2943f,-0.0176f,0.9093f,-0.4159f,-0.4312f,0.8248f,-0.2219f,-0.5201f,-0.1524f,0f,0f,0f,1f],start_interpolation: 0,interpolation_duration: 1}
$data merge entity $(bone_beard) {transformation: [-0.5651f,-0.3522f,-0.7461f,0.2442f,-0.0176f,0.9093f,-0.4159f,-0.7231f,0.8248f,-0.2219f,-0.5201f,0.1669f,0f,0f,0f,1f],start_interpolation: 0,interpolation_duration: 1}
$data merge entity $(bone_head) {transformation: [-0.5651f,-0.2173f,-0.7959f,0f,-0.0176f,0.9677f,-0.2517f,-0.7031f,0.8248f,-0.1282f,-0.5507f,0f,0f,0f,0f,1f],start_interpolation: 0,interpolation_duration: 1}
$data merge entity $(bone_body) {transformation: [-0.6314f,0f,-0.9311f,0f,0f,1.125f,0f,-1.375f,0.9311f,0f,-0.6314f,0f,0f,0f,0f,1f],start_interpolation: 0,interpolation_duration: 1}
$data merge entity $(bone_left4) {transformation: [-0.8432f,0.5354f,-0.0481f,0.5576f,-0.5227f,-0.8375f,-0.1589f,-0.738f,-0.1254f,-0.1088f,0.9861f,-0.2936f,0f,0f,0f,1f],start_interpolation: 0,interpolation_duration: 1}
$data merge entity $(bone_left3) {transformation: [-0.4164f,-0.87f,0.2639f,1.379f,0.9092f,-0.3985f,0.1209f,-0.0181f,0f,0.2903f,0.9569f,-0.6111f,0f,0f,0f,1f],start_interpolation: 0,interpolation_duration: 1}
$data merge entity $(bone_aura) {transformation: [1.6579f,1.096f,1.3003f,1.7936f,1.6328f,-0.5183f,-1.645f,0.0427f,-0.4754f,2.0422f,-1.1153f,1.0214f,0f,0f,0f,1f],start_interpolation: 0,interpolation_duration: 1}
$data merge entity $(bone_scythe) {transformation: [1.1925f,0.7884f,0.9353f,0.4159f,1.1745f,-0.3728f,-1.1832f,-0.6414f,-0.3419f,1.469f,-0.8022f,0.4242f,0f,0f,0f,1f],start_interpolation: 0,interpolation_duration: 1}
$data merge entity $(bone_right2) {transformation: [0.5431f,-0.8218f,-0.172f,0.1377f,-0.6962f,-0.5553f,0.4549f,-0.8128f,-0.4694f,-0.1273f,-0.8738f,0.3898f,0f,0f,0f,1f],start_interpolation: 0,interpolation_duration: 1}
$data merge entity $(bone_right1) {transformation: [-0.6137f,-0.7892f,-0.0253f,1.168f,0.7783f,-0.5992f,-0.1876f,-0.4193f,0.1329f,-0.1348f,0.9819f,0.4915f,0f,0f,0f,1f],start_interpolation: 0,interpolation_duration: 1}
data modify entity @s data merge value {"cameras":{},"locators":{"scythe_blade":{"posx":1.4112683720266186,"posy":-0.4284269371400956,"posz":1.2705444159013952,"roty":49.379137792687715,"rotx":-43.83862485178236},"scythe_pole":{"posx":0.49871269139471575,"posy":-0.696485404761528,"posz":0.6020017563179597,"roty":49.379137792687715,"rotx":-43.83862485178236}}}