# This file was generated by Animated Java via MC-Build. It is not recommended to edit this file directly.
$data merge entity $(bone_hair_side) {transformation: [-0.683f,-0.2732f,-0.6774f,-0.0796f,-0.0188f,0.9337f,-0.3576f,-0.4524f,0.7302f,-0.2315f,-0.6429f,0.3386f,0f,0f,0f,1f],start_interpolation: 0,interpolation_duration: 1}
$data merge entity $(bone_hair_side1) {transformation: [-0.683f,-0.2732f,-0.6774f,0.3259f,-0.0188f,0.9337f,-0.3576f,-0.4412f,0.7302f,-0.2315f,-0.6429f,-0.0949f,0f,0f,0f,1f],start_interpolation: 0,interpolation_duration: 1}
$data merge entity $(bone_beard) {transformation: [-0.683f,-0.2732f,-0.6774f,0.2152f,-0.0188f,0.9337f,-0.3576f,-0.7417f,0.7302f,-0.2315f,-0.6429f,0.2003f,0f,0f,0f,1f],start_interpolation: 0,interpolation_duration: 1}
$data merge entity $(bone_head) {transformation: [-0.683f,-0.1514f,-0.7145f,0f,-0.0188f,0.9816f,-0.1901f,-0.7031f,0.7302f,-0.1164f,-0.6733f,0f,0f,0f,0f,1f],start_interpolation: 0,interpolation_duration: 1}
$data merge entity $(bone_body) {transformation: [-0.7701f,0f,-0.8201f,0f,0f,1.125f,0f,-1.375f,0.8201f,0f,-0.7701f,0f,0f,0f,0f,1f],start_interpolation: 0,interpolation_duration: 1}
$data merge entity $(bone_left4) {transformation: [-0.7502f,0.5067f,-0.4248f,0.5304f,-0.3963f,-0.8588f,-0.3246f,-0.716f,-0.5293f,-0.0752f,0.8451f,-0.1196f,0f,0f,0f,1f],start_interpolation: 0,interpolation_duration: 1}
$data merge entity $(bone_left3) {transformation: [-0.5684f,-0.8062f,-0.1643f,1.2345f,0.8227f,-0.557f,-0.1135f,0.1502f,0f,-0.1997f,0.9799f,0.0988f,0f,0f,0f,1f],start_interpolation: 0,interpolation_duration: 1}
$data merge entity $(bone_aura) {transformation: [1.6679f,-0.1699f,1.6823f,1.1486f,1.5746f,-0.705f,-1.6323f,-0.1092f,0.6161f,2.2616f,-0.3824f,1.9323f,0f,0f,0f,1f],start_interpolation: 0,interpolation_duration: 1}
$data merge entity $(bone_scythe) {transformation: [1.1997f,-0.1222f,1.21f,0.2985f,1.1326f,-0.5071f,-1.1741f,-0.6825f,0.4432f,1.6268f,-0.2751f,0.6396f,0f,0f,0f,1f],start_interpolation: 0,interpolation_duration: 1}
$data merge entity $(bone_right2) {transformation: [0.7049f,-0.6465f,0.2919f,0.0753f,-0.6904f,-0.5308f,0.4916f,-0.8459f,-0.1629f,-0.548f,-0.8205f,0.4623f,0f,0f,0f,1f],start_interpolation: 0,interpolation_duration: 1}
$data merge entity $(bone_right1) {transformation: [-0.6376f,-0.6794f,-0.3632f,0.9964f,0.7633f,-0.4931f,-0.4175f,-0.5606f,0.1046f,-0.5434f,0.8329f,1.007f,0f,0f,0f,1f],start_interpolation: 0,interpolation_duration: 1}
data modify entity @s data merge value {"cameras":{},"locators":{"scythe_blade":{"posx":0.6886763582122475,"posy":-0.5756845776265047,"posz":1.90004244615064,"roty":77.19321374626578,"rotx":-43.41535826342824},"scythe_pole":{"posx":0.272956799855158,"posy":-0.7531979183124633,"posz":0.8289547920915067,"roty":77.19321374626578,"rotx":-43.41535826342824}}}