# This file was generated by Animated Java via MC-Build. It is not recommended to edit this file directly.
$data merge entity $(bone_hair_side) {transformation: [-0.9974f,-0.025f,-0.0675f,-0.2834f,-0.0125f,0.9837f,-0.1795f,-0.4868f,0.0709f,-0.1782f,-0.9814f,0.2381f,0f,0f,0f,1f],start_interpolation: 0,interpolation_duration: 1}
$data merge entity $(bone_hair_side1) {transformation: [-0.9974f,-0.025f,-0.0675f,0.3088f,-0.0125f,0.9837f,-0.1795f,-0.4794f,0.0709f,-0.1782f,-0.9814f,0.196f,0f,0f,0f,1f],start_interpolation: 0,interpolation_duration: 1}
$data merge entity $(bone_beard) {transformation: [-0.9974f,-0.025f,-0.0675f,0.0211f,-0.0125f,0.9837f,-0.1795f,-0.7952f,0.0709f,-0.1782f,-0.9814f,0.281f,0f,0f,0f,1f],start_interpolation: 0,interpolation_duration: 1}
$data merge entity $(bone_head) {transformation: [-0.9974f,-0.0129f,-0.0708f,0f,-0.0125f,0.9999f,-0.006f,-0.7031f,0.0709f,-0.0051f,-0.9975f,0f,0f,0f,0f,1f],start_interpolation: 0,interpolation_duration: 1}
$data merge entity $(bone_body) {transformation: [-0.9646f,0f,-0.5789f,0f,0f,1.125f,0f,-1.375f,0.5789f,0f,-0.9646f,0f,0f,0f,0f,1f],start_interpolation: 0,interpolation_duration: 1}
$data merge entity $(bone_left4) {transformation: [-0.9412f,0.0615f,0.3321f,0.3484f,-0.3334f,-0.3272f,-0.8842f,-1.0892f,0.0543f,-0.9429f,0.3285f,0.2115f,0f,0f,0f,1f],start_interpolation: 0,interpolation_duration: 1}
$data merge entity $(bone_left3) {transformation: [-0.9686f,-0.1751f,0.1767f,0.2372f,-0.2244f,0.3079f,-0.9246f,-1.496f,0.1075f,-0.9352f,-0.3375f,1.2679f,0f,0f,0f,1f],start_interpolation: 0,interpolation_duration: 1}
$data merge entity $(bone_aura) {transformation: [0.4087f,1.4126f,-1.865f,0.658f,0.2178f,1.862f,1.4581f,-0.0358f,2.3294f,-0.4219f,0.1909f,1.927f,0f,0f,0f,1f],start_interpolation: 0,interpolation_duration: 1}
$data merge entity $(bone_scythe) {transformation: [0.294f,1.0161f,-1.3415f,-0.1626f,0.1567f,1.3394f,1.0488f,-0.9402f,1.6755f,-0.3035f,0.1373f,0.8174f,0f,0f,0f,1f],start_interpolation: 0,interpolation_duration: 1}
$data merge entity $(bone_right2) {transformation: [-0.786f,-0.2681f,-0.5571f,-0.2383f,0.6136f,-0.2274f,-0.7562f,-1.0244f,0.076f,-0.9362f,0.3432f,0.509f,0f,0f,0f,1f],start_interpolation: 0,interpolation_duration: 1}
$data merge entity $(bone_right1) {transformation: [-0.4736f,-0.2374f,-0.8482f,0.162f,0.861f,0.0781f,-0.5026f,-1.3765f,0.1856f,-0.9683f,0.1674f,1.4798f,0f,0f,0f,1f],start_interpolation: 0,interpolation_duration: 1}
data modify entity @s data merge value {"cameras":{},"locators":{"scythe_blade":{"posx":0.6314097165190486,"posy":0.015692048198358566,"posz":1.273724278248746,"roty":264.1563981859104,"rotx":37.8736915320537},"scythe_pole":{"posx":-0.044490741652015886,"posy":-0.7823790246169099,"posz":0.7659806092782373,"roty":264.1563981859104,"rotx":37.8736915320537}}}