# This file was generated by Animated Java via MC-Build. It is not recommended to edit this file directly.
$data merge entity $(bone_hair_side) {transformation: [-0.7966f,-0.1845f,-0.5757f,-0.1233f,-0.0174f,0.9589f,-0.2833f,-0.4664f,0.6043f,-0.2156f,-0.767f,0.3355f,0f,0f,0f,1f],start_interpolation: 0,interpolation_duration: 1}
$data merge entity $(bone_hair_side1) {transformation: [-0.7966f,-0.1845f,-0.5757f,0.3496f,-0.0174f,0.9589f,-0.2833f,-0.456f,0.6043f,-0.2156f,-0.767f,-0.0233f,0f,0f,0f,1f],start_interpolation: 0,interpolation_duration: 1}
$data merge entity $(bone_beard) {transformation: [-0.7966f,-0.1845f,-0.5757f,0.1761f,-0.0174f,0.9589f,-0.2833f,-0.7646f,0.6043f,-0.2156f,-0.767f,0.2304f,0f,0f,0f,1f],start_interpolation: 0,interpolation_duration: 1}
$data merge entity $(bone_head) {transformation: [-0.7966f,-0.0817f,-0.599f,0f,-0.0174f,0.9935f,-0.1124f,-0.7031f,0.6043f,-0.0792f,-0.7928f,0f,0f,0f,0f,1f],start_interpolation: 0,interpolation_duration: 1}
$data merge entity $(bone_body) {transformation: [-0.8973f,0f,-0.6786f,0f,0f,1.125f,0f,-1.375f,0.6786f,0f,-0.8973f,0f,0f,0f,0f,1f],start_interpolation: 0,interpolation_duration: 1}
$data merge entity $(bone_left4) {transformation: [-0.5544f,0.5398f,-0.6335f,0.4296f,-0.0503f,-0.7815f,-0.6219f,-0.7535f,-0.8308f,-0.3129f,0.4604f,0.0636f,0f,0f,0f,1f],start_interpolation: 0,interpolation_duration: 1}
$data merge entity $(bone_left3) {transformation: [-0.7513f,-0.4548f,-0.4782f,0.6922f,0.6599f,-0.5177f,-0.5444f,0.019f,0f,-0.7247f,0.6891f,0.8562f,0f,0f,0f,1f],start_interpolation: 0,interpolation_duration: 1}
$data merge entity $(bone_aura) {transformation: [1.0192f,-1.7059f,1.3008f,-0.1208f,1.1476f,-0.7832f,-1.9262f,-0.5074f,1.8124f,1.4551f,0.4882f,2.4205f,0f,0f,0f,1f],start_interpolation: 0,interpolation_duration: 1}
$data merge entity $(bone_scythe) {transformation: [0.7331f,-1.227f,0.9356f,0.0343f,0.8255f,-0.5633f,-1.3855f,-0.8118f,1.3037f,1.0467f,0.3512f,0.8062f,0f,0f,0f,1f],start_interpolation: 0,interpolation_duration: 1}
$data merge entity $(bone_right2) {transformation: [0.5461f,-0.2422f,0.8019f,-0.0537f,-0.8129f,-0.3845f,0.4374f,-0.9253f,0.2024f,-0.8908f,-0.4069f,0.5107f,0f,0f,0f,1f],start_interpolation: 0,interpolation_duration: 1}
$data merge entity $(bone_right1) {transformation: [-0.6597f,-0.3828f,-0.6467f,0.5592f,0.7469f,-0.2391f,-0.6205f,-0.9047f,0.0829f,-0.8923f,0.4437f,1.4329f,0f,0f,0f,1f],start_interpolation: 0,interpolation_duration: 1}
data modify entity @s data merge value {"cameras":{},"locators":{"scythe_blade":{"posx":-0.4966635360674582,"posy":-0.8633228252140377,"posz":2.0177499541095303,"roty":110.57139440303641,"rotx":-54.197344178557486},"scythe_pole":{"posx":-0.11832061334345832,"posy":-0.8863726753134809,"posz":0.9187104474333344,"roty":110.57139440303641,"rotx":-54.197344178557486}}}