# This file was generated by Animated Java via MC-Build. It is not recommended to edit this file directly.
$data merge entity $(bone_hair_side) {transformation: [-0.8546f,-0.1364f,-0.501f,-0.151f,-0.0157f,0.9712f,-0.2377f,1.9623f,0.519f,-0.1952f,-0.8322f,0.3303f,0f,0f,0f,1f],start_interpolation: 0,interpolation_duration: 1}
$data merge entity $(bone_hair_side1) {transformation: [-0.8546f,-0.1364f,-0.501f,0.3565f,-0.0157f,0.9712f,-0.2377f,1.9716f,0.519f,-0.1952f,-0.8322f,0.0222f,0f,0f,0f,1f],start_interpolation: 0,interpolation_duration: 1}
$data merge entity $(bone_beard) {transformation: [-0.8546f,-0.1364f,-0.501f,0.1499f,-0.0157f,0.9712f,-0.2377f,1.6592f,0.519f,-0.1952f,-0.8322f,0.2445f,0f,0f,0f,1f],start_interpolation: 0,interpolation_duration: 1}
$data merge entity $(bone_head) {transformation: [-0.8546f,-0.0473f,-0.5171f,0f,-0.0157f,0.9977f,-0.0654f,1.7344f,0.519f,-0.0478f,-0.8534f,0f,0f,0f,0f,1f],start_interpolation: 0,interpolation_duration: 1}
$data merge entity $(bone_body) {transformation: [-0.9623f,0f,-0.5828f,0f,0f,1.125f,0f,1.0625f,0.5828f,0f,-0.9623f,0f,0f,0f,0f,1f],start_interpolation: 0,interpolation_duration: 1}
$data merge entity $(bone_left4) {transformation: [-0.5052f,0.6078f,-0.6126f,0.3586f,0.2215f,-0.5947f,-0.7728f,1.6122f,-0.8341f,-0.5262f,0.1658f,0.1418f,0f,0f,0f,1f],start_interpolation: 0,interpolation_duration: 1}
$data merge entity $(bone_left3) {transformation: [-0.8411f,-0.2054f,-0.5003f,0.3204f,0.5408f,-0.3194f,-0.7781f,2.1306f,0f,-0.9251f,0.3798f,1.1536f,0f,0f,0f,1f],start_interpolation: 0,interpolation_duration: 1}
$data merge entity $(bone_aura) {transformation: [0.3243f,-2.2427f,0.7112f,-0.9272f,0.7432f,-0.5835f,-2.1789f,1.6848f,2.2323f,0.5201f,0.6221f,2.2773f,0f,0f,0f,1f],start_interpolation: 0,interpolation_duration: 1}
$data merge entity $(bone_scythe) {transformation: [0.2333f,-1.6132f,0.5116f,-0.1622f,0.5346f,-0.4197f,-1.5673f,1.5197f,1.6057f,0.3741f,0.4475f,0.8246f,0f,0f,0f,1f],start_interpolation: 0,interpolation_duration: 1}
$data merge entity $(bone_right2) {transformation: [0.299f,0.0539f,0.9527f,-0.1491f,-0.9185f,-0.2544f,0.3026f,1.4506f,0.2587f,-0.9656f,-0.0266f,0.5038f,0f,0f,0f,1f],start_interpolation: 0,interpolation_duration: 1}
$data merge entity $(bone_right1) {transformation: [-0.6728f,-0.1483f,-0.7248f,0.2187f,0.7365f,-0.0419f,-0.6752f,1.265f,0.0698f,-0.9881f,0.1374f,1.5318f,0f,0f,0f,1f],start_interpolation: 0,interpolation_duration: 1}
data modify entity @s data merge value {"cameras":{},"locators":{"scythe_blade":{"posx":-1.1474977866487666,"posy":1.4497406765456093,"posz":1.7059271568177963,"roty":131.17768262641144,"rotx":-66.55634185407406},"scythe_pole":{"posx":-0.35610884383292996,"posy":1.4649346625105828,"posz":0.8544371780280696,"roty":131.17768262641144,"rotx":-66.55634185407406}}}