# This file was generated by Animated Java via MC-Build. It is not recommended to edit this file directly.
$data merge entity $(bone_hair_side) {transformation: [-0.9984f,-0.0032f,-0.0559f,-0.2828f,-0.0019f,0.9997f,-0.0237f,-0.5203f,0.0559f,-0.0236f,-0.9982f,0.2654f,0f,0f,0f,1f],start_interpolation: 0,interpolation_duration: 1}
$data merge entity $(bone_hair_side1) {transformation: [-0.9984f,-0.0032f,-0.0559f,0.31f,-0.0019f,0.9997f,-0.0237f,-0.5192f,0.0559f,-0.0236f,-0.9982f,0.2322f,0f,0f,0f,1f],start_interpolation: 0,interpolation_duration: 1}
$data merge entity $(bone_beard) {transformation: [-0.9984f,-0.0032f,-0.0559f,0.015f,-0.0019f,0.9997f,-0.0237f,-0.8381f,0.0559f,-0.0236f,-0.9982f,0.2635f,0f,0f,0f,1f],start_interpolation: 0,interpolation_duration: 1}
$data merge entity $(bone_head) {transformation: [-0.9984f,0.0065f,-0.0556f,0f,-0.0019f,0.9887f,0.1502f,-0.7031f,0.0559f,0.1501f,-0.9871f,0f,0f,0f,0f,1f],start_interpolation: 0,interpolation_duration: 1}
$data merge entity $(bone_body) {transformation: [-1.1232f,0f,-0.0628f,0f,0f,1.125f,0f,-1.375f,0.0628f,0f,-1.1232f,0f,0f,0f,0f,1f],start_interpolation: 0,interpolation_duration: 1}
$data merge entity $(bone_left4) {transformation: [-0.9994f,-0.0344f,0.0027f,0.3366f,-0.0343f,0.9803f,-0.1945f,-1.2654f,0.004f,-0.1945f,-0.9809f,0.0439f,0f,0f,0f,1f],start_interpolation: 0,interpolation_duration: 1}
$data merge entity $(bone_left3) {transformation: [-0.9906f,-0.134f,0.0273f,0.1736f,-0.1368f,0.9706f,-0.1978f,-2.3698f,0f,-0.1997f,-0.9799f,0.2623f,0f,0f,0f,1f],start_interpolation: 0,interpolation_duration: 1}
$data merge entity $(bone_aura) {transformation: [-2.3506f,-0.208f,-0.2687f,-2.2227f,-0.1401f,2.3042f,-0.5582f,-0.3614f,0.3095f,-0.5366f,-2.2928f,0.0486f,0f,0f,0f,1f],start_interpolation: 0,interpolation_duration: 1}
$data merge entity $(bone_scythe) {transformation: [-1.6908f,-0.1496f,-0.1933f,-0.8361f,-0.1008f,1.6574f,-0.4015f,-1.2542f,0.2227f,-0.386f,-1.6492f,0.1034f,0f,0f,0f,1f],start_interpolation: 0,interpolation_duration: 1}
$data merge entity $(bone_right2) {transformation: [-0.1128f,0.988f,0.1059f,-0.5102f,-0.2349f,0.077f,-0.969f,-1.2252f,-0.9655f,-0.1342f,0.2234f,0.0745f,0f,0f,0f,1f],start_interpolation: 0,interpolation_duration: 1}
$data merge entity $(bone_right1) {transformation: [-0.7311f,0.6709f,-0.1241f,-0.9945f,0.6823f,0.7207f,-0.1227f,-2.2042f,0.0072f,-0.1744f,-0.9847f,0.2575f,0f,0f,0f,1f],start_interpolation: 0,interpolation_duration: 1}
data modify entity @s data merge value {"cameras":{},"locators":{"scythe_blade":{"posx":-1.6009486523298972,"posy":-0.18717376428625498,"posz":-0.06669751112637601,"roty":353.31649933195473,"rotx":-13.592401146879169},"scythe_pole":{"posx":-0.8384199464720041,"posy":-1.0561848173085744,"posz":0.05550012578910025,"roty":353.31649933195473,"rotx":-13.592401146879169}}}
execute on vehicle unless entity @s[tag=aj.transforms_only] at @s run function animated_java:lich/animations/swing3/zzz/frames/76_root_commands