# This file was generated by Animated Java via MC-Build. It is not recommended to edit this file directly.
$data merge entity $(bone_hair_side) {transformation: [-0.9967f,-0.0297f,-0.0752f,-0.2821f,-0.014f,0.9794f,-0.2014f,1.955f,0.0796f,-0.1997f,-0.9766f,0.2357f,0f,0f,0f,1f],start_interpolation: 0,interpolation_duration: 1}
$data merge entity $(bone_hair_side1) {transformation: [-0.9967f,-0.0297f,-0.0752f,0.3097f,-0.014f,0.9794f,-0.2014f,1.9634f,0.0796f,-0.1997f,-0.9766f,0.1884f,0f,0f,0f,1f],start_interpolation: 0,interpolation_duration: 1}
$data merge entity $(bone_beard) {transformation: [-0.9967f,-0.0297f,-0.0752f,0.0238f,-0.014f,0.9794f,-0.2014f,1.6486f,0.0796f,-0.1997f,-0.9766f,0.2828f,0f,0f,0f,1f],start_interpolation: 0,interpolation_duration: 1}
$data merge entity $(bone_head) {transformation: [-0.9967f,-0.0162f,-0.0792f,0f,-0.014f,0.9995f,-0.0283f,1.7344f,0.0796f,-0.0271f,-0.9965f,0f,0f,0f,0f,1f],start_interpolation: 0,interpolation_duration: 1}
$data merge entity $(bone_body) {transformation: [-0.9241f,0f,-0.6416f,0f,0f,1.125f,0f,1.0625f,0.6416f,0f,-0.9241f,0f,0f,0f,0f,1f],start_interpolation: 0,interpolation_duration: 1}
$data merge entity $(bone_left4) {transformation: [-0.9318f,0.1273f,0.34f,0.344f,-0.3541f,-0.5256f,-0.7735f,1.3889f,0.0802f,-0.8412f,0.5348f,0.2161f,0f,0f,0f,1f],start_interpolation: 0,interpolation_duration: 1}
$data merge entity $(bone_left3) {transformation: [-0.9668f,-0.1594f,0.1996f,0.2162f,-0.2252f,0.1627f,-0.9606f,1.1407f,0.1206f,-0.9737f,-0.1931f,1.3188f,0f,0f,0f,1f],start_interpolation: 0,interpolation_duration: 1}
$data merge entity $(bone_aura) {transformation: [0.9445f,1.5491f,-1.5326f,1.1528f,0.2277f,1.591f,1.7486f,2.3187f,2.1672f,-0.8423f,0.4842f,1.6321f,0f,0f,0f,1f],start_interpolation: 0,interpolation_duration: 1}
$data merge entity $(bone_scythe) {transformation: [0.6794f,1.1143f,-1.1024f,-0.0214f,0.1638f,1.1444f,1.2577f,1.5229f,1.5589f,-0.6058f,0.3483f,0.789f,0f,0f,0f,1f],start_interpolation: 0,interpolation_duration: 1}
$data merge entity $(bone_right2) {transformation: [-0.6473f,-0.5155f,-0.5615f,-0.1805f,0.7357f,-0.2299f,-0.6371f,1.436f,0.1994f,-0.8255f,0.5281f,0.5151f,0f,0f,0f,1f],start_interpolation: 0,interpolation_duration: 1}
$data merge entity $(bone_right1) {transformation: [-0.4367f,-0.4225f,-0.7943f,0.4048f,0.8752f,0.0047f,-0.4837f,1.1575f,0.2081f,-0.9064f,0.3677f,1.4131f,0f,0f,0f,1f],start_interpolation: 0,interpolation_duration: 1}
data modify entity @s data merge value {"cameras":{},"locators":{"scythe_blade":{"posx":0.9897480397329175,"posy":2.3514598065299315,"posz":0.9976128329560995,"roty":252.46675998045737,"rotx":47.41151191979917},"scythe_pole":{"posx":0.10484327194107623,"posy":1.6575174870249767,"posz":0.7027397939387096,"roty":252.46675998045737,"rotx":47.41151191979917}}}